>TATATCTC	1-TATATCTC	7.185192	-14.108881	0	T:14.0(6.93%),B:2118.0(1.33%),P:1e-6	Tpos:52.3,Tstd:22.1,Bpos:50.3,Bstd:27.5,StrandBias:-0.4,Multiplicity:1.07
0.001	0.083	0.094	0.822
0.907	0.049	0.001	0.043
0.066	0.001	0.001	0.932
0.953	0.001	0.001	0.045
0.078	0.090	0.069	0.763
0.001	0.887	0.111	0.001
0.001	0.089	0.001	0.909
0.001	0.915	0.083	0.001
>TCAGCCAC	2-TCAGCCAC	7.268226	-14.044170	0	T:32.0(15.84%),B:9699.0(6.11%),P:1e-6	Tpos:45.3,Tstd:26.2,Bpos:50.2,Bstd:27.2,StrandBias:0.1,Multiplicity:1.09
0.001	0.077	0.001	0.921
0.042	0.802	0.106	0.050
0.932	0.066	0.001	0.001
0.001	0.092	0.858	0.049
0.001	0.997	0.001	0.001
0.001	0.962	0.001	0.036
0.836	0.044	0.001	0.119
0.049	0.809	0.141	0.001
>CGCTCGCT	3-CGCTCGCT	7.944725	-10.321194	0	T:14.0(6.93%),B:2969.0(1.87%),P:1e-4	Tpos:53.0,Tstd:27.9,Bpos:49.9,Bstd:26.7,StrandBias:-0.1,Multiplicity:1.64
0.169	0.688	0.142	0.001
0.001	0.001	0.997	0.001
0.001	0.997	0.001	0.001
0.001	0.213	0.061	0.725
0.001	0.997	0.001	0.001
0.001	0.001	0.875	0.123
0.001	0.997	0.001	0.001
0.049	0.199	0.042	0.710
>RTGCTCMA	4-RTGCTCMA	9.594917	-10.137600	0	T:10.0(4.95%),B:1568.0(0.99%),P:1e-4	Tpos:56.8,Tstd:27.2,Bpos:49.6,Bstd:27.6,StrandBias:-1.7,Multiplicity:1.30
0.466	0.001	0.532	0.001
0.001	0.001	0.001	0.997
0.001	0.001	0.997	0.001
0.001	0.997	0.001	0.001
0.001	0.001	0.001	0.997
0.001	0.997	0.001	0.001
0.569	0.429	0.001	0.001
0.997	0.001	0.001	0.001
>ACGTACTA	5-ACGTACTA	5.501292	-3.366288	0	T:11.0(5.45%),B:4596.0(2.90%),P:1e-1	Tpos:51.3,Tstd:21.5,Bpos:50.3,Bstd:26.9,StrandBias:0.1,Multiplicity:1.64
0.845	0.001	0.153	0.001
0.001	0.919	0.079	0.001
0.001	0.083	0.915	0.001
0.001	0.001	0.001	0.997
0.899	0.001	0.099	0.001
0.001	0.702	0.296	0.001
0.001	0.001	0.001	0.997
0.886	0.001	0.112	0.001
