>CAGCATCCAG	1-CAGCATCCAG	10.449366	-21.805899	0	T:13.0(6.44%),B:928.0(0.58%),P:1e-9	Tpos:51.5,Tstd:23.6,Bpos:50.2,Bstd:27.1,StrandBias:-0.7,Multiplicity:1.00
0.110	0.787	0.102	0.001
0.997	0.001	0.001	0.001
0.001	0.119	0.879	0.001
0.001	0.997	0.001	0.001
0.997	0.001	0.001	0.001
0.001	0.065	0.221	0.713
0.001	0.997	0.001	0.001
0.001	0.997	0.001	0.001
0.880	0.118	0.001	0.001
0.001	0.077	0.822	0.100
>GATGGCCCAC	2-GATGGCCCAC	10.886253	-19.638724	0	T:8.0(3.96%),B:268.0(0.17%),P:1e-8	Tpos:58.2,Tstd:23.7,Bpos:48.3,Bstd:27.9,StrandBias:-0.7,Multiplicity:1.00
0.001	0.137	0.861	0.001
0.708	0.127	0.001	0.164
0.001	0.001	0.001	0.997
0.001	0.001	0.997	0.001
0.001	0.148	0.850	0.001
0.001	0.997	0.001	0.001
0.001	0.997	0.001	0.001
0.159	0.839	0.001	0.001
0.997	0.001	0.001	0.001
0.001	0.879	0.119	0.001
>TTGTGATACA	3-TTGTGATACA	9.437660	-18.980542	0	T:11.0(5.45%),B:760.0(0.48%),P:1e-8	Tpos:59.6,Tstd:27.1,Bpos:49.2,Bstd:26.8,StrandBias:-1.2,Multiplicity:1.18
0.097	0.001	0.132	0.770
0.001	0.001	0.001	0.997
0.001	0.001	0.906	0.092
0.001	0.001	0.001	0.997
0.001	0.001	0.997	0.001
0.778	0.115	0.001	0.106
0.001	0.001	0.001	0.997
0.997	0.001	0.001	0.001
0.001	0.997	0.001	0.001
0.653	0.001	0.215	0.131
>ATGARCCCAA	4-ATGARCCCAA	11.194882	-18.152932	0	T:6.0(2.97%),B:118.0(0.07%),P:1e-7	Tpos:38.1,Tstd:34.0,Bpos:55.0,Bstd:27.7,StrandBias:-2.6,Multiplicity:1.17
0.997	0.001	0.001	0.001
0.001	0.001	0.156	0.842
0.001	0.001	0.997	0.001
0.997	0.001	0.001	0.001
0.544	0.001	0.454	0.001
0.001	0.835	0.163	0.001
0.001	0.997	0.001	0.001
0.001	0.997	0.001	0.001
0.997	0.001	0.001	0.001
0.997	0.001	0.001	0.001
>AGTGCAGGCA	5-AGTGCAGGCA	11.139345	-6.507717	0	T:3.0(1.49%),B:173.0(0.11%),P:1e-2	Tpos:54.2,Tstd:24.5,Bpos:53.8,Bstd:27.5,StrandBias:3.5,Multiplicity:4.00
0.997	0.001	0.001	0.001
0.001	0.001	0.997	0.001
0.001	0.001	0.001	0.997
0.001	0.001	0.913	0.085
0.001	0.997	0.001	0.001
0.997	0.001	0.001	0.001
0.001	0.001	0.997	0.001
0.001	0.001	0.791	0.207
0.001	0.997	0.001	0.001
0.997	0.001	0.001	0.001
