>TTTGTATCAC	1-TTTGTATCAC	10.127616	-24.862292	0	T:12.0(4.92%),B:467.0(0.29%),P:1e-10	Tpos:43.6,Tstd:27.0,Bpos:50.0,Bstd:25.1,StrandBias:-1.0,Multiplicity:1.00
0.061	0.001	0.001	0.937
0.001	0.105	0.107	0.787
0.001	0.001	0.001	0.997
0.001	0.001	0.894	0.104
0.001	0.001	0.120	0.878
0.908	0.090	0.001	0.001
0.001	0.113	0.001	0.885
0.109	0.889	0.001	0.001
0.937	0.001	0.001	0.061
0.001	0.949	0.001	0.049
>AGGCTCTGAG	2-AGGCTCTGAG	10.549209	-20.034723	0	T:11.0(4.51%),B:565.0(0.36%),P:1e-8	Tpos:64.8,Tstd:23.4,Bpos:50.0,Bstd:26.6,StrandBias:0.3,Multiplicity:1.00
0.997	0.001	0.001	0.001
0.001	0.001	0.997	0.001
0.001	0.001	0.997	0.001
0.001	0.997	0.001	0.001
0.001	0.001	0.247	0.751
0.001	0.997	0.001	0.001
0.079	0.001	0.001	0.919
0.001	0.215	0.783	0.001
0.759	0.239	0.001	0.001
0.001	0.001	0.997	0.001
>TGGAGATCTC	3-TGGAGATCTC	9.372814	-15.968874	0	T:10.0(4.10%),B:664.0(0.42%),P:1e-6	Tpos:47.3,Tstd:30.0,Bpos:51.0,Bstd:25.6,StrandBias:0.0,Multiplicity:1.00
0.119	0.164	0.001	0.716
0.001	0.001	0.997	0.001
0.001	0.055	0.799	0.145
0.997	0.001	0.001	0.001
0.001	0.001	0.997	0.001
0.814	0.076	0.109	0.001
0.001	0.001	0.061	0.937
0.001	0.997	0.001	0.001
0.001	0.001	0.001	0.997
0.147	0.851	0.001	0.001
>TTGACTAAGC	4-TTGACTAAGC	11.960942	-14.504374	0	T:4.0(1.64%),B:39.0(0.02%),P:1e-6	Tpos:46.2,Tstd:32.3,Bpos:54.3,Bstd:28.0,StrandBias:2.3,Multiplicity:1.50
0.001	0.001	0.001	0.997
0.001	0.001	0.001	0.997
0.001	0.001	0.997	0.001
0.997	0.001	0.001	0.001
0.001	0.997	0.001	0.001
0.001	0.001	0.001	0.997
0.997	0.001	0.001	0.001
0.997	0.001	0.001	0.001
0.189	0.001	0.809	0.001
0.001	0.809	0.001	0.189
>CGNTCTGATT	5-CGNTCTGATT	9.613735	-12.741728	0	T:6.0(2.46%),B:248.0(0.16%),P:1e-5	Tpos:46.0,Tstd:27.1,Bpos:48.8,Bstd:26.4,StrandBias:0.7,Multiplicity:1.33
0.001	0.876	0.001	0.122
0.001	0.155	0.712	0.132
0.292	0.283	0.282	0.143
0.001	0.001	0.131	0.867
0.001	0.997	0.001	0.001
0.001	0.001	0.001	0.997
0.159	0.123	0.717	0.001
0.607	0.001	0.123	0.269
0.001	0.001	0.001	0.997
0.001	0.001	0.001	0.997
