>CCCAAAGCTTGA	1-CCCAAAGCTTGA	14.533324	-19.186352	0	T:4.0(1.64%),B:12.0(0.01%),P:1e-8	Tpos:68.8,Tstd:24.1,Bpos:34.8,Bstd:21.2,StrandBias:0.0,Multiplicity:1.00
0.001	0.997	0.001	0.001
0.001	0.997	0.001	0.001
0.001	0.997	0.001	0.001
0.997	0.001	0.001	0.001
0.997	0.001	0.001	0.001
0.997	0.001	0.001	0.001
0.001	0.253	0.745	0.001
0.001	0.997	0.001	0.001
0.001	0.001	0.001	0.997
0.001	0.001	0.001	0.997
0.284	0.001	0.714	0.001
0.762	0.001	0.236	0.001
>WGCCCAGTGGGA	2-WGCCCAGTGGGA	9.345310	-16.837507	0	T:8.0(3.28%),B:319.0(0.20%),P:1e-7	Tpos:29.8,Tstd:26.4,Bpos:50.3,Bstd:26.6,StrandBias:0.3,Multiplicity:1.00
0.429	0.001	0.008	0.562
0.279	0.008	0.712	0.001
0.001	0.789	0.209	0.001
0.001	0.990	0.008	0.001
0.008	0.990	0.001	0.001
0.997	0.001	0.001	0.001
0.001	0.248	0.750	0.001
0.001	0.218	0.001	0.780
0.001	0.001	0.997	0.001
0.001	0.001	0.997	0.001
0.001	0.001	0.997	0.001
0.472	0.279	0.001	0.249
>CAGCCCTGAGAC	3-CAGCCCTGAGAC	10.318168	-14.118653	0	T:4.0(1.64%),B:43.0(0.03%),P:1e-6	Tpos:51.7,Tstd:28.1,Bpos:51.8,Bstd:28.0,StrandBias:0.0,Multiplicity:1.50
0.001	0.997	0.001	0.001
0.997	0.001	0.001	0.001
0.001	0.001	0.997	0.001
0.001	0.883	0.001	0.115
0.001	0.997	0.001	0.001
0.146	0.852	0.001	0.001
0.001	0.021	0.001	0.977
0.021	0.001	0.977	0.001
0.883	0.001	0.001	0.115
0.001	0.001	0.997	0.001
0.997	0.001	0.001	0.001
0.001	0.997	0.001	0.001
>AAWCAAMAARAA	4-AAWCAAMAARAA	11.731531	-12.244688	0	T:10.0(4.10%),B:1009.0(0.64%),P:1e-5	Tpos:49.4,Tstd:17.3,Bpos:53.1,Bstd:25.0,StrandBias:-1.6,Multiplicity:1.10
0.993	0.005	0.001	0.001
0.640	0.001	0.001	0.358
0.487	0.011	0.002	0.499
0.253	0.745	0.001	0.001
0.847	0.151	0.001	0.001
0.997	0.001	0.001	0.001
0.503	0.495	0.001	0.001
0.992	0.006	0.001	0.001
0.981	0.001	0.017	0.001
0.429	0.001	0.569	0.001
0.789	0.209	0.001	0.001
0.766	0.228	0.005	0.001
>TGCGCGCGCGCG	5-TGCGCGCGCGCG	2.912910	-10.236027	0	T:20.0(8.20%),B:4595.0(2.90%),P:1e-4	Tpos:48.8,Tstd:24.2,Bpos:49.3,Bstd:25.4,StrandBias:1.0,Multiplicity:1.10
0.001	0.016	0.001	0.982
0.001	0.001	0.967	0.031
0.001	0.634	0.001	0.364
0.001	0.001	0.997	0.001
0.001	0.609	0.001	0.389
0.001	0.001	0.997	0.001
0.001	0.611	0.046	0.342
0.001	0.015	0.983	0.001
0.001	0.780	0.001	0.218
0.031	0.001	0.967	0.001
0.001	0.924	0.001	0.074
0.001	0.001	0.997	0.001
>GWTAYTCTRKGT	6-GWTAYTCTRKGT	9.966886	-9.556420	0	T:3.0(1.23%),B:50.0(0.03%),P:1e-4	Tpos:36.4,Tstd:23.9,Bpos:53.0,Bstd:24.0,StrandBias:2.6,Multiplicity:2.33
0.017	0.001	0.981	0.001
0.488	0.001	0.001	0.510
0.001	0.001	0.001	0.997
0.997	0.001	0.001	0.001
0.001	0.526	0.001	0.472
0.001	0.001	0.001	0.997
0.001	0.997	0.001	0.001
0.001	0.001	0.001	0.997
0.563	0.001	0.435	0.001
0.001	0.001	0.435	0.563
0.001	0.001	0.997	0.001
0.001	0.001	0.001	0.997
>CAGAGAGGCAGA	7-CAGAGAGGCAGA	12.355432	-3.547253	0	T:1.0(0.41%),B:19.0(0.01%),P:1e-1	Tpos:44.0,Tstd:23.0,Bpos:55.5,Bstd:20.4,StrandBias:10.0,Multiplicity:10.00
0.100	0.700	0.100	0.100
0.700	0.100	0.100	0.100
0.100	0.100	0.700	0.100
0.700	0.100	0.100	0.100
0.100	0.100	0.700	0.100
0.700	0.100	0.100	0.100
0.100	0.100	0.700	0.100
0.100	0.100	0.700	0.100
0.100	0.700	0.100	0.100
0.700	0.100	0.100	0.100
0.100	0.100	0.700	0.100
0.700	0.100	0.100	0.100
