>GTYCCWAGGCTA	1-GTYCCWAGGCTA	9.823843	-25.208659	0	T:12.0(4.92%),B:453.0(0.29%),P:1e-10	Tpos:57.3,Tstd:29.7,Bpos:52.1,Bstd:26.8,StrandBias:-0.5,Multiplicity:1.00
0.221	0.124	0.441	0.214
0.001	0.001	0.001	0.997
0.001	0.464	0.001	0.534
0.001	0.997	0.001	0.001
0.001	0.763	0.001	0.235
0.351	0.204	0.001	0.445
0.997	0.001	0.001	0.001
0.001	0.001	0.997	0.001
0.001	0.001	0.915	0.083
0.350	0.648	0.001	0.001
0.097	0.001	0.337	0.565
0.915	0.083	0.001	0.001
>MTGCGKGYCCWG	2-MTGCGKGYCCWG	10.067079	-21.424101	0	T:6.0(2.46%),B:56.0(0.04%),P:1e-9	Tpos:34.3,Tstd:8.2,Bpos:56.3,Bstd:25.0,StrandBias:-1.0,Multiplicity:1.00
0.563	0.435	0.001	0.001
0.018	0.001	0.001	0.980
0.001	0.001	0.997	0.001
0.001	0.980	0.001	0.018
0.001	0.018	0.980	0.001
0.001	0.001	0.563	0.435
0.001	0.001	0.997	0.001
0.001	0.510	0.001	0.488
0.001	0.997	0.001	0.001
0.001	0.997	0.001	0.001
0.510	0.001	0.001	0.488
0.001	0.001	0.997	0.001
>TGACTATTTGTG	3-TGACTATTTGTG	14.696564	-19.533188	0	T:4.0(1.64%),B:11.0(0.01%),P:1e-8	Tpos:47.5,Tstd:12.3,Bpos:54.8,Bstd:25.0,StrandBias:1.6,Multiplicity:1.00
0.001	0.001	0.001	0.997
0.001	0.001	0.997	0.001
0.726	0.001	0.272	0.001
0.001	0.997	0.001	0.001
0.001	0.001	0.001	0.997
0.545	0.001	0.227	0.227
0.001	0.001	0.001	0.997
0.001	0.001	0.001	0.997
0.001	0.001	0.001	0.997
0.001	0.001	0.997	0.001
0.001	0.001	0.001	0.997
0.001	0.001	0.997	0.001
>CTCAGTTTCTAA	4-CTCAGTTTCTAA	7.914817	-19.036794	0	T:22.0(9.02%),B:3138.0(1.98%),P:1e-8	Tpos:41.7,Tstd:23.6,Bpos:50.0,Bstd:25.7,StrandBias:-1.4,Multiplicity:1.00
0.161	0.689	0.045	0.105
0.076	0.119	0.117	0.688
0.001	0.771	0.073	0.155
0.829	0.001	0.001	0.169
0.038	0.038	0.808	0.116
0.001	0.107	0.117	0.775
0.085	0.071	0.002	0.842
0.030	0.148	0.119	0.703
0.001	0.734	0.076	0.189
0.146	0.126	0.001	0.727
0.665	0.112	0.072	0.151
0.773	0.148	0.001	0.078
>ATCCCTGAAMTT	5-ATCCCTGAAMTT	13.151246	-17.571749	0	T:4.0(1.64%),B:18.0(0.01%),P:1e-7	Tpos:50.2,Tstd:24.6,Bpos:58.2,Bstd:24.7,StrandBias:10.0,Multiplicity:1.50
0.997	0.001	0.001	0.001
0.001	0.001	0.001	0.997
0.001	0.997	0.001	0.001
0.001	0.997	0.001	0.001
0.001	0.997	0.001	0.001
0.202	0.001	0.001	0.796
0.001	0.001	0.997	0.001
0.796	0.001	0.202	0.001
0.744	0.001	0.254	0.001
0.508	0.490	0.001	0.001
0.241	0.001	0.254	0.504
0.001	0.001	0.240	0.758
>AGGAGTAAAGGT	6-AGGAGTAAAGGT	8.460295	-16.464616	0	T:13.0(5.33%),B:1207.0(0.76%),P:1e-7	Tpos:45.7,Tstd:21.1,Bpos:51.5,Bstd:26.4,StrandBias:-1.8,Multiplicity:1.38
0.995	0.001	0.003	0.001
0.098	0.214	0.687	0.001
0.191	0.214	0.594	0.001
0.784	0.107	0.108	0.001
0.206	0.185	0.606	0.003
0.001	0.015	0.001	0.983
0.532	0.280	0.184	0.004
0.704	0.292	0.003	0.001
0.717	0.001	0.174	0.108
0.001	0.107	0.785	0.107
0.184	0.002	0.707	0.107
0.110	0.001	0.002	0.887
>CTCAGTGTTAHC	7-CTCAGTGTTAHC	12.458797	-15.592134	0	T:5.0(2.05%),B:77.0(0.05%),P:1e-6	Tpos:36.3,Tstd:24.7,Bpos:44.6,Bstd:26.4,StrandBias:-1.3,Multiplicity:1.40
0.001	0.997	0.001	0.001
0.001	0.001	0.001	0.997
0.001	0.997	0.001	0.001
0.997	0.001	0.001	0.001
0.001	0.001	0.997	0.001
0.001	0.001	0.368	0.630
0.001	0.306	0.692	0.001
0.001	0.001	0.001	0.997
0.001	0.001	0.306	0.692
0.732	0.266	0.001	0.001
0.369	0.363	0.001	0.267
0.001	0.997	0.001	0.001
>TGGTAGGCTTYT	8-TGGTAGGCTTYT	9.637658	-15.068689	0	T:9.0(3.69%),B:558.0(0.35%),P:1e-6	Tpos:54.0,Tstd:30.3,Bpos:49.9,Bstd:26.8,StrandBias:-0.3,Multiplicity:1.22
0.001	0.001	0.001	0.997
0.001	0.001	0.675	0.323
0.001	0.001	0.997	0.001
0.024	0.157	0.001	0.818
0.650	0.189	0.024	0.137
0.188	0.001	0.810	0.001
0.156	0.001	0.842	0.001
0.001	0.695	0.001	0.303
0.188	0.001	0.001	0.810
0.001	0.141	0.001	0.857
0.001	0.375	0.189	0.436
0.001	0.156	0.001	0.842
