>ATACAGTTGCCT	1-ATACAGTTGCCT	14.593542	-20.292685	0	T:4.0(1.98%),B:11.0(0.01%),P:1e-8	Tpos:36.5,Tstd:16.5,Bpos:60.9,Bstd:22.4,StrandBias:1.6,Multiplicity:1.00
0.765	0.233	0.001	0.001
0.001	0.001	0.001	0.997
0.997	0.001	0.001	0.001
0.250	0.748	0.001	0.001
0.997	0.001	0.001	0.001
0.001	0.001	0.997	0.001
0.001	0.233	0.001	0.765
0.001	0.001	0.001	0.997
0.001	0.001	0.997	0.001
0.001	0.997	0.001	0.001
0.001	0.997	0.001	0.001
0.001	0.001	0.001	0.997
>CTGGTGACTCCT	2-CTGGTGACTCCT	10.140655	-17.531071	0	T:4.0(1.98%),B:22.0(0.01%),P:1e-7	Tpos:42.6,Tstd:22.0,Bpos:50.0,Bstd:26.1,StrandBias:-2.0,Multiplicity:1.25
0.001	0.901	0.097	0.001
0.001	0.001	0.001	0.997
0.001	0.001	0.997	0.001
0.001	0.001	0.997	0.001
0.001	0.001	0.001	0.997
0.001	0.001	0.997	0.001
0.997	0.001	0.001	0.001
0.106	0.892	0.001	0.001
0.151	0.001	0.001	0.847
0.001	0.997	0.001	0.001
0.001	0.997	0.001	0.001
0.001	0.001	0.001	0.997
>CCTTGCACTCCT	3-CCTTGCACTCCT	12.915166	-14.123066	0	T:3.0(1.49%),B:13.0(0.01%),P:1e-6	Tpos:61.0,Tstd:18.4,Bpos:50.4,Bstd:19.2,StrandBias:0.0,Multiplicity:1.33
0.001	0.997	0.001	0.001
0.001	0.997	0.001	0.001
0.001	0.001	0.001	0.997
0.001	0.001	0.001	0.997
0.001	0.001	0.997	0.001
0.001	0.997	0.001	0.001
0.997	0.001	0.001	0.001
0.001	0.997	0.001	0.001
0.001	0.001	0.001	0.997
0.001	0.840	0.158	0.001
0.001	0.997	0.001	0.001
0.001	0.158	0.001	0.840
>GCTGCTGTTGTT	4-GCTGCTGTTGTT	10.326612	-8.122934	0	T:7.0(3.47%),B:981.0(0.62%),P:1e-3	Tpos:41.1,Tstd:23.8,Bpos:49.4,Bstd:25.7,StrandBias:1.0,Multiplicity:1.29
0.075	0.001	0.923	0.001
0.105	0.649	0.001	0.245
0.001	0.001	0.110	0.888
0.076	0.001	0.917	0.006
0.111	0.562	0.094	0.233
0.110	0.001	0.001	0.888
0.001	0.094	0.800	0.105
0.110	0.143	0.001	0.746
0.062	0.001	0.001	0.936
0.001	0.110	0.883	0.006
0.001	0.078	0.001	0.920
0.001	0.001	0.096	0.902
>AAAAAMAAAAAR	5-AAAAAMAAAAAR	11.854217	-4.225820	0	T:5.0(2.48%),B:1114.0(0.70%),P:1e-1	Tpos:60.8,Tstd:16.3,Bpos:53.0,Bstd:24.6,StrandBias:-10.0,Multiplicity:1.00
0.916	0.082	0.001	0.001
0.709	0.289	0.001	0.001
0.997	0.001	0.001	0.001
0.997	0.001	0.001	0.001
0.527	0.251	0.001	0.221
0.374	0.450	0.001	0.175
0.577	0.025	0.397	0.001
0.711	0.146	0.001	0.142
0.917	0.081	0.001	0.001
0.859	0.021	0.119	0.001
0.911	0.007	0.081	0.001
0.528	0.001	0.470	0.001
