>AAGCTCCG	1-AAGCTCCG	6.622369	-18.048184	0	T:31.0(15.35%),B:7667.0(4.83%),P:1e-7	Tpos:47.6,Tstd:28.5,Bpos:50.0,Bstd:27.0,StrandBias:0.9,Multiplicity:1.03
0.656	0.167	0.130	0.047
0.543	0.151	0.130	0.176
0.051	0.282	0.641	0.026
0.090	0.839	0.001	0.070
0.001	0.086	0.068	0.845
0.001	0.916	0.001	0.082
0.005	0.877	0.001	0.117
0.026	0.041	0.721	0.212
>ATTTAATC	2-ATTTAATC	7.303805	-15.441251	0	T:18.0(8.91%),B:3196.0(2.01%),P:1e-6	Tpos:59.4,Tstd:31.2,Bpos:50.5,Bstd:27.7,StrandBias:-0.5,Multiplicity:1.06
0.895	0.103	0.001	0.001
0.090	0.085	0.082	0.743
0.102	0.001	0.001	0.896
0.001	0.001	0.001	0.997
0.939	0.001	0.001	0.059
0.868	0.058	0.073	0.001
0.128	0.001	0.067	0.804
0.001	0.927	0.071	0.001
>TGCATCCG	3-TGCATCCG	7.052419	-10.321521	0	T:18.0(8.91%),B:4643.0(2.93%),P:1e-4	Tpos:56.3,Tstd:25.8,Bpos:50.2,Bstd:27.5,StrandBias:1.3,Multiplicity:1.17
0.067	0.001	0.001	0.931
0.001	0.001	0.997	0.001
0.001	0.997	0.001	0.001
0.917	0.045	0.001	0.037
0.001	0.056	0.095	0.848
0.132	0.799	0.068	0.001
0.106	0.868	0.001	0.025
0.041	0.001	0.720	0.238
>AAGGTGGG	4-AAGGTGGG	8.442182	-8.492702	0	T:9.0(4.46%),B:1563.0(0.99%),P:1e-3	Tpos:71.2,Tstd:16.3,Bpos:50.3,Bstd:27.2,StrandBias:1.2,Multiplicity:1.11
0.997	0.001	0.001	0.001
0.997	0.001	0.001	0.001
0.001	0.001	0.997	0.001
0.001	0.001	0.997	0.001
0.001	0.001	0.001	0.997
0.086	0.001	0.912	0.001
0.001	0.160	0.838	0.001
0.001	0.001	0.997	0.001
>AAAAAAAA	5-AAAAAAAA	8.236954	-5.012643	0	T:6.0(2.97%),B:1294.0(0.82%),P:1e-2	Tpos:60.1,Tstd:11.7,Bpos:52.6,Bstd:25.9,StrandBias:-1.5,Multiplicity:1.00
0.700	0.100	0.100	0.100
0.700	0.100	0.100	0.100
0.700	0.100	0.100	0.100
0.700	0.100	0.100	0.100
0.700	0.100	0.100	0.100
0.700	0.100	0.100	0.100
0.700	0.100	0.100	0.100
0.700	0.100	0.100	0.100
