>GGGTCCCAGT	1-GGGTCCCAGT	10.664882	-17.790694	0	T:8.0(3.96%),B:341.0(0.21%),P:1e-7	Tpos:42.6,Tstd:31.5,Bpos:49.3,Bstd:27.3,StrandBias:-0.3,Multiplicity:1.12
0.001	0.001	0.997	0.001
0.001	0.001	0.997	0.001
0.001	0.118	0.880	0.001
0.140	0.137	0.001	0.722
0.001	0.997	0.001	0.001
0.001	0.848	0.001	0.150
0.001	0.997	0.001	0.001
0.810	0.188	0.001	0.001
0.001	0.001	0.997	0.001
0.001	0.001	0.095	0.903
>CGGCGCGCGC	2-CGGCGCGCGC	10.527207	-12.063179	0	T:8.0(3.96%),B:736.0(0.46%),P:1e-5	Tpos:55.8,Tstd:23.6,Bpos:47.5,Bstd:26.3,StrandBias:-0.5,Multiplicity:1.25
0.095	0.903	0.001	0.001
0.001	0.068	0.739	0.192
0.001	0.081	0.917	0.001
0.097	0.901	0.001	0.001
0.001	0.089	0.909	0.001
0.001	0.903	0.095	0.001
0.001	0.001	0.885	0.113
0.001	0.913	0.085	0.001
0.001	0.001	0.997	0.001
0.001	0.997	0.001	0.001
>AGGAGGTGTG	3-AGGAGGTGTG	10.199897	-10.022285	0	T:10.0(4.95%),B:1590.0(1.00%),P:1e-4	Tpos:48.0,Tstd:20.0,Bpos:50.8,Bstd:26.0,StrandBias:-0.2,Multiplicity:1.70
0.889	0.001	0.109	0.001
0.203	0.001	0.795	0.001
0.001	0.001	0.866	0.132
0.895	0.001	0.103	0.001
0.085	0.001	0.913	0.001
0.001	0.001	0.997	0.001
0.315	0.001	0.001	0.683
0.001	0.001	0.997	0.001
0.115	0.001	0.070	0.814
0.001	0.001	0.997	0.001
>TCCATGGATA	4-TCCATGGATA	10.747041	-9.347340	0	T:5.0(2.48%),B:342.0(0.22%),P:1e-4	Tpos:30.6,Tstd:27.2,Bpos:54.6,Bstd:25.4,StrandBias:-1.0,Multiplicity:1.20
0.001	0.001	0.173	0.825
0.001	0.997	0.001	0.001
0.001	0.997	0.001	0.001
0.997	0.001	0.001	0.001
0.001	0.001	0.001	0.997
0.001	0.001	0.997	0.001
0.001	0.001	0.997	0.001
0.889	0.001	0.109	0.001
0.112	0.001	0.277	0.610
0.823	0.001	0.175	0.001
>TCTGCCCCTG	5-TCTGCCCCTG	11.091774	-6.385908	0	T:4.0(1.98%),B:391.0(0.25%),P:1e-2	Tpos:49.2,Tstd:16.6,Bpos:49.3,Bstd:27.2,StrandBias:1.6,Multiplicity:1.00
0.001	0.167	0.001	0.831
0.001	0.997	0.001	0.001
0.001	0.001	0.001	0.997
0.001	0.064	0.934	0.001
0.001	0.803	0.195	0.001
0.001	0.997	0.001	0.001
0.001	0.897	0.001	0.101
0.001	0.997	0.001	0.001
0.001	0.001	0.001	0.997
0.306	0.001	0.468	0.225
>CTGCCTCTGC	6-CTGCCTCTGC	8.239484	-4.075313	0	T:6.0(2.97%),B:1592.0(1.00%),P:1e-1	Tpos:57.1,Tstd:26.1,Bpos:50.8,Bstd:26.7,StrandBias:1.7,Multiplicity:2.83
0.001	0.997	0.001	0.001
0.001	0.001	0.001	0.997
0.001	0.050	0.948	0.001
0.001	0.997	0.001	0.001
0.001	0.997	0.001	0.001
0.001	0.074	0.001	0.924
0.001	0.997	0.001	0.001
0.001	0.001	0.001	0.997
0.001	0.001	0.997	0.001
0.001	0.997	0.001	0.001
