>GATAGGTA	1-GATAGGTA	7.340369	-20.000918	0	T:19.0(7.79%),B:2182.0(1.38%),P:1e-8	Tpos:41.1,Tstd:29.8,Bpos:50.7,Bstd:27.4,StrandBias:-0.2,Multiplicity:1.06
0.001	0.001	0.914	0.084
0.872	0.001	0.056	0.071
0.097	0.001	0.001	0.901
0.886	0.001	0.059	0.054
0.001	0.001	0.997	0.001
0.042	0.001	0.885	0.072
0.110	0.138	0.121	0.631
0.997	0.001	0.001	0.001
>TCTCCAAT	2-TCTCCAAT	6.680292	-19.946938	0	T:36.0(14.75%),B:7559.0(4.77%),P:1e-8	Tpos:48.5,Tstd:29.4,Bpos:50.2,Bstd:27.3,StrandBias:-0.7,Multiplicity:1.03
0.001	0.122	0.172	0.705
0.035	0.963	0.001	0.001
0.033	0.039	0.001	0.927
0.040	0.928	0.031	0.001
0.031	0.930	0.001	0.038
0.869	0.050	0.080	0.001
0.822	0.113	0.064	0.001
0.001	0.052	0.067	0.880
>AAGTACGT	3-AAGTACGT	7.368897	-16.640039	0	T:14.0(5.74%),B:1410.0(0.89%),P:1e-7	Tpos:47.6,Tstd:31.3,Bpos:50.0,Bstd:27.4,StrandBias:0.5,Multiplicity:1.07
0.770	0.090	0.001	0.139
0.904	0.001	0.094	0.001
0.102	0.001	0.896	0.001
0.074	0.057	0.001	0.868
0.896	0.001	0.001	0.102
0.099	0.861	0.001	0.039
0.049	0.001	0.885	0.065
0.001	0.001	0.001	0.997
>TYWGAGMV	4-TYWGAGMV	6.032275	-12.960143	0	T:65.0(26.64%),B:23954.0(15.10%),P:1e-5	Tpos:47.7,Tstd:26.2,Bpos:50.0,Bstd:27.2,StrandBias:0.1,Multiplicity:1.21
0.401	0.001	0.001	0.597
0.001	0.531	0.001	0.467
0.343	0.001	0.220	0.435
0.001	0.001	0.997	0.001
0.635	0.001	0.001	0.363
0.001	0.001	0.997	0.001
0.487	0.352	0.161	0.001
0.255	0.363	0.241	0.141
>ATTTTGTT	5-ATTTTGTT	7.188108	-4.195392	0	T:20.0(8.20%),B:7635.0(4.81%),P:1e-1	Tpos:45.5,Tstd:26.5,Bpos:50.4,Bstd:26.3,StrandBias:0.7,Multiplicity:1.80
0.789	0.030	0.180	0.001
0.001	0.001	0.042	0.956
0.044	0.094	0.001	0.861
0.001	0.235	0.001	0.763
0.191	0.001	0.001	0.807
0.001	0.139	0.859	0.001
0.001	0.001	0.189	0.809
0.001	0.001	0.001	0.997
