>CCCAGGGTTGTC	1-CCCAGGGTTGTC	10.079484	-31.757225	0	T:9.0(7.03%),B:3.3(0.11%),P:1e-13,FDR:0.2	Tpos:53.0,Tstd:24.4,Bpos:68.9,Bstd:25.3,StrandBias:3.5,Multiplicity:1.33
0.001	0.985	0.001	0.013
0.001	0.697	0.001	0.301
0.001	0.997	0.001	0.001
0.697	0.001	0.001	0.301
0.001	0.001	0.997	0.001
0.001	0.001	0.697	0.301
0.001	0.001	0.985	0.013
0.001	0.001	0.315	0.683
0.001	0.001	0.001	0.997
0.001	0.001	0.697	0.301
0.301	0.001	0.001	0.697
0.001	0.997	0.001	0.001
>TGKAARTTAGGA	2-TGKAARTTAGGA	10.497472	-26.037013	0	T:7.0(5.47%),B:2.9(0.10%),P:1e-11,FDR:0.2	Tpos:61.2,Tstd:22.1,Bpos:35.5,Bstd:25.8,StrandBias:3.0,Multiplicity:1.29
0.120	0.001	0.097	0.782
0.195	0.001	0.707	0.097
0.001	0.001	0.484	0.514
0.611	0.194	0.194	0.001
0.902	0.096	0.001	0.001
0.388	0.001	0.514	0.097
0.001	0.097	0.097	0.805
0.097	0.001	0.097	0.805
0.901	0.001	0.097	0.001
0.119	0.001	0.879	0.001
0.097	0.001	0.901	0.001
0.708	0.001	0.194	0.097
>TCATACTCTGCC	3-TCATACTCTGCC	12.674238	-25.698664	0	T:6.0(4.69%),B:1.3(0.04%),P:1e-11,FDR:0.2	Tpos:34.2,Tstd:24.0,Bpos:81.0,Bstd:0.0,StrandBias:1.6,Multiplicity:1.33
0.301	0.001	0.001	0.697
0.015	0.983	0.001	0.001
0.697	0.001	0.001	0.301
0.016	0.318	0.016	0.650
0.997	0.001	0.001	0.001
0.001	0.997	0.001	0.001
0.001	0.015	0.001	0.983
0.001	0.697	0.301	0.001
0.001	0.301	0.001	0.697
0.001	0.001	0.697	0.301
0.001	0.997	0.001	0.001
0.001	0.997	0.001	0.001
>AGCACTGTGAYA	4-AGCACTGTGAYA	9.915971	-17.484662	0	T:6.0(4.69%),B:4.2(0.14%),P:1e-7,FDR:0.4	Tpos:59.8,Tstd:24.9,Bpos:48.4,Bstd:33.6,StrandBias:2.2,Multiplicity:1.83
0.984	0.001	0.001	0.014
0.001	0.001	0.811	0.187
0.014	0.984	0.001	0.001
0.997	0.001	0.001	0.001
0.187	0.811	0.001	0.001
0.001	0.001	0.014	0.984
0.001	0.001	0.997	0.001
0.001	0.188	0.188	0.623
0.188	0.001	0.623	0.188
0.997	0.001	0.001	0.001
0.001	0.564	0.001	0.434
0.811	0.001	0.001	0.187
>ACHAGTTAGAGG	5-ACHAGTTAGAGG	10.363787	-15.902119	0	T:4.0(3.12%),B:0.0(0.00%),P:1e-6,FDR:0.4	Tpos:49.8,Tstd:28.2,Bpos:0.0,Bstd:0.0,StrandBias:2.8,Multiplicity:2.00
0.997	0.001	0.001	0.001
0.001	0.697	0.301	0.001
0.302	0.396	0.001	0.302
0.697	0.301	0.001	0.001
0.001	0.001	0.997	0.001
0.021	0.001	0.001	0.977
0.001	0.001	0.021	0.977
0.697	0.001	0.301	0.001
0.001	0.001	0.997	0.001
0.997	0.001	0.001	0.001
0.001	0.001	0.697	0.301
0.001	0.001	0.997	0.001
>CTCATCCCCCTG	6-CTCATCCCCCTG	15.381382	-11.329311	0	T:3.0(2.34%),B:1.5(0.05%),P:1e-4,FDR:0.533333333333333	Tpos:61.2,Tstd:22.5,Bpos:64.0,Bstd:0.0,StrandBias:0.0,Multiplicity:2.00
0.001	0.997	0.001	0.001
0.001	0.001	0.001	0.997
0.001	0.819	0.001	0.179
0.997	0.001	0.001	0.001
0.001	0.001	0.001	0.997
0.001	0.997	0.001	0.001
0.001	0.997	0.001	0.001
0.001	0.997	0.001	0.001
0.359	0.639	0.001	0.001
0.001	0.997	0.001	0.001
0.001	0.001	0.001	0.997
0.001	0.001	0.997	0.001
>CTATGGTTRRGD	7-CTATGGTTRRGD	9.509212	-7.050724	0	T:2.0(1.56%),B:0.6(0.02%),P:1e-3,FDR:0.6	Tpos:50.5,Tstd:29.7,Bpos:5.0,Bstd:0.0,StrandBias:-1.6,Multiplicity:2.00
0.007	0.567	0.210	0.216
0.233	0.105	0.220	0.443
0.663	0.210	0.123	0.004
0.001	0.003	0.325	0.671
0.001	0.001	0.997	0.001
0.001	0.322	0.674	0.003
0.001	0.108	0.001	0.890
0.001	0.007	0.325	0.667
0.566	0.011	0.422	0.001
0.459	0.001	0.326	0.214
0.004	0.109	0.782	0.105
0.345	0.001	0.326	0.328
>TCTAGCCTGTCC	8-TCTAGCCTGTCC	12.355432	-3.181937	0	T:1.0(0.78%),B:0.0(0.00%),P:1e-1,FDR:0.725	Tpos:51.2,Tstd:31.5,Bpos:0.0,Bstd:0.0,StrandBias:10.0,Multiplicity:5.00
0.100	0.100	0.100	0.700
0.100	0.700	0.100	0.100
0.100	0.100	0.100	0.700
0.700	0.100	0.100	0.100
0.100	0.100	0.700	0.100
0.100	0.700	0.100	0.100
0.100	0.700	0.100	0.100
0.100	0.100	0.100	0.700
0.100	0.100	0.700	0.100
0.100	0.100	0.100	0.700
0.100	0.700	0.100	0.100
0.100	0.700	0.100	0.100
