>GTAAGTTAGG	1-GTAAGTTAGG	9.999020	-36.150927	0	T:8.0(6.25%),B:1.6(0.05%),P:1e-15,FDR:0.2	Tpos:62.9,Tstd:24.5,Bpos:72.3,Bstd:10.8,StrandBias:1.2,Multiplicity:1.25
0.012	0.001	0.986	0.001
0.001	0.301	0.001	0.697
0.697	0.301	0.001	0.001
0.997	0.001	0.001	0.001
0.301	0.001	0.697	0.001
0.001	0.001	0.001	0.997
0.001	0.001	0.001	0.997
0.685	0.001	0.001	0.313
0.313	0.001	0.685	0.001
0.313	0.001	0.685	0.001
>GGTTGTCTCA	2-GGTTGTCTCA	11.384209	-20.705386	0	T:5.0(3.91%),B:0.9(0.03%),P:1e-8,FDR:0.7	Tpos:45.0,Tstd:27.2,Bpos:87.0,Bstd:0.0,StrandBias:10.0,Multiplicity:1.80
0.001	0.001	0.997	0.001
0.001	0.001	0.867	0.131
0.001	0.001	0.131	0.867
0.001	0.001	0.001	0.997
0.001	0.001	0.997	0.001
0.001	0.001	0.001	0.997
0.001	0.997	0.001	0.001
0.001	0.001	0.001	0.997
0.131	0.867	0.001	0.001
0.867	0.001	0.001	0.131
>AGCACTGTGA	3-AGCACTGTGA	10.637803	-17.442747	0	T:7.0(5.47%),B:7.2(0.24%),P:1e-7,FDR:0.866666666666667	Tpos:59.7,Tstd:24.4,Bpos:61.6,Bstd:15.6,StrandBias:3.5,Multiplicity:1.71
0.899	0.001	0.001	0.099
0.001	0.001	0.997	0.001
0.099	0.899	0.001	0.001
0.997	0.001	0.001	0.001
0.099	0.899	0.001	0.001
0.100	0.001	0.100	0.799
0.001	0.001	0.997	0.001
0.001	0.099	0.001	0.899
0.100	0.100	0.700	0.100
0.997	0.001	0.001	0.001
>ACAGTGGGAC	4-ACAGTGGGAC	11.099320	-17.273556	0	T:5.0(3.91%),B:2.8(0.09%),P:1e-7,FDR:0.866666666666667	Tpos:42.4,Tstd:31.5,Bpos:29.6,Bstd:1.5,StrandBias:-0.7,Multiplicity:1.60
0.997	0.001	0.001	0.001
0.001	0.997	0.001	0.001
0.997	0.001	0.001	0.001
0.146	0.001	0.852	0.001
0.001	0.001	0.146	0.852
0.001	0.001	0.997	0.001
0.116	0.001	0.767	0.116
0.001	0.001	0.997	0.001
0.997	0.001	0.001	0.001
0.001	0.673	0.001	0.325
>AGTCTTAACM	5-AGTCTTAACM	10.016682	-15.902119	0	T:4.0(3.12%),B:1.3(0.04%),P:1e-6,FDR:0.866666666666667	Tpos:65.2,Tstd:29.8,Bpos:74.7,Bstd:13.3,StrandBias:2.3,Multiplicity:1.50
0.841	0.001	0.001	0.157
0.001	0.001	0.997	0.001
0.157	0.001	0.001	0.841
0.001	0.682	0.316	0.001
0.001	0.001	0.001	0.997
0.001	0.158	0.158	0.683
0.841	0.001	0.001	0.157
0.841	0.001	0.157	0.001
0.001	0.841	0.157	0.001
0.474	0.524	0.001	0.001
>ACTCTGCCTG	6-ACTCTGCCTG	10.296193	-15.280112	0	T:5.0(3.91%),B:3.3(0.11%),P:1e-6,FDR:0.866666666666667	Tpos:42.2,Tstd:24.8,Bpos:74.1,Bstd:9.7,StrandBias:10.0,Multiplicity:2.00
0.700	0.100	0.100	0.100
0.100	0.700	0.100	0.100
0.100	0.100	0.100	0.700
0.100	0.700	0.100	0.100
0.100	0.100	0.100	0.700
0.100	0.100	0.700	0.100
0.100	0.700	0.100	0.100
0.100	0.700	0.100	0.100
0.100	0.100	0.100	0.700
0.100	0.100	0.700	0.100
>TTRRWGGTCS	7-TTRRWGGTCS	10.998343	-11.329311	0	T:3.0(2.34%),B:0.0(0.00%),P:1e-4,FDR:0.866666666666667	Tpos:64.0,Tstd:24.0,Bpos:0.0,Bstd:0.0,StrandBias:2.3,Multiplicity:2.00
0.029	0.001	0.001	0.969
0.001	0.001	0.001	0.997
0.567	0.001	0.431	0.001
0.431	0.001	0.567	0.001
0.567	0.001	0.001	0.431
0.001	0.001	0.997	0.001
0.001	0.001	0.997	0.001
0.001	0.001	0.001	0.997
0.001	0.997	0.001	0.001
0.001	0.431	0.567	0.001
>CTCTAGCCTG	8-CTCTAGCCTG	10.296193	-3.181937	0	T:1.0(0.78%),B:1.4(0.05%),P:1e-1,FDR:0.875	Tpos:49.2,Tstd:31.5,Bpos:28.0,Bstd:0.0,StrandBias:10.0,Multiplicity:5.00
0.100	0.700	0.100	0.100
0.100	0.100	0.100	0.700
0.100	0.700	0.100	0.100
0.100	0.100	0.100	0.700
0.700	0.100	0.100	0.100
0.100	0.100	0.700	0.100
0.100	0.700	0.100	0.100
0.100	0.700	0.100	0.100
0.100	0.100	0.100	0.700
0.100	0.100	0.700	0.100
>CCCAGGGTTGTC	1-CCCAGGGTTGTC	10.079484	-31.757225	0	T:9.0(7.03%),B:3.3(0.11%),P:1e-13,FDR:0.2	Tpos:53.0,Tstd:24.4,Bpos:68.9,Bstd:25.3,StrandBias:3.5,Multiplicity:1.33
0.001	0.985	0.001	0.013
0.001	0.697	0.001	0.301
0.001	0.997	0.001	0.001
0.697	0.001	0.001	0.301
0.001	0.001	0.997	0.001
0.001	0.001	0.697	0.301
0.001	0.001	0.985	0.013
0.001	0.001	0.315	0.683
0.001	0.001	0.001	0.997
0.001	0.001	0.697	0.301
0.301	0.001	0.001	0.697
0.001	0.997	0.001	0.001
>TGKAARTTAGGA	2-TGKAARTTAGGA	10.497472	-26.037013	0	T:7.0(5.47%),B:2.9(0.10%),P:1e-11,FDR:0.2	Tpos:61.2,Tstd:22.1,Bpos:35.5,Bstd:25.8,StrandBias:3.0,Multiplicity:1.29
0.120	0.001	0.097	0.782
0.195	0.001	0.707	0.097
0.001	0.001	0.484	0.514
0.611	0.194	0.194	0.001
0.902	0.096	0.001	0.001
0.388	0.001	0.514	0.097
0.001	0.097	0.097	0.805
0.097	0.001	0.097	0.805
0.901	0.001	0.097	0.001
0.119	0.001	0.879	0.001
0.097	0.001	0.901	0.001
0.708	0.001	0.194	0.097
>TCATACTCTGCC	3-TCATACTCTGCC	12.674238	-25.698664	0	T:6.0(4.69%),B:1.3(0.04%),P:1e-11,FDR:0.2	Tpos:34.2,Tstd:24.0,Bpos:81.0,Bstd:0.0,StrandBias:1.6,Multiplicity:1.33
0.301	0.001	0.001	0.697
0.015	0.983	0.001	0.001
0.697	0.001	0.001	0.301
0.016	0.318	0.016	0.650
0.997	0.001	0.001	0.001
0.001	0.997	0.001	0.001
0.001	0.015	0.001	0.983
0.001	0.697	0.301	0.001
0.001	0.301	0.001	0.697
0.001	0.001	0.697	0.301
0.001	0.997	0.001	0.001
0.001	0.997	0.001	0.001
>AGCACTGTGAYA	4-AGCACTGTGAYA	9.915971	-17.484662	0	T:6.0(4.69%),B:4.2(0.14%),P:1e-7,FDR:0.4	Tpos:59.8,Tstd:24.9,Bpos:48.4,Bstd:33.6,StrandBias:2.2,Multiplicity:1.83
0.984	0.001	0.001	0.014
0.001	0.001	0.811	0.187
0.014	0.984	0.001	0.001
0.997	0.001	0.001	0.001
0.187	0.811	0.001	0.001
0.001	0.001	0.014	0.984
0.001	0.001	0.997	0.001
0.001	0.188	0.188	0.623
0.188	0.001	0.623	0.188
0.997	0.001	0.001	0.001
0.001	0.564	0.001	0.434
0.811	0.001	0.001	0.187
>ACHAGTTAGAGG	5-ACHAGTTAGAGG	10.363787	-15.902119	0	T:4.0(3.12%),B:0.0(0.00%),P:1e-6,FDR:0.4	Tpos:49.8,Tstd:28.2,Bpos:0.0,Bstd:0.0,StrandBias:2.8,Multiplicity:2.00
0.997	0.001	0.001	0.001
0.001	0.697	0.301	0.001
0.302	0.396	0.001	0.302
0.697	0.301	0.001	0.001
0.001	0.001	0.997	0.001
0.021	0.001	0.001	0.977
0.001	0.001	0.021	0.977
0.697	0.001	0.301	0.001
0.001	0.001	0.997	0.001
0.997	0.001	0.001	0.001
0.001	0.001	0.697	0.301
0.001	0.001	0.997	0.001
>CTCATCCCCCTG	6-CTCATCCCCCTG	15.381382	-11.329311	0	T:3.0(2.34%),B:1.5(0.05%),P:1e-4,FDR:0.533333333333333	Tpos:61.2,Tstd:22.5,Bpos:64.0,Bstd:0.0,StrandBias:0.0,Multiplicity:2.00
0.001	0.997	0.001	0.001
0.001	0.001	0.001	0.997
0.001	0.819	0.001	0.179
0.997	0.001	0.001	0.001
0.001	0.001	0.001	0.997
0.001	0.997	0.001	0.001
0.001	0.997	0.001	0.001
0.001	0.997	0.001	0.001
0.359	0.639	0.001	0.001
0.001	0.997	0.001	0.001
0.001	0.001	0.001	0.997
0.001	0.001	0.997	0.001
>CTATGGTTRRGD	7-CTATGGTTRRGD	9.509212	-7.050724	0	T:2.0(1.56%),B:0.6(0.02%),P:1e-3,FDR:0.6	Tpos:50.5,Tstd:29.7,Bpos:5.0,Bstd:0.0,StrandBias:-1.6,Multiplicity:2.00
0.007	0.567	0.210	0.216
0.233	0.105	0.220	0.443
0.663	0.210	0.123	0.004
0.001	0.003	0.325	0.671
0.001	0.001	0.997	0.001
0.001	0.322	0.674	0.003
0.001	0.108	0.001	0.890
0.001	0.007	0.325	0.667
0.566	0.011	0.422	0.001
0.459	0.001	0.326	0.214
0.004	0.109	0.782	0.105
0.345	0.001	0.326	0.328
>TCTAGCCTGTCC	8-TCTAGCCTGTCC	12.355432	-3.181937	0	T:1.0(0.78%),B:0.0(0.00%),P:1e-1,FDR:0.725	Tpos:51.2,Tstd:31.5,Bpos:0.0,Bstd:0.0,StrandBias:10.0,Multiplicity:5.00
0.100	0.100	0.100	0.700
0.100	0.700	0.100	0.100
0.100	0.100	0.100	0.700
0.700	0.100	0.100	0.100
0.100	0.100	0.700	0.100
0.100	0.700	0.100	0.100
0.100	0.700	0.100	0.100
0.100	0.100	0.100	0.700
0.100	0.100	0.700	0.100
0.100	0.100	0.100	0.700
0.100	0.700	0.100	0.100
0.100	0.700	0.100	0.100
>TGTAAGTT	1-TGTAAGTT	8.236954	-20.705386	0	T:5.0(3.91%),B:1.2(0.04%),P:1e-8,FDR:0.2	Tpos:65.8,Tstd:24.5,Bpos:68.6,Bstd:16.5,StrandBias:10.0,Multiplicity:1.20
0.100	0.100	0.100	0.700
0.100	0.100	0.700	0.100
0.100	0.100	0.100	0.700
0.700	0.100	0.100	0.100
0.700	0.100	0.100	0.100
0.100	0.100	0.700	0.100
0.100	0.100	0.100	0.700
0.100	0.100	0.100	0.700
>GACAACCC	2-GACAACCC	8.236954	-19.176182	0	T:6.0(4.69%),B:4.0(0.13%),P:1e-8,FDR:0.2	Tpos:40.3,Tstd:27.2,Bpos:52.9,Bstd:23.4,StrandBias:-10.0,Multiplicity:1.50
0.100	0.100	0.700	0.100
0.700	0.100	0.100	0.100
0.100	0.700	0.100	0.100
0.700	0.100	0.100	0.100
0.700	0.100	0.100	0.100
0.100	0.700	0.100	0.100
0.100	0.700	0.100	0.100
0.100	0.700	0.100	0.100
>ATTCTACA	3-ATTCTACA	8.236954	-15.902119	0	T:4.0(3.12%),B:1.7(0.06%),P:1e-6,FDR:0.466666666666667	Tpos:53.0,Tstd:23.7,Bpos:57.7,Bstd:4.2,StrandBias:1.6,Multiplicity:1.00
0.700	0.100	0.100	0.100
0.100	0.100	0.100	0.700
0.100	0.100	0.100	0.700
0.100	0.700	0.100	0.100
0.100	0.100	0.100	0.700
0.700	0.100	0.100	0.100
0.100	0.700	0.100	0.100
0.700	0.100	0.100	0.100
>CCCGGGGG	4-CCCGGGGG	7.642299	-14.556221	0	T:17.0(13.28%),B:93.8(3.10%),P:1e-6,FDR:0.5	Tpos:62.0,Tstd:24.3,Bpos:47.9,Bstd:31.3,StrandBias:0.4,Multiplicity:1.06
0.001	0.997	0.001	0.001
0.001	0.997	0.001	0.001
0.050	0.805	0.001	0.144
0.234	0.001	0.672	0.093
0.084	0.001	0.914	0.001
0.001	0.001	0.997	0.001
0.001	0.001	0.884	0.114
0.115	0.001	0.799	0.085
>CAGTGCAC	5-CAGTGCAC	8.779673	-11.834624	0	T:13.0(10.16%),B:68.1(2.25%),P:1e-5,FDR:0.52	Tpos:64.2,Tstd:23.3,Bpos:49.0,Bstd:30.1,StrandBias:0.2,Multiplicity:1.31
0.297	0.701	0.001	0.001
0.997	0.001	0.001	0.001
0.297	0.001	0.701	0.001
0.001	0.001	0.001	0.997
0.224	0.001	0.774	0.001
0.001	0.997	0.001	0.001
0.623	0.001	0.001	0.375
0.001	0.997	0.001	0.001
>CAGGCAGA	6-CAGGCAGA	8.236954	-7.675116	0	T:7.0(5.47%),B:32.7(1.08%),P:1e-3,FDR:0.7	Tpos:42.8,Tstd:24.5,Bpos:50.7,Bstd:35.1,StrandBias:-3.5,Multiplicity:1.71
0.100	0.700	0.100	0.100
0.700	0.100	0.100	0.100
0.100	0.100	0.700	0.100
0.100	0.100	0.700	0.100
0.100	0.700	0.100	0.100
0.700	0.100	0.100	0.100
0.100	0.100	0.700	0.100
0.700	0.100	0.100	0.100
>AGCATGCG	7-AGCATGCG	9.152286	-6.624487	0	T:3.0(2.34%),B:5.3(0.17%),P:1e-2,FDR:0.7	Tpos:61.7,Tstd:18.7,Bpos:48.9,Bstd:17.7,StrandBias:-1.3,Multiplicity:2.00
0.819	0.179	0.001	0.001
0.001	0.001	0.997	0.001
0.001	0.819	0.179	0.001
0.997	0.001	0.001	0.001
0.001	0.001	0.001	0.997
0.001	0.001	0.997	0.001
0.001	0.997	0.001	0.001
0.001	0.001	0.997	0.001
>CGACCTCT	8-CGACCTCT	8.236954	-3.181937	0	T:1.0(0.78%),B:0.8(0.03%),P:1e-1,FDR:0.7	Tpos:53.2,Tstd:30.0,Bpos:42.0,Bstd:0.0,StrandBias:-10.0,Multiplicity:5.00
0.100	0.700	0.100	0.100
0.100	0.100	0.700	0.100
0.700	0.100	0.100	0.100
0.100	0.700	0.100	0.100
0.100	0.700	0.100	0.100
0.100	0.100	0.100	0.700
0.100	0.700	0.100	0.100
0.100	0.100	0.100	0.700
