>TGATAAACAG	1-TGATAAACAG	12.329821	-17.546108	0	T:3.0(17.65%),B:1.0(0.03%),P:1e-7	Tpos:45.0,Tstd:33.9,Bpos:56.0,Bstd:0.0,StrandBias:1.0,Multiplicity:1.00
0.332	0.001	0.001	0.666
0.001	0.001	0.997	0.001
0.997	0.001	0.001	0.001
0.001	0.332	0.001	0.666
0.997	0.001	0.001	0.001
0.997	0.001	0.001	0.001
0.997	0.001	0.001	0.001
0.001	0.997	0.001	0.001
0.997	0.001	0.001	0.001
0.001	0.001	0.997	0.001
>TCTCCTAACG	2-TCTCCTAACG	6.718980	-11.729063	0	T:3.0(17.65%),B:7.0(0.23%),P:1e-5	Tpos:65.5,Tstd:27.8,Bpos:37.7,Bstd:27.9,StrandBias:1.6,Multiplicity:1.00
0.001	0.001	0.001	0.997
0.001	0.997	0.001	0.001
0.001	0.001	0.001	0.997
0.001	0.997	0.001	0.001
0.001	0.997	0.001	0.001
0.001	0.048	0.001	0.950
0.838	0.105	0.056	0.001
0.997	0.001	0.001	0.001
0.001	0.838	0.160	0.001
0.001	0.001	0.997	0.001
>TTAAAGCAGG	3-TTAAAGCAGG	9.249697	-11.331917	0	T:3.0(17.65%),B:8.0(0.26%),P:1e-4	Tpos:39.0,Tstd:16.5,Bpos:67.2,Bstd:18.1,StrandBias:-1.0,Multiplicity:1.00
0.121	0.060	0.001	0.818
0.001	0.001	0.001	0.997
0.818	0.180	0.001	0.001
0.997	0.001	0.001	0.001
0.997	0.001	0.001	0.001
0.001	0.001	0.997	0.001
0.001	0.997	0.001	0.001
0.997	0.001	0.001	0.001
0.001	0.001	0.997	0.001
0.060	0.001	0.938	0.001
>ATRTGGAACT	4-ATRTGGAACT	7.398580	-11.004192	0	T:6.0(35.29%),B:107.0(3.51%),P:1e-4	Tpos:75.8,Tstd:11.7,Bpos:48.6,Bstd:25.4,StrandBias:1.0,Multiplicity:1.00
0.577	0.193	0.193	0.037
0.001	0.001	0.001	0.997
0.422	0.001	0.385	0.192
0.001	0.001	0.001	0.997
0.001	0.001	0.806	0.192
0.192	0.192	0.615	0.001
0.997	0.001	0.001	0.001
0.806	0.001	0.192	0.001
0.001	0.806	0.192	0.001
0.192	0.192	0.001	0.615
>TCTTCTBCTG	5-TCTTCTBCTG	9.778484	-8.933611	0	T:3.0(17.65%),B:18.0(0.59%),P:1e-3	Tpos:61.8,Tstd:27.7,Bpos:53.7,Bstd:23.5,StrandBias:1.6,Multiplicity:1.00
0.312	0.001	0.001	0.686
0.312	0.686	0.001	0.001
0.001	0.001	0.001	0.997
0.001	0.312	0.001	0.686
0.001	0.997	0.001	0.001
0.001	0.001	0.001	0.997
0.001	0.373	0.313	0.313
0.001	0.686	0.001	0.312
0.001	0.001	0.001	0.997
0.001	0.001	0.997	0.001
