>TKATGCCACART	1-TKATGCCACART	8.872484	-17.267389	0	T:5.0(29.41%),B:17.0(0.56%),P:1e-7	Tpos:55.8,Tstd:13.4,Bpos:51.5,Bstd:21.6,StrandBias:-0.6,Multiplicity:1.00
0.172	0.001	0.172	0.655
0.001	0.172	0.343	0.484
0.709	0.011	0.172	0.108
0.171	0.001	0.001	0.827
0.001	0.343	0.655	0.001
0.279	0.548	0.172	0.001
0.011	0.880	0.108	0.001
0.655	0.001	0.001	0.343
0.011	0.816	0.001	0.172
0.988	0.001	0.001	0.010
0.547	0.001	0.451	0.001
0.001	0.001	0.312	0.686
>CAAAAAGTAGAG	2-CAAAAAGTAGAG	6.521781	-12.731584	0	T:3.0(17.65%),B:5.0(0.16%),P:1e-5	Tpos:30.0,Tstd:17.9,Bpos:45.0,Bstd:30.1,StrandBias:1.6,Multiplicity:1.33
0.001	0.945	0.001	0.053
0.997	0.001	0.001	0.001
0.838	0.054	0.054	0.054
0.997	0.001	0.001	0.001
0.997	0.001	0.001	0.001
0.891	0.001	0.107	0.001
0.001	0.160	0.838	0.001
0.001	0.001	0.001	0.997
0.997	0.001	0.001	0.001
0.001	0.001	0.997	0.001
0.891	0.001	0.107	0.001
0.001	0.001	0.945	0.053
>GGTCTVGVAGGG	3-GGTCTVGVAGGG	11.012643	-12.731584	0	T:3.0(17.65%),B:5.0(0.16%),P:1e-5	Tpos:30.5,Tstd:11.5,Bpos:41.2,Bstd:26.9,StrandBias:-1.6,Multiplicity:1.33
0.001	0.001	0.997	0.001
0.001	0.001	0.997	0.001
0.312	0.001	0.001	0.686
0.001	0.997	0.001	0.001
0.001	0.312	0.001	0.686
0.373	0.313	0.313	0.001
0.312	0.001	0.686	0.001
0.313	0.313	0.373	0.001
0.686	0.001	0.001	0.312
0.001	0.001	0.686	0.312
0.001	0.001	0.997	0.001
0.001	0.001	0.997	0.001
>TMCWCYCMKCTS	4-TMCWCYCMKCTS	12.423193	-12.188067	0	T:3.0(17.65%),B:6.0(0.20%),P:1e-5	Tpos:24.7,Tstd:15.1,Bpos:47.9,Bstd:27.1,StrandBias:-1.0,Multiplicity:1.00
0.001	0.001	0.001	0.997
0.455	0.543	0.001	0.001
0.001	0.997	0.001	0.001
0.543	0.001	0.001	0.455
0.001	0.997	0.001	0.001
0.001	0.543	0.001	0.455
0.001	0.997	0.001	0.001
0.455	0.543	0.001	0.001
0.001	0.001	0.455	0.543
0.001	0.997	0.001	0.001
0.001	0.001	0.001	0.997
0.001	0.543	0.455	0.001
>TTSTWYATGTGG	5-TTSTWYATGTGG	9.418328	-11.331917	0	T:3.0(17.65%),B:8.0(0.26%),P:1e-4	Tpos:56.2,Tstd:18.3,Bpos:45.2,Bstd:24.9,StrandBias:-1.6,Multiplicity:1.00
0.001	0.001	0.001	0.997
0.001	0.001	0.259	0.739
0.001	0.476	0.522	0.001
0.238	0.281	0.001	0.480
0.481	0.021	0.001	0.498
0.021	0.477	0.001	0.501
0.478	0.239	0.239	0.045
0.238	0.001	0.046	0.715
0.260	0.024	0.715	0.001
0.001	0.001	0.001	0.997
0.001	0.001	0.760	0.238
0.242	0.238	0.519	0.001
