>TCTTAGATCTAA	1-TCTTAGATCTAA	11.485106	-22.649063	0	T:7.0(1.05%),B:32.0(0.02%),P:1e-9	Tpos:54.1,Tstd:25.5,Bpos:46.2,Bstd:26.0,StrandBias:0.0,Multiplicity:1.00
0.001	0.103	0.103	0.793
0.103	0.691	0.103	0.103
0.001	0.001	0.001	0.997
0.001	0.185	0.180	0.634
0.788	0.001	0.103	0.108
0.309	0.001	0.689	0.001
0.909	0.001	0.001	0.089
0.001	0.001	0.001	0.997
0.001	0.896	0.001	0.102
0.107	0.001	0.001	0.891
0.729	0.090	0.180	0.001
0.997	0.001	0.001	0.001
>AATTGTAAGGTA	2-AATTGTAAGGTA	14.328993	-17.888810	0	T:4.0(0.60%),B:6.0(0.00%),P:1e-7	Tpos:39.0,Tstd:10.8,Bpos:38.5,Bstd:16.8,StrandBias:0.6,Multiplicity:1.25
0.997	0.001	0.001	0.001
0.997	0.001	0.001	0.001
0.001	0.001	0.001	0.997
0.001	0.207	0.001	0.791
0.001	0.001	0.997	0.001
0.001	0.001	0.001	0.997
0.791	0.001	0.207	0.001
0.997	0.001	0.001	0.001
0.001	0.208	0.625	0.166
0.001	0.001	0.997	0.001
0.001	0.001	0.001	0.997
0.997	0.001	0.001	0.001
>CTTATTGTTACT	3-CTTATTGTTACT	13.457454	-13.688987	0	T:5.0(0.75%),B:41.0(0.03%),P:1e-5	Tpos:37.8,Tstd:26.1,Bpos:55.1,Bstd:25.5,StrandBias:3.0,Multiplicity:1.80
0.001	0.910	0.001	0.088
0.001	0.001	0.001	0.997
0.001	0.099	0.001	0.899
0.890	0.108	0.001	0.001
0.001	0.140	0.001	0.858
0.001	0.001	0.001	0.997
0.001	0.001	0.997	0.001
0.001	0.001	0.001	0.997
0.001	0.001	0.160	0.838
0.997	0.001	0.001	0.001
0.001	0.838	0.001	0.160
0.001	0.001	0.001	0.997
>CGCCGTGCWGCT	4-CGCCGTGCWGCT	14.181470	-12.367101	0	T:3.0(0.45%),B:7.0(0.00%),P:1e-5	Tpos:65.8,Tstd:23.8,Bpos:43.3,Bstd:20.1,StrandBias:2.0,Multiplicity:1.67
0.001	0.997	0.001	0.001
0.001	0.001	0.997	0.001
0.001	0.997	0.001	0.001
0.001	0.997	0.001	0.001
0.001	0.001	0.997	0.001
0.241	0.001	0.001	0.757
0.001	0.001	0.997	0.001
0.001	0.997	0.001	0.001
0.514	0.001	0.001	0.484
0.001	0.001	0.997	0.001
0.001	0.997	0.001	0.001
0.241	0.001	0.001	0.757
>GGACGGCAGAAG	5-GGACGGCAGAAG	15.459918	-10.238259	0	T:2.0(0.30%),B:2.0(0.00%),P:1e-4	Tpos:48.5,Tstd:19.9,Bpos:42.0,Bstd:11.0,StrandBias:1.6,Multiplicity:2.00
0.001	0.001	0.997	0.001
0.001	0.001	0.997	0.001
0.997	0.001	0.001	0.001
0.001	0.997	0.001	0.001
0.001	0.001	0.997	0.001
0.001	0.001	0.997	0.001
0.001	0.997	0.001	0.001
0.679	0.319	0.001	0.001
0.001	0.001	0.997	0.001
0.997	0.001	0.001	0.001
0.997	0.001	0.001	0.001
0.001	0.001	0.997	0.001
>TCTAACCCCACA	6-TCTAACCCCACA	14.320358	-10.238259	0	T:2.0(0.30%),B:2.0(0.00%),P:1e-4	Tpos:44.0,Tstd:18.1,Bpos:49.5,Bstd:4.5,StrandBias:10.0,Multiplicity:2.00
0.001	0.001	0.001	0.997
0.001	0.997	0.001	0.001
0.001	0.001	0.319	0.679
0.997	0.001	0.001	0.001
0.997	0.001	0.001	0.001
0.001	0.679	0.319	0.001
0.001	0.997	0.001	0.001
0.001	0.997	0.001	0.001
0.001	0.997	0.001	0.001
0.997	0.001	0.001	0.001
0.001	0.997	0.001	0.001
0.997	0.001	0.001	0.001
>CTCTACCTCTRC	7-CTCTACCTCTRC	13.637021	-5.588895	0	T:2.0(0.30%),B:21.0(0.01%),P:1e-2	Tpos:51.8,Tstd:9.5,Bpos:50.8,Bstd:28.8,StrandBias:2.3,Multiplicity:3.00
0.001	0.997	0.001	0.001
0.001	0.001	0.001	0.997
0.001	0.997	0.001	0.001
0.001	0.001	0.001	0.997
0.872	0.001	0.126	0.001
0.001	0.842	0.156	0.001
0.001	0.997	0.001	0.001
0.001	0.001	0.001	0.997
0.001	0.997	0.001	0.001
0.001	0.171	0.001	0.827
0.544	0.001	0.454	0.001
0.001	0.997	0.001	0.001
>AAAAAAAAAAAA	8-AAAAAAAAAAAA	10.880888	-4.207996	0	T:9.0(1.35%),B:887.0(0.57%),P:1e-1	Tpos:59.4,Tstd:28.6,Bpos:53.4,Bstd:24.6,StrandBias:-2.4,Multiplicity:1.11
0.692	0.148	0.135	0.025
0.755	0.118	0.090	0.037
0.744	0.018	0.062	0.176
0.669	0.089	0.106	0.136
0.741	0.097	0.135	0.027
0.769	0.070	0.098	0.063
0.641	0.123	0.179	0.057
0.723	0.080	0.071	0.126
0.777	0.103	0.031	0.089
0.742	0.115	0.052	0.091
0.779	0.141	0.020	0.060
0.806	0.099	0.074	0.021
