>GAAGGGCR	1-GAAGGGCR	4.626360	-16.552024	0	T:142.0(21.32%),B:21579.0(13.75%),P:1e-7	Tpos:48.7,Tstd:27.7,Bpos:50.1,Bstd:27.3,StrandBias:-0.1,Multiplicity:1.15
0.156	0.185	0.529	0.130
0.585	0.201	0.116	0.098
0.588	0.117	0.113	0.182
0.187	0.129	0.489	0.195
0.097	0.095	0.724	0.084
0.120	0.149	0.614	0.117
0.226	0.537	0.134	0.103
0.336	0.086	0.438	0.140
>TTTTCTCT	2-TTTTCTCT	7.015030	-13.069948	0	T:95.0(14.26%),B:13749.0(8.76%),P:1e-5	Tpos:44.2,Tstd:27.0,Bpos:49.7,Bstd:27.6,StrandBias:0.0,Multiplicity:1.11
0.070	0.061	0.001	0.868
0.001	0.067	0.040	0.892
0.001	0.165	0.001	0.833
0.066	0.001	0.001	0.932
0.073	0.925	0.001	0.001
0.001	0.047	0.001	0.951
0.028	0.666	0.177	0.129
0.022	0.001	0.001	0.976
>MCCTCTTA	3-MCCTCTTA	8.774352	-12.551917	0	T:17.0(2.55%),B:1037.0(0.66%),P:1e-5	Tpos:47.8,Tstd:27.9,Bpos:49.5,Bstd:27.9,StrandBias:-0.3,Multiplicity:1.18
0.508	0.490	0.001	0.001
0.001	0.783	0.001	0.215
0.001	0.997	0.001	0.001
0.003	0.333	0.001	0.663
0.062	0.936	0.001	0.001
0.001	0.001	0.038	0.960
0.001	0.001	0.164	0.834
0.997	0.001	0.001	0.001
>GCCAGGTA	4-GCCAGGTA	6.759458	-8.427440	0	T:39.0(5.86%),B:4948.0(3.15%),P:1e-3	Tpos:49.6,Tstd:28.1,Bpos:50.4,Bstd:26.7,StrandBias:0.2,Multiplicity:1.31
0.001	0.040	0.958	0.001
0.001	0.997	0.001	0.001
0.001	0.997	0.001	0.001
0.542	0.146	0.001	0.311
0.001	0.001	0.997	0.001
0.001	0.001	0.997	0.001
0.001	0.001	0.001	0.997
0.616	0.001	0.382	0.001
>CAMGCACG	5-CAMGCACG	6.887642	-4.531479	0	T:15.0(2.25%),B:1786.0(1.14%),P:1e-1	Tpos:46.5,Tstd:26.6,Bpos:49.5,Bstd:26.5,StrandBias:2.5,Multiplicity:2.27
0.001	0.997	0.001	0.001
0.956	0.001	0.001	0.042
0.468	0.530	0.001	0.001
0.001	0.001	0.997	0.001
0.001	0.997	0.001	0.001
0.997	0.001	0.001	0.001
0.316	0.682	0.001	0.001
0.001	0.001	0.997	0.001
