>GTCMRGMA	1-GTCMRGMA	6.680463	-17.185805	0	T:121.0(18.17%),B:17321.0(11.04%),P:1e-7	Tpos:46.7,Tstd:24.8,Bpos:50.0,Bstd:26.7,StrandBias:-0.0,Multiplicity:1.08
0.001	0.001	0.997	0.001
0.001	0.001	0.375	0.623
0.001	0.997	0.001	0.001
0.327	0.408	0.114	0.150
0.432	0.001	0.566	0.001
0.001	0.001	0.782	0.216
0.443	0.555	0.001	0.001
0.698	0.001	0.001	0.300
>GTGGTATT	2-GTGGTATT	6.920041	-14.685314	0	T:35.0(5.26%),B:3145.0(2.00%),P:1e-6	Tpos:47.0,Tstd:23.8,Bpos:50.1,Bstd:27.4,StrandBias:0.8,Multiplicity:1.03
0.001	0.001	0.997	0.001
0.001	0.001	0.001	0.997
0.001	0.001	0.922	0.076
0.037	0.001	0.851	0.111
0.001	0.016	0.030	0.953
0.756	0.001	0.086	0.157
0.001	0.154	0.102	0.743
0.037	0.161	0.001	0.801
>ACGACGTC	3-ACGACGTC	5.350609	-14.127876	0	T:34.0(5.11%),B:3080.0(1.96%),P:1e-6	Tpos:55.9,Tstd:25.4,Bpos:50.1,Bstd:26.9,StrandBias:-0.2,Multiplicity:1.06
0.671	0.155	0.100	0.074
0.013	0.808	0.086	0.093
0.074	0.120	0.772	0.034
0.784	0.061	0.038	0.117
0.024	0.792	0.110	0.074
0.090	0.081	0.762	0.067
0.166	0.066	0.045	0.723
0.054	0.700	0.045	0.201
>TCACTGGT	4-TCACTGGT	8.236954	-9.599450	0	T:10.0(1.50%),B:496.0(0.32%),P:1e-4	Tpos:38.6,Tstd:22.3,Bpos:49.0,Bstd:27.4,StrandBias:0.6,Multiplicity:1.00
0.100	0.100	0.100	0.700
0.100	0.700	0.100	0.100
0.700	0.100	0.100	0.100
0.100	0.700	0.100	0.100
0.100	0.100	0.100	0.700
0.100	0.100	0.700	0.100
0.100	0.100	0.700	0.100
0.100	0.100	0.100	0.700
>GTTATCGT	5-GTTATCGT	8.131802	-5.889288	0	T:6.0(0.90%),B:321.0(0.20%),P:1e-2	Tpos:50.8,Tstd:30.8,Bpos:47.6,Bstd:25.9,StrandBias:1.0,Multiplicity:1.00
0.001	0.246	0.752	0.001
0.001	0.001	0.001	0.997
0.001	0.001	0.157	0.841
0.636	0.156	0.207	0.001
0.001	0.001	0.165	0.833
0.088	0.789	0.001	0.122
0.001	0.001	0.997	0.001
0.001	0.001	0.001	0.997
