>GGATTTCC	1-GGATTTCC	7.162500	-15.341954	0	T:54.0(8.11%),B:5933.0(3.78%),P:1e-6	Tpos:55.6,Tstd:27.3,Bpos:49.5,Bstd:27.3,StrandBias:0.5,Multiplicity:1.02
0.048	0.030	0.813	0.109
0.001	0.146	0.852	0.001
0.809	0.107	0.001	0.083
0.058	0.001	0.152	0.789
0.001	0.104	0.001	0.894
0.001	0.037	0.001	0.961
0.027	0.971	0.001	0.001
0.057	0.904	0.001	0.038
>ACTCGAKC	2-ACTCGAKC	7.487253	-10.336633	0	T:17.0(2.55%),B:1236.0(0.79%),P:1e-4	Tpos:55.9,Tstd:22.5,Bpos:49.5,Bstd:27.6,StrandBias:-0.2,Multiplicity:1.12
0.997	0.001	0.001	0.001
0.001	0.997	0.001	0.001
0.314	0.001	0.001	0.684
0.001	0.997	0.001	0.001
0.001	0.001	0.997	0.001
0.891	0.001	0.107	0.001
0.001	0.001	0.430	0.568
0.001	0.876	0.122	0.001
>ACASACAC	3-ACASACAC	7.176177	-7.975641	0	T:41.0(6.16%),B:5417.0(3.45%),P:1e-3	Tpos:49.7,Tstd:22.7,Bpos:49.4,Bstd:28.0,StrandBias:-0.1,Multiplicity:1.10
0.997	0.001	0.001	0.001
0.001	0.997	0.001	0.001
0.997	0.001	0.001	0.001
0.001	0.508	0.490	0.001
0.642	0.040	0.001	0.317
0.001	0.997	0.001	0.001
0.997	0.001	0.001	0.001
0.001	0.997	0.001	0.001
>CCCCCCCC	4-CCCCCCCC	5.779504	-6.654085	0	T:141.0(21.17%),B:26079.0(16.62%),P:1e-2	Tpos:50.9,Tstd:26.8,Bpos:50.3,Bstd:27.0,StrandBias:0.1,Multiplicity:1.26
0.024	0.974	0.001	0.001
0.089	0.909	0.001	0.001
0.085	0.786	0.043	0.086
0.046	0.952	0.001	0.001
0.001	0.888	0.001	0.110
0.077	0.835	0.001	0.087
0.101	0.897	0.001	0.001
0.001	0.981	0.017	0.001
>AAAAAAWA	5-AAAAAAWA	7.719380	-3.329695	0	T:24.0(3.60%),B:3780.0(2.41%),P:1e-1	Tpos:41.2,Tstd:24.2,Bpos:51.7,Bstd:26.6,StrandBias:-1.0,Multiplicity:1.00
0.752	0.001	0.001	0.246
0.997	0.001	0.001	0.001
0.997	0.001	0.001	0.001
0.997	0.001	0.001	0.001
0.997	0.001	0.001	0.001
0.710	0.001	0.001	0.288
0.521	0.001	0.001	0.477
0.873	0.001	0.125	0.001
