>ACMTGGCGAG	1-ACMTGGCGAG	8.263988	-23.076891	0	T:20.0(3.00%),B:721.0(0.46%),P:1e-10	Tpos:53.8,Tstd:27.7,Bpos:50.1,Bstd:26.2,StrandBias:-0.6,Multiplicity:1.00
0.658	0.062	0.169	0.111
0.036	0.962	0.001	0.001
0.355	0.501	0.001	0.143
0.275	0.001	0.161	0.563
0.302	0.001	0.696	0.001
0.001	0.259	0.739	0.001
0.049	0.800	0.150	0.001
0.001	0.059	0.885	0.055
0.900	0.098	0.001	0.001
0.001	0.375	0.623	0.001
>GAGGAGSGAG	2-GAGGAGSGAG	7.197276	-22.457542	0	T:43.0(6.46%),B:3283.0(2.09%),P:1e-9	Tpos:54.6,Tstd:25.5,Bpos:49.6,Bstd:26.7,StrandBias:0.9,Multiplicity:1.07
0.047	0.055	0.645	0.253
0.647	0.032	0.060	0.261
0.143	0.025	0.586	0.246
0.071	0.087	0.797	0.045
0.386	0.225	0.180	0.209
0.055	0.025	0.614	0.306
0.202	0.303	0.449	0.046
0.165	0.315	0.491	0.030
0.624	0.283	0.044	0.049
0.055	0.083	0.627	0.235
>CGGCATACTC	3-CGGCATACTC	10.780776	-22.149508	0	T:9.0(1.35%),B:87.0(0.06%),P:1e-9	Tpos:47.5,Tstd:25.7,Bpos:46.8,Bstd:23.9,StrandBias:-1.2,Multiplicity:1.11
0.001	0.997	0.001	0.001
0.112	0.001	0.886	0.001
0.001	0.144	0.854	0.001
0.001	0.997	0.001	0.001
0.997	0.001	0.001	0.001
0.001	0.112	0.001	0.886
0.551	0.088	0.251	0.110
0.001	0.997	0.001	0.001
0.001	0.001	0.001	0.997
0.001	0.997	0.001	0.001
>GGGAGCCAAT	4-GGGAGCCAAT	7.824080	-14.859100	0	T:35.0(5.26%),B:3121.0(1.99%),P:1e-6	Tpos:50.6,Tstd:22.6,Bpos:50.4,Bstd:25.9,StrandBias:-0.3,Multiplicity:1.09
0.054	0.001	0.944	0.001
0.266	0.043	0.690	0.001
0.068	0.002	0.929	0.001
0.668	0.122	0.141	0.069
0.031	0.001	0.967	0.001
0.107	0.763	0.073	0.057
0.075	0.800	0.001	0.124
0.997	0.001	0.001	0.001
0.626	0.143	0.191	0.040
0.067	0.282	0.001	0.650
>CTCCTTACGG	5-CTCCTTACGG	10.115933	-11.538702	0	T:8.0(1.20%),B:235.0(0.15%),P:1e-5	Tpos:57.5,Tstd:25.8,Bpos:50.6,Bstd:25.4,StrandBias:-2.3,Multiplicity:1.50
0.001	0.997	0.001	0.001
0.001	0.001	0.001	0.997
0.169	0.829	0.001	0.001
0.102	0.896	0.001	0.001
0.001	0.001	0.001	0.997
0.001	0.001	0.001	0.997
0.949	0.049	0.001	0.001
0.098	0.900	0.001	0.001
0.267	0.001	0.731	0.001
0.001	0.001	0.997	0.001
>GCTAGTCCCT	6-GCTAGTCCCT	12.121104	-7.242260	0	T:3.0(0.45%),B:40.0(0.03%),P:1e-3	Tpos:49.2,Tstd:24.3,Bpos:54.1,Bstd:28.9,StrandBias:-2.3,Multiplicity:2.00
0.001	0.001	0.997	0.001
0.001	0.997	0.001	0.001
0.001	0.001	0.001	0.997
0.997	0.001	0.001	0.001
0.180	0.001	0.818	0.001
0.001	0.001	0.001	0.997
0.001	0.997	0.001	0.001
0.001	0.997	0.001	0.001
0.001	0.997	0.001	0.001
0.001	0.001	0.001	0.997
