>TGGATACT	1-TGGATACT	8.463864	-16.154140	0	T:7.0(43.75%),B:73.0(2.70%),P:1e-7	Tpos:36.3,Tstd:19.2,Bpos:54.0,Bstd:27.2,StrandBias:-1.3,Multiplicity:1.00
0.001	0.001	0.001	0.997
0.001	0.001	0.997	0.001
0.001	0.192	0.806	0.001
0.923	0.075	0.001	0.001
0.001	0.146	0.151	0.702
0.674	0.001	0.142	0.183
0.001	0.997	0.001	0.001
0.001	0.001	0.001	0.997
>GGCCAGTT	2-GGCCAGTT	6.075191	-15.974172	0	T:10.0(62.50%),B:234.0(8.65%),P:1e-6	Tpos:46.8,Tstd:25.5,Bpos:47.9,Bstd:26.9,StrandBias:0.6,Multiplicity:1.00
0.338	0.001	0.660	0.001
0.198	0.137	0.659	0.006
0.001	0.611	0.001	0.387
0.136	0.657	0.001	0.206
0.744	0.156	0.009	0.091
0.172	0.001	0.826	0.001
0.145	0.095	0.091	0.669
0.001	0.137	0.001	0.861
>TCTCAGCA	3-TCTCAGCA	8.432479	-12.997092	0	T:6.0(37.50%),B:72.0(2.66%),P:1e-5	Tpos:64.0,Tstd:21.2,Bpos:49.9,Bstd:28.2,StrandBias:0.0,Multiplicity:1.00
0.001	0.001	0.098	0.900
0.001	0.997	0.001	0.001
0.244	0.001	0.001	0.754
0.035	0.963	0.001	0.001
0.997	0.001	0.001	0.001
0.001	0.001	0.997	0.001
0.001	0.997	0.001	0.001
0.997	0.001	0.001	0.001
>GCGGTGCG	4-GCGGTGCG	8.236954	-4.442295	0	T:1.0(6.25%),B:2.0(0.07%),P:1e-1	Tpos:89.0,Tstd:0.0,Bpos:46.0,Bstd:42.0,StrandBias:-10.0,Multiplicity:1.00
0.100	0.100	0.700	0.100
0.100	0.700	0.100	0.100
0.100	0.100	0.700	0.100
0.100	0.100	0.700	0.100
0.100	0.100	0.100	0.700
0.100	0.100	0.700	0.100
0.100	0.700	0.100	0.100
0.100	0.100	0.700	0.100
>GGGGGGGG	5-GGGGGGGG	10.278743	-3.203358	0	T:1.0(6.25%),B:7.0(0.26%),P:1e-1	Tpos:33.0,Tstd:0.8,Bpos:63.4,Bstd:28.2,StrandBias:10.0,Multiplicity:1.00
0.231	0.001	0.767	0.001
0.127	0.001	0.871	0.001
0.080	0.001	0.918	0.001
0.001	0.001	0.997	0.001
0.001	0.001	0.997	0.001
0.001	0.001	0.997	0.001
0.001	0.001	0.871	0.127
0.001	0.001	0.839	0.159
