>CWWTKATCTT	1-CWWTKATCTT	6.420923	-18.115009	0	T:6.0(37.50%),B:30.0(1.11%),P:1e-7	Tpos:55.0,Tstd:23.3,Bpos:51.0,Bstd:26.0,StrandBias:0.6,Multiplicity:1.00
0.001	0.978	0.001	0.020
0.455	0.001	0.001	0.543
0.455	0.001	0.088	0.455
0.001	0.024	0.001	0.974
0.001	0.001	0.455	0.543
0.974	0.001	0.001	0.024
0.001	0.001	0.001	0.997
0.001	0.997	0.001	0.001
0.001	0.001	0.001	0.997
0.001	0.001	0.001	0.997
>TCAGAAGGGG	2-TCAGAAGGGG	10.826744	-15.307296	0	T:3.0(18.75%),B:2.0(0.07%),P:1e-6	Tpos:73.7,Tstd:18.3,Bpos:80.5,Bstd:2.5,StrandBias:-1.0,Multiplicity:1.00
0.332	0.001	0.001	0.666
0.001	0.997	0.001	0.001
0.997	0.001	0.001	0.001
0.332	0.001	0.666	0.001
0.997	0.001	0.001	0.001
0.666	0.001	0.001	0.332
0.001	0.332	0.666	0.001
0.001	0.001	0.997	0.001
0.001	0.001	0.997	0.001
0.001	0.001	0.997	0.001
>TTBTTADAGT	3-TTBTTADAGT	6.718548	-11.643187	0	T:4.0(25.00%),B:23.0(0.85%),P:1e-5	Tpos:42.8,Tstd:29.2,Bpos:45.2,Bstd:29.5,StrandBias:2.8,Multiplicity:2.00
0.001	0.001	0.001	0.997
0.001	0.001	0.001	0.997
0.017	0.313	0.356	0.313
0.001	0.001	0.017	0.981
0.001	0.001	0.001	0.997
0.625	0.001	0.373	0.001
0.330	0.001	0.356	0.313
0.997	0.001	0.001	0.001
0.001	0.001	0.997	0.001
0.001	0.001	0.001	0.997
>CTCCCTCACA	4-CTCCCTCACA	10.296193	-4.442295	0	T:1.0(6.25%),B:2.0(0.07%),P:1e-1	Tpos:40.0,Tstd:0.0,Bpos:13.0,Bstd:8.0,StrandBias:10.0,Multiplicity:1.00
0.100	0.700	0.100	0.100
0.100	0.100	0.100	0.700
0.100	0.700	0.100	0.100
0.100	0.700	0.100	0.100
0.100	0.700	0.100	0.100
0.100	0.100	0.100	0.700
0.100	0.700	0.100	0.100
0.700	0.100	0.100	0.100
0.100	0.700	0.100	0.100
0.700	0.100	0.100	0.100
>TTTTTTTTTT	5-TTTTTTTTTT	8.350283	-3.293706	0	T:2.0(12.50%),B:52.0(1.92%),P:1e-1	Tpos:69.1,Tstd:24.3,Bpos:48.7,Bstd:29.0,StrandBias:1.4,Multiplicity:1.50
0.100	0.100	0.100	0.700
0.100	0.100	0.100	0.700
0.100	0.100	0.100	0.700
0.100	0.100	0.100	0.700
0.100	0.100	0.100	0.700
0.100	0.100	0.100	0.700
0.100	0.100	0.100	0.700
0.100	0.100	0.100	0.700
0.100	0.100	0.100	0.700
0.100	0.100	0.100	0.700
