>RGATGTMAMR	1-RGATGTMAMR	10.964205	-24.106909	0	T:4.0(25.00%),B:1.0(0.04%),P:1e-10	Tpos:50.8,Tstd:26.4,Bpos:82.0,Bstd:0.0,StrandBias:1.6,Multiplicity:1.00
0.499	0.001	0.499	0.001
0.001	0.001	0.997	0.001
0.997	0.001	0.001	0.001
0.001	0.001	0.001	0.997
0.001	0.001	0.997	0.001
0.001	0.001	0.001	0.997
0.543	0.455	0.001	0.001
0.997	0.001	0.001	0.001
0.543	0.455	0.001	0.001
0.543	0.001	0.455	0.001
>GASAGMTGGG	2-GASAGMTGGG	11.258386	-12.025885	0	T:3.0(18.75%),B:6.0(0.22%),P:1e-5	Tpos:65.7,Tstd:16.8,Bpos:32.8,Bstd:25.8,StrandBias:-1.0,Multiplicity:1.00
0.001	0.025	0.973	0.001
0.593	0.001	0.405	0.001
0.001	0.457	0.541	0.001
0.997	0.001	0.001	0.001
0.001	0.001	0.997	0.001
0.518	0.480	0.001	0.001
0.001	0.001	0.001	0.997
0.001	0.001	0.997	0.001
0.001	0.001	0.997	0.001
0.380	0.001	0.593	0.026
>GAACAGGAAC	3-GAACAGGAAC	8.003966	-11.020935	0	T:2.0(12.50%),B:1.0(0.04%),P:1e-4	Tpos:62.5,Tstd:15.5,Bpos:32.0,Bstd:0.0,StrandBias:0.0,Multiplicity:1.00
0.269	0.124	0.514	0.093
0.612	0.124	0.214	0.050
0.583	0.067	0.265	0.085
0.263	0.420	0.185	0.132
0.627	0.071	0.165	0.137
0.146	0.109	0.695	0.050
0.180	0.115	0.630	0.075
0.731	0.058	0.136	0.075
0.645	0.174	0.106	0.075
0.149	0.547	0.254	0.050
>TGRMAGCAGG	4-TGRMAGCAGG	8.932326	-8.270136	0	T:4.0(25.00%),B:55.0(2.03%),P:1e-3	Tpos:50.8,Tstd:22.6,Bpos:49.4,Bstd:29.9,StrandBias:0.0,Multiplicity:1.00
0.284	0.001	0.238	0.477
0.001	0.001	0.997	0.001
0.476	0.001	0.522	0.001
0.476	0.522	0.001	0.001
0.761	0.001	0.001	0.237
0.001	0.001	0.997	0.001
0.001	0.997	0.001	0.001
0.477	0.238	0.238	0.046
0.001	0.001	0.997	0.001
0.001	0.001	0.997	0.001
>RTTTTKTTTT	5-RTTTTKTTTT	4.688891	-2.289572	0	T:7.0(43.75%),B:713.0(26.37%),P:1e0	Tpos:30.0,Tstd:25.3,Bpos:49.5,Bstd:27.1,StrandBias:2.6,Multiplicity:2.14
0.368	0.113	0.408	0.112
0.037	0.110	0.113	0.740
0.110	0.001	0.185	0.704
0.037	0.184	0.185	0.594
0.037	0.221	0.110	0.632
0.112	0.147	0.407	0.334
0.184	0.185	0.074	0.557
0.074	0.147	0.185	0.594
0.074	0.038	0.110	0.778
0.075	0.185	0.147	0.593
