>ATACCCTACTGA	1-ATACCCTACTGA	7.944565	-21.337871	0	T:4.0(25.00%),B:2.0(0.07%),P:1e-9	Tpos:51.3,Tstd:31.5,Bpos:87.0,Bstd:0.0,StrandBias:-1.0,Multiplicity:1.00
0.997	0.001	0.001	0.001
0.081	0.081	0.001	0.837
0.997	0.001	0.001	0.001
0.001	0.997	0.001	0.001
0.001	0.997	0.001	0.001
0.001	0.836	0.001	0.162
0.001	0.001	0.001	0.997
0.836	0.162	0.001	0.001
0.001	0.997	0.001	0.001
0.001	0.001	0.001	0.997
0.001	0.001	0.997	0.001
0.837	0.081	0.081	0.001
>TGACGAGTCAGT	2-TGACGAGTCAGT	7.771474	-18.572386	0	T:4.0(25.00%),B:4.0(0.15%),P:1e-8	Tpos:52.0,Tstd:32.7,Bpos:38.5,Bstd:29.1,StrandBias:2.0,Multiplicity:1.25
0.001	0.001	0.081	0.917
0.001	0.001	0.997	0.001
0.997	0.001	0.001	0.001
0.001	0.997	0.001	0.001
0.001	0.121	0.877	0.001
0.997	0.001	0.001	0.001
0.081	0.001	0.917	0.001
0.001	0.001	0.040	0.958
0.001	0.997	0.001	0.001
0.997	0.001	0.001	0.001
0.001	0.001	0.958	0.040
0.001	0.040	0.122	0.837
>AMCCCAGTGATG	3-AMCCCAGTGATG	8.245227	-13.910560	0	T:5.0(31.25%),B:32.0(1.18%),P:1e-6	Tpos:81.0,Tstd:11.5,Bpos:45.6,Bstd:21.2,StrandBias:2.0,Multiplicity:1.00
0.761	0.237	0.001	0.001
0.492	0.492	0.001	0.015
0.001	0.523	0.238	0.238
0.001	0.761	0.237	0.001
0.237	0.761	0.001	0.001
0.761	0.001	0.001	0.237
0.237	0.001	0.761	0.001
0.237	0.001	0.001	0.761
0.001	0.254	0.492	0.254
0.523	0.238	0.001	0.238
0.001	0.237	0.001	0.761
0.237	0.001	0.761	0.001
>WCCTCWSSWGAG	4-WCCTCWSSWGAG	8.686894	-12.830941	0	T:4.0(25.00%),B:17.0(0.63%),P:1e-5	Tpos:53.6,Tstd:22.7,Bpos:47.1,Bstd:24.6,StrandBias:-0.6,Multiplicity:1.00
0.543	0.001	0.001	0.455
0.001	0.997	0.001	0.001
0.001	0.997	0.001	0.001
0.001	0.001	0.001	0.997
0.001	0.997	0.001	0.001
0.543	0.001	0.001	0.455
0.001	0.455	0.543	0.001
0.001	0.455	0.543	0.001
0.455	0.088	0.001	0.455
0.001	0.047	0.951	0.001
0.997	0.001	0.001	0.001
0.001	0.001	0.997	0.001
>TAAATACCCTAC	5-TAAATACCCTAC	12.355432	-5.132671	0	T:1.0(6.25%),B:1.0(0.04%),P:1e-2	Tpos:6.0,Tstd:0.0,Bpos:10.0,Bstd:0.0,StrandBias:10.0,Multiplicity:1.00
0.100	0.100	0.100	0.700
0.700	0.100	0.100	0.100
0.700	0.100	0.100	0.100
0.700	0.100	0.100	0.100
0.100	0.100	0.100	0.700
0.700	0.100	0.100	0.100
0.100	0.700	0.100	0.100
0.100	0.700	0.100	0.100
0.100	0.700	0.100	0.100
0.100	0.100	0.100	0.700
0.700	0.100	0.100	0.100
0.100	0.700	0.100	0.100
