>TTTTTTAAAA	1-TTTTTTAAAA	8.168988	-10.937658	0	T:5.0(21.74%),B:46.0(1.46%),P:1e-4	Tpos:59.0,Tstd:20.5,Bpos:49.5,Bstd:23.3,StrandBias:1.6,Multiplicity:1.00
0.105	0.004	0.105	0.786
0.001	0.104	0.061	0.834
0.104	0.001	0.063	0.832
0.104	0.104	0.001	0.791
0.001	0.208	0.001	0.790
0.109	0.166	0.071	0.654
0.668	0.168	0.110	0.054
0.739	0.105	0.105	0.051
0.997	0.001	0.001	0.001
0.928	0.070	0.001	0.001
>YYRTWACRAG	2-YYRTWACRAG	10.128825	-10.887414	0	T:3.0(13.04%),B:7.0(0.22%),P:1e-4	Tpos:43.3,Tstd:16.9,Bpos:55.0,Bstd:25.3,StrandBias:-1.0,Multiplicity:1.00
0.001	0.454	0.037	0.508
0.037	0.473	0.001	0.489
0.490	0.001	0.508	0.001
0.035	0.001	0.001	0.963
0.545	0.001	0.001	0.453
0.981	0.001	0.017	0.001
0.001	0.997	0.001	0.001
0.510	0.001	0.488	0.001
0.981	0.017	0.001	0.001
0.019	0.001	0.927	0.053
>CAACACCACC	3-CAACACCACC	12.238983	-8.396809	0	T:2.0(8.70%),B:3.0(0.10%),P:1e-3	Tpos:76.5,Tstd:3.5,Bpos:70.7,Bstd:18.2,StrandBias:0.0,Multiplicity:1.00
0.001	0.997	0.001	0.001
0.997	0.001	0.001	0.001
0.565	0.152	0.001	0.282
0.001	0.997	0.001	0.001
0.997	0.001	0.001	0.001
0.001	0.716	0.001	0.282
0.001	0.997	0.001	0.001
0.997	0.001	0.001	0.001
0.001	0.997	0.001	0.001
0.001	0.997	0.001	0.001
>CCCCTGGGGT	4-CCCCTGGGGT	12.186229	-7.384018	0	T:2.0(8.70%),B:5.0(0.16%),P:1e-3	Tpos:63.7,Tstd:3.4,Bpos:50.2,Bstd:28.8,StrandBias:-1.0,Multiplicity:1.00
0.001	0.997	0.001	0.001
0.001	0.997	0.001	0.001
0.001	0.997	0.001	0.001
0.001	0.997	0.001	0.001
0.399	0.001	0.001	0.599
0.001	0.001	0.997	0.001
0.001	0.001	0.799	0.199
0.001	0.001	0.997	0.001
0.001	0.001	0.997	0.001
0.001	0.001	0.399	0.599
>GGAGTGTTGC	5-GGAGTGTTGC	10.296193	-4.235384	0	T:1.0(4.35%),B:2.0(0.06%),P:1e-1	Tpos:41.0,Tstd:0.0,Bpos:65.5,Bstd:20.5,StrandBias:10.0,Multiplicity:1.00
0.100	0.100	0.700	0.100
0.100	0.100	0.700	0.100
0.700	0.100	0.100	0.100
0.100	0.100	0.700	0.100
0.100	0.100	0.100	0.700
0.100	0.100	0.700	0.100
0.100	0.100	0.100	0.700
0.100	0.100	0.100	0.700
0.100	0.100	0.700	0.100
0.100	0.700	0.100	0.100
