>GATCCTTGAG	1-GATCCTTGAG	11.873576	-18.759506	0	T:4.0(17.39%),B:3.0(0.10%),P:1e-8	Tpos:46.8,Tstd:29.0,Bpos:16.0,Bstd:9.9,StrandBias:-1.6,Multiplicity:1.00
0.001	0.001	0.997	0.001
0.749	0.001	0.249	0.001
0.001	0.249	0.001	0.749
0.249	0.749	0.001	0.001
0.001	0.997	0.001	0.001
0.001	0.001	0.001	0.997
0.001	0.001	0.001	0.997
0.001	0.001	0.997	0.001
0.997	0.001	0.001	0.001
0.001	0.001	0.997	0.001
>ACATGTGATG	2-ACATGTGATG	6.318830	-15.229790	0	T:5.0(21.74%),B:19.0(0.60%),P:1e-6	Tpos:41.3,Tstd:24.5,Bpos:49.7,Bstd:27.2,StrandBias:-1.3,Multiplicity:1.40
0.831	0.167	0.001	0.001
0.001	0.997	0.001	0.001
0.859	0.001	0.001	0.139
0.001	0.001	0.001	0.997
0.001	0.001	0.997	0.001
0.001	0.001	0.167	0.831
0.001	0.001	0.997	0.001
0.997	0.001	0.001	0.001
0.001	0.001	0.139	0.859
0.001	0.001	0.997	0.001
>GGGATTGTCT	3-GGGATTGTCT	5.872456	-14.689645	0	T:13.0(56.52%),B:382.0(12.10%),P:1e-6	Tpos:46.7,Tstd:27.0,Bpos:48.1,Bstd:26.9,StrandBias:0.4,Multiplicity:1.08
0.006	0.095	0.804	0.095
0.006	0.095	0.804	0.095
0.001	0.156	0.842	0.001
0.707	0.006	0.001	0.286
0.101	0.170	0.156	0.573
0.191	0.001	0.095	0.713
0.001	0.292	0.551	0.156
0.061	0.265	0.001	0.673
0.191	0.529	0.001	0.279
0.095	0.001	0.082	0.822
>CCYYKTSAMM	4-CCYYKTSAMM	7.588748	-14.588645	0	T:6.0(26.09%),B:42.0(1.33%),P:1e-6	Tpos:71.2,Tstd:22.0,Bpos:52.4,Bstd:24.1,StrandBias:1.0,Multiplicity:1.00
0.001	0.997	0.001	0.001
0.001	0.997	0.001	0.001
0.001	0.453	0.001	0.545
0.001	0.453	0.001	0.545
0.001	0.001	0.545	0.453
0.076	0.001	0.001	0.922
0.001	0.530	0.468	0.001
0.997	0.001	0.001	0.001
0.540	0.458	0.001	0.001
0.458	0.540	0.001	0.001
>SRTKTCAGGA	5-SRTKTCAGGA	11.653420	-10.585167	0	T:2.0(8.70%),B:1.0(0.03%),P:1e-4	Tpos:42.0,Tstd:34.0,Bpos:9.0,Bstd:0.0,StrandBias:0.0,Multiplicity:1.00
0.001	0.545	0.453	0.001
0.454	0.001	0.454	0.092
0.001	0.001	0.001	0.997
0.001	0.001	0.453	0.545
0.001	0.001	0.001	0.997
0.001	0.997	0.001	0.001
0.997	0.001	0.001	0.001
0.001	0.001	0.997	0.001
0.001	0.001	0.997	0.001
0.997	0.001	0.001	0.001
