>AGCCCAGTGC	1-AGCCCAGTGC	7.773473	-14.621946	0	T:3.0(13.04%),B:2.0(0.06%),P:1e-6	Tpos:29.8,Tstd:18.2,Bpos:76.0,Bstd:12.0,StrandBias:-1.6,Multiplicity:1.33
0.831	0.167	0.001	0.001
0.001	0.001	0.997	0.001
0.001	0.997	0.001	0.001
0.001	0.997	0.001	0.001
0.001	0.915	0.001	0.083
0.997	0.001	0.001	0.001
0.001	0.167	0.831	0.001
0.001	0.001	0.001	0.997
0.001	0.001	0.997	0.001
0.001	0.997	0.001	0.001
>CGGAGTTCCD	2-CGGAGTTCCD	6.074982	-13.031207	0	T:6.0(26.09%),B:55.0(1.74%),P:1e-5	Tpos:49.6,Tstd:21.9,Bpos:48.8,Bstd:28.2,StrandBias:10.0,Multiplicity:1.17
0.001	0.968	0.001	0.030
0.001	0.001	0.997	0.001
0.001	0.311	0.687	0.001
0.997	0.001	0.001	0.001
0.001	0.001	0.997	0.001
0.373	0.001	0.001	0.625
0.001	0.314	0.059	0.626
0.001	0.627	0.371	0.001
0.001	0.625	0.001	0.373
0.375	0.001	0.312	0.312
>TGGATGTGGC	3-TGGATGTGGC	11.638673	-12.552008	0	T:3.0(13.04%),B:4.0(0.13%),P:1e-5	Tpos:49.0,Tstd:13.6,Bpos:76.5,Bstd:18.0,StrandBias:0.0,Multiplicity:1.33
0.001	0.001	0.205	0.793
0.001	0.264	0.734	0.001
0.001	0.001	0.997	0.001
0.997	0.001	0.001	0.001
0.264	0.001	0.001	0.734
0.001	0.001	0.997	0.001
0.001	0.001	0.001	0.997
0.001	0.001	0.997	0.001
0.001	0.001	0.997	0.001
0.001	0.997	0.001	0.001
>GGGGNAGAGG	4-GGGGNAGAGG	8.701026	-11.042771	0	T:5.0(21.74%),B:45.0(1.43%),P:1e-4	Tpos:53.2,Tstd:23.1,Bpos:47.7,Bstd:28.5,StrandBias:0.6,Multiplicity:1.00
0.111	0.058	0.773	0.058
0.102	0.001	0.840	0.057
0.001	0.057	0.728	0.214
0.001	0.001	0.781	0.217
0.201	0.232	0.264	0.303
0.642	0.058	0.249	0.051
0.282	0.002	0.658	0.058
0.606	0.001	0.200	0.193
0.107	0.001	0.843	0.049
0.107	0.001	0.835	0.057
>GAGAGCCTGC	5-GAGAGCCTGC	7.345086	-9.294174	0	T:3.0(13.04%),B:12.0(0.38%),P:1e-4	Tpos:44.2,Tstd:33.3,Bpos:47.2,Bstd:23.4,StrandBias:2.0,Multiplicity:1.67
0.001	0.001	0.997	0.001
0.997	0.001	0.001	0.001
0.001	0.001	0.997	0.001
0.997	0.001	0.001	0.001
0.063	0.001	0.935	0.001
0.001	0.808	0.190	0.001
0.001	0.997	0.001	0.001
0.001	0.001	0.001	0.997
0.001	0.001	0.997	0.001
0.001	0.872	0.001	0.126
