>AAACTAMT	1-AAACTAMT	6.345798	-19.078377	0	T:17.0(36.96%),B:210.0(6.96%),P:1e-8	Tpos:46.8,Tstd:20.2,Bpos:51.1,Bstd:27.7,StrandBias:-0.3,Multiplicity:1.06
0.902	0.096	0.001	0.001
0.689	0.001	0.309	0.001
0.914	0.001	0.084	0.001
0.297	0.701	0.001	0.001
0.069	0.132	0.001	0.798
0.716	0.192	0.001	0.091
0.471	0.527	0.001	0.001
0.001	0.001	0.020	0.978
>AATTGATA	2-AATTGATA	8.049837	-16.887148	0	T:8.0(17.39%),B:34.0(1.13%),P:1e-7	Tpos:57.1,Tstd:24.7,Bpos:54.6,Bstd:28.4,StrandBias:1.8,Multiplicity:1.12
0.797	0.001	0.201	0.001
0.873	0.125	0.001	0.001
0.001	0.117	0.001	0.881
0.168	0.001	0.001	0.830
0.001	0.001	0.997	0.001
0.997	0.001	0.001	0.001
0.284	0.001	0.001	0.714
0.997	0.001	0.001	0.001
>CCAGGATG	3-CCAGGATG	7.412235	-15.225106	0	T:13.0(28.26%),B:150.0(4.97%),P:1e-6	Tpos:50.5,Tstd:23.0,Bpos:48.7,Bstd:27.3,StrandBias:-0.7,Multiplicity:1.00
0.001	0.997	0.001	0.001
0.001	0.899	0.001	0.099
0.932	0.001	0.001	0.066
0.206	0.001	0.734	0.059
0.001	0.080	0.918	0.001
0.849	0.001	0.063	0.087
0.044	0.001	0.041	0.914
0.001	0.095	0.817	0.087
>GCTTCCTG	4-GCTTCCTG	6.790611	-10.145469	0	T:16.0(34.78%),B:354.0(11.73%),P:1e-4	Tpos:49.0,Tstd:30.5,Bpos:50.5,Bstd:27.3,StrandBias:1.0,Multiplicity:1.31
0.001	0.111	0.887	0.001
0.001	0.629	0.001	0.369
0.001	0.020	0.172	0.807
0.001	0.183	0.202	0.614
0.070	0.573	0.356	0.001
0.001	0.736	0.001	0.262
0.001	0.001	0.001	0.997
0.001	0.001	0.997	0.001
>AGGGTTAG	5-AGGGTTAG	8.672427	-3.194884	0	T:2.0(4.35%),B:21.0(0.70%),P:1e-1	Tpos:42.8,Tstd:24.9,Bpos:46.4,Bstd:26.0,StrandBias:10.0,Multiplicity:6.00
0.997	0.001	0.001	0.001
0.001	0.001	0.997	0.001
0.001	0.001	0.997	0.001
0.001	0.001	0.997	0.001
0.001	0.001	0.001	0.997
0.001	0.001	0.001	0.997
0.907	0.001	0.091	0.001
0.001	0.001	0.997	0.001
