>WCWMTACAATGK	1-WCWMTACAATGK	10.790771	-25.940544	0	T:5.0(10.87%),B:1.0(0.03%),P:1e-11	Tpos:52.8,Tstd:28.0,Bpos:57.0,Bstd:0.0,StrandBias:10.0,Multiplicity:1.00
0.446	0.001	0.001	0.552
0.001	0.964	0.001	0.034
0.517	0.035	0.001	0.447
0.446	0.552	0.001	0.001
0.001	0.001	0.001	0.997
0.997	0.001	0.001	0.001
0.001	0.997	0.001	0.001
0.997	0.001	0.001	0.001
0.997	0.001	0.001	0.001
0.001	0.001	0.001	0.997
0.001	0.001	0.997	0.001
0.001	0.001	0.446	0.552
>KCTYCCWSCTGC	2-KCTYCCWSCTGC	10.790771	-22.486132	0	T:5.0(10.87%),B:2.0(0.07%),P:1e-9	Tpos:46.8,Tstd:19.5,Bpos:61.0,Bstd:31.0,StrandBias:-0.6,Multiplicity:1.00
0.001	0.001	0.552	0.446
0.001	0.997	0.001	0.001
0.034	0.001	0.001	0.964
0.001	0.446	0.001	0.552
0.001	0.997	0.001	0.001
0.001	0.997	0.001	0.001
0.517	0.001	0.001	0.481
0.001	0.552	0.446	0.001
0.001	0.997	0.001	0.001
0.001	0.001	0.001	0.997
0.001	0.001	0.997	0.001
0.001	0.997	0.001	0.001
>TKSMAAGCTCCA	3-TKSMAAGCTCCA	12.570504	-20.056569	0	T:4.0(8.70%),B:0.0(0.00%),P:1e-8	Tpos:38.5,Tstd:20.8,Bpos:0.0,Bstd:0.0,StrandBias:10.0,Multiplicity:1.00
0.045	0.243	0.001	0.711
0.001	0.001	0.471	0.527
0.001	0.527	0.471	0.001
0.527	0.471	0.001	0.001
0.995	0.001	0.003	0.001
0.995	0.003	0.001	0.001
0.001	0.006	0.992	0.001
0.045	0.718	0.236	0.001
0.045	0.236	0.001	0.718
0.001	0.997	0.001	0.001
0.001	0.997	0.001	0.001
0.997	0.001	0.001	0.001
>CAGTAGGAACCA	4-CAGTAGGAACCA	7.826176	-14.544786	0	T:4.0(8.70%),B:4.0(0.13%),P:1e-6	Tpos:47.8,Tstd:27.7,Bpos:32.0,Bstd:17.5,StrandBias:0.6,Multiplicity:1.25
0.001	0.843	0.001	0.155
0.997	0.001	0.001	0.001
0.001	0.001	0.997	0.001
0.001	0.191	0.001	0.807
0.843	0.001	0.001	0.155
0.001	0.001	0.997	0.001
0.001	0.001	0.997	0.001
0.807	0.018	0.174	0.001
0.997	0.001	0.001	0.001
0.001	0.807	0.001	0.191
0.001	0.997	0.001	0.001
0.997	0.001	0.001	0.001
>CGAAGCCATCAC	5-CGAAGCCATCAC	7.359001	-13.663339	0	T:4.0(8.70%),B:5.0(0.17%),P:1e-5	Tpos:39.7,Tstd:23.4,Bpos:47.2,Bstd:24.3,StrandBias:1.0,Multiplicity:1.50
0.001	0.997	0.001	0.001
0.001	0.191	0.807	0.001
0.807	0.191	0.001	0.001
0.997	0.001	0.001	0.001
0.001	0.122	0.876	0.001
0.001	0.997	0.001	0.001
0.012	0.986	0.001	0.001
0.997	0.001	0.001	0.001
0.001	0.001	0.001	0.997
0.001	0.997	0.001	0.001
0.820	0.178	0.001	0.001
0.001	0.876	0.001	0.122
