>CTCCAGSMCC	1-CTCCAGSMCC	7.879447	-14.386907	0	T:11.0(23.91%),B:109.0(3.61%),P:1e-6	Tpos:55.4,Tstd:29.6,Bpos:52.4,Bstd:26.9,StrandBias:0.4,Multiplicity:1.27
0.001	0.942	0.001	0.056
0.218	0.237	0.001	0.544
0.360	0.638	0.001	0.001
0.001	0.816	0.001	0.182
0.819	0.001	0.179	0.001
0.004	0.363	0.598	0.035
0.001	0.424	0.574	0.001
0.424	0.395	0.180	0.001
0.034	0.605	0.001	0.360
0.180	0.578	0.001	0.241
>AGGCAGGGGC	2-AGGCAGGGGC	8.159969	-10.615213	0	T:10.0(21.74%),B:132.0(4.38%),P:1e-4	Tpos:57.4,Tstd:24.0,Bpos:45.9,Bstd:27.2,StrandBias:0.2,Multiplicity:1.30
0.859	0.001	0.007	0.133
0.001	0.132	0.866	0.001
0.001	0.132	0.866	0.001
0.001	0.693	0.305	0.001
0.601	0.133	0.133	0.133
0.001	0.132	0.866	0.001
0.091	0.001	0.907	0.001
0.077	0.001	0.917	0.005
0.139	0.267	0.593	0.001
0.133	0.863	0.003	0.001
>ATCYCYCAGT	3-ATCYCYCAGT	11.486329	-8.645297	0	T:3.0(6.52%),B:7.0(0.23%),P:1e-3	Tpos:51.5,Tstd:23.2,Bpos:50.4,Bstd:23.9,StrandBias:0.0,Multiplicity:1.33
0.997	0.001	0.001	0.001
0.001	0.001	0.001	0.997
0.001	0.997	0.001	0.001
0.001	0.476	0.001	0.522
0.001	0.646	0.001	0.352
0.001	0.476	0.001	0.522
0.001	0.997	0.001	0.001
0.997	0.001	0.001	0.001
0.001	0.001	0.997	0.001
0.001	0.001	0.352	0.646
>GTTTTGTTTT	4-GTTTTGTTTT	6.816587	-7.656843	0	T:11.0(23.91%),B:226.0(7.49%),P:1e-3	Tpos:64.3,Tstd:19.3,Bpos:44.7,Bstd:26.6,StrandBias:0.0,Multiplicity:1.00
0.089	0.254	0.568	0.089
0.099	0.167	0.089	0.645
0.045	0.181	0.003	0.771
0.237	0.134	0.047	0.582
0.045	0.045	0.007	0.903
0.089	0.092	0.774	0.045
0.044	0.058	0.001	0.897
0.045	0.271	0.181	0.503
0.096	0.209	0.045	0.650
0.148	0.134	0.001	0.717
>TTTTTTTTTT	5-TTTTTTTTTT	5.601655	-5.124468	0	T:16.0(34.78%),B:553.0(18.33%),P:1e-2	Tpos:49.2,Tstd:26.0,Bpos:49.4,Bstd:25.9,StrandBias:-0.8,Multiplicity:1.12
0.001	0.079	0.164	0.756
0.056	0.076	0.218	0.650
0.028	0.056	0.094	0.822
0.001	0.028	0.194	0.777
0.083	0.071	0.215	0.631
0.056	0.117	0.123	0.704
0.056	0.025	0.132	0.787
0.083	0.001	0.364	0.552
0.056	0.056	0.145	0.743
0.001	0.066	0.161	0.772
