>TTGGAGTGGGTG	1-TTGGAGTGGGTG	7.105019	-13.606865	0	T:7.0(21.88%),B:2543.6(1.77%),P:1e-5,FDR:1	Tpos:50.8,Tstd:23.8,Bpos:50.2,Bstd:31.2,StrandBias:0.3,Multiplicity:1.57
0.017	0.001	0.001	0.981
0.001	0.001	0.119	0.879
0.158	0.001	0.840	0.001
0.289	0.001	0.709	0.001
0.721	0.001	0.119	0.159
0.001	0.001	0.997	0.001
0.001	0.001	0.158	0.840
0.324	0.001	0.674	0.001
0.001	0.001	0.997	0.001
0.405	0.001	0.593	0.001
0.001	0.001	0.001	0.997
0.001	0.001	0.787	0.211
>ATGAAHGACTAC	2-ATGAAHGACTAC	6.450534	-13.245729	0	T:10.0(31.25%),B:6993.4(4.86%),P:1e-5,FDR:1	Tpos:46.5,Tstd:25.3,Bpos:50.4,Bstd:31.1,StrandBias:0.2,Multiplicity:1.20
0.774	0.001	0.006	0.219
0.219	0.109	0.001	0.671
0.329	0.109	0.561	0.001
0.780	0.218	0.001	0.001
0.997	0.001	0.001	0.001
0.342	0.329	0.110	0.219
0.334	0.001	0.664	0.001
0.883	0.001	0.115	0.001
0.110	0.561	0.219	0.110
0.001	0.225	0.225	0.549
0.446	0.110	0.219	0.225
0.001	0.780	0.001	0.218
>CCTGGCTCTGAT	3-CCTGGCTCTGAT	14.497462	-11.660101	0	T:2.0(6.25%),B:19.0(0.01%),P:1e-5,FDR:1	Tpos:48.2,Tstd:29.3,Bpos:56.4,Bstd:20.7,StrandBias:-1.6,Multiplicity:2.00
0.001	0.778	0.220	0.001
0.001	0.997	0.001	0.001
0.001	0.001	0.001	0.997
0.001	0.001	0.997	0.001
0.001	0.001	0.997	0.001
0.001	0.997	0.001	0.001
0.001	0.001	0.001	0.997
0.001	0.735	0.263	0.001
0.001	0.001	0.001	0.997
0.249	0.001	0.749	0.001
0.997	0.001	0.001	0.001
0.001	0.001	0.001	0.997
>CARCARMAACAS	4-CARCARMAACAS	9.904526	-9.267673	0	T:5.0(15.62%),B:2092.2(1.45%),P:1e-4,FDR:1	Tpos:49.5,Tstd:23.2,Bpos:49.0,Bstd:34.6,StrandBias:-3.5,Multiplicity:1.80
0.009	0.981	0.001	0.009
0.987	0.011	0.001	0.001
0.551	0.001	0.447	0.001
0.001	0.807	0.001	0.191
0.987	0.001	0.011	0.001
0.407	0.001	0.404	0.188
0.438	0.379	0.183	0.001
0.811	0.187	0.001	0.001
0.981	0.001	0.017	0.001
0.001	0.830	0.001	0.168
0.749	0.249	0.001	0.001
0.203	0.426	0.370	0.001
>GTGGTTACTATT	5-GTGGTTACTATT	12.355432	-8.410829	0	T:1.0(3.12%),B:1.7(0.00%),P:1e-3,FDR:1	Tpos:29.0,Tstd:0.0,Bpos:15.0,Bstd:0.0,StrandBias:10.0,Multiplicity:1.00
0.100	0.100	0.700	0.100
0.100	0.100	0.100	0.700
0.100	0.100	0.700	0.100
0.100	0.100	0.700	0.100
0.100	0.100	0.100	0.700
0.100	0.100	0.100	0.700
0.700	0.100	0.100	0.100
0.100	0.700	0.100	0.100
0.100	0.100	0.100	0.700
0.700	0.100	0.100	0.100
0.100	0.100	0.100	0.700
0.100	0.100	0.100	0.700
>GGTGGCTCTGCC	6-GGTGGCTCTGCC	12.355432	-8.410829	0	T:1.0(3.12%),B:1.6(0.00%),P:1e-3,FDR:1	Tpos:63.0,Tstd:0.0,Bpos:67.2,Bstd:10.2,StrandBias:10.0,Multiplicity:1.00
0.100	0.100	0.700	0.100
0.100	0.100	0.700	0.100
0.100	0.100	0.100	0.700
0.100	0.100	0.700	0.100
0.100	0.100	0.700	0.100
0.100	0.700	0.100	0.100
0.100	0.100	0.100	0.700
0.100	0.700	0.100	0.100
0.100	0.100	0.100	0.700
0.100	0.100	0.700	0.100
0.100	0.700	0.100	0.100
0.100	0.700	0.100	0.100
>CTCCGGCTGCAC	7-CTCCGGCTGCAC	12.355432	-7.717789	0	T:1.0(3.12%),B:2.6(0.00%),P:1e-3,FDR:1	Tpos:58.0,Tstd:0.0,Bpos:84.2,Bstd:1.0,StrandBias:10.0,Multiplicity:1.00
0.100	0.700	0.100	0.100
0.100	0.100	0.100	0.700
0.100	0.700	0.100	0.100
0.100	0.700	0.100	0.100
0.100	0.100	0.700	0.100
0.100	0.100	0.700	0.100
0.100	0.700	0.100	0.100
0.100	0.100	0.100	0.700
0.100	0.100	0.700	0.100
0.100	0.700	0.100	0.100
0.700	0.100	0.100	0.100
0.100	0.700	0.100	0.100
>AGCAGCAACAAC	8-AGCAGCAACAAC	12.355432	-4.228171	0	T:1.0(3.12%),B:66.3(0.05%),P:1e-1,FDR:1	Tpos:36.0,Tstd:0.0,Bpos:54.2,Bstd:32.5,StrandBias:-10.0,Multiplicity:1.00
0.700	0.100	0.100	0.100
0.100	0.100	0.700	0.100
0.100	0.700	0.100	0.100
0.700	0.100	0.100	0.100
0.100	0.100	0.700	0.100
0.100	0.700	0.100	0.100
0.700	0.100	0.100	0.100
0.700	0.100	0.100	0.100
0.100	0.700	0.100	0.100
0.700	0.100	0.100	0.100
0.700	0.100	0.100	0.100
0.100	0.700	0.100	0.100
