>GDGGTGGCTCAC	1-GDGGTGGCTCAC	8.060906	-22.597761	0	T:9.0(19.15%),B:1142.9(0.81%),P:1e-9,FDR:0.2	Tpos:46.4,Tstd:26.2,Bpos:51.7,Bstd:31.1,StrandBias:0.0,Multiplicity:1.11
0.345	0.001	0.653	0.001
0.334	0.001	0.289	0.376
0.288	0.001	0.710	0.001
0.001	0.001	0.664	0.334
0.001	0.001	0.288	0.710
0.011	0.001	0.987	0.001
0.334	0.001	0.664	0.001
0.001	0.664	0.001	0.334
0.008	0.001	0.001	0.990
0.001	0.997	0.001	0.001
0.997	0.001	0.001	0.001
0.334	0.664	0.001	0.001
>AGGGTTGCTGGG	2-AGGGTTGCTGGG	11.666980	-21.424628	0	T:7.0(14.89%),B:518.7(0.37%),P:1e-9,FDR:0.2	Tpos:53.1,Tstd:22.8,Bpos:49.3,Bstd:31.4,StrandBias:2.6,Multiplicity:1.00
0.441	0.001	0.277	0.281
0.001	0.281	0.471	0.247
0.001	0.001	0.997	0.001
0.001	0.001	0.997	0.001
0.402	0.001	0.030	0.567
0.001	0.001	0.242	0.756
0.001	0.001	0.997	0.001
0.001	0.997	0.001	0.001
0.001	0.001	0.001	0.997
0.280	0.001	0.718	0.001
0.001	0.001	0.997	0.001
0.281	0.001	0.476	0.242
>CAGATAGGMAAT	3-CAGATAGGMAAT	10.575763	-21.391676	0	T:5.0(10.64%),B:114.4(0.08%),P:1e-9,FDR:0.2	Tpos:59.8,Tstd:32.8,Bpos:53.9,Bstd:31.9,StrandBias:2.0,Multiplicity:1.00
0.001	0.757	0.001	0.241
0.997	0.001	0.001	0.001
0.001	0.001	0.997	0.001
0.748	0.001	0.009	0.242
0.241	0.001	0.001	0.757
0.997	0.001	0.001	0.001
0.241	0.001	0.757	0.001
0.001	0.001	0.757	0.241
0.484	0.514	0.001	0.001
0.757	0.001	0.241	0.001
0.485	0.030	0.242	0.242
0.001	0.001	0.009	0.989
>AGATCTCGYTGC	4-AGATCTCGYTGC	9.207016	-18.730011	0	T:7.0(14.89%),B:768.9(0.54%),P:1e-8,FDR:0.2	Tpos:22.0,Tstd:15.0,Bpos:47.8,Bstd:31.7,StrandBias:0.4,Multiplicity:1.00
0.997	0.001	0.001	0.001
0.001	0.001	0.764	0.234
0.738	0.026	0.001	0.235
0.233	0.213	0.001	0.553
0.001	0.738	0.260	0.001
0.001	0.001	0.001	0.997
0.001	0.833	0.001	0.165
0.125	0.233	0.429	0.213
0.001	0.475	0.001	0.523
0.001	0.001	0.001	0.997
0.293	0.026	0.448	0.233
0.001	0.997	0.001	0.001
>AYAAARGGGYGW	5-AYAAARGGGYGW	13.824132	-17.383293	0	T:3.0(6.38%),B:17.3(0.01%),P:1e-7,FDR:0.2	Tpos:18.3,Tstd:8.7,Bpos:53.6,Bstd:26.2,StrandBias:10.0,Multiplicity:1.00
0.997	0.001	0.001	0.001
0.001	0.528	0.001	0.470
0.997	0.001	0.001	0.001
0.997	0.001	0.001	0.001
0.997	0.001	0.001	0.001
0.470	0.001	0.528	0.001
0.001	0.001	0.997	0.001
0.001	0.001	0.997	0.001
0.001	0.001	0.997	0.001
0.001	0.528	0.001	0.470
0.001	0.001	0.997	0.001
0.528	0.001	0.001	0.470
>TAAMWGSSCAKR	6-TAAMWGSSCAKR	12.436460	-13.024641	0	T:3.0(6.38%),B:73.7(0.05%),P:1e-5,FDR:0.3	Tpos:69.0,Tstd:19.9,Bpos:48.2,Bstd:34.1,StrandBias:-1.0,Multiplicity:1.00
0.001	0.001	0.001	0.997
0.997	0.001	0.001	0.001
0.997	0.001	0.001	0.001
0.528	0.470	0.001	0.001
0.528	0.001	0.001	0.470
0.001	0.001	0.997	0.001
0.001	0.528	0.470	0.001
0.001	0.528	0.470	0.001
0.001	0.997	0.001	0.001
0.997	0.001	0.001	0.001
0.001	0.001	0.528	0.470
0.528	0.001	0.470	0.001
>GGGGAGTGTTGC	7-GGGGAGTGTTGC	12.355432	-7.314581	0	T:1.0(2.13%),B:2.2(0.00%),P:1e-3,FDR:1	Tpos:85.0,Tstd:0.0,Bpos:83.8,Bstd:19.9,StrandBias:10.0,Multiplicity:1.00
0.100	0.100	0.700	0.100
0.100	0.100	0.700	0.100
0.100	0.100	0.700	0.100
0.100	0.100	0.700	0.100
0.700	0.100	0.100	0.100
0.100	0.100	0.700	0.100
0.100	0.100	0.100	0.700
0.100	0.100	0.700	0.100
0.100	0.100	0.100	0.700
0.100	0.100	0.100	0.700
0.100	0.100	0.700	0.100
0.100	0.700	0.100	0.100
>AAACACAMACAC	8-AAACACAMACAC	7.302128	-3.159238	0	T:11.0(23.40%),B:18853.5(13.36%),P:1e-1,FDR:1	Tpos:40.0,Tstd:18.6,Bpos:50.3,Bstd:40.8,StrandBias:2.8,Multiplicity:1.36
0.877	0.001	0.121	0.001
0.619	0.077	0.201	0.103
0.758	0.124	0.001	0.117
0.383	0.615	0.001	0.001
0.757	0.241	0.001	0.001
0.188	0.810	0.001	0.001
0.776	0.106	0.001	0.117
0.484	0.514	0.001	0.001
0.874	0.124	0.001	0.001
0.193	0.805	0.001	0.001
0.888	0.001	0.001	0.110
0.170	0.718	0.111	0.001
