>RKTYCAWSCARG	1-RKTYCAWSCARG	9.931295	-16.829037	0	T:3.0(75.00%),B:5.0(0.23%),P:1e-7	Tpos:75.0,Tstd:11.8,Bpos:40.4,Bstd:20.2,StrandBias:-1.0,Multiplicity:1.00
0.536	0.001	0.462	0.001
0.063	0.001	0.463	0.473
0.001	0.001	0.001	0.997
0.001	0.536	0.001	0.462
0.001	0.997	0.001	0.001
0.926	0.001	0.001	0.072
0.472	0.001	0.001	0.526
0.001	0.462	0.536	0.001
0.001	0.997	0.001	0.001
0.935	0.001	0.001	0.063
0.536	0.001	0.462	0.001
0.001	0.001	0.997	0.001
>MMYWAWKGRCTG	2-MMYWAWKGRCTG	8.023534	-13.965281	0	T:3.0(75.00%),B:13.0(0.60%),P:1e-6	Tpos:57.0,Tstd:25.5,Bpos:54.1,Bstd:28.2,StrandBias:1.0,Multiplicity:1.00
0.462	0.536	0.001	0.001
0.536	0.462	0.001	0.001
0.063	0.473	0.001	0.463
0.536	0.001	0.001	0.462
0.997	0.001	0.001	0.001
0.473	0.001	0.063	0.463
0.010	0.001	0.526	0.463
0.001	0.001	0.997	0.001
0.462	0.001	0.536	0.001
0.001	0.997	0.001	0.001
0.001	0.001	0.001	0.997
0.001	0.001	0.997	0.001
>ATACCCTACTGA	3-ATACCCTACTGA	12.355432	-5.602581	0	T:1.0(25.00%),B:2.0(0.09%),P:1e-2	Tpos:94.0,Tstd:0.0,Bpos:11.0,Bstd:2.0,StrandBias:-10.0,Multiplicity:1.00
0.700	0.100	0.100	0.100
0.100	0.100	0.100	0.700
0.700	0.100	0.100	0.100
0.100	0.700	0.100	0.100
0.100	0.700	0.100	0.100
0.100	0.700	0.100	0.100
0.100	0.100	0.100	0.700
0.700	0.100	0.100	0.100
0.100	0.700	0.100	0.100
0.100	0.100	0.100	0.700
0.100	0.100	0.700	0.100
0.700	0.100	0.100	0.100
>CTCCTCCCAATC	4-CTCCTCCCAATC	12.355432	-5.602581	0	T:1.0(25.00%),B:2.0(0.09%),P:1e-2	Tpos:82.0,Tstd:0.0,Bpos:23.0,Bstd:2.0,StrandBias:-10.0,Multiplicity:1.00
0.100	0.700	0.100	0.100
0.100	0.100	0.100	0.700
0.100	0.700	0.100	0.100
0.100	0.700	0.100	0.100
0.100	0.100	0.100	0.700
0.100	0.700	0.100	0.100
0.100	0.700	0.100	0.100
0.100	0.700	0.100	0.100
0.700	0.100	0.100	0.100
0.700	0.100	0.100	0.100
0.100	0.100	0.100	0.700
0.100	0.700	0.100	0.100
>ACGACACCTCAG	5-ACGACACCTCAG	12.355432	-5.602581	0	T:1.0(25.00%),B:2.0(0.09%),P:1e-2	Tpos:28.0,Tstd:0.0,Bpos:68.0,Bstd:11.0,StrandBias:-10.0,Multiplicity:1.00
0.700	0.100	0.100	0.100
0.100	0.700	0.100	0.100
0.100	0.100	0.700	0.100
0.700	0.100	0.100	0.100
0.100	0.700	0.100	0.100
0.700	0.100	0.100	0.100
0.100	0.700	0.100	0.100
0.100	0.700	0.100	0.100
0.100	0.100	0.100	0.700
0.100	0.700	0.100	0.100
0.700	0.100	0.100	0.100
0.100	0.100	0.700	0.100
