>KASMWSTTRGMC	1-KASMWSTTRGMC	7.633402	-15.067065	0	T:3.0(75.00%),B:9.0(0.42%),P:1e-6	Tpos:26.0,Tstd:13.7,Bpos:47.4,Bstd:30.4,StrandBias:-1.0,Multiplicity:1.00
0.001	0.001	0.462	0.536
0.926	0.001	0.072	0.001
0.001	0.462	0.536	0.001
0.462	0.536	0.001	0.001
0.462	0.001	0.001	0.536
0.001	0.536	0.462	0.001
0.001	0.001	0.001	0.997
0.001	0.001	0.001	0.997
0.536	0.001	0.462	0.001
0.001	0.001	0.997	0.001
0.463	0.463	0.001	0.073
0.001	0.997	0.001	0.001
>MMWGGRAKCASA	2-MMWGGRAKCASA	12.430070	-9.989693	0	T:2.0(50.00%),B:6.0(0.28%),P:1e-4	Tpos:30.7,Tstd:12.1,Bpos:49.3,Bstd:27.0,StrandBias:1.0,Multiplicity:1.50
0.462	0.536	0.001	0.001
0.462	0.536	0.001	0.001
0.462	0.001	0.001	0.536
0.001	0.001	0.997	0.001
0.001	0.001	0.997	0.001
0.536	0.001	0.462	0.001
0.997	0.001	0.001	0.001
0.001	0.001	0.536	0.462
0.001	0.997	0.001	0.001
0.997	0.001	0.001	0.001
0.001	0.536	0.462	0.001
0.997	0.001	0.001	0.001
>GSAGCASTGCTS	3-GSAGCASTGCTS	8.461362	-9.248270	0	T:3.0(75.00%),B:63.0(2.91%),P:1e-4	Tpos:76.8,Tstd:8.5,Bpos:47.1,Bstd:26.3,StrandBias:-1.0,Multiplicity:1.33
0.278	0.240	0.481	0.001
0.001	0.480	0.518	0.001
0.758	0.001	0.001	0.240
0.240	0.001	0.519	0.240
0.001	0.997	0.001	0.001
0.519	0.240	0.001	0.240
0.001	0.518	0.480	0.001
0.001	0.001	0.001	0.997
0.001	0.001	0.997	0.001
0.001	0.758	0.001	0.240
0.001	0.240	0.001	0.758
0.001	0.480	0.518	0.001
>TTCCTATCTGGC	4-TTCCTATCTGGC	5.719373	-8.162667	0	T:2.0(50.00%),B:15.0(0.69%),P:1e-3	Tpos:39.0,Tstd:24.1,Bpos:50.6,Bstd:21.9,StrandBias:1.0,Multiplicity:1.50
0.001	0.001	0.001	0.997
0.001	0.068	0.001	0.930
0.001	0.930	0.001	0.068
0.001	0.997	0.001	0.001
0.001	0.001	0.001	0.997
0.863	0.068	0.001	0.068
0.001	0.001	0.001	0.997
0.001	0.930	0.068	0.001
0.001	0.001	0.001	0.997
0.001	0.068	0.863	0.068
0.001	0.001	0.930	0.068
0.001	0.997	0.001	0.001
>TGATCACTTGCC	5-TGATCACTTGCC	12.355432	-6.295036	0	T:1.0(25.00%),B:0.0(0.00%),P:1e-2	Tpos:51.0,Tstd:0.0,Bpos:0.0,Bstd:0.0,StrandBias:10.0,Multiplicity:1.00
0.100	0.100	0.100	0.700
0.100	0.100	0.700	0.100
0.700	0.100	0.100	0.100
0.100	0.100	0.100	0.700
0.100	0.700	0.100	0.100
0.700	0.100	0.100	0.100
0.100	0.700	0.100	0.100
0.100	0.100	0.100	0.700
0.100	0.100	0.100	0.700
0.100	0.100	0.700	0.100
0.100	0.700	0.100	0.100
0.100	0.700	0.100	0.100
