>ATTGGTGCAT	1-ATTGGTGCAT	7.093897	-19.576869	0	T:3.0(75.00%),B:2.0(0.09%),P:1e-8	Tpos:42.0,Tstd:26.4,Bpos:36.5,Bstd:6.5,StrandBias:-1.6,Multiplicity:1.33
0.997	0.001	0.001	0.001
0.001	0.001	0.001	0.997
0.068	0.001	0.001	0.930
0.001	0.001	0.997	0.001
0.001	0.001	0.997	0.001
0.001	0.001	0.068	0.930
0.001	0.001	0.862	0.136
0.001	0.997	0.001	0.001
0.862	0.136	0.001	0.001
0.001	0.001	0.001	0.997
>SARGTCAKTK	2-SARGTCAKTK	6.806757	-9.928562	0	T:4.0(100.00%),B:181.0(8.36%),P:1e-4	Tpos:58.6,Tstd:28.6,Bpos:51.9,Bstd:27.6,StrandBias:-1.3,Multiplicity:1.75
0.001	0.405	0.364	0.230
0.567	0.001	0.230	0.202
0.360	0.001	0.405	0.234
0.001	0.001	0.997	0.001
0.001	0.202	0.001	0.796
0.001	0.594	0.404	0.001
0.796	0.001	0.001	0.202
0.001	0.202	0.360	0.437
0.001	0.001	0.185	0.813
0.001	0.001	0.436	0.562
>AAGAGTTAAG	3-AAGAGTTAAG	13.441175	-6.295036	0	T:1.0(25.00%),B:0.0(0.00%),P:1e-2	Tpos:27.0,Tstd:22.0,Bpos:0.0,Bstd:0.0,StrandBias:10.0,Multiplicity:2.00
0.997	0.001	0.001	0.001
0.863	0.001	0.118	0.018
0.001	0.001	0.997	0.001
0.997	0.001	0.001	0.001
0.001	0.117	0.881	0.001
0.001	0.001	0.001	0.997
0.001	0.001	0.001	0.997
0.997	0.001	0.001	0.001
0.997	0.001	0.001	0.001
0.001	0.117	0.881	0.001
>CCATTGGCTG	4-CCATTGGCTG	10.296193	-5.602581	0	T:1.0(25.00%),B:2.0(0.09%),P:1e-2	Tpos:59.0,Tstd:0.0,Bpos:62.0,Bstd:7.0,StrandBias:-10.0,Multiplicity:1.00
0.100	0.700	0.100	0.100
0.100	0.700	0.100	0.100
0.700	0.100	0.100	0.100
0.100	0.100	0.100	0.700
0.100	0.100	0.100	0.700
0.100	0.100	0.700	0.100
0.100	0.100	0.700	0.100
0.100	0.700	0.100	0.100
0.100	0.100	0.100	0.700
0.100	0.100	0.700	0.100
>CAGCAGAGTA	5-CAGCAGAGTA	10.296193	-5.602581	0	T:1.0(25.00%),B:2.0(0.09%),P:1e-2	Tpos:92.0,Tstd:0.0,Bpos:12.0,Bstd:1.0,StrandBias:10.0,Multiplicity:1.00
0.100	0.700	0.100	0.100
0.700	0.100	0.100	0.100
0.100	0.100	0.700	0.100
0.100	0.700	0.100	0.100
0.700	0.100	0.100	0.100
0.100	0.100	0.700	0.100
0.700	0.100	0.100	0.100
0.100	0.100	0.700	0.100
0.100	0.100	0.100	0.700
0.700	0.100	0.100	0.100
