>CCTRGGTRAT	1-CCTRGGTRAT	12.448608	-12.184453	0	T:2.0(50.00%),B:2.0(0.09%),P:1e-5	Tpos:45.4,Tstd:26.1,Bpos:23.0,Bstd:8.0,StrandBias:2.0,Multiplicity:2.50
0.001	0.997	0.001	0.001
0.001	0.997	0.001	0.001
0.001	0.001	0.001	0.997
0.499	0.001	0.499	0.001
0.001	0.001	0.997	0.001
0.001	0.001	0.997	0.001
0.001	0.001	0.001	0.997
0.499	0.001	0.499	0.001
0.997	0.001	0.001	0.001
0.001	0.001	0.001	0.997
>AGTGCTCADA	2-AGTGCTCADA	8.870147	-11.001767	0	T:3.0(75.00%),B:35.0(1.62%),P:1e-4	Tpos:48.3,Tstd:7.7,Bpos:58.8,Bstd:23.8,StrandBias:1.0,Multiplicity:1.00
0.682	0.001	0.001	0.316
0.001	0.316	0.682	0.001
0.001	0.001	0.316	0.682
0.001	0.001	0.682	0.316
0.001	0.997	0.001	0.001
0.316	0.001	0.001	0.682
0.001	0.997	0.001	0.001
0.997	0.001	0.001	0.001
0.317	0.050	0.317	0.317
0.682	0.316	0.001	0.001
>YCTASWYRTS	3-YCTASWYRTS	9.708004	-10.353720	0	T:2.0(50.00%),B:5.0(0.23%),P:1e-4	Tpos:55.2,Tstd:25.6,Bpos:60.6,Bstd:25.6,StrandBias:2.0,Multiplicity:2.50
0.001	0.481	0.001	0.517
0.001	0.997	0.001	0.001
0.001	0.001	0.001	0.997
0.997	0.001	0.001	0.001
0.001	0.462	0.536	0.001
0.462	0.001	0.001	0.536
0.001	0.517	0.001	0.481
0.481	0.001	0.517	0.001
0.001	0.001	0.001	0.997
0.001	0.536	0.462	0.001
>AAASAWAGWS	4-AAASAWAGWS	10.835171	-9.180613	0	T:2.0(50.00%),B:9.0(0.42%),P:1e-3	Tpos:50.0,Tstd:34.0,Bpos:47.3,Bstd:28.3,StrandBias:10.0,Multiplicity:1.00
0.997	0.001	0.001	0.001
0.997	0.001	0.001	0.001
0.997	0.001	0.001	0.001
0.001	0.536	0.462	0.001
0.926	0.001	0.001	0.072
0.463	0.073	0.001	0.463
0.997	0.001	0.001	0.001
0.001	0.001	0.997	0.001
0.463	0.001	0.073	0.463
0.001	0.462	0.536	0.001
>CTCCACCAAC	5-CTCCACCAAC	10.296193	-5.602581	0	T:1.0(25.00%),B:2.0(0.09%),P:1e-2	Tpos:24.0,Tstd:0.0,Bpos:44.5,Bstd:2.5,StrandBias:-10.0,Multiplicity:1.00
0.100	0.700	0.100	0.100
0.100	0.100	0.100	0.700
0.100	0.700	0.100	0.100
0.100	0.700	0.100	0.100
0.700	0.100	0.100	0.100
0.100	0.700	0.100	0.100
0.100	0.700	0.100	0.100
0.700	0.100	0.100	0.100
0.700	0.100	0.100	0.100
0.100	0.700	0.100	0.100
