>ACAGACGGBTCA	1-ACAGACGGBTCA	9.232440	-16.148866	0	T:4.0(36.36%),B:414.0(0.42%),P:1e-7	Tpos:65.2,Tstd:13.1,Bpos:51.9,Bstd:26.0,StrandBias:1.6,Multiplicity:1.00
0.677	0.321	0.001	0.001
0.001	0.997	0.001	0.001
0.677	0.001	0.321	0.001
0.001	0.356	0.642	0.001
0.677	0.321	0.001	0.001
0.001	0.997	0.001	0.001
0.035	0.321	0.643	0.001
0.001	0.321	0.677	0.001
0.001	0.356	0.321	0.321
0.321	0.001	0.001	0.677
0.001	0.997	0.001	0.001
0.997	0.001	0.001	0.001
>TGAGGCTCAGGH	2-TGAGGCTCAGGH	10.955407	-13.415054	0	T:3.0(27.27%),B:208.0(0.21%),P:1e-5	Tpos:72.0,Tstd:15.1,Bpos:54.6,Bstd:26.3,StrandBias:-1.0,Multiplicity:1.00
0.001	0.001	0.001	0.997
0.001	0.001	0.642	0.356
0.642	0.001	0.001	0.356
0.001	0.001	0.997	0.001
0.001	0.321	0.677	0.001
0.321	0.677	0.001	0.001
0.001	0.001	0.001	0.997
0.321	0.677	0.001	0.001
0.997	0.001	0.001	0.001
0.001	0.001	0.997	0.001
0.321	0.035	0.643	0.001
0.321	0.321	0.001	0.356
>GGGTGYATCCMA	3-GGGTGYATCCMA	8.579000	-11.829873	0	T:4.0(36.36%),B:1233.0(1.24%),P:1e-5	Tpos:28.8,Tstd:9.4,Bpos:49.8,Bstd:25.7,StrandBias:10.0,Multiplicity:1.00
0.257	0.243	0.499	0.001
0.001	0.256	0.742	0.001
0.001	0.001	0.997	0.001
0.243	0.012	0.001	0.744
0.001	0.001	0.986	0.012
0.001	0.500	0.001	0.498
0.499	0.001	0.243	0.257
0.243	0.001	0.256	0.500
0.243	0.744	0.012	0.001
0.001	0.997	0.001	0.001
0.486	0.512	0.001	0.001
0.486	0.243	0.001	0.270
>CAGTTCCTATCA	4-CAGTTCCTATCA	12.355432	-9.109173	0	T:1.0(9.09%),B:1.0(0.00%),P:1e-3	Tpos:79.0,Tstd:0.0,Bpos:69.0,Bstd:0.0,StrandBias:10.0,Multiplicity:1.00
0.100	0.700	0.100	0.100
0.700	0.100	0.100	0.100
0.100	0.100	0.700	0.100
0.100	0.100	0.100	0.700
0.100	0.100	0.100	0.700
0.100	0.700	0.100	0.100
0.100	0.700	0.100	0.100
0.100	0.100	0.100	0.700
0.700	0.100	0.100	0.100
0.100	0.100	0.100	0.700
0.100	0.700	0.100	0.100
0.700	0.100	0.100	0.100
>ACTTTTCCCAAA	5-ACTTTTCCCAAA	12.355432	-9.109173	0	T:1.0(9.09%),B:1.0(0.00%),P:1e-3	Tpos:91.0,Tstd:0.0,Bpos:92.0,Bstd:0.0,StrandBias:10.0,Multiplicity:1.00
0.700	0.100	0.100	0.100
0.100	0.700	0.100	0.100
0.100	0.100	0.100	0.700
0.100	0.100	0.100	0.700
0.100	0.100	0.100	0.700
0.100	0.100	0.100	0.700
0.100	0.700	0.100	0.100
0.100	0.700	0.100	0.100
0.100	0.700	0.100	0.100
0.700	0.100	0.100	0.100
0.700	0.100	0.100	0.100
0.700	0.100	0.100	0.100
>AGGGGCTGTTAA	6-AGGGGCTGTTAA	12.355432	-8.416076	0	T:1.0(9.09%),B:2.0(0.00%),P:1e-3	Tpos:8.0,Tstd:0.0,Bpos:66.5,Bstd:19.5,StrandBias:10.0,Multiplicity:1.00
0.700	0.100	0.100	0.100
0.100	0.100	0.700	0.100
0.100	0.100	0.700	0.100
0.100	0.100	0.700	0.100
0.100	0.100	0.700	0.100
0.100	0.700	0.100	0.100
0.100	0.100	0.100	0.700
0.100	0.100	0.700	0.100
0.100	0.100	0.100	0.700
0.100	0.100	0.100	0.700
0.700	0.100	0.100	0.100
0.700	0.100	0.100	0.100
>GGCTCAGCTGGC	7-GGCTCAGCTGGC	12.355432	-8.416076	0	T:1.0(9.09%),B:2.0(0.00%),P:1e-3	Tpos:39.0,Tstd:0.0,Bpos:89.5,Bstd:0.5,StrandBias:10.0,Multiplicity:1.00
0.100	0.100	0.700	0.100
0.100	0.100	0.700	0.100
0.100	0.700	0.100	0.100
0.100	0.100	0.100	0.700
0.100	0.700	0.100	0.100
0.700	0.100	0.100	0.100
0.100	0.100	0.700	0.100
0.100	0.700	0.100	0.100
0.100	0.100	0.100	0.700
0.100	0.100	0.700	0.100
0.100	0.100	0.700	0.100
0.100	0.700	0.100	0.100
>GGCAAGAGCTCG	8-GGCAAGAGCTCG	12.355432	-8.416076	0	T:1.0(9.09%),B:2.0(0.00%),P:1e-3	Tpos:88.0,Tstd:0.0,Bpos:40.5,Bstd:30.5,StrandBias:10.0,Multiplicity:1.00
0.100	0.100	0.700	0.100
0.100	0.100	0.700	0.100
0.100	0.700	0.100	0.100
0.700	0.100	0.100	0.100
0.700	0.100	0.100	0.100
0.100	0.100	0.700	0.100
0.700	0.100	0.100	0.100
0.100	0.100	0.700	0.100
0.100	0.700	0.100	0.100
0.100	0.100	0.100	0.700
0.100	0.700	0.100	0.100
0.100	0.100	0.700	0.100
