>CCCGTAGA	1-CCCGTAGA	7.901940	-14.234004	0	T:8.0(17.02%),B:49.0(1.57%),P:1e-6	Tpos:51.1,Tstd:23.3,Bpos:53.3,Bstd:28.9,StrandBias:0.0,Multiplicity:1.00
0.001	0.997	0.001	0.001
0.001	0.997	0.001	0.001
0.001	0.905	0.001	0.093
0.113	0.001	0.796	0.090
0.001	0.001	0.136	0.862
0.836	0.001	0.162	0.001
0.001	0.001	0.997	0.001
0.780	0.001	0.218	0.001
>AAAACCTA	2-AAAACCTA	9.030659	-13.548863	0	T:6.0(12.77%),B:23.0(0.73%),P:1e-5	Tpos:55.5,Tstd:28.6,Bpos:44.2,Bstd:22.9,StrandBias:10.0,Multiplicity:1.00
0.782	0.216	0.001	0.001
0.997	0.001	0.001	0.001
0.997	0.001	0.001	0.001
0.997	0.001	0.001	0.001
0.001	0.997	0.001	0.001
0.166	0.832	0.001	0.001
0.001	0.001	0.001	0.997
0.997	0.001	0.001	0.001
>TAACCACC	3-TAACCACC	9.240976	-12.628009	0	T:5.0(10.64%),B:15.0(0.48%),P:1e-5	Tpos:41.8,Tstd:28.5,Bpos:33.7,Bstd:27.4,StrandBias:10.0,Multiplicity:1.00
0.001	0.001	0.001	0.997
0.997	0.001	0.001	0.001
0.797	0.201	0.001	0.001
0.001	0.997	0.001	0.001
0.001	0.997	0.001	0.001
0.797	0.201	0.001	0.001
0.001	0.997	0.001	0.001
0.001	0.997	0.001	0.001
>TTRATTAA	4-TTRATTAA	7.177240	-11.847814	0	T:6.0(12.77%),B:31.0(0.99%),P:1e-5	Tpos:63.8,Tstd:15.4,Bpos:54.9,Bstd:26.8,StrandBias:0.0,Multiplicity:1.17
0.001	0.133	0.001	0.865
0.180	0.151	0.001	0.668
0.404	0.234	0.360	0.001
0.714	0.151	0.001	0.134
0.001	0.378	0.001	0.620
0.001	0.001	0.001	0.997
0.810	0.001	0.077	0.112
0.997	0.001	0.001	0.001
>GAAAGTGA	5-GAAAGTGA	8.019210	-7.550670	0	T:6.0(12.77%),B:68.0(2.17%),P:1e-3	Tpos:50.8,Tstd:23.7,Bpos:48.1,Bstd:26.3,StrandBias:-2.8,Multiplicity:1.33
0.210	0.001	0.788	0.001
0.997	0.001	0.001	0.001
0.997	0.001	0.001	0.001
0.724	0.001	0.001	0.274
0.001	0.001	0.997	0.001
0.126	0.001	0.001	0.872
0.099	0.001	0.899	0.001
0.724	0.001	0.001	0.274
