>TTAAYSYTYC	1-TTAAYSYTYC	7.722492	-25.545482	0	T:6.0(12.77%),B:3.0(0.10%),P:1e-11	Tpos:64.2,Tstd:31.4,Bpos:26.0,Bstd:7.8,StrandBias:1.0,Multiplicity:1.00
0.001	0.001	0.001	0.997
0.001	0.001	0.026	0.972
0.997	0.001	0.001	0.001
0.997	0.001	0.001	0.001
0.001	0.446	0.001	0.552
0.001	0.446	0.552	0.001
0.027	0.500	0.027	0.447
0.001	0.001	0.001	0.997
0.001	0.552	0.001	0.446
0.001	0.997	0.001	0.001
>GTGTCTTGCA	2-GTGTCTTGCA	11.873576	-20.114555	0	T:4.0(8.51%),B:0.0(0.00%),P:1e-8	Tpos:31.0,Tstd:19.2,Bpos:0.0,Bstd:0.0,StrandBias:1.6,Multiplicity:1.00
0.001	0.001	0.997	0.001
0.001	0.001	0.249	0.749
0.001	0.001	0.997	0.001
0.001	0.001	0.001	0.997
0.001	0.997	0.001	0.001
0.001	0.001	0.001	0.997
0.001	0.001	0.001	0.997
0.249	0.001	0.749	0.001
0.001	0.997	0.001	0.001
0.749	0.249	0.001	0.001
>CCAACCAACC	3-CCAACCAACC	8.535734	-10.853674	0	T:6.0(12.77%),B:37.0(1.18%),P:1e-4	Tpos:52.6,Tstd:26.2,Bpos:43.1,Bstd:32.7,StrandBias:-2.6,Multiplicity:1.67
0.001	0.878	0.001	0.120
0.176	0.709	0.114	0.001
0.849	0.149	0.001	0.001
0.908	0.001	0.090	0.001
0.001	0.885	0.001	0.113
0.001	0.771	0.001	0.227
0.629	0.143	0.001	0.227
0.794	0.001	0.204	0.001
0.289	0.709	0.001	0.001
0.001	0.885	0.001	0.113
>CCTAGGCCCT	4-CCTAGGCCCT	12.163596	-10.335924	0	T:3.0(6.38%),B:4.0(0.13%),P:1e-4	Tpos:36.2,Tstd:29.2,Bpos:15.8,Bstd:13.3,StrandBias:1.6,Multiplicity:1.33
0.001	0.997	0.001	0.001
0.001	0.997	0.001	0.001
0.001	0.001	0.001	0.997
0.997	0.001	0.001	0.001
0.001	0.001	0.997	0.001
0.001	0.001	0.997	0.001
0.001	0.500	0.250	0.250
0.001	0.749	0.001	0.249
0.001	0.997	0.001	0.001
0.001	0.001	0.001	0.997
>RCGGCACAGT	5-RCGGCACAGT	10.482637	-9.140567	0	T:3.0(6.38%),B:6.0(0.19%),P:1e-3	Tpos:58.8,Tstd:24.9,Bpos:45.3,Bstd:25.6,StrandBias:-2.3,Multiplicity:2.00
0.481	0.001	0.517	0.001
0.001	0.997	0.001	0.001
0.001	0.001	0.595	0.403
0.001	0.113	0.885	0.001
0.001	0.997	0.001	0.001
0.997	0.001	0.001	0.001
0.001	0.997	0.001	0.001
0.997	0.001	0.001	0.001
0.001	0.001	0.997	0.001
0.001	0.001	0.001	0.997
>CGCGCGCGCG	6-CGCGCGCGCG	13.617043	-4.205981	0	T:1.0(2.13%),B:1.0(0.03%),P:1e-1	Tpos:72.5,Tstd:4.0,Bpos:93.5,Bstd:1.1,StrandBias:0.0,Multiplicity:1.00
0.001	0.997	0.001	0.001
0.103	0.001	0.895	0.001
0.001	0.997	0.001	0.001
0.001	0.001	0.997	0.001
0.001	0.997	0.001	0.001
0.001	0.001	0.997	0.001
0.001	0.997	0.001	0.001
0.001	0.001	0.997	0.001
0.001	0.997	0.001	0.001
0.103	0.001	0.895	0.001
