>TAMCATAG	1-TAMCATAG	8.158764	-12.628009	0	T:5.0(10.64%),B:15.0(0.48%),P:1e-5	Tpos:46.0,Tstd:27.6,Bpos:57.8,Bstd:21.8,StrandBias:0.6,Multiplicity:1.00
0.001	0.001	0.001	0.997
0.997	0.001	0.001	0.001
0.498	0.500	0.001	0.001
0.001	0.997	0.001	0.001
0.997	0.001	0.001	0.001
0.001	0.001	0.001	0.997
0.819	0.109	0.071	0.001
0.001	0.001	0.997	0.001
>TTACCATG	2-TTACCATG	7.060616	-11.215303	0	T:8.0(17.02%),B:74.0(2.36%),P:1e-4	Tpos:48.0,Tstd:28.5,Bpos:51.3,Bstd:23.9,StrandBias:-0.8,Multiplicity:1.38
0.001	0.108	0.001	0.890
0.001	0.001	0.001	0.997
0.792	0.118	0.001	0.089
0.001	0.787	0.001	0.211
0.001	0.997	0.001	0.001
0.997	0.001	0.001	0.001
0.001	0.001	0.001	0.997
0.001	0.001	0.997	0.001
>GGAGGGAA	3-GGAGGGAA	9.241499	-11.012674	0	T:5.0(10.64%),B:21.0(0.67%),P:1e-4	Tpos:50.4,Tstd:26.9,Bpos:66.0,Bstd:24.0,StrandBias:2.0,Multiplicity:1.00
0.001	0.224	0.774	0.001
0.114	0.001	0.884	0.001
0.997	0.001	0.001	0.001
0.001	0.001	0.997	0.001
0.001	0.001	0.997	0.001
0.001	0.001	0.997	0.001
0.892	0.106	0.001	0.001
0.902	0.001	0.096	0.001
>GGGTGTGT	4-GGGTGTGT	7.017612	-9.961565	0	T:12.0(25.53%),B:210.0(6.71%),P:1e-4	Tpos:51.8,Tstd:29.7,Bpos:47.9,Bstd:27.8,StrandBias:0.5,Multiplicity:1.25
0.001	0.001	0.947	0.051
0.078	0.001	0.749	0.172
0.123	0.130	0.746	0.001
0.001	0.001	0.001	0.997
0.001	0.069	0.929	0.001
0.001	0.001	0.045	0.953
0.001	0.001	0.812	0.186
0.047	0.001	0.001	0.951
>AGTGCTGT	5-AGTGCTGT	8.236954	-3.838552	0	T:2.0(4.26%),B:15.0(0.48%),P:1e-1	Tpos:60.6,Tstd:26.5,Bpos:42.9,Bstd:26.5,StrandBias:2.0,Multiplicity:2.50
0.700	0.100	0.100	0.100
0.100	0.100	0.700	0.100
0.100	0.100	0.100	0.700
0.100	0.100	0.700	0.100
0.100	0.700	0.100	0.100
0.100	0.100	0.100	0.700
0.100	0.100	0.700	0.100
0.100	0.100	0.100	0.700
