>AGACACCC	1-AGACACCC	7.278208	-9.151999	0	T:9.0(19.15%),B:128.0(4.09%),P:1e-3	Tpos:58.2,Tstd:29.5,Bpos:42.4,Bstd:27.7,StrandBias:-0.2,Multiplicity:1.33
0.878	0.001	0.001	0.120
0.001	0.094	0.904	0.001
0.997	0.001	0.001	0.001
0.001	0.598	0.400	0.001
0.739	0.259	0.001	0.001
0.001	0.997	0.001	0.001
0.076	0.624	0.299	0.001
0.212	0.655	0.001	0.132
>WGTTTTRT	2-WGTTTTRT	6.733261	-8.724146	0	T:12.0(25.53%),B:239.0(7.64%),P:1e-3	Tpos:44.3,Tstd:22.5,Bpos:49.2,Bstd:25.2,StrandBias:1.6,Multiplicity:2.00
0.574	0.001	0.001	0.424
0.129	0.001	0.869	0.001
0.001	0.220	0.112	0.667
0.001	0.001	0.154	0.844
0.001	0.259	0.001	0.739
0.001	0.097	0.001	0.901
0.383	0.112	0.504	0.001
0.133	0.254	0.001	0.612
>GTTGGTTG	3-GTTGGTTG	9.192005	-4.256466	0	T:2.0(4.26%),B:12.0(0.38%),P:1e-1	Tpos:82.0,Tstd:9.1,Bpos:40.0,Bstd:28.5,StrandBias:3.0,Multiplicity:4.50
0.001	0.001	0.997	0.001
0.001	0.001	0.001	0.997
0.114	0.153	0.001	0.732
0.001	0.001	0.997	0.001
0.001	0.001	0.997	0.001
0.001	0.001	0.001	0.997
0.001	0.001	0.001	0.997
0.001	0.001	0.997	0.001
>GAATCACC	4-GAATCACC	8.236954	-2.177458	0	T:1.0(2.13%),B:8.0(0.26%),P:1e0	Tpos:51.5,Tstd:27.7,Bpos:57.6,Bstd:25.2,StrandBias:-10.0,Multiplicity:4.00
0.100	0.100	0.700	0.100
0.700	0.100	0.100	0.100
0.700	0.100	0.100	0.100
0.100	0.100	0.100	0.700
0.100	0.700	0.100	0.100
0.700	0.100	0.100	0.100
0.100	0.700	0.100	0.100
0.100	0.700	0.100	0.100
>ACACACAC	5-ACACACAC	10.617256	-2.151295	0	T:2.0(4.26%),B:39.0(1.25%),P:1e0	Tpos:35.9,Tstd:21.3,Bpos:49.1,Bstd:29.2,StrandBias:10.0,Multiplicity:2.50
0.997	0.001	0.001	0.001
0.082	0.870	0.001	0.047
0.997	0.001	0.001	0.001
0.030	0.912	0.001	0.057
0.997	0.001	0.001	0.001
0.035	0.890	0.035	0.040
0.997	0.001	0.001	0.001
0.048	0.893	0.019	0.040
