>TTGCAATTTT	1-TTGCAATTTT	11.308660	-22.557219	0	T:5.0(10.64%),B:2.0(0.06%),P:1e-9	Tpos:56.2,Tstd:32.9,Bpos:48.0,Bstd:13.0,StrandBias:2.0,Multiplicity:1.00
0.001	0.001	0.001	0.997
0.001	0.001	0.001	0.997
0.001	0.001	0.828	0.170
0.001	0.657	0.171	0.171
0.997	0.001	0.001	0.001
0.997	0.001	0.001	0.001
0.170	0.001	0.001	0.828
0.001	0.001	0.001	0.997
0.001	0.001	0.001	0.997
0.001	0.142	0.001	0.856
>TGGCAGGGAG	2-TGGCAGGGAG	10.100635	-14.599460	0	T:5.0(10.64%),B:10.0(0.32%),P:1e-6	Tpos:58.3,Tstd:23.3,Bpos:49.6,Bstd:23.5,StrandBias:10.0,Multiplicity:1.20
0.001	0.001	0.072	0.926
0.308	0.001	0.690	0.001
0.001	0.001	0.997	0.001
0.001	0.997	0.001	0.001
0.997	0.001	0.001	0.001
0.001	0.001	0.997	0.001
0.001	0.001	0.690	0.308
0.001	0.001	0.690	0.308
0.997	0.001	0.001	0.001
0.001	0.001	0.997	0.001
>ACCAAGSGCA	3-ACCAAGSGCA	7.875397	-14.482854	0	T:7.0(14.89%),B:32.0(1.02%),P:1e-6	Tpos:60.4,Tstd:27.1,Bpos:51.7,Bstd:26.3,StrandBias:-0.4,Multiplicity:1.17
0.695	0.001	0.001	0.303
0.001	0.997	0.001	0.001
0.001	0.997	0.001	0.001
0.997	0.001	0.001	0.001
0.970	0.028	0.001	0.001
0.001	0.001	0.635	0.363
0.001	0.449	0.549	0.001
0.363	0.028	0.608	0.001
0.001	0.997	0.001	0.001
0.753	0.245	0.001	0.001
>ATAGTCTTAA	4-ATAGTCTTAA	9.132481	-13.321165	0	T:5.0(10.64%),B:13.0(0.42%),P:1e-5	Tpos:35.3,Tstd:26.9,Bpos:47.8,Bstd:25.8,StrandBias:1.3,Multiplicity:1.40
0.997	0.001	0.001	0.001
0.001	0.236	0.236	0.527
0.997	0.001	0.001	0.001
0.001	0.001	0.763	0.235
0.001	0.001	0.001	0.997
0.001	0.763	0.235	0.001
0.001	0.001	0.001	0.997
0.001	0.235	0.001	0.763
0.527	0.236	0.001	0.236
0.763	0.001	0.001	0.235
>TTTCACTTTC	5-TTTCACTTTC	8.287652	-4.011437	0	T:5.0(10.64%),B:102.0(3.26%),P:1e-1	Tpos:60.6,Tstd:20.3,Bpos:48.7,Bstd:25.3,StrandBias:-2.3,Multiplicity:2.20
0.001	0.001	0.001	0.997
0.001	0.400	0.001	0.598
0.001	0.181	0.001	0.817
0.001	0.598	0.001	0.400
0.670	0.147	0.001	0.182
0.001	0.781	0.217	0.001
0.001	0.001	0.001	0.997
0.001	0.001	0.146	0.852
0.217	0.001	0.001	0.781
0.001	0.997	0.001	0.001
