>CAAACMCAGA	1-CAAACMCAGA	9.454374	-19.534783	0	T:13.0(11.21%),B:1981.0(1.26%),P:1e-8	Tpos:44.7,Tstd:30.1,Bpos:49.0,Bstd:26.9,StrandBias:-0.2,Multiplicity:1.00
0.136	0.862	0.001	0.001
0.997	0.001	0.001	0.001
0.977	0.006	0.016	0.001
0.997	0.001	0.001	0.001
0.001	0.608	0.390	0.001
0.472	0.508	0.001	0.019
0.001	0.830	0.168	0.001
0.997	0.001	0.001	0.001
0.165	0.101	0.733	0.001
0.595	0.121	0.283	0.001
>CAGAGGGCAC	2-CAGAGGGCAC	9.221635	-19.051970	0	T:16.0(13.79%),B:3412.0(2.17%),P:1e-8	Tpos:50.1,Tstd:30.8,Bpos:49.9,Bstd:25.5,StrandBias:0.7,Multiplicity:1.00
0.001	0.768	0.001	0.230
0.997	0.001	0.001	0.001
0.001	0.001	0.997	0.001
0.997	0.001	0.001	0.001
0.001	0.001	0.997	0.001
0.244	0.130	0.625	0.001
0.330	0.001	0.668	0.001
0.001	0.585	0.413	0.001
0.646	0.352	0.001	0.001
0.001	0.729	0.269	0.001
>TGGAAGTCGC	3-TGGAAGTCGC	10.798495	-16.645114	0	T:6.0(5.17%),B:266.0(0.17%),P:1e-7	Tpos:53.0,Tstd:27.7,Bpos:48.4,Bstd:27.4,StrandBias:-1.0,Multiplicity:1.00
0.001	0.001	0.001	0.997
0.001	0.001	0.997	0.001
0.001	0.001	0.997	0.001
0.786	0.212	0.001	0.001
0.997	0.001	0.001	0.001
0.001	0.165	0.833	0.001
0.001	0.001	0.001	0.997
0.153	0.698	0.001	0.148
0.001	0.104	0.894	0.001
0.001	0.997	0.001	0.001
>CCGGTTAATC	4-CCGGTTAATC	10.296193	-7.213067	0	T:1.0(0.86%),B:1.0(0.00%),P:1e-3	Tpos:88.0,Tstd:0.0,Bpos:72.0,Bstd:0.0,StrandBias:10.0,Multiplicity:1.00
0.100	0.700	0.100	0.100
0.100	0.700	0.100	0.100
0.100	0.100	0.700	0.100
0.100	0.100	0.700	0.100
0.100	0.100	0.100	0.700
0.100	0.100	0.100	0.700
0.700	0.100	0.100	0.100
0.700	0.100	0.100	0.100
0.100	0.100	0.100	0.700
0.100	0.700	0.100	0.100
>CCCGAAATAC	5-CCCGAAATAC	10.296193	-6.520285	0	T:1.0(0.86%),B:2.0(0.00%),P:1e-2	Tpos:15.0,Tstd:0.0,Bpos:35.0,Bstd:26.0,StrandBias:-10.0,Multiplicity:1.00
0.100	0.700	0.100	0.100
0.100	0.700	0.100	0.100
0.100	0.700	0.100	0.100
0.100	0.100	0.700	0.100
0.700	0.100	0.100	0.100
0.700	0.100	0.100	0.100
0.700	0.100	0.100	0.100
0.100	0.100	0.100	0.700
0.700	0.100	0.100	0.100
0.100	0.700	0.100	0.100
