>TTTCCTGAKAGA	1-TTTCCTGAKAGA	7.407845	-23.044377	0	T:18.0(15.52%),B:3448.0(2.19%),P:1e-10	Tpos:50.9,Tstd:27.9,Bpos:49.6,Bstd:26.3,StrandBias:0.4,Multiplicity:1.17
0.142	0.081	0.001	0.776
0.077	0.232	0.060	0.631
0.003	0.001	0.065	0.931
0.223	0.775	0.001	0.001
0.077	0.776	0.001	0.146
0.077	0.001	0.147	0.775
0.001	0.001	0.997	0.001
0.585	0.143	0.081	0.191
0.001	0.077	0.394	0.528
0.863	0.056	0.001	0.080
0.143	0.122	0.580	0.155
0.788	0.146	0.001	0.065
>RGAGCTGTACWA	2-RGAGCTGTACWA	14.083129	-11.546586	0	T:2.0(1.72%),B:6.0(0.00%),P:1e-5	Tpos:37.8,Tstd:25.4,Bpos:40.8,Bstd:29.4,StrandBias:-1.6,Multiplicity:2.00
0.470	0.001	0.528	0.001
0.001	0.001	0.997	0.001
0.997	0.001	0.001	0.001
0.001	0.001	0.997	0.001
0.001	0.997	0.001	0.001
0.001	0.001	0.001	0.997
0.001	0.001	0.997	0.001
0.001	0.001	0.001	0.997
0.601	0.001	0.397	0.001
0.001	0.997	0.001	0.001
0.528	0.001	0.001	0.470
0.601	0.397	0.001	0.001
>TTCTGAGCGCTC	3-TTCTGAGCGCTC	10.268880	-7.212183	0	T:2.0(1.72%),B:53.0(0.03%),P:1e-3	Tpos:73.7,Tstd:18.9,Bpos:47.2,Bstd:27.0,StrandBias:10.0,Multiplicity:1.50
0.001	0.001	0.001	0.997
0.001	0.001	0.016	0.982
0.001	0.997	0.001	0.001
0.001	0.001	0.001	0.997
0.001	0.114	0.884	0.001
0.997	0.001	0.001	0.001
0.001	0.001	0.997	0.001
0.001	0.997	0.001	0.001
0.001	0.139	0.859	0.001
0.001	0.884	0.001	0.114
0.001	0.009	0.001	0.989
0.001	0.997	0.001	0.001
>CTGGGTTCTACC	4-CTGGGTTCTACC	12.355432	-6.520285	0	T:1.0(0.86%),B:2.0(0.00%),P:1e-2	Tpos:73.0,Tstd:0.0,Bpos:48.5,Bstd:30.5,StrandBias:10.0,Multiplicity:1.00
0.100	0.700	0.100	0.100
0.100	0.100	0.100	0.700
0.100	0.100	0.700	0.100
0.100	0.100	0.700	0.100
0.100	0.100	0.700	0.100
0.100	0.100	0.100	0.700
0.100	0.100	0.100	0.700
0.100	0.700	0.100	0.100
0.100	0.100	0.100	0.700
0.700	0.100	0.100	0.100
0.100	0.700	0.100	0.100
0.100	0.700	0.100	0.100
>ACTCAAATCACC	5-ACTCAAATCACC	12.355432	-6.520285	0	T:1.0(0.86%),B:2.0(0.00%),P:1e-2	Tpos:47.0,Tstd:0.0,Bpos:16.5,Bstd:1.5,StrandBias:10.0,Multiplicity:1.00
0.700	0.100	0.100	0.100
0.100	0.700	0.100	0.100
0.100	0.100	0.100	0.700
0.100	0.700	0.100	0.100
0.700	0.100	0.100	0.100
0.700	0.100	0.100	0.100
0.700	0.100	0.100	0.100
0.100	0.100	0.100	0.700
0.100	0.700	0.100	0.100
0.700	0.100	0.100	0.100
0.100	0.700	0.100	0.100
0.100	0.700	0.100	0.100
