>GCAACATA	1-GCAACATA	7.653633	-14.406224	0	T:11.0(9.48%),B:2114.0(1.34%),P:1e-6	Tpos:51.0,Tstd:20.0,Bpos:50.1,Bstd:26.4,StrandBias:-0.3,Multiplicity:1.00
0.001	0.001	0.780	0.218
0.001	0.895	0.001	0.103
0.997	0.001	0.001	0.001
0.756	0.001	0.001	0.242
0.174	0.571	0.001	0.254
0.936	0.001	0.001	0.062
0.001	0.001	0.001	0.997
0.997	0.001	0.001	0.001
>ATACCACA	2-ATACCACA	7.350453	-13.415919	0	T:16.0(13.79%),B:5192.0(3.30%),P:1e-5	Tpos:42.8,Tstd:32.4,Bpos:49.8,Bstd:27.4,StrandBias:0.4,Multiplicity:1.00
0.800	0.060	0.074	0.066
0.120	0.001	0.039	0.840
0.811	0.053	0.072	0.064
0.089	0.834	0.076	0.001
0.001	0.997	0.001	0.001
0.997	0.001	0.001	0.001
0.098	0.900	0.001	0.001
0.894	0.001	0.001	0.104
>ATASAAAC	3-ATASAAAC	8.010639	-13.058753	0	T:16.0(13.79%),B:5339.0(3.39%),P:1e-5	Tpos:62.9,Tstd:23.6,Bpos:50.3,Bstd:26.4,StrandBias:0.2,Multiplicity:1.13
0.988	0.001	0.010	0.001
0.001	0.001	0.001	0.997
0.589	0.001	0.117	0.293
0.001	0.444	0.415	0.140
0.997	0.001	0.001	0.001
0.997	0.001	0.001	0.001
0.997	0.001	0.001	0.001
0.090	0.547	0.362	0.001
>GAAACTMA	4-GAAACTMA	6.858011	-9.286149	0	T:16.0(13.79%),B:7278.0(4.63%),P:1e-4	Tpos:53.8,Tstd:27.8,Bpos:50.1,Bstd:27.4,StrandBias:0.2,Multiplicity:1.06
0.242	0.125	0.408	0.225
0.997	0.001	0.001	0.001
0.892	0.001	0.001	0.106
0.663	0.001	0.323	0.013
0.047	0.800	0.079	0.074
0.113	0.153	0.001	0.733
0.485	0.420	0.094	0.001
0.848	0.068	0.009	0.075
>ACACACAC	5-ACACACAC	-2.815981	-2.601928	0	T:51.0(43.97%),B:58252.0(37.02%),P:1e-1	Tpos:50.6,Tstd:24.4,Bpos:49.8,Bstd:27.4,StrandBias:-0.6,Multiplicity:1.45
0.997	0.001	0.001	0.001
0.001	0.937	0.001	0.061
0.997	0.001	0.001	0.001
0.001	0.997	0.001	0.001
0.927	0.001	0.071	0.001
0.001	0.997	0.001	0.001
0.997	0.001	0.001	0.001
0.001	0.997	0.001	0.001
