>TCGCTCCA	1-TCGCTCCA	8.318069	-12.161281	0	T:6.0(37.50%),B:4038.0(3.08%),P:1e-5	Tpos:60.0,Tstd:28.7,Bpos:50.2,Bstd:27.2,StrandBias:-1.3,Multiplicity:1.17
0.001	0.220	0.001	0.778
0.001	0.855	0.143	0.001
0.001	0.001	0.871	0.127
0.001	0.997	0.001	0.001
0.001	0.001	0.001	0.997
0.001	0.997	0.001	0.001
0.001	0.997	0.001	0.001
0.749	0.001	0.001	0.249
>CCTTGTGA	2-CCTTGTGA	8.739107	-10.544442	0	T:3.0(18.75%),B:479.0(0.37%),P:1e-4	Tpos:45.7,Tstd:14.0,Bpos:52.0,Bstd:27.2,StrandBias:1.0,Multiplicity:1.00
0.102	0.713	0.001	0.184
0.227	0.599	0.001	0.173
0.271	0.001	0.147	0.581
0.081	0.001	0.001	0.917
0.001	0.135	0.780	0.084
0.081	0.001	0.001	0.917
0.099	0.001	0.899	0.001
0.651	0.062	0.142	0.145
>GCCTGGGC	3-GCCTGGGC	10.428317	-7.090087	0	T:3.0(18.75%),B:1556.0(1.19%),P:1e-3	Tpos:83.0,Tstd:1.6,Bpos:50.7,Bstd:27.8,StrandBias:1.0,Multiplicity:1.00
0.001	0.001	0.997	0.001
0.001	0.997	0.001	0.001
0.001	0.806	0.001	0.192
0.001	0.001	0.192	0.806
0.192	0.001	0.806	0.001
0.001	0.001	0.997	0.001
0.001	0.001	0.997	0.001
0.001	0.997	0.001	0.001
>CCGACTAT	4-CCGACTAT	8.236954	-5.375950	0	T:1.0(6.25%),B:38.0(0.03%),P:1e-2	Tpos:16.0,Tstd:0.0,Bpos:54.1,Bstd:29.2,StrandBias:10.0,Multiplicity:1.00
0.100	0.700	0.100	0.100
0.100	0.700	0.100	0.100
0.100	0.100	0.700	0.100
0.700	0.100	0.100	0.100
0.100	0.700	0.100	0.100
0.100	0.100	0.100	0.700
0.700	0.100	0.100	0.100
0.100	0.100	0.100	0.700
>ATTACGTC	5-ATTACGTC	8.236954	-5.252622	0	T:1.0(6.25%),B:43.0(0.03%),P:1e-2	Tpos:40.0,Tstd:0.0,Bpos:47.9,Bstd:21.7,StrandBias:10.0,Multiplicity:1.00
0.700	0.100	0.100	0.100
0.100	0.100	0.100	0.700
0.100	0.100	0.100	0.700
0.700	0.100	0.100	0.100
0.100	0.700	0.100	0.100
0.100	0.100	0.700	0.100
0.100	0.100	0.100	0.700
0.100	0.700	0.100	0.100
