>TTSAMTSAAY	1-TTSAMTSAAY	7.749690	-20.486018	0	T:5.0(13.16%),B:3.1(0.13%),P:1e-8,FDR:0.6	Tpos:70.0,Tstd:19.9,Bpos:52.7,Bstd:22.6,StrandBias:1.0,Multiplicity:1.00
0.001	0.001	0.001	0.997
0.001	0.001	0.001	0.997
0.001	0.446	0.552	0.001
0.972	0.001	0.001	0.026
0.527	0.446	0.001	0.026
0.001	0.026	0.001	0.972
0.001	0.552	0.446	0.001
0.997	0.001	0.001	0.001
0.997	0.001	0.001	0.001
0.001	0.446	0.001	0.552
>TTTTCTCCAG	2-TTTTCTCCAG	11.493093	-20.457526	0	T:6.0(15.79%),B:7.7(0.31%),P:1e-8,FDR:0.6	Tpos:47.2,Tstd:23.0,Bpos:39.5,Bstd:21.1,StrandBias:0.0,Multiplicity:1.00
0.001	0.210	0.001	0.788
0.001	0.001	0.001	0.997
0.001	0.001	0.001	0.997
0.001	0.211	0.211	0.577
0.001	0.997	0.001	0.001
0.001	0.001	0.001	0.997
0.001	0.997	0.001	0.001
0.210	0.788	0.001	0.001
0.997	0.001	0.001	0.001
0.001	0.001	0.997	0.001
>GGAGGGGAGK	3-GGAGGGGAGK	9.906296	-13.347178	0	T:8.0(21.05%),B:55.9(2.26%),P:1e-5,FDR:0.866666666666667	Tpos:36.4,Tstd:21.8,Bpos:43.9,Bstd:42.0,StrandBias:0.6,Multiplicity:1.25
0.160	0.001	0.838	0.001
0.001	0.001	0.997	0.001
0.989	0.001	0.001	0.009
0.001	0.001	0.722	0.276
0.150	0.001	0.848	0.001
0.001	0.001	0.997	0.001
0.001	0.172	0.826	0.001
0.957	0.001	0.041	0.001
0.332	0.172	0.494	0.001
0.001	0.001	0.549	0.449
>TWTCAMRSTT	4-TWTCAMRSTT	6.709489	-13.265420	0	T:5.0(13.16%),B:13.7(0.55%),P:1e-5,FDR:0.866666666666667	Tpos:73.6,Tstd:29.2,Bpos:51.6,Bstd:28.6,StrandBias:-0.6,Multiplicity:1.00
0.001	0.001	0.001	0.997
0.456	0.001	0.001	0.542
0.001	0.001	0.001	0.997
0.001	0.913	0.001	0.085
0.997	0.001	0.001	0.001
0.552	0.446	0.001	0.001
0.466	0.001	0.532	0.001
0.001	0.552	0.446	0.001
0.106	0.001	0.001	0.892
0.001	0.001	0.001	0.997
>ACACACCGGG	5-ACACACCGGG	5.770446	-12.967607	0	T:7.0(18.42%),B:40.5(1.63%),P:1e-5,FDR:0.866666666666667	Tpos:77.0,Tstd:11.9,Bpos:53.0,Bstd:25.3,StrandBias:1.8,Multiplicity:1.00
0.997	0.001	0.001	0.001
0.001	0.997	0.001	0.001
0.953	0.001	0.001	0.045
0.001	0.806	0.192	0.001
0.997	0.001	0.001	0.001
0.045	0.900	0.054	0.001
0.045	0.953	0.001	0.001
0.046	0.102	0.806	0.046
0.090	0.001	0.908	0.001
0.001	0.001	0.997	0.001
>CTGGAGGCCAGG	1-CTGGAGGCCAGG	10.479146	-25.956865	0	T:5.0(13.16%),B:0.0(0.00%),P:1e-11,FDR:0.6	Tpos:32.6,Tstd:12.7,Bpos:0.0,Bstd:0.0,StrandBias:-0.6,Multiplicity:1.00
0.001	0.997	0.001	0.001
0.001	0.001	0.001	0.997
0.001	0.001	0.997	0.001
0.001	0.001	0.997	0.001
0.997	0.001	0.001	0.001
0.001	0.001	0.997	0.001
0.063	0.001	0.935	0.001
0.192	0.806	0.001	0.001
0.192	0.806	0.001	0.001
0.997	0.001	0.001	0.001
0.063	0.001	0.935	0.001
0.001	0.001	0.997	0.001
>TRAAAAGAAGCC	2-TRAAAAGAAGCC	11.512287	-22.502236	0	T:5.0(13.16%),B:2.5(0.10%),P:1e-9,FDR:0.6	Tpos:55.4,Tstd:19.6,Bpos:53.5,Bstd:12.8,StrandBias:0.6,Multiplicity:1.00
0.001	0.001	0.001	0.997
0.400	0.200	0.400	0.001
0.599	0.399	0.001	0.001
0.997	0.001	0.001	0.001
0.799	0.001	0.199	0.001
0.997	0.001	0.001	0.001
0.001	0.199	0.799	0.001
0.997	0.001	0.001	0.001
0.997	0.001	0.001	0.001
0.001	0.001	0.599	0.399
0.001	0.997	0.001	0.001
0.399	0.599	0.001	0.001
>TCACTCACGCAC	3-TCACTCACGCAC	8.100453	-22.502236	0	T:5.0(13.16%),B:2.8(0.11%),P:1e-9,FDR:0.6	Tpos:52.6,Tstd:24.5,Bpos:33.7,Bstd:15.1,StrandBias:10.0,Multiplicity:1.00
0.001	0.115	0.001	0.883
0.001	0.997	0.001	0.001
0.845	0.001	0.001	0.153
0.001	0.922	0.076	0.001
0.001	0.153	0.001	0.845
0.001	0.997	0.001	0.001
0.997	0.001	0.001	0.001
0.001	0.997	0.001	0.001
0.001	0.001	0.806	0.192
0.001	0.997	0.001	0.001
0.922	0.076	0.001	0.001
0.001	0.997	0.001	0.001
>TVGCCCTHTACG	4-TVGCCCTHTACG	10.710586	-20.059266	0	T:4.0(10.53%),B:0.9(0.04%),P:1e-8,FDR:0.6	Tpos:48.8,Tstd:23.7,Bpos:51.3,Bstd:8.8,StrandBias:0.0,Multiplicity:1.00
0.001	0.001	0.001	0.997
0.382	0.309	0.309	0.001
0.381	0.001	0.617	0.001
0.001	0.997	0.001	0.001
0.024	0.974	0.001	0.001
0.001	0.997	0.001	0.001
0.001	0.001	0.001	0.997
0.309	0.309	0.001	0.382
0.001	0.308	0.001	0.690
0.666	0.024	0.001	0.309
0.001	0.974	0.001	0.024
0.309	0.001	0.666	0.024
>CCTGAGAGTTTC	5-CCTGAGAGTTTC	7.327813	-17.297661	0	T:4.0(10.53%),B:2.5(0.10%),P:1e-7,FDR:0.6	Tpos:48.2,Tstd:17.8,Bpos:66.1,Bstd:34.8,StrandBias:1.6,Multiplicity:1.00
0.001	0.997	0.001	0.001
0.001	0.806	0.192	0.001
0.001	0.001	0.001	0.997
0.001	0.001	0.997	0.001
0.807	0.128	0.064	0.001
0.001	0.001	0.997	0.001
0.997	0.001	0.001	0.001
0.001	0.001	0.935	0.063
0.063	0.001	0.001	0.935
0.001	0.128	0.001	0.870
0.001	0.001	0.001	0.997
0.001	0.997	0.001	0.001
>CTAAACAC	1-CTAAACAC	7.953459	-17.267385	0	T:9.0(23.68%),B:47.3(1.91%),P:1e-7,FDR:0.2	Tpos:47.9,Tstd:28.6,Bpos:52.8,Bstd:35.4,StrandBias:-0.6,Multiplicity:1.11
0.001	0.997	0.001	0.001
0.001	0.001	0.001	0.997
0.699	0.087	0.107	0.107
0.997	0.001	0.001	0.001
0.892	0.001	0.106	0.001
0.107	0.775	0.117	0.001
0.866	0.132	0.001	0.001
0.117	0.881	0.001	0.001
>TTTGTACA	2-TTTGTACA	7.842473	-14.871149	0	T:7.0(18.42%),B:30.4(1.23%),P:1e-6,FDR:0.5	Tpos:53.0,Tstd:19.3,Bpos:49.6,Bstd:31.5,StrandBias:0.4,Multiplicity:1.00
0.001	0.001	0.001	0.997
0.001	0.001	0.001	0.997
0.001	0.001	0.001	0.997
0.001	0.130	0.868	0.001
0.001	0.118	0.001	0.880
0.908	0.001	0.001	0.090
0.130	0.693	0.001	0.176
0.823	0.001	0.175	0.001
>GCGCAGCG	3-GCGCAGCG	7.847661	-14.652635	0	T:7.0(18.42%),B:31.4(1.27%),P:1e-6,FDR:0.5	Tpos:42.1,Tstd:25.5,Bpos:47.9,Bstd:13.4,StrandBias:0.0,Multiplicity:1.00
0.001	0.001	0.997	0.001
0.001	0.896	0.001	0.102
0.139	0.054	0.806	0.001
0.139	0.859	0.001	0.001
0.882	0.001	0.001	0.116
0.001	0.001	0.997	0.001
0.094	0.846	0.001	0.059
0.140	0.037	0.764	0.059
>CCCTCCAC	4-CCCTCCAC	7.270925	-10.675962	0	T:12.0(31.58%),B:196.7(7.94%),P:1e-4,FDR:0.5	Tpos:50.5,Tstd:23.7,Bpos:48.9,Bstd:38.7,StrandBias:1.0,Multiplicity:1.25
0.001	0.956	0.042	0.001
0.120	0.663	0.001	0.216
0.001	0.936	0.001	0.062
0.001	0.001	0.001	0.997
0.001	0.870	0.001	0.128
0.001	0.997	0.001	0.001
0.805	0.148	0.001	0.046
0.096	0.802	0.030	0.072
>CCGTTATT	5-CCGTTATT	8.666893	-10.240379	0	T:4.0(10.53%),B:13.0(0.52%),P:1e-4,FDR:0.5	Tpos:56.8,Tstd:32.6,Bpos:54.0,Bstd:12.7,StrandBias:-0.6,Multiplicity:1.25
0.001	0.997	0.001	0.001
0.001	0.997	0.001	0.001
0.185	0.001	0.665	0.149
0.001	0.221	0.001	0.777
0.001	0.001	0.001	0.997
0.997	0.001	0.001	0.001
0.001	0.001	0.001	0.997
0.001	0.221	0.001	0.777
