>CHAGGAGG	1-CHAGGAGG	6.926014	-12.836197	0	T:8.0(72.73%),B:193.0(11.03%),P:1e-5	Tpos:51.9,Tstd:16.7,Bpos:47.9,Bstd:28.4,StrandBias:0.3,Multiplicity:1.12
0.182	0.747	0.070	0.001
0.254	0.382	0.119	0.246
0.779	0.001	0.219	0.001
0.071	0.001	0.700	0.228
0.001	0.070	0.928	0.001
0.880	0.001	0.001	0.118
0.069	0.001	0.929	0.001
0.076	0.001	0.839	0.084
>TCTWAGCT	2-TCTWAGCT	6.902556	-12.631191	0	T:5.0(45.45%),B:42.0(2.40%),P:1e-5	Tpos:42.8,Tstd:27.2,Bpos:58.6,Bstd:25.0,StrandBias:1.0,Multiplicity:1.20
0.001	0.001	0.001	0.997
0.001	0.997	0.001	0.001
0.001	0.001	0.054	0.944
0.435	0.001	0.243	0.322
0.997	0.001	0.001	0.001
0.342	0.001	0.656	0.001
0.001	0.997	0.001	0.001
0.001	0.001	0.001	0.997
>GAGCCTCA	3-GAGCCTCA	8.015808	-12.290133	0	T:6.0(54.55%),B:84.0(4.80%),P:1e-5	Tpos:49.1,Tstd:34.0,Bpos:44.8,Bstd:24.1,StrandBias:-0.7,Multiplicity:1.00
0.001	0.001	0.997	0.001
0.997	0.001	0.001	0.001
0.001	0.001	0.997	0.001
0.001	0.683	0.123	0.193
0.001	0.997	0.001	0.001
0.099	0.108	0.001	0.792
0.001	0.888	0.110	0.001
0.786	0.001	0.212	0.001
>GCGGGTCT	4-GCGGGTCT	8.236954	-4.381471	0	T:1.0(9.09%),B:2.0(0.11%),P:1e-1	Tpos:94.0,Tstd:0.0,Bpos:15.5,Bstd:9.5,StrandBias:10.0,Multiplicity:1.00
0.100	0.100	0.700	0.100
0.100	0.700	0.100	0.100
0.100	0.100	0.700	0.100
0.100	0.100	0.700	0.100
0.100	0.100	0.700	0.100
0.100	0.100	0.100	0.700
0.100	0.700	0.100	0.100
0.100	0.100	0.100	0.700
>ACCTGATG	5-ACCTGATG	8.236954	-4.381471	0	T:1.0(9.09%),B:2.0(0.11%),P:1e-1	Tpos:11.0,Tstd:0.0,Bpos:32.5,Bstd:24.5,StrandBias:-10.0,Multiplicity:1.00
0.700	0.100	0.100	0.100
0.100	0.700	0.100	0.100
0.100	0.700	0.100	0.100
0.100	0.100	0.100	0.700
0.100	0.100	0.700	0.100
0.700	0.100	0.100	0.100
0.100	0.100	0.100	0.700
0.100	0.100	0.700	0.100
