>CCGTGACAGAGG	1-CCGTGACAGAGG	7.539120	-15.221874	0	T:3.0(27.27%),B:2.0(0.11%),P:1e-6	Tpos:46.0,Tstd:9.9,Bpos:61.0,Bstd:33.0,StrandBias:10.0,Multiplicity:1.00
0.001	0.997	0.001	0.001
0.163	0.835	0.001	0.001
0.001	0.001	0.997	0.001
0.001	0.001	0.081	0.917
0.082	0.082	0.835	0.001
0.997	0.001	0.001	0.001
0.001	0.997	0.001	0.001
0.917	0.081	0.001	0.001
0.081	0.001	0.917	0.001
0.997	0.001	0.001	0.001
0.001	0.001	0.997	0.001
0.001	0.001	0.997	0.001
>CWCYCYAYAKWG	2-CWCYCYAYAKWG	7.912057	-13.149298	0	T:3.0(27.27%),B:4.0(0.23%),P:1e-5	Tpos:42.5,Tstd:28.7,Bpos:53.5,Bstd:30.5,StrandBias:-1.6,Multiplicity:1.33
0.075	0.915	0.009	0.001
0.454	0.001	0.001	0.544
0.001	0.997	0.001	0.001
0.005	0.455	0.001	0.539
0.001	0.994	0.001	0.004
0.001	0.539	0.001	0.459
0.994	0.001	0.001	0.004
0.075	0.465	0.001	0.460
0.997	0.001	0.001	0.001
0.001	0.001	0.544	0.454
0.454	0.001	0.001	0.544
0.001	0.004	0.994	0.001
>RWYTGRYWKTTG	3-RWYTGRYWKTTG	10.103514	-11.939772	0	T:3.0(27.27%),B:6.0(0.34%),P:1e-5	Tpos:64.7,Tstd:23.1,Bpos:33.8,Bstd:16.2,StrandBias:10.0,Multiplicity:1.00
0.454	0.001	0.544	0.001
0.529	0.001	0.001	0.469
0.001	0.544	0.001	0.454
0.001	0.001	0.001	0.997
0.001	0.001	0.997	0.001
0.469	0.001	0.529	0.001
0.089	0.455	0.001	0.455
0.455	0.001	0.075	0.469
0.001	0.001	0.544	0.454
0.001	0.001	0.001	0.997
0.001	0.001	0.001	0.997
0.001	0.001	0.997	0.001
>TGKAAGCAAGGA	4-TGKAAGCAAGGA	11.076466	-10.929696	0	T:2.0(18.18%),B:0.0(0.00%),P:1e-4	Tpos:35.5,Tstd:8.5,Bpos:0.0,Bstd:0.0,StrandBias:10.0,Multiplicity:1.00
0.353	0.001	0.001	0.645
0.001	0.160	0.838	0.001
0.176	0.001	0.337	0.487
0.824	0.001	0.014	0.161
0.677	0.161	0.001	0.161
0.161	0.326	0.499	0.014
0.001	0.516	0.322	0.161
0.516	0.001	0.161	0.322
0.997	0.001	0.001	0.001
0.001	0.001	0.997	0.001
0.001	0.001	0.838	0.160
0.663	0.322	0.014	0.001
>MYAWASTATAST	5-MYAWASTATAST	13.189741	-5.071762	0	T:1.0(9.09%),B:0.0(0.00%),P:1e-2	Tpos:53.0,Tstd:0.0,Bpos:0.0,Bstd:0.0,StrandBias:-10.0,Multiplicity:1.00
0.455	0.455	0.089	0.001
0.001	0.454	0.001	0.544
0.997	0.001	0.001	0.001
0.454	0.001	0.001	0.544
0.997	0.001	0.001	0.001
0.001	0.484	0.514	0.001
0.001	0.001	0.001	0.997
0.997	0.001	0.001	0.001
0.001	0.001	0.001	0.997
0.997	0.001	0.001	0.001
0.001	0.514	0.484	0.001
0.029	0.001	0.001	0.969
