>TGCATGCAGAGA	1-TGCATGCAGAGA	9.969890	-21.301922	0	T:4.0(36.36%),B:2.0(0.11%),P:1e-9	Tpos:39.2,Tstd:21.1,Bpos:62.5,Bstd:25.5,StrandBias:-1.6,Multiplicity:1.00
0.001	0.001	0.312	0.686
0.312	0.001	0.686	0.001
0.001	0.997	0.001	0.001
0.686	0.312	0.001	0.001
0.312	0.001	0.001	0.686
0.001	0.312	0.686	0.001
0.001	0.625	0.373	0.001
0.937	0.061	0.001	0.001
0.001	0.373	0.625	0.001
0.997	0.001	0.001	0.001
0.001	0.001	0.997	0.001
0.997	0.001	0.001	0.001
>RGWTGCMYRKCT	2-RGWTGCMYRKCT	9.016357	-17.297884	0	T:3.0(27.27%),B:1.0(0.06%),P:1e-7	Tpos:52.7,Tstd:25.7,Bpos:36.0,Bstd:0.0,StrandBias:1.0,Multiplicity:1.00
0.534	0.001	0.464	0.001
0.001	0.001	0.994	0.004
0.465	0.075	0.001	0.459
0.001	0.001	0.009	0.989
0.009	0.001	0.989	0.001
0.001	0.997	0.001	0.001
0.544	0.454	0.001	0.001
0.001	0.459	0.001	0.539
0.454	0.001	0.544	0.001
0.001	0.080	0.459	0.459
0.001	0.997	0.001	0.001
0.001	0.004	0.001	0.994
>GSMMYCWAKKGM	3-GSMMYCWAKKGM	10.952851	-14.008911	0	T:3.0(27.27%),B:3.0(0.17%),P:1e-6	Tpos:34.2,Tstd:24.2,Bpos:44.0,Bstd:25.5,StrandBias:2.0,Multiplicity:1.67
0.001	0.027	0.971	0.001
0.001	0.544	0.454	0.001
0.516	0.455	0.001	0.028
0.544	0.454	0.001	0.001
0.001	0.544	0.001	0.454
0.001	0.997	0.001	0.001
0.455	0.028	0.001	0.516
0.997	0.001	0.001	0.001
0.001	0.001	0.544	0.454
0.001	0.001	0.544	0.454
0.001	0.001	0.997	0.001
0.515	0.483	0.001	0.001
>CATRGYWYCMTA	4-CATRGYWYCMTA	13.030114	-10.929696	0	T:2.0(18.18%),B:0.0(0.00%),P:1e-4	Tpos:79.3,Tstd:13.2,Bpos:0.0,Bstd:0.0,StrandBias:1.0,Multiplicity:1.50
0.001	0.997	0.001	0.001
0.997	0.001	0.001	0.001
0.001	0.001	0.001	0.997
0.544	0.001	0.454	0.001
0.001	0.001	0.997	0.001
0.001	0.544	0.001	0.454
0.544	0.001	0.001	0.454
0.089	0.455	0.001	0.455
0.001	0.997	0.001	0.001
0.454	0.544	0.001	0.001
0.001	0.001	0.001	0.997
0.997	0.001	0.001	0.001
>GAGACAYGCCYC	5-GAGACAYGCCYC	8.243319	-9.441541	0	T:4.0(36.36%),B:40.0(2.29%),P:1e-4	Tpos:37.5,Tstd:15.8,Bpos:51.2,Bstd:26.3,StrandBias:0.0,Multiplicity:1.00
0.001	0.001	0.614	0.384
0.615	0.001	0.192	0.192
0.192	0.192	0.423	0.192
0.807	0.001	0.001	0.191
0.001	0.997	0.001	0.001
0.807	0.191	0.001	0.001
0.192	0.385	0.001	0.422
0.191	0.001	0.807	0.001
0.192	0.615	0.192	0.001
0.001	0.997	0.001	0.001
0.001	0.385	0.192	0.422
0.001	0.615	0.192	0.192
