>TGTCTCARAG	1-TGTCTCARAG	9.972616	-16.920298	0	T:4.0(36.36%),B:6.0(0.34%),P:1e-7	Tpos:66.5,Tstd:25.2,Bpos:66.7,Bstd:10.9,StrandBias:1.6,Multiplicity:1.00
0.001	0.001	0.229	0.769
0.191	0.001	0.807	0.001
0.001	0.031	0.001	0.967
0.032	0.578	0.192	0.198
0.001	0.001	0.036	0.962
0.005	0.963	0.001	0.031
0.801	0.001	0.001	0.197
0.385	0.001	0.417	0.197
0.807	0.001	0.001	0.191
0.001	0.001	0.997	0.001
>TTTTTTAAAA	2-TTTTTTAAAA	11.873576	-10.929696	0	T:2.0(18.18%),B:0.0(0.00%),P:1e-4	Tpos:64.6,Tstd:10.2,Bpos:0.0,Bstd:0.0,StrandBias:0.6,Multiplicity:1.00
0.001	0.249	0.001	0.749
0.001	0.001	0.001	0.997
0.001	0.001	0.001	0.997
0.001	0.001	0.001	0.997
0.001	0.001	0.001	0.997
0.249	0.001	0.001	0.749
0.749	0.001	0.249	0.001
0.997	0.001	0.001	0.001
0.997	0.001	0.001	0.001
0.997	0.001	0.001	0.001
>TGAHHCAAGG	3-TGAHHCAAGG	6.498988	-10.056132	0	T:6.0(54.55%),B:124.0(7.09%),P:1e-4	Tpos:51.3,Tstd:16.5,Bpos:50.3,Bstd:26.5,StrandBias:-1.0,Multiplicity:1.00
0.312	0.001	0.001	0.686
0.001	0.312	0.686	0.001
0.686	0.312	0.001	0.001
0.313	0.374	0.001	0.313
0.374	0.313	0.001	0.313
0.001	0.997	0.001	0.001
0.997	0.001	0.001	0.001
0.686	0.001	0.001	0.312
0.030	0.001	0.968	0.001
0.001	0.312	0.686	0.001
>KAGATGAGGT	4-KAGATGAGGT	9.755592	-7.058459	0	T:2.0(18.18%),B:7.0(0.40%),P:1e-3	Tpos:38.2,Tstd:14.2,Bpos:47.3,Bstd:24.7,StrandBias:0.6,Multiplicity:2.50
0.001	0.001	0.482	0.516
0.592	0.001	0.406	0.001
0.001	0.001	0.997	0.001
0.997	0.001	0.001	0.001
0.055	0.001	0.055	0.889
0.001	0.001	0.997	0.001
0.997	0.001	0.001	0.001
0.001	0.001	0.997	0.001
0.001	0.001	0.997	0.001
0.001	0.001	0.001	0.997
>GAAGAGGAGG	5-GAAGAGGAGG	13.437513	-3.978861	0	T:1.0(9.09%),B:3.0(0.17%),P:1e-1	Tpos:76.0,Tstd:0.0,Bpos:52.7,Bstd:23.0,StrandBias:10.0,Multiplicity:1.00
0.061	0.001	0.937	0.001
0.814	0.001	0.001	0.184
0.997	0.001	0.001	0.001
0.001	0.001	0.997	0.001
0.997	0.001	0.001	0.001
0.123	0.001	0.875	0.001
0.001	0.001	0.997	0.001
0.997	0.001	0.001	0.001
0.001	0.001	0.997	0.001
0.001	0.001	0.997	0.001
