>CCCMSARRGGCW	1-CCCMSARRGGCW	8.639596	-16.306904	0	T:4.0(36.36%),B:7.0(0.40%),P:1e-7	Tpos:41.2,Tstd:22.3,Bpos:50.1,Bstd:26.2,StrandBias:0.0,Multiplicity:1.00
0.001	0.997	0.001	0.001
0.044	0.954	0.001	0.001
0.001	0.997	0.001	0.001
0.544	0.454	0.001	0.001
0.001	0.544	0.454	0.001
0.997	0.001	0.001	0.001
0.455	0.089	0.455	0.001
0.544	0.001	0.454	0.001
0.001	0.001	0.997	0.001
0.001	0.001	0.997	0.001
0.001	0.997	0.001	0.001
0.454	0.001	0.001	0.544
>BGCCTGGAGCTT	2-BGCCTGGAGCTT	9.953241	-14.889838	0	T:4.0(36.36%),B:10.0(0.57%),P:1e-6	Tpos:39.8,Tstd:23.1,Bpos:71.1,Bstd:16.7,StrandBias:-10.0,Multiplicity:1.00
0.052	0.317	0.317	0.313
0.004	0.001	0.678	0.317
0.001	0.939	0.056	0.004
0.001	0.686	0.312	0.001
0.001	0.001	0.001	0.997
0.056	0.001	0.626	0.317
0.001	0.051	0.947	0.001
0.677	0.001	0.321	0.001
0.004	0.001	0.994	0.001
0.001	0.686	0.312	0.001
0.323	0.051	0.001	0.625
0.004	0.369	0.001	0.626
>ACHATCACAGAV	3-ACHATCACAGAV	10.499492	-6.562691	0	T:2.0(18.18%),B:9.0(0.51%),P:1e-2	Tpos:79.5,Tstd:7.5,Bpos:40.3,Bstd:16.8,StrandBias:10.0,Multiplicity:1.00
0.686	0.001	0.001	0.312
0.001	0.686	0.312	0.001
0.313	0.313	0.001	0.374
0.978	0.001	0.020	0.001
0.001	0.001	0.312	0.686
0.313	0.666	0.001	0.020
0.997	0.001	0.001	0.001
0.001	0.997	0.001	0.001
0.686	0.001	0.001	0.312
0.001	0.354	0.625	0.020
0.997	0.001	0.001	0.001
0.374	0.313	0.313	0.001
>TCAATAACACAA	4-TCAATAACACAA	15.959468	-5.071762	0	T:1.0(9.09%),B:0.0(0.00%),P:1e-2	Tpos:60.0,Tstd:0.0,Bpos:0.0,Bstd:0.0,StrandBias:10.0,Multiplicity:1.00
0.163	0.001	0.001	0.835
0.001	0.997	0.001	0.001
0.835	0.001	0.001	0.163
0.944	0.001	0.054	0.001
0.001	0.001	0.001	0.997
0.836	0.109	0.001	0.054
0.997	0.001	0.001	0.001
0.001	0.997	0.001	0.001
0.997	0.001	0.001	0.001
0.001	0.944	0.001	0.054
0.997	0.001	0.001	0.001
0.997	0.001	0.001	0.001
>GTTTTGTTTTGT	5-GTTTTGTTTTGT	15.807514	-2.897342	0	T:1.0(9.09%),B:9.0(0.51%),P:1e-1	Tpos:44.0,Tstd:4.1,Bpos:47.3,Bstd:16.0,StrandBias:10.0,Multiplicity:1.00
0.001	0.001	0.997	0.001
0.001	0.001	0.001	0.997
0.001	0.001	0.001	0.997
0.001	0.327	0.001	0.671
0.001	0.001	0.001	0.997
0.001	0.001	0.997	0.001
0.001	0.001	0.001	0.997
0.001	0.001	0.001	0.997
0.001	0.001	0.001	0.997
0.001	0.001	0.001	0.997
0.327	0.001	0.671	0.001
0.001	0.001	0.001	0.997
