>ATGCAATGAG	1-ATGCAATGAG	6.673556	-16.920298	0	T:4.0(36.36%),B:6.0(0.34%),P:1e-7	Tpos:81.4,Tstd:13.5,Bpos:39.5,Bstd:29.1,StrandBias:2.0,Multiplicity:1.25
0.835	0.001	0.001	0.163
0.001	0.001	0.001	0.997
0.001	0.001	0.997	0.001
0.001	0.997	0.001	0.001
0.997	0.001	0.001	0.001
0.835	0.123	0.001	0.041
0.040	0.001	0.001	0.958
0.001	0.001	0.997	0.001
0.997	0.001	0.001	0.001
0.040	0.001	0.958	0.001
>TCACCCACTG	2-TCACCCACTG	8.920405	-10.308183	0	T:4.0(36.36%),B:32.0(1.83%),P:1e-4	Tpos:33.2,Tstd:9.0,Bpos:47.8,Bstd:28.3,StrandBias:0.0,Multiplicity:1.00
0.048	0.318	0.001	0.633
0.001	0.759	0.001	0.239
0.975	0.001	0.001	0.023
0.001	0.997	0.001	0.001
0.368	0.630	0.001	0.001
0.001	0.997	0.001	0.001
0.997	0.001	0.001	0.001
0.001	0.950	0.001	0.048
0.001	0.416	0.001	0.582
0.001	0.024	0.582	0.393
>CAGTATTGAT	3-CAGTATTGAT	4.254417	-8.431114	0	T:4.0(36.36%),B:52.0(2.97%),P:1e-3	Tpos:42.6,Tstd:25.0,Bpos:47.2,Bstd:28.5,StrandBias:0.6,Multiplicity:1.25
0.001	0.997	0.001	0.001
0.924	0.001	0.001	0.074
0.001	0.001	0.924	0.074
0.001	0.081	0.001	0.917
0.842	0.001	0.082	0.075
0.014	0.001	0.001	0.984
0.001	0.001	0.163	0.835
0.001	0.081	0.917	0.001
0.917	0.081	0.001	0.001
0.001	0.001	0.001	0.997
>AAGCTAGAGG	4-AAGCTAGAGG	4.958422	-7.499850	0	T:3.0(27.27%),B:27.0(1.54%),P:1e-3	Tpos:28.5,Tstd:21.3,Bpos:52.7,Bstd:30.5,StrandBias:1.6,Multiplicity:1.33
0.944	0.054	0.001	0.001
0.997	0.001	0.001	0.001
0.001	0.001	0.944	0.054
0.055	0.835	0.055	0.055
0.001	0.001	0.001	0.997
0.997	0.001	0.001	0.001
0.054	0.001	0.944	0.001
0.997	0.001	0.001	0.001
0.055	0.055	0.889	0.001
0.001	0.054	0.944	0.001
>GCCAGAACAC	5-GCCAGAACAC	10.296193	-5.071762	0	T:1.0(9.09%),B:1.0(0.06%),P:1e-2	Tpos:17.0,Tstd:0.0,Bpos:33.0,Bstd:0.0,StrandBias:-10.0,Multiplicity:1.00
0.100	0.100	0.700	0.100
0.100	0.700	0.100	0.100
0.100	0.700	0.100	0.100
0.700	0.100	0.100	0.100
0.100	0.100	0.700	0.100
0.700	0.100	0.100	0.100
0.700	0.100	0.100	0.100
0.100	0.700	0.100	0.100
0.700	0.100	0.100	0.100
0.100	0.700	0.100	0.100
