>AGGGGACAGAGG	1-AGGGGACAGAGG	8.308727	-13.432337	0	T:6.0(54.55%),B:69.0(3.95%),P:1e-5	Tpos:56.4,Tstd:25.6,Bpos:53.9,Bstd:23.3,StrandBias:1.3,Multiplicity:1.17
0.989	0.001	0.001	0.009
0.001	0.001	0.838	0.160
0.171	0.001	0.667	0.161
0.334	0.001	0.494	0.171
0.010	0.161	0.828	0.001
0.667	0.161	0.001	0.171
0.161	0.496	0.181	0.161
0.516	0.001	0.322	0.161
0.001	0.322	0.676	0.001
0.828	0.001	0.170	0.001
0.322	0.001	0.516	0.161
0.322	0.001	0.676	0.001
>GAGCTGKCYCTC	2-GAGCTGKCYCTC	8.952091	-10.692237	0	T:4.0(36.36%),B:29.0(1.66%),P:1e-4	Tpos:62.2,Tstd:22.4,Bpos:48.0,Bstd:22.1,StrandBias:2.3,Multiplicity:1.50
0.237	0.001	0.761	0.001
0.725	0.001	0.273	0.001
0.238	0.001	0.523	0.238
0.001	0.960	0.038	0.001
0.237	0.001	0.001	0.761
0.238	0.001	0.523	0.238
0.001	0.001	0.476	0.522
0.001	0.956	0.042	0.001
0.001	0.476	0.043	0.480
0.001	0.997	0.001	0.001
0.238	0.238	0.001	0.523
0.001	0.761	0.237	0.001
>AGGCAGTGCCCC	3-AGGCAGTGCCCC	9.082751	-10.559866	0	T:4.0(36.36%),B:30.0(1.72%),P:1e-4	Tpos:56.0,Tstd:27.7,Bpos:51.1,Bstd:22.3,StrandBias:-1.6,Multiplicity:1.00
0.761	0.001	0.237	0.001
0.238	0.238	0.523	0.001
0.001	0.238	0.523	0.238
0.001	0.997	0.001	0.001
0.997	0.001	0.001	0.001
0.285	0.001	0.476	0.238
0.001	0.001	0.237	0.761
0.238	0.001	0.523	0.238
0.001	0.523	0.238	0.238
0.001	0.997	0.001	0.001
0.238	0.523	0.001	0.238
0.237	0.761	0.001	0.001
>CCCACAGTCACS	4-CCCACAGTCACS	8.156984	-10.369161	0	T:5.0(45.45%),B:67.0(3.83%),P:1e-4	Tpos:30.0,Tstd:20.7,Bpos:48.2,Bstd:22.7,StrandBias:-2.3,Multiplicity:1.20
0.161	0.829	0.001	0.009
0.001	0.989	0.001	0.009
0.001	0.829	0.001	0.169
0.516	0.322	0.001	0.161
0.001	0.838	0.160	0.001
0.676	0.322	0.001	0.001
0.001	0.160	0.838	0.001
0.161	0.161	0.161	0.517
0.001	0.645	0.001	0.353
0.677	0.001	0.161	0.161
0.161	0.677	0.161	0.001
0.161	0.354	0.323	0.161
>HCTGGARWAGAG	5-HCTGGARWAGAG	8.332637	-5.265575	0	T:3.0(27.27%),B:59.0(3.37%),P:1e-2	Tpos:35.0,Tstd:13.6,Bpos:51.7,Bstd:26.6,StrandBias:1.6,Multiplicity:1.33
0.212	0.355	0.177	0.255
0.001	0.997	0.001	0.001
0.255	0.177	0.001	0.567
0.001	0.001	0.822	0.176
0.001	0.177	0.744	0.078
0.744	0.001	0.254	0.001
0.355	0.177	0.467	0.001
0.355	0.001	0.177	0.467
0.645	0.001	0.177	0.177
0.001	0.176	0.822	0.001
0.645	0.001	0.177	0.177
0.001	0.001	0.997	0.001
