>CTCTGTGTGGGT	1-CTCTGTGTGGGT	13.202386	-24.071308	0	T:4.0(36.36%),B:1.0(0.06%),P:1e-10	Tpos:35.5,Tstd:35.4,Bpos:89.0,Bstd:0.0,StrandBias:1.6,Multiplicity:1.00
0.001	0.625	0.001	0.373
0.313	0.010	0.001	0.676
0.001	0.997	0.001	0.001
0.001	0.001	0.001	0.997
0.001	0.001	0.997	0.001
0.001	0.001	0.009	0.989
0.001	0.001	0.625	0.373
0.001	0.001	0.312	0.686
0.001	0.010	0.676	0.313
0.001	0.001	0.997	0.001
0.001	0.001	0.997	0.001
0.001	0.001	0.001	0.997
>YKTWYKCAGCMM	2-YKTWYKCAGCMM	10.205134	-21.301922	0	T:4.0(36.36%),B:2.0(0.11%),P:1e-9	Tpos:73.5,Tstd:11.0,Bpos:40.0,Bstd:27.0,StrandBias:0.0,Multiplicity:1.00
0.001	0.455	0.089	0.455
0.001	0.001	0.454	0.544
0.001	0.001	0.001	0.997
0.485	0.030	0.001	0.485
0.029	0.455	0.001	0.515
0.001	0.001	0.514	0.484
0.001	0.997	0.001	0.001
0.969	0.029	0.001	0.001
0.001	0.001	0.997	0.001
0.001	0.969	0.029	0.001
0.544	0.454	0.001	0.001
0.544	0.454	0.001	0.001
>CCTGCYYGTGAG	3-CCTGCYYGTGAG	9.003527	-10.692237	0	T:4.0(36.36%),B:29.0(1.66%),P:1e-4	Tpos:49.2,Tstd:30.8,Bpos:47.3,Bstd:26.3,StrandBias:1.6,Multiplicity:1.00
0.001	0.997	0.001	0.001
0.001	0.997	0.001	0.001
0.001	0.175	0.001	0.823
0.176	0.176	0.473	0.176
0.001	0.997	0.001	0.001
0.001	0.473	0.175	0.351
0.175	0.351	0.001	0.473
0.088	0.351	0.560	0.001
0.351	0.001	0.088	0.560
0.087	0.001	0.911	0.001
0.649	0.175	0.001	0.175
0.210	0.176	0.526	0.088
>ATGTTTTTCTGG	4-ATGTTTTTCTGG	14.985633	-5.071762	0	T:1.0(9.09%),B:0.0(0.00%),P:1e-2	Tpos:10.0,Tstd:0.0,Bpos:0.0,Bstd:0.0,StrandBias:10.0,Multiplicity:1.00
0.666	0.001	0.332	0.001
0.001	0.001	0.001	0.997
0.001	0.001	0.997	0.001
0.001	0.001	0.001	0.997
0.001	0.001	0.001	0.997
0.001	0.001	0.001	0.997
0.001	0.001	0.001	0.997
0.001	0.001	0.332	0.666
0.001	0.666	0.001	0.332
0.001	0.001	0.001	0.997
0.001	0.001	0.997	0.001
0.332	0.001	0.666	0.001
>CCCCAGCATCCC	5-CCCCAGCATCCC	12.355432	-4.381471	0	T:1.0(9.09%),B:2.0(0.11%),P:1e-1	Tpos:71.0,Tstd:0.0,Bpos:17.0,Bstd:9.0,StrandBias:-10.0,Multiplicity:1.00
0.100	0.700	0.100	0.100
0.100	0.700	0.100	0.100
0.100	0.700	0.100	0.100
0.100	0.700	0.100	0.100
0.700	0.100	0.100	0.100
0.100	0.100	0.700	0.100
0.100	0.700	0.100	0.100
0.700	0.100	0.100	0.100
0.100	0.100	0.100	0.700
0.100	0.700	0.100	0.100
0.100	0.700	0.100	0.100
0.100	0.700	0.100	0.100
