>CTTCCTGAGT	1-CTTCCTGAGT	7.816600	-10.421042	0	T:3.0(27.27%),B:10.0(0.57%),P:1e-4	Tpos:64.8,Tstd:33.4,Bpos:60.5,Bstd:25.8,StrandBias:10.0,Multiplicity:1.67
0.001	0.997	0.001	0.001
0.001	0.001	0.001	0.997
0.075	0.001	0.001	0.923
0.001	0.997	0.001	0.001
0.152	0.846	0.001	0.001
0.001	0.001	0.001	0.997
0.001	0.001	0.997	0.001
0.997	0.001	0.001	0.001
0.001	0.212	0.786	0.001
0.001	0.001	0.001	0.997
>KGKAGCSMYW	2-KGKAGCSMYW	7.234739	-9.441541	0	T:4.0(36.36%),B:40.0(2.29%),P:1e-4	Tpos:30.0,Tstd:21.7,Bpos:52.5,Bstd:26.5,StrandBias:0.0,Multiplicity:1.00
0.001	0.001	0.495	0.503
0.001	0.001	0.997	0.001
0.001	0.040	0.504	0.455
0.997	0.001	0.001	0.001
0.001	0.001	0.997	0.001
0.089	0.909	0.001	0.001
0.040	0.504	0.455	0.001
0.455	0.504	0.040	0.001
0.040	0.455	0.001	0.504
0.462	0.001	0.001	0.536
>CCTTTGTCAG	3-CCTTTGTCAG	10.101647	-8.739333	0	T:2.0(18.18%),B:3.0(0.17%),P:1e-3	Tpos:39.0,Tstd:5.0,Bpos:33.0,Bstd:7.3,StrandBias:10.0,Multiplicity:1.00
0.001	0.835	0.163	0.001
0.001	0.997	0.001	0.001
0.001	0.054	0.001	0.944
0.001	0.001	0.001	0.997
0.001	0.001	0.001	0.997
0.001	0.001	0.997	0.001
0.001	0.001	0.001	0.997
0.001	0.835	0.001	0.163
0.944	0.001	0.054	0.001
0.001	0.001	0.997	0.001
>TGTGTGTGTG	4-TGTGTGTGTG	0.023396	-5.527398	0	T:4.0(36.36%),B:113.0(6.46%),P:1e-2	Tpos:36.9,Tstd:11.7,Bpos:48.5,Bstd:27.8,StrandBias:10.0,Multiplicity:1.00
0.001	0.001	0.001	0.997
0.001	0.001	0.997	0.001
0.001	0.001	0.001	0.997
0.001	0.001	0.997	0.001
0.213	0.001	0.001	0.785
0.001	0.001	0.997	0.001
0.001	0.001	0.001	0.997
0.001	0.001	0.997	0.001
0.001	0.001	0.001	0.997
0.001	0.001	0.997	0.001
>NNNNNNNNNN	5-NNNNNNNNNN	-nan	0.000000	0	T:0.0(0.00%),B:0.0(0.00%),P:1e0	Tpos:0.0,Tstd:0.0,Bpos:0.0,Bstd:0.0,StrandBias:0.0,Multiplicity:1.00
-nan	-nan	-nan	-nan
-nan	-nan	-nan	-nan
-nan	-nan	-nan	-nan
-nan	-nan	-nan	-nan
-nan	-nan	-nan	-nan
-nan	-nan	-nan	-nan
-nan	-nan	-nan	-nan
-nan	-nan	-nan	-nan
-nan	-nan	-nan	-nan
-nan	-nan	-nan	-nan
