>TCCAGGCTGAAA	1-TCCAGGCTGAAA	11.086220	-22.699902	0	T:5.0(16.13%),B:3.0(0.10%),P:1e-9	Tpos:46.0,Tstd:23.9,Bpos:45.7,Bstd:34.2,StrandBias:0.6,Multiplicity:1.00
0.022	0.001	0.001	0.976
0.001	0.997	0.001	0.001
0.237	0.760	0.001	0.002
0.997	0.001	0.001	0.001
0.001	0.001	0.762	0.236
0.001	0.237	0.737	0.025
0.001	0.997	0.001	0.001
0.001	0.001	0.001	0.997
0.001	0.046	0.716	0.237
0.762	0.001	0.001	0.236
0.713	0.237	0.001	0.049
0.502	0.260	0.237	0.001
>MGCTGTCCACTG	2-MGCTGTCCACTG	10.750443	-21.822393	0	T:4.0(12.90%),B:1.0(0.03%),P:1e-9	Tpos:47.2,Tstd:14.4,Bpos:64.0,Bstd:0.0,StrandBias:0.0,Multiplicity:1.00
0.486	0.512	0.001	0.001
0.001	0.001	0.749	0.249
0.001	0.997	0.001	0.001
0.001	0.236	0.001	0.762
0.001	0.236	0.762	0.001
0.001	0.001	0.236	0.762
0.001	0.997	0.001	0.001
0.001	0.749	0.001	0.249
0.525	0.237	0.001	0.237
0.237	0.750	0.012	0.001
0.013	0.237	0.237	0.513
0.001	0.012	0.986	0.001
>CYAAATTCCCAS	3-CYAAATTCCCAS	9.335427	-15.725089	0	T:3.0(9.68%),B:0.0(0.00%),P:1e-6	Tpos:65.8,Tstd:28.4,Bpos:0.0,Bstd:0.0,StrandBias:1.6,Multiplicity:1.33
0.001	0.950	0.001	0.048
0.001	0.548	0.001	0.450
0.997	0.001	0.001	0.001
0.997	0.001	0.001	0.001
0.997	0.001	0.001	0.001
0.001	0.001	0.001	0.997
0.001	0.001	0.001	0.997
0.001	0.997	0.001	0.001
0.001	0.950	0.001	0.048
0.001	0.997	0.001	0.001
0.997	0.001	0.001	0.001
0.001	0.548	0.450	0.001
>AGACATTGTCTG	4-AGACATTGTCTG	9.021269	-12.750421	0	T:6.0(19.35%),B:41.0(1.32%),P:1e-5	Tpos:75.8,Tstd:25.2,Bpos:48.3,Bstd:23.8,StrandBias:-0.7,Multiplicity:1.00
0.762	0.001	0.236	0.001
0.236	0.001	0.762	0.001
0.525	0.001	0.237	0.237
0.001	0.997	0.001	0.001
0.762	0.236	0.001	0.001
0.236	0.001	0.001	0.762
0.001	0.001	0.001	0.997
0.236	0.001	0.762	0.001
0.001	0.001	0.236	0.762
0.001	0.762	0.001	0.236
0.001	0.001	0.001	0.997
0.001	0.288	0.474	0.237
>ACTCAGAAGCAC	5-ACTCAGAAGCAC	9.300411	-8.570128	0	T:2.0(6.45%),B:2.0(0.06%),P:1e-3	Tpos:46.8,Tstd:17.3,Bpos:85.5,Bstd:0.5,StrandBias:2.0,Multiplicity:2.50
0.997	0.001	0.001	0.001
0.001	0.834	0.160	0.005
0.079	0.001	0.001	0.919
0.001	0.997	0.001	0.001
0.997	0.001	0.001	0.001
0.001	0.001	0.997	0.001
0.997	0.001	0.001	0.001
0.838	0.001	0.160	0.001
0.001	0.001	0.997	0.001
0.001	0.821	0.177	0.001
0.901	0.001	0.097	0.001
0.177	0.821	0.001	0.001
