>TACACGGTTA	1-TACACGGTTA	12.329821	-12.442743	0	T:3.0(9.68%),B:3.0(0.10%),P:1e-5	Tpos:71.0,Tstd:15.6,Bpos:24.0,Bstd:14.9,StrandBias:-10.0,Multiplicity:1.00
0.001	0.001	0.001	0.997
0.997	0.001	0.001	0.001
0.001	0.997	0.001	0.001
0.997	0.001	0.001	0.001
0.332	0.666	0.001	0.001
0.001	0.001	0.997	0.001
0.001	0.001	0.997	0.001
0.001	0.001	0.001	0.997
0.001	0.001	0.332	0.666
0.997	0.001	0.001	0.001
>AGATGCTCAA	2-AGATGCTCAA	7.359185	-9.971305	0	T:4.0(12.90%),B:20.0(0.64%),P:1e-4	Tpos:61.2,Tstd:9.8,Bpos:49.0,Bstd:25.7,StrandBias:1.6,Multiplicity:1.00
0.997	0.001	0.001	0.001
0.001	0.001	0.997	0.001
0.821	0.001	0.177	0.001
0.001	0.001	0.029	0.969
0.053	0.001	0.945	0.001
0.001	0.945	0.001	0.053
0.001	0.001	0.001	0.997
0.001	0.997	0.001	0.001
0.821	0.001	0.001	0.177
0.997	0.001	0.001	0.001
>CYCTCMCTKG	3-CYCTCMCTKG	7.627795	-9.511077	0	T:6.0(19.35%),B:73.0(2.35%),P:1e-4	Tpos:45.1,Tstd:31.2,Bpos:48.8,Bstd:30.9,StrandBias:0.0,Multiplicity:1.33
0.001	0.997	0.001	0.001
0.001	0.518	0.001	0.480
0.001	0.997	0.001	0.001
0.001	0.001	0.001	0.997
0.001	0.997	0.001	0.001
0.545	0.419	0.001	0.035
0.001	0.997	0.001	0.001
0.396	0.001	0.001	0.602
0.001	0.001	0.518	0.480
0.001	0.040	0.958	0.001
>CRCCCACWCC	4-CRCCCACWCC	9.785327	-6.371087	0	T:4.0(12.90%),B:52.0(1.67%),P:1e-2	Tpos:37.6,Tstd:21.0,Bpos:50.9,Bstd:26.9,StrandBias:-1.4,Multiplicity:2.75
0.306	0.692	0.001	0.001
0.441	0.001	0.557	0.001
0.001	0.692	0.306	0.001
0.250	0.748	0.001	0.001
0.001	0.997	0.001	0.001
0.997	0.001	0.001	0.001
0.001	0.997	0.001	0.001
0.557	0.001	0.001	0.441
0.001	0.997	0.001	0.001
0.001	0.997	0.001	0.001
>AGGGAGGGAG	5-AGGGAGGGAG	10.296193	-2.454917	0	T:1.0(3.23%),B:9.0(0.29%),P:1e-1	Tpos:68.4,Tstd:9.7,Bpos:39.6,Bstd:26.2,StrandBias:-10.0,Multiplicity:2.00
0.700	0.100	0.100	0.100
0.100	0.100	0.700	0.100
0.100	0.100	0.700	0.100
0.100	0.100	0.700	0.100
0.700	0.100	0.100	0.100
0.100	0.100	0.700	0.100
0.100	0.100	0.700	0.100
0.100	0.100	0.700	0.100
0.700	0.100	0.100	0.100
0.100	0.100	0.700	0.100
