>ATAAAAGGGC	1-ATAAAAGGGC	11.873576	-19.056745	0	T:4.0(12.90%),B:2.0(0.06%),P:1e-8	Tpos:37.5,Tstd:19.5,Bpos:34.5,Bstd:11.5,StrandBias:-1.6,Multiplicity:1.00
0.997	0.001	0.001	0.001
0.001	0.001	0.249	0.749
0.749	0.001	0.249	0.001
0.997	0.001	0.001	0.001
0.997	0.001	0.001	0.001
0.997	0.001	0.001	0.001
0.001	0.001	0.997	0.001
0.001	0.001	0.997	0.001
0.001	0.001	0.997	0.001
0.001	0.749	0.001	0.249
>GCCTTGAGCA	2-GCCTTGAGCA	8.467921	-16.492884	0	T:7.0(22.58%),B:37.0(1.19%),P:1e-7	Tpos:42.2,Tstd:34.1,Bpos:56.9,Bstd:26.1,StrandBias:-3.0,Multiplicity:1.29
0.001	0.001	0.856	0.142
0.001	0.993	0.001	0.005
0.253	0.461	0.143	0.143
0.001	0.001	0.001	0.997
0.149	0.001	0.148	0.702
0.142	0.001	0.856	0.001
0.849	0.001	0.149	0.001
0.001	0.142	0.856	0.001
0.142	0.856	0.001	0.001
0.604	0.252	0.001	0.143
>SRACCACACA	3-SRACCACACA	7.727440	-15.159993	0	T:6.0(19.35%),B:27.0(0.87%),P:1e-6	Tpos:42.5,Tstd:25.1,Bpos:53.7,Bstd:27.0,StrandBias:0.0,Multiplicity:1.00
0.001	0.505	0.467	0.027
0.504	0.001	0.494	0.001
0.613	0.001	0.385	0.001
0.001	0.997	0.001	0.001
0.001	0.997	0.001	0.001
0.972	0.026	0.001	0.001
0.385	0.613	0.001	0.001
0.997	0.001	0.001	0.001
0.001	0.997	0.001	0.001
0.972	0.026	0.001	0.001
>TAGGARTGAC	4-TAGGARTGAC	6.221924	-13.805162	0	T:11.0(35.48%),B:187.0(6.01%),P:1e-5	Tpos:50.1,Tstd:27.3,Bpos:48.2,Bstd:26.3,StrandBias:0.3,Multiplicity:1.00
0.122	0.122	0.252	0.504
0.626	0.252	0.001	0.121
0.126	0.001	0.869	0.004
0.130	0.126	0.622	0.122
0.634	0.001	0.364	0.001
0.490	0.001	0.508	0.001
0.004	0.121	0.001	0.874
0.001	0.251	0.747	0.001
0.748	0.121	0.130	0.001
0.255	0.743	0.001	0.001
>AACGCCCATG	5-AACGCCCATG	11.490573	-9.950215	0	T:2.0(6.45%),B:0.0(0.00%),P:1e-4	Tpos:59.2,Tstd:30.1,Bpos:0.0,Bstd:0.0,StrandBias:2.0,Multiplicity:2.50
0.997	0.001	0.001	0.001
0.799	0.001	0.001	0.199
0.001	0.997	0.001	0.001
0.200	0.001	0.599	0.200
0.001	0.997	0.001	0.001
0.001	0.997	0.001	0.001
0.001	0.997	0.001	0.001
0.997	0.001	0.001	0.001
0.199	0.001	0.001	0.799
0.001	0.001	0.997	0.001
