>CTTGGCCC	1-CTTGGCCC	6.873104	-15.354163	0	T:11.0(35.48%),B:160.0(5.14%),P:1e-6	Tpos:55.4,Tstd:24.4,Bpos:51.3,Bstd:27.8,StrandBias:0.0,Multiplicity:1.09
0.001	0.810	0.188	0.001
0.001	0.163	0.001	0.835
0.131	0.001	0.001	0.867
0.001	0.001	0.997	0.001
0.144	0.001	0.854	0.001
0.001	0.899	0.099	0.001
0.001	0.916	0.001	0.082
0.001	0.916	0.001	0.082
>CCAGGTRA	2-CCAGGTRA	7.379543	-12.904995	0	T:10.0(32.26%),B:163.0(5.24%),P:1e-5	Tpos:40.8,Tstd:20.3,Bpos:49.2,Bstd:26.4,StrandBias:-0.5,Multiplicity:1.20
0.306	0.692	0.001	0.001
0.001	0.810	0.001	0.188
0.923	0.001	0.001	0.075
0.001	0.001	0.900	0.098
0.123	0.001	0.875	0.001
0.238	0.001	0.148	0.613
0.503	0.001	0.403	0.093
0.657	0.001	0.243	0.099
>GACTCCAT	3-GACTCCAT	7.187239	-11.188024	0	T:6.0(19.35%),B:54.0(1.74%),P:1e-4	Tpos:57.8,Tstd:25.4,Bpos:53.4,Bstd:24.0,StrandBias:-0.6,Multiplicity:1.67
0.122	0.001	0.876	0.001
0.997	0.001	0.001	0.001
0.001	0.850	0.148	0.001
0.001	0.001	0.001	0.997
0.158	0.707	0.001	0.134
0.001	0.997	0.001	0.001
0.997	0.001	0.001	0.001
0.001	0.001	0.001	0.997
>GCTAATAT	4-GCTAATAT	5.400259	-5.375722	0	T:7.0(22.58%),B:216.0(6.94%),P:1e-2	Tpos:50.1,Tstd:23.2,Bpos:44.6,Bstd:26.2,StrandBias:-0.3,Multiplicity:1.57
0.001	0.001	0.997	0.001
0.001	0.698	0.001	0.300
0.001	0.001	0.001	0.997
0.678	0.320	0.001	0.001
0.620	0.378	0.001	0.001
0.001	0.001	0.004	0.994
0.674	0.001	0.324	0.001
0.066	0.001	0.001	0.932
>TTTATTAT	5-TTTATTAT	6.291044	-4.791682	0	T:6.0(19.35%),B:182.0(5.85%),P:1e-2	Tpos:38.4,Tstd:25.6,Bpos:55.2,Bstd:29.0,StrandBias:10.0,Multiplicity:1.33
0.100	0.100	0.100	0.700
0.100	0.100	0.100	0.700
0.100	0.100	0.100	0.700
0.700	0.100	0.100	0.100
0.100	0.100	0.100	0.700
0.100	0.100	0.100	0.700
0.700	0.100	0.100	0.100
0.100	0.100	0.100	0.700
