>CTCAATGC	1-CTCAATGC	6.851982	-15.099789	0	T:10.0(32.26%),B:128.0(4.11%),P:1e-6	Tpos:52.8,Tstd:29.5,Bpos:50.8,Bstd:29.3,StrandBias:0.3,Multiplicity:1.10
0.001	0.865	0.001	0.133
0.001	0.001	0.001	0.997
0.001	0.997	0.001	0.001
0.803	0.195	0.001	0.001
0.788	0.070	0.001	0.141
0.100	0.001	0.001	0.898
0.001	0.001	0.997	0.001
0.117	0.760	0.122	0.001
>AATGCAGG	2-AATGCAGG	7.625777	-14.544214	0	T:10.0(32.26%),B:136.0(4.37%),P:1e-6	Tpos:53.4,Tstd:25.4,Bpos:52.5,Bstd:28.7,StrandBias:-1.4,Multiplicity:1.10
0.872	0.001	0.126	0.001
0.918	0.001	0.080	0.001
0.075	0.001	0.001	0.923
0.001	0.126	0.872	0.001
0.001	0.904	0.094	0.001
0.997	0.001	0.001	0.001
0.001	0.001	0.860	0.138
0.122	0.106	0.771	0.001
>CTTTTCTG	3-CTTTTCTG	7.825284	-12.292640	0	T:9.0(29.03%),B:135.0(4.34%),P:1e-5	Tpos:52.0,Tstd:29.6,Bpos:48.1,Bstd:26.4,StrandBias:-0.3,Multiplicity:1.22
0.001	0.997	0.001	0.001
0.117	0.084	0.001	0.798
0.001	0.032	0.096	0.871
0.001	0.001	0.001	0.997
0.001	0.001	0.001	0.997
0.147	0.759	0.093	0.001
0.095	0.001	0.001	0.903
0.139	0.001	0.769	0.091
>GCGCATKC	4-GCGCATKC	7.651363	-9.783081	0	T:4.0(12.90%),B:21.0(0.67%),P:1e-4	Tpos:52.5,Tstd:29.5,Bpos:52.8,Bstd:25.8,StrandBias:0.0,Multiplicity:1.50
0.001	0.189	0.809	0.001
0.001	0.588	0.141	0.270
0.221	0.001	0.583	0.195
0.001	0.997	0.001	0.001
0.935	0.063	0.001	0.001
0.001	0.069	0.080	0.850
0.001	0.126	0.366	0.507
0.085	0.760	0.154	0.001
>GCGAGCGA	5-GCGAGCGA	5.605656	-8.111106	0	T:3.0(9.68%),B:13.0(0.42%),P:1e-3	Tpos:78.6,Tstd:29.7,Bpos:66.3,Bstd:16.9,StrandBias:-0.3,Multiplicity:1.00
0.001	0.001	0.997	0.001
0.001	0.997	0.001	0.001
0.001	0.001	0.997	0.001
0.850	0.148	0.001	0.001
0.001	0.001	0.997	0.001
0.001	0.970	0.001	0.028
0.001	0.001	0.997	0.001
0.821	0.177	0.001	0.001
