>TCCCCGGG	1-TCCCCGGG	4.978402	-17.347860	0	T:18.0(81.82%),B:666.0(24.68%),P:1e-7	Tpos:41.9,Tstd:27.0,Bpos:50.7,Bstd:27.1,StrandBias:-0.2,Multiplicity:1.33
0.116	0.111	0.079	0.694
0.056	0.791	0.061	0.092
0.188	0.723	0.001	0.088
0.001	0.966	0.001	0.032
0.142	0.558	0.141	0.159
0.205	0.001	0.664	0.130
0.001	0.127	0.770	0.102
0.027	0.024	0.851	0.098
>AAATGAAG	2-AAATGAAG	8.347171	-11.922431	0	T:6.0(27.27%),B:60.0(2.22%),P:1e-5	Tpos:59.3,Tstd:19.4,Bpos:51.6,Bstd:29.2,StrandBias:-10.0,Multiplicity:1.17
0.997	0.001	0.001	0.001
0.997	0.001	0.001	0.001
0.997	0.001	0.001	0.001
0.001	0.001	0.256	0.742
0.001	0.001	0.997	0.001
0.742	0.001	0.256	0.001
0.997	0.001	0.001	0.001
0.001	0.001	0.997	0.001
>AAAAACCC	3-AAAAACCC	6.959111	-11.869940	0	T:5.0(22.73%),B:34.0(1.26%),P:1e-5	Tpos:47.8,Tstd:15.4,Bpos:60.5,Bstd:27.6,StrandBias:1.0,Multiplicity:1.00
0.997	0.001	0.001	0.001
0.997	0.001	0.001	0.001
0.997	0.001	0.001	0.001
0.997	0.001	0.001	0.001
0.929	0.069	0.001	0.001
0.069	0.929	0.001	0.001
0.001	0.929	0.069	0.001
0.001	0.725	0.273	0.001
>GSGCCCSK	4-GSGCCCSK	5.674644	-7.770765	0	T:6.0(27.27%),B:127.0(4.71%),P:1e-3	Tpos:44.1,Tstd:23.2,Bpos:49.7,Bstd:27.1,StrandBias:0.6,Multiplicity:1.33
0.165	0.021	0.813	0.001
0.009	0.517	0.473	0.001
0.263	0.001	0.520	0.216
0.001	0.744	0.254	0.001
0.001	0.686	0.312	0.001
0.001	0.591	0.313	0.095
0.093	0.439	0.467	0.001
0.093	0.001	0.483	0.423
>GTGGSTCS	5-GTGGSTCS	5.415896	-6.192993	0	T:9.0(40.91%),B:384.0(14.23%),P:1e-2	Tpos:46.3,Tstd:28.5,Bpos:49.5,Bstd:26.3,StrandBias:3.3,Multiplicity:1.22
0.001	0.001	0.849	0.149
0.204	0.034	0.238	0.524
0.001	0.359	0.591	0.049
0.001	0.001	0.878	0.120
0.001	0.475	0.523	0.001
0.001	0.001	0.001	0.997
0.001	0.843	0.001	0.155
0.203	0.388	0.408	0.001
