>MATACGTTWTTS	1-MATACGTTWTTS	11.756463	-22.708719	0	T:4.0(18.18%),B:0.0(0.00%),P:1e-9	Tpos:32.0,Tstd:9.4,Bpos:0.0,Bstd:0.0,StrandBias:0.0,Multiplicity:1.00
0.499	0.499	0.001	0.001
0.500	0.250	0.250	0.001
0.001	0.001	0.001	0.997
0.997	0.001	0.001	0.001
0.001	0.997	0.001	0.001
0.001	0.001	0.997	0.001
0.001	0.001	0.001	0.997
0.250	0.001	0.250	0.500
0.499	0.001	0.001	0.499
0.001	0.001	0.001	0.997
0.001	0.001	0.001	0.997
0.001	0.499	0.499	0.001
>WKCYMCAGCMCY	2-WKCYMCAGCMCY	7.859984	-12.162505	0	T:5.0(22.73%),B:32.0(1.19%),P:1e-5	Tpos:47.6,Tstd:29.9,Bpos:50.0,Bstd:25.3,StrandBias:-10.0,Multiplicity:1.00
0.546	0.001	0.001	0.452
0.001	0.085	0.461	0.453
0.001	0.997	0.001	0.001
0.001	0.546	0.001	0.452
0.461	0.537	0.001	0.001
0.001	0.997	0.001	0.001
0.997	0.001	0.001	0.001
0.001	0.002	0.996	0.001
0.001	0.997	0.001	0.001
0.452	0.546	0.001	0.001
0.001	0.956	0.001	0.042
0.001	0.503	0.001	0.495
>CCCTGGGGGAAG	3-CCCTGGGGGAAG	12.895697	-11.559351	0	T:3.0(13.64%),B:5.0(0.19%),P:1e-5	Tpos:56.8,Tstd:20.7,Bpos:47.3,Bstd:25.3,StrandBias:-1.6,Multiplicity:1.33
0.001	0.997	0.001	0.001
0.001	0.997	0.001	0.001
0.001	0.997	0.001	0.001
0.001	0.001	0.001	0.997
0.001	0.001	0.997	0.001
0.001	0.001	0.624	0.374
0.001	0.001	0.997	0.001
0.001	0.001	0.624	0.374
0.001	0.001	0.997	0.001
0.997	0.001	0.001	0.001
0.748	0.001	0.001	0.250
0.001	0.001	0.748	0.250
>TCAVAGGCAGGG	4-TCAVAGGCAGGG	12.358702	-11.017667	0	T:3.0(13.64%),B:6.0(0.22%),P:1e-4	Tpos:38.0,Tstd:4.6,Bpos:36.3,Bstd:25.0,StrandBias:1.6,Multiplicity:1.33
0.001	0.001	0.375	0.623
0.001	0.629	0.369	0.001
0.687	0.311	0.001	0.001
0.311	0.356	0.331	0.001
0.687	0.001	0.311	0.001
0.001	0.001	0.997	0.001
0.001	0.044	0.954	0.001
0.001	0.997	0.001	0.001
0.992	0.001	0.001	0.006
0.001	0.001	0.997	0.001
0.311	0.001	0.687	0.001
0.001	0.001	0.997	0.001
>GGAAGGCATCCC	5-GGAAGGCATCCC	13.593323	-10.363055	0	T:2.0(9.09%),B:0.0(0.00%),P:1e-4	Tpos:74.0,Tstd:10.7,Bpos:0.0,Bstd:0.0,StrandBias:1.0,Multiplicity:1.00
0.001	0.001	0.997	0.001
0.001	0.001	0.997	0.001
0.997	0.001	0.001	0.001
0.997	0.001	0.001	0.001
0.332	0.001	0.666	0.001
0.332	0.001	0.666	0.001
0.001	0.666	0.332	0.001
0.997	0.001	0.001	0.001
0.001	0.001	0.001	0.997
0.001	0.666	0.332	0.001
0.001	0.997	0.001	0.001
0.001	0.997	0.001	0.001
