>TGTGAGCAAC	1-TGTGAGCAAC	7.021859	-16.292322	0	T:4.0(18.18%),B:5.0(0.19%),P:1e-7	Tpos:37.5,Tstd:23.7,Bpos:67.5,Bstd:18.9,StrandBias:-1.6,Multiplicity:1.00
0.001	0.001	0.001	0.997
0.001	0.001	0.997	0.001
0.001	0.001	0.001	0.997
0.114	0.057	0.828	0.001
0.827	0.001	0.171	0.001
0.001	0.001	0.997	0.001
0.001	0.997	0.001	0.001
0.997	0.001	0.001	0.001
0.997	0.001	0.001	0.001
0.056	0.942	0.001	0.001
>TGSAGCWGCT	2-TGSAGCWGCT	6.527219	-13.983231	0	T:5.0(22.73%),B:22.0(0.82%),P:1e-6	Tpos:64.8,Tstd:25.3,Bpos:53.0,Bstd:23.0,StrandBias:0.6,Multiplicity:1.00
0.001	0.001	0.001	0.997
0.001	0.001	0.997	0.001
0.001	0.514	0.484	0.001
0.997	0.001	0.001	0.001
0.001	0.001	0.997	0.001
0.033	0.965	0.001	0.001
0.484	0.001	0.067	0.448
0.001	0.001	0.997	0.001
0.001	0.584	0.001	0.414
0.001	0.001	0.001	0.997
>TCAAAGCTTY	3-TCAAAGCTTY	10.985281	-11.559351	0	T:3.0(13.64%),B:5.0(0.19%),P:1e-5	Tpos:40.5,Tstd:10.3,Bpos:48.6,Bstd:22.9,StrandBias:10.0,Multiplicity:1.33
0.251	0.194	0.001	0.554
0.001	0.997	0.001	0.001
0.748	0.250	0.001	0.001
0.997	0.001	0.001	0.001
0.997	0.001	0.001	0.001
0.001	0.001	0.997	0.001
0.001	0.997	0.001	0.001
0.001	0.250	0.001	0.748
0.001	0.001	0.001	0.997
0.001	0.553	0.001	0.445
>GCGTCCCCGG	4-GCGTCCCCGG	11.337149	-8.175708	0	T:2.0(9.09%),B:3.0(0.11%),P:1e-3	Tpos:24.0,Tstd:16.0,Bpos:60.3,Bstd:26.9,StrandBias:0.0,Multiplicity:1.00
0.001	0.001	0.997	0.001
0.001	0.997	0.001	0.001
0.001	0.399	0.599	0.001
0.001	0.001	0.001	0.997
0.001	0.799	0.199	0.001
0.001	0.799	0.001	0.199
0.001	0.997	0.001	0.001
0.399	0.599	0.001	0.001
0.001	0.001	0.799	0.199
0.001	0.001	0.997	0.001
>CTCTCTCTCT	5-CTCTCTCTCT	13.694338	-4.666048	0	T:2.0(9.09%),B:18.0(0.67%),P:1e-2	Tpos:39.7,Tstd:5.8,Bpos:48.2,Bstd:27.6,StrandBias:0.4,Multiplicity:1.00
0.001	0.997	0.001	0.001
0.001	0.001	0.001	0.997
0.001	0.997	0.001	0.001
0.001	0.001	0.001	0.997
0.001	0.997	0.001	0.001
0.001	0.001	0.001	0.997
0.001	0.997	0.001	0.001
0.001	0.001	0.001	0.997
0.001	0.868	0.130	0.001
0.001	0.001	0.001	0.997
