>GGAGCAGCTA	1-GGAGCAGCTA	11.873576	-22.708719	0	T:4.0(18.18%),B:1.0(0.04%),P:1e-9	Tpos:39.0,Tstd:31.6,Bpos:76.0,Bstd:0.0,StrandBias:0.0,Multiplicity:1.00
0.001	0.001	0.997	0.001
0.001	0.001	0.749	0.249
0.997	0.001	0.001	0.001
0.001	0.001	0.997	0.001
0.001	0.997	0.001	0.001
0.997	0.001	0.001	0.001
0.001	0.001	0.997	0.001
0.001	0.749	0.249	0.001
0.001	0.001	0.001	0.997
0.749	0.001	0.001	0.249
>GCCCTGCATC	2-GCCCTGCATC	11.755457	-19.941469	0	T:4.0(18.18%),B:2.0(0.07%),P:1e-8	Tpos:60.0,Tstd:13.4,Bpos:80.5,Bstd:10.5,StrandBias:0.0,Multiplicity:1.00
0.001	0.001	0.997	0.001
0.001	0.997	0.001	0.001
0.001	0.997	0.001	0.001
0.001	0.997	0.001	0.001
0.250	0.001	0.250	0.500
0.001	0.001	0.997	0.001
0.001	0.997	0.001	0.001
0.997	0.001	0.001	0.001
0.249	0.001	0.001	0.749
0.001	0.997	0.001	0.001
>GCCWGCMTCA	3-GCCWGCMTCA	6.138265	-12.115544	0	T:6.0(27.27%),B:58.0(2.15%),P:1e-5	Tpos:48.1,Tstd:25.6,Bpos:51.1,Bstd:30.6,StrandBias:-0.4,Multiplicity:1.17
0.001	0.001	0.905	0.093
0.001	0.975	0.023	0.001
0.001	0.997	0.001	0.001
0.452	0.001	0.001	0.546
0.001	0.001	0.997	0.001
0.001	0.973	0.001	0.025
0.452	0.546	0.001	0.001
0.001	0.001	0.001	0.997
0.001	0.997	0.001	0.001
0.981	0.001	0.001	0.017
>SCMKASTCTG	4-SCMKASTCTG	8.497286	-9.506307	0	T:3.0(13.64%),B:10.0(0.37%),P:1e-4	Tpos:49.4,Tstd:11.2,Bpos:52.0,Bstd:22.0,StrandBias:0.6,Multiplicity:1.33
0.001	0.546	0.452	0.001
0.001	0.997	0.001	0.001
0.483	0.515	0.001	0.001
0.001	0.031	0.515	0.453
0.997	0.001	0.001	0.001
0.001	0.452	0.546	0.001
0.001	0.001	0.001	0.997
0.001	0.997	0.001	0.001
0.001	0.001	0.001	0.997
0.001	0.001	0.997	0.001
>AAAACAAACA	5-AAAACAAACA	6.461059	-5.058662	0	T:3.0(13.64%),B:47.0(1.74%),P:1e-2	Tpos:26.7,Tstd:11.9,Bpos:47.4,Bstd:26.4,StrandBias:-2.6,Multiplicity:1.33
0.690	0.045	0.001	0.264
0.903	0.095	0.001	0.001
0.997	0.001	0.001	0.001
0.997	0.001	0.001	0.001
0.001	0.903	0.001	0.095
0.997	0.001	0.001	0.001
0.997	0.001	0.001	0.001
0.997	0.001	0.001	0.001
0.001	0.997	0.001	0.001
0.997	0.001	0.001	0.001
