>CAKTTGSCTT	1-CAKTTGSCTT	6.509367	-21.810963	0	T:8.0(36.36%),B:37.0(1.37%),P:1e-9	Tpos:58.8,Tstd:23.1,Bpos:48.4,Bstd:25.7,StrandBias:-1.2,Multiplicity:1.25
0.001	0.997	0.001	0.001
0.997	0.001	0.001	0.001
0.001	0.001	0.524	0.474
0.237	0.001	0.010	0.752
0.001	0.010	0.010	0.979
0.001	0.001	0.997	0.001
0.001	0.474	0.524	0.001
0.237	0.525	0.001	0.237
0.001	0.237	0.001	0.761
0.001	0.008	0.001	0.990
>GTTGGGCAAT	2-GTTGGGCAAT	7.370579	-19.941469	0	T:4.0(18.18%),B:2.0(0.07%),P:1e-8	Tpos:52.2,Tstd:19.5,Bpos:25.5,Bstd:7.5,StrandBias:-1.6,Multiplicity:1.00
0.001	0.056	0.942	0.001
0.001	0.001	0.001	0.997
0.001	0.056	0.001	0.942
0.001	0.001	0.997	0.001
0.001	0.001	0.997	0.001
0.001	0.001	0.997	0.001
0.001	0.997	0.001	0.001
0.997	0.001	0.001	0.001
0.827	0.001	0.171	0.001
0.001	0.171	0.001	0.827
>GGGCAGGGCC	3-GGGCAGGGCC	6.855482	-13.558715	0	T:5.0(22.73%),B:24.0(0.89%),P:1e-5	Tpos:55.9,Tstd:18.9,Bpos:49.7,Bstd:28.0,StrandBias:-1.3,Multiplicity:1.40
0.001	0.001	0.997	0.001
0.042	0.001	0.956	0.001
0.001	0.001	0.847	0.151
0.001	0.997	0.001	0.001
0.956	0.001	0.042	0.001
0.001	0.001	0.997	0.001
0.001	0.001	0.997	0.001
0.001	0.001	0.997	0.001
0.001	0.804	0.043	0.152
0.001	0.997	0.001	0.001
>CCCTCTTTCC	4-CCCTCTTTCC	8.508584	-13.226701	0	T:7.0(31.82%),B:77.0(2.85%),P:1e-5	Tpos:43.0,Tstd:23.6,Bpos:56.4,Bstd:27.5,StrandBias:0.4,Multiplicity:1.17
0.001	0.997	0.001	0.001
0.181	0.579	0.001	0.239
0.001	0.637	0.181	0.181
0.001	0.130	0.001	0.868
0.001	0.648	0.140	0.211
0.001	0.001	0.001	0.997
0.181	0.105	0.181	0.533
0.001	0.210	0.001	0.788
0.001	0.818	0.180	0.001
0.001	0.893	0.001	0.105
>AGAAGGAATG	5-AGAAGGAATG	10.296193	-4.123852	0	T:1.0(4.55%),B:2.0(0.07%),P:1e-1	Tpos:45.0,Tstd:0.0,Bpos:43.5,Bstd:1.5,StrandBias:-10.0,Multiplicity:1.00
0.700	0.100	0.100	0.100
0.100	0.100	0.700	0.100
0.700	0.100	0.100	0.100
0.700	0.100	0.100	0.100
0.100	0.100	0.700	0.100
0.100	0.100	0.700	0.100
0.700	0.100	0.100	0.100
0.700	0.100	0.100	0.100
0.100	0.100	0.100	0.700
0.100	0.100	0.700	0.100
