>GAGGAMGT	1-GAGGAMGT	7.342382	-13.413582	0	T:13.0(38.24%),B:12599.0(8.28%),P:1e-5	Tpos:62.2,Tstd:25.1,Bpos:50.5,Bstd:26.0,StrandBias:0.0,Multiplicity:1.00
0.001	0.001	0.997	0.001
0.820	0.178	0.001	0.001
0.001	0.025	0.764	0.210
0.001	0.001	0.997	0.001
0.611	0.001	0.387	0.001
0.491	0.507	0.001	0.001
0.001	0.137	0.861	0.001
0.238	0.228	0.001	0.533
>ACGACGCG	2-ACGACGCG	5.945006	-10.418762	0	T:7.0(20.59%),B:4115.0(2.70%),P:1e-4	Tpos:57.9,Tstd:17.8,Bpos:50.2,Bstd:27.0,StrandBias:1.0,Multiplicity:1.14
0.597	0.234	0.107	0.062
0.001	0.837	0.157	0.005
0.001	0.110	0.808	0.081
0.663	0.187	0.149	0.001
0.108	0.603	0.158	0.131
0.001	0.001	0.828	0.170
0.059	0.886	0.054	0.001
0.001	0.061	0.803	0.135
>GAAAAWGA	3-GAAAAWGA	7.449744	-6.505032	0	T:7.0(20.59%),B:7827.0(5.14%),P:1e-2	Tpos:62.1,Tstd:27.3,Bpos:49.9,Bstd:27.3,StrandBias:-1.0,Multiplicity:1.71
0.001	0.001	0.997	0.001
0.997	0.001	0.001	0.001
0.611	0.001	0.387	0.001
0.997	0.001	0.001	0.001
0.872	0.009	0.118	0.001
0.518	0.001	0.001	0.480
0.001	0.287	0.711	0.001
0.997	0.001	0.001	0.001
>CACGGGCT	4-CACGGGCT	6.291044	-3.961976	0	T:7.0(20.59%),B:12531.0(8.23%),P:1e-1	Tpos:41.8,Tstd:28.2,Bpos:49.7,Bstd:27.3,StrandBias:1.0,Multiplicity:1.29
0.100	0.700	0.100	0.100
0.700	0.100	0.100	0.100
0.100	0.700	0.100	0.100
0.100	0.100	0.700	0.100
0.100	0.100	0.700	0.100
0.100	0.100	0.700	0.100
0.100	0.700	0.100	0.100
0.100	0.100	0.100	0.700
>GCTAGCTA	5-GCTAGCTA	8.236954	-2.614298	0	T:1.0(2.94%),B:340.0(0.22%),P:1e-1	Tpos:12.0,Tstd:0.0,Bpos:52.0,Bstd:28.5,StrandBias:-10.0,Multiplicity:1.00
0.100	0.100	0.700	0.100
0.100	0.700	0.100	0.100
0.100	0.100	0.100	0.700
0.700	0.100	0.100	0.100
0.100	0.100	0.700	0.100
0.100	0.700	0.100	0.100
0.100	0.100	0.100	0.700
0.700	0.100	0.100	0.100
