>CAACTCCGCC	1-CAACTCCGCC	11.212832	-19.813191	0	T:5.0(5.75%),B:88.0(0.06%),P:1e-8	Tpos:49.2,Tstd:26.2,Bpos:48.7,Bstd:26.1,StrandBias:-0.6,Multiplicity:1.00
0.001	0.845	0.153	0.001
0.997	0.001	0.001	0.001
0.997	0.001	0.001	0.001
0.001	0.807	0.001	0.191
0.001	0.131	0.001	0.867
0.001	0.798	0.001	0.200
0.001	0.846	0.152	0.001
0.001	0.001	0.997	0.001
0.001	0.997	0.001	0.001
0.001	0.997	0.001	0.001
>AGGCGCCTCT	2-AGGCGCCTCT	8.140041	-13.699631	0	T:10.0(11.49%),B:2332.0(1.56%),P:1e-5	Tpos:40.1,Tstd:33.1,Bpos:49.7,Bstd:26.3,StrandBias:0.7,Multiplicity:1.20
0.808	0.001	0.190	0.001
0.064	0.083	0.774	0.079
0.108	0.232	0.659	0.001
0.203	0.545	0.060	0.192
0.001	0.004	0.916	0.079
0.001	0.936	0.062	0.001
0.082	0.916	0.001	0.001
0.093	0.086	0.001	0.820
0.108	0.812	0.079	0.001
0.001	0.163	0.001	0.835
>ACGTCGAGAC	3-ACGTCGAGAC	10.296193	-6.758482	0	T:1.0(1.15%),B:2.0(0.00%),P:1e-2	Tpos:34.0,Tstd:0.0,Bpos:54.5,Bstd:11.5,StrandBias:-10.0,Multiplicity:1.00
0.700	0.100	0.100	0.100
0.100	0.700	0.100	0.100
0.100	0.100	0.700	0.100
0.100	0.100	0.100	0.700
0.100	0.700	0.100	0.100
0.100	0.100	0.700	0.100
0.700	0.100	0.100	0.100
0.100	0.100	0.700	0.100
0.700	0.100	0.100	0.100
0.100	0.700	0.100	0.100
>AGTTCGTCAG	4-AGTTCGTCAG	10.296193	-6.758482	0	T:1.0(1.15%),B:2.0(0.00%),P:1e-2	Tpos:6.0,Tstd:0.0,Bpos:31.5,Bstd:25.5,StrandBias:10.0,Multiplicity:1.00
0.700	0.100	0.100	0.100
0.100	0.100	0.700	0.100
0.100	0.100	0.100	0.700
0.100	0.100	0.100	0.700
0.100	0.700	0.100	0.100
0.100	0.100	0.700	0.100
0.100	0.100	0.100	0.700
0.100	0.700	0.100	0.100
0.700	0.100	0.100	0.100
0.100	0.100	0.700	0.100
>ATGGGGTCGT	5-ATGGGGTCGT	10.296193	-6.758482	0	T:1.0(1.15%),B:2.0(0.00%),P:1e-2	Tpos:45.0,Tstd:0.0,Bpos:15.0,Bstd:9.0,StrandBias:10.0,Multiplicity:1.00
0.700	0.100	0.100	0.100
0.100	0.100	0.100	0.700
0.100	0.100	0.700	0.100
0.100	0.100	0.700	0.100
0.100	0.100	0.700	0.100
0.100	0.100	0.700	0.100
0.100	0.100	0.100	0.700
0.100	0.700	0.100	0.100
0.100	0.100	0.700	0.100
0.100	0.100	0.100	0.700
