>GATTCTGGGA	1-GATTCTGGGA	7.670156	-21.311171	0	T:18.0(20.69%),B:4998.0(3.34%),P:1e-9	Tpos:47.1,Tstd:24.4,Bpos:50.1,Bstd:26.9,StrandBias:-1.3,Multiplicity:1.17
0.101	0.143	0.688	0.068
0.812	0.186	0.001	0.001
0.001	0.164	0.127	0.708
0.043	0.102	0.092	0.763
0.001	0.893	0.039	0.067
0.255	0.061	0.001	0.683
0.023	0.001	0.975	0.001
0.040	0.001	0.842	0.117
0.052	0.001	0.946	0.001
0.701	0.137	0.102	0.060
>GATTGWAATG	2-GATTGWAATG	8.306361	-19.611679	0	T:11.0(12.64%),B:1616.0(1.08%),P:1e-8	Tpos:52.9,Tstd:32.8,Bpos:49.0,Bstd:26.9,StrandBias:-0.3,Multiplicity:1.00
0.149	0.009	0.841	0.001
0.703	0.001	0.001	0.295
0.001	0.001	0.316	0.682
0.130	0.001	0.177	0.692
0.001	0.001	0.653	0.345
0.434	0.189	0.001	0.375
0.823	0.175	0.001	0.001
0.997	0.001	0.001	0.001
0.001	0.001	0.195	0.803
0.001	0.001	0.997	0.001
>GGYTGGGGGC	3-GGYTGGGGGC	9.634514	-11.512000	0	T:8.0(9.20%),B:1778.0(1.19%),P:1e-4	Tpos:43.1,Tstd:28.3,Bpos:49.7,Bstd:26.7,StrandBias:-0.3,Multiplicity:1.12
0.164	0.001	0.622	0.213
0.001	0.001	0.997	0.001
0.001	0.383	0.194	0.421
0.001	0.001	0.397	0.601
0.001	0.001	0.997	0.001
0.001	0.001	0.997	0.001
0.001	0.001	0.997	0.001
0.001	0.001	0.997	0.001
0.221	0.001	0.777	0.001
0.001	0.644	0.197	0.158
>ARTAKCAAGG	4-ARTAKCAAGG	8.633748	-10.132533	0	T:4.0(4.60%),B:319.0(0.21%),P:1e-4	Tpos:30.3,Tstd:19.7,Bpos:47.9,Bstd:26.9,StrandBias:-1.3,Multiplicity:1.75
0.997	0.001	0.001	0.001
0.533	0.001	0.465	0.001
0.001	0.001	0.034	0.964
0.997	0.001	0.001	0.001
0.001	0.001	0.446	0.552
0.001	0.997	0.001	0.001
0.997	0.001	0.001	0.001
0.997	0.001	0.001	0.001
0.015	0.001	0.983	0.001
0.001	0.364	0.634	0.001
>CGAKATAAAT	5-CGAKATAAAT	7.564940	-9.198117	0	T:6.0(6.90%),B:1263.0(0.84%),P:1e-3	Tpos:46.5,Tstd:21.4,Bpos:49.2,Bstd:26.6,StrandBias:-2.3,Multiplicity:1.00
0.206	0.479	0.314	0.001
0.001	0.004	0.641	0.354
0.997	0.001	0.001	0.001
0.038	0.001	0.483	0.478
0.997	0.001	0.001	0.001
0.001	0.162	0.001	0.836
0.997	0.001	0.001	0.001
0.994	0.001	0.001	0.004
0.705	0.001	0.293	0.001
0.001	0.001	0.001	0.997
