>ACGTGAGGATGG	1-ACGTGAGGATGG	9.006245	-27.152638	0	T:11.0(12.64%),B:786.0(0.52%),P:1e-11	Tpos:45.0,Tstd:25.1,Bpos:48.4,Bstd:26.3,StrandBias:-1.4,Multiplicity:1.00
0.622	0.274	0.001	0.103
0.001	0.609	0.116	0.274
0.103	0.193	0.703	0.001
0.001	0.001	0.001	0.997
0.001	0.207	0.791	0.001
0.611	0.104	0.208	0.077
0.103	0.001	0.895	0.001
0.001	0.001	0.997	0.001
0.780	0.104	0.104	0.012
0.001	0.001	0.103	0.895
0.001	0.399	0.599	0.001
0.311	0.182	0.506	0.001
>CCAGCTCCAGGA	2-CCAGCTCCAGGA	11.274189	-23.970020	0	T:7.0(8.05%),B:199.0(0.13%),P:1e-10	Tpos:50.1,Tstd:22.4,Bpos:48.0,Bstd:25.8,StrandBias:1.3,Multiplicity:1.00
0.001	0.633	0.365	0.001
0.001	0.997	0.001	0.001
0.997	0.001	0.001	0.001
0.001	0.001	0.997	0.001
0.001	0.997	0.001	0.001
0.001	0.001	0.345	0.653
0.001	0.729	0.269	0.001
0.001	0.997	0.001	0.001
0.997	0.001	0.001	0.001
0.001	0.001	0.997	0.001
0.041	0.001	0.957	0.001
0.673	0.001	0.001	0.325
>CAAATGAAGCCT	3-CAAATGAAGCCT	14.358355	-16.730068	0	T:3.0(3.45%),B:12.0(0.01%),P:1e-7	Tpos:65.8,Tstd:17.2,Bpos:62.3,Bstd:30.3,StrandBias:10.0,Multiplicity:1.33
0.001	0.997	0.001	0.001
0.997	0.001	0.001	0.001
0.997	0.001	0.001	0.001
0.997	0.001	0.001	0.001
0.001	0.001	0.001	0.997
0.223	0.001	0.775	0.001
0.997	0.001	0.001	0.001
0.997	0.001	0.001	0.001
0.001	0.001	0.997	0.001
0.275	0.474	0.250	0.001
0.001	0.997	0.001	0.001
0.001	0.001	0.001	0.997
>WGAGTTGYTCCC	4-WGAGTTGYTCCC	8.821027	-13.155554	0	T:4.0(4.60%),B:147.0(0.10%),P:1e-5	Tpos:45.8,Tstd:26.1,Bpos:50.9,Bstd:25.6,StrandBias:-10.0,Multiplicity:1.50
0.518	0.001	0.001	0.480
0.001	0.071	0.927	0.001
0.997	0.001	0.001	0.001
0.001	0.001	0.997	0.001
0.001	0.001	0.001	0.997
0.001	0.001	0.071	0.927
0.001	0.001	0.997	0.001
0.001	0.518	0.001	0.480
0.001	0.001	0.001	0.997
0.001	0.595	0.001	0.403
0.001	0.595	0.403	0.001
0.001	0.997	0.001	0.001
>CCTCCCATCTCC	5-CCTCCCATCTCC	8.160147	-10.646118	0	T:15.0(17.24%),B:7431.0(4.96%),P:1e-4	Tpos:38.0,Tstd:22.5,Bpos:49.9,Bstd:25.8,StrandBias:0.4,Multiplicity:1.20
0.001	0.997	0.001	0.001
0.053	0.945	0.001	0.001
0.131	0.001	0.078	0.790
0.001	0.661	0.047	0.291
0.001	0.795	0.145	0.059
0.001	0.878	0.067	0.054
0.576	0.238	0.052	0.134
0.082	0.168	0.096	0.654
0.079	0.708	0.048	0.165
0.058	0.321	0.048	0.573
0.062	0.689	0.060	0.189
0.037	0.737	0.079	0.147
>TCCGCCTCTACT	6-TCCGCCTCTACT	12.355432	-6.758482	0	T:1.0(1.15%),B:2.0(0.00%),P:1e-2	Tpos:46.0,Tstd:25.5,Bpos:56.0,Bstd:33.0,StrandBias:-10.0,Multiplicity:5.00
0.100	0.100	0.100	0.700
0.100	0.700	0.100	0.100
0.100	0.700	0.100	0.100
0.100	0.100	0.700	0.100
0.100	0.700	0.100	0.100
0.100	0.700	0.100	0.100
0.100	0.100	0.100	0.700
0.100	0.700	0.100	0.100
0.100	0.100	0.100	0.700
0.700	0.100	0.100	0.100
0.100	0.700	0.100	0.100
0.100	0.100	0.100	0.700
