>SASACCTCCATC	1-SASACCTCCATC	10.895909	-18.689104	0	T:6.0(6.90%),B:240.0(0.16%),P:1e-8	Tpos:39.4,Tstd:18.9,Bpos:52.7,Bstd:26.9,StrandBias:0.7,Multiplicity:1.33
0.001	0.533	0.465	0.001
0.668	0.001	0.001	0.330
0.001	0.435	0.563	0.001
0.753	0.245	0.001	0.001
0.232	0.766	0.001	0.001
0.001	0.997	0.001	0.001
0.001	0.171	0.001	0.827
0.001	0.766	0.232	0.001
0.001	0.997	0.001	0.001
0.997	0.001	0.001	0.001
0.001	0.001	0.001	0.997
0.001	0.669	0.141	0.189
>TGCTGGTGCCGA	2-TGCTGGTGCCGA	9.516344	-14.886361	0	T:5.0(5.75%),B:239.0(0.16%),P:1e-6	Tpos:26.0,Tstd:22.2,Bpos:50.9,Bstd:25.8,StrandBias:0.7,Multiplicity:1.60
0.001	0.001	0.012	0.986
0.001	0.345	0.653	0.001
0.016	0.982	0.001	0.001
0.001	0.001	0.001	0.997
0.001	0.001	0.997	0.001
0.001	0.001	0.997	0.001
0.001	0.001	0.345	0.653
0.001	0.001	0.997	0.001
0.001	0.997	0.001	0.001
0.001	0.576	0.021	0.402
0.001	0.001	0.997	0.001
0.590	0.001	0.408	0.001
>ATTTTGCTTAAG	3-ATTTTGCTTAAG	5.810569	-13.983698	0	T:6.0(6.90%),B:538.0(0.36%),P:1e-6	Tpos:64.5,Tstd:22.9,Bpos:49.1,Bstd:26.1,StrandBias:-1.0,Multiplicity:1.00
0.638	0.001	0.360	0.001
0.001	0.001	0.001	0.997
0.001	0.001	0.001	0.997
0.300	0.001	0.001	0.698
0.001	0.001	0.001	0.997
0.001	0.001	0.997	0.001
0.030	0.939	0.030	0.001
0.001	0.029	0.001	0.969
0.001	0.001	0.001	0.997
0.997	0.001	0.001	0.001
0.608	0.331	0.001	0.060
0.001	0.330	0.668	0.001
>HTTGCTTWTCCC	4-HTTGCTTWTCCC	6.137879	-8.620864	0	T:19.0(21.84%),B:13228.0(8.83%),P:1e-3	Tpos:55.4,Tstd:26.0,Bpos:49.8,Bstd:26.3,StrandBias:0.1,Multiplicity:1.32
0.313	0.310	0.060	0.318
0.094	0.104	0.001	0.801
0.280	0.001	0.157	0.562
0.295	0.001	0.703	0.001
0.118	0.511	0.253	0.118
0.058	0.100	0.001	0.841
0.117	0.001	0.001	0.881
0.375	0.043	0.203	0.379
0.019	0.092	0.153	0.736
0.061	0.712	0.001	0.226
0.058	0.864	0.001	0.077
0.177	0.501	0.001	0.321
>CCGCCGCCGCCG	5-CCGCCGCCGCCG	9.539874	-6.630164	0	T:4.0(4.60%),B:808.0(0.54%),P:1e-2	Tpos:56.0,Tstd:11.9,Bpos:49.0,Bstd:25.9,StrandBias:1.6,Multiplicity:1.00
0.001	0.698	0.300	0.001
0.001	0.872	0.001	0.126
0.183	0.001	0.815	0.001
0.001	0.807	0.191	0.001
0.001	0.745	0.001	0.253
0.001	0.085	0.913	0.001
0.001	0.997	0.001	0.001
0.001	0.716	0.001	0.282
0.001	0.001	0.997	0.001
0.001	0.997	0.001	0.001
0.144	0.542	0.007	0.307
0.001	0.085	0.913	0.001
