>CAGGGCAGGA	1-CAGGGCAGGA	10.661028	-21.168927	0	T:10.0(11.49%),B:1040.0(0.69%),P:1e-9	Tpos:56.6,Tstd:28.1,Bpos:49.8,Bstd:26.4,StrandBias:-0.6,Multiplicity:1.00
0.001	0.840	0.001	0.158
0.997	0.001	0.001	0.001
0.109	0.001	0.889	0.001
0.100	0.001	0.898	0.001
0.113	0.111	0.775	0.001
0.001	0.997	0.001	0.001
0.847	0.001	0.151	0.001
0.158	0.001	0.840	0.001
0.001	0.001	0.997	0.001
0.997	0.001	0.001	0.001
>DHNCWVMCAM	2-DHNCWVMCAM	5.768664	-9.001365	0	T:17.0(19.54%),B:10666.0(7.12%),P:1e-3	Tpos:54.7,Tstd:24.8,Bpos:49.2,Bstd:27.2,StrandBias:1.1,Multiplicity:1.18
0.357	0.172	0.236	0.236
0.370	0.311	0.001	0.318
0.200	0.317	0.185	0.298
0.001	0.997	0.001	0.001
0.504	0.139	0.001	0.356
0.267	0.411	0.320	0.001
0.521	0.391	0.087	0.001
0.339	0.659	0.001	0.001
0.466	0.284	0.001	0.249
0.465	0.533	0.001	0.001
>GACGGACTAT	3-GACGGACTAT	10.296193	-6.758482	0	T:1.0(1.15%),B:2.0(0.00%),P:1e-2	Tpos:81.0,Tstd:0.0,Bpos:31.5,Bstd:21.5,StrandBias:10.0,Multiplicity:1.00
0.100	0.100	0.700	0.100
0.700	0.100	0.100	0.100
0.100	0.700	0.100	0.100
0.100	0.100	0.700	0.100
0.100	0.100	0.700	0.100
0.700	0.100	0.100	0.100
0.100	0.700	0.100	0.100
0.100	0.100	0.100	0.700
0.700	0.100	0.100	0.100
0.100	0.100	0.100	0.700
>GTTATGGTAC	4-GTTATGGTAC	10.296193	-6.758482	0	T:1.0(1.15%),B:2.0(0.00%),P:1e-2	Tpos:5.0,Tstd:0.0,Bpos:36.5,Bstd:12.5,StrandBias:10.0,Multiplicity:1.00
0.100	0.100	0.700	0.100
0.100	0.100	0.100	0.700
0.100	0.100	0.100	0.700
0.700	0.100	0.100	0.100
0.100	0.100	0.100	0.700
0.100	0.100	0.700	0.100
0.100	0.100	0.700	0.100
0.100	0.100	0.100	0.700
0.700	0.100	0.100	0.100
0.100	0.700	0.100	0.100
>TTAGATACGA	5-TTAGATACGA	10.296193	-6.758482	0	T:1.0(1.15%),B:2.0(0.00%),P:1e-2	Tpos:91.0,Tstd:0.0,Bpos:74.5,Bstd:0.5,StrandBias:10.0,Multiplicity:1.00
0.100	0.100	0.100	0.700
0.100	0.100	0.100	0.700
0.700	0.100	0.100	0.100
0.100	0.100	0.700	0.100
0.700	0.100	0.100	0.100
0.100	0.100	0.100	0.700
0.700	0.100	0.100	0.100
0.100	0.700	0.100	0.100
0.100	0.100	0.700	0.100
0.700	0.100	0.100	0.100
