>TATGCGGTTTTG	1-TATGCGGTTTTG	15.096400	-22.101141	0	T:3.0(3.45%),B:2.0(0.00%),P:1e-9	Tpos:53.0,Tstd:27.1,Bpos:42.5,Bstd:2.5,StrandBias:-1.0,Multiplicity:1.00
0.001	0.001	0.001	0.997
0.666	0.001	0.001	0.332
0.001	0.001	0.001	0.997
0.001	0.001	0.997	0.001
0.001	0.997	0.001	0.001
0.001	0.001	0.997	0.001
0.001	0.001	0.997	0.001
0.001	0.332	0.001	0.666
0.001	0.001	0.001	0.997
0.001	0.001	0.001	0.997
0.001	0.001	0.001	0.997
0.001	0.001	0.997	0.001
>ACKTTCTGAGGC	2-ACKTTCTGAGGC	10.708424	-14.948153	0	T:5.0(5.75%),B:236.0(0.16%),P:1e-6	Tpos:57.0,Tstd:23.5,Bpos:49.6,Bstd:25.0,StrandBias:2.6,Multiplicity:1.40
0.997	0.001	0.001	0.001
0.001	0.583	0.204	0.212
0.174	0.001	0.389	0.436
0.173	0.001	0.001	0.825
0.001	0.184	0.001	0.814
0.001	0.997	0.001	0.001
0.204	0.204	0.001	0.591
0.001	0.184	0.814	0.001
0.997	0.001	0.001	0.001
0.001	0.203	0.795	0.001
0.001	0.001	0.795	0.203
0.203	0.795	0.001	0.001
>TCCTTCKCCTCC	3-TCCTTCKCCTCC	8.859436	-11.624167	0	T:12.0(13.79%),B:4376.0(2.92%),P:1e-5	Tpos:61.6,Tstd:26.9,Bpos:49.6,Bstd:26.4,StrandBias:0.0,Multiplicity:1.25
0.001	0.121	0.001	0.877
0.001	0.844	0.001	0.154
0.001	0.997	0.001	0.001
0.154	0.001	0.001	0.844
0.001	0.422	0.001	0.576
0.001	0.554	0.178	0.267
0.155	0.121	0.324	0.399
0.001	0.555	0.144	0.300
0.022	0.833	0.001	0.144
0.001	0.144	0.001	0.854
0.001	0.577	0.300	0.122
0.131	0.867	0.001	0.001
>GGATGACTCTCA	4-GGATGACTCTCA	12.494036	-10.815188	0	T:2.0(2.30%),B:11.0(0.01%),P:1e-4	Tpos:54.2,Tstd:27.7,Bpos:57.5,Bstd:26.3,StrandBias:1.6,Multiplicity:2.00
0.001	0.001	0.997	0.001
0.001	0.001	0.997	0.001
0.997	0.001	0.001	0.001
0.001	0.001	0.001	0.997
0.001	0.001	0.997	0.001
0.997	0.001	0.001	0.001
0.001	0.870	0.128	0.001
0.001	0.001	0.001	0.997
0.001	0.997	0.001	0.001
0.001	0.001	0.001	0.997
0.001	0.870	0.128	0.001
0.997	0.001	0.001	0.001
>TCYCCTCYYCTC	5-TCYCCTCYYCTC	11.282850	-7.587160	0	T:5.0(5.75%),B:1114.0(0.74%),P:1e-3	Tpos:65.1,Tstd:21.1,Bpos:48.9,Bstd:26.6,StrandBias:0.4,Multiplicity:1.00
0.001	0.001	0.379	0.619
0.001	0.997	0.001	0.001
0.001	0.439	0.001	0.559
0.001	0.814	0.001	0.184
0.001	0.997	0.001	0.001
0.001	0.155	0.001	0.843
0.001	0.840	0.158	0.001
0.001	0.569	0.001	0.429
0.001	0.529	0.001	0.469
0.001	0.684	0.001	0.314
0.137	0.242	0.028	0.593
0.001	0.997	0.001	0.001
