>CTTTGACC	1-CTTTGACC	7.515636	-12.326703	0	T:10.0(11.49%),B:2725.0(1.82%),P:1e-5	Tpos:51.2,Tstd:26.2,Bpos:50.5,Bstd:27.2,StrandBias:0.8,Multiplicity:1.10
0.001	0.997	0.001	0.001
0.001	0.062	0.001	0.936
0.001	0.036	0.054	0.909
0.090	0.140	0.077	0.693
0.001	0.060	0.853	0.086
0.867	0.001	0.131	0.001
0.059	0.883	0.057	0.001
0.073	0.925	0.001	0.001
>GGTGAAGC	2-GGTGAAGC	7.624811	-11.857578	0	T:11.0(12.64%),B:3551.0(2.37%),P:1e-5	Tpos:43.6,Tstd:22.0,Bpos:49.7,Bstd:27.1,StrandBias:1.0,Multiplicity:1.09
0.185	0.001	0.716	0.098
0.001	0.111	0.887	0.001
0.001	0.001	0.001	0.997
0.001	0.001	0.997	0.001
0.906	0.001	0.001	0.092
0.997	0.001	0.001	0.001
0.251	0.295	0.453	0.001
0.001	0.877	0.001	0.121
>TGTTACAA	3-TGTTACAA	7.623489	-9.024161	0	T:12.0(13.79%),B:5730.0(3.83%),P:1e-3	Tpos:62.4,Tstd:18.7,Bpos:50.3,Bstd:25.0,StrandBias:-0.7,Multiplicity:1.17
0.034	0.137	0.001	0.828
0.001	0.001	0.997	0.001
0.001	0.001	0.001	0.997
0.184	0.001	0.102	0.713
0.907	0.001	0.091	0.001
0.001	0.997	0.001	0.001
0.997	0.001	0.001	0.001
0.939	0.059	0.001	0.001
>GCATAGGA	4-GCATAGGA	8.833467	-7.980975	0	T:5.0(5.75%),B:1021.0(0.68%),P:1e-3	Tpos:27.0,Tstd:15.7,Bpos:48.6,Bstd:27.4,StrandBias:2.3,Multiplicity:1.20
0.001	0.365	0.633	0.001
0.001	0.997	0.001	0.001
0.706	0.001	0.292	0.001
0.001	0.001	0.001	0.997
0.997	0.001	0.001	0.001
0.001	0.001	0.997	0.001
0.001	0.001	0.997	0.001
0.997	0.001	0.001	0.001
>CAAMAAYA	5-CAAMAAYA	6.728830	-6.409039	0	T:14.0(16.09%),B:9884.0(6.60%),P:1e-2	Tpos:51.9,Tstd:28.2,Bpos:50.5,Bstd:26.2,StrandBias:-3.3,Multiplicity:1.43
0.005	0.644	0.107	0.244
0.997	0.001	0.001	0.001
0.710	0.001	0.261	0.028
0.423	0.520	0.001	0.056
0.625	0.053	0.001	0.321
0.521	0.054	0.214	0.211
0.115	0.451	0.001	0.433
0.997	0.001	0.001	0.001
