>CAGTGCAC	1-CAGTGCAC	6.520156	-15.003013	0	T:15.0(17.24%),B:5186.0(3.46%),P:1e-6	Tpos:46.6,Tstd:21.4,Bpos:50.0,Bstd:27.0,StrandBias:-1.0,Multiplicity:1.07
0.160	0.838	0.001	0.001
0.997	0.001	0.001	0.001
0.001	0.001	0.997	0.001
0.001	0.146	0.097	0.756
0.001	0.001	0.884	0.114
0.026	0.791	0.128	0.055
0.867	0.001	0.131	0.001
0.001	0.868	0.001	0.130
>TAGCTCAC	2-TAGCTCAC	9.190358	-12.793188	0	T:7.0(8.05%),B:1039.0(0.69%),P:1e-5	Tpos:48.3,Tstd:27.5,Bpos:49.3,Bstd:27.5,StrandBias:0.4,Multiplicity:1.00
0.001	0.001	0.001	0.997
0.804	0.194	0.001	0.001
0.001	0.001	0.997	0.001
0.001	0.997	0.001	0.001
0.001	0.001	0.001	0.997
0.213	0.785	0.001	0.001
0.997	0.001	0.001	0.001
0.001	0.997	0.001	0.001
>GCCGGAGC	3-GCCGGAGC	6.931244	-12.388071	0	T:16.0(18.39%),B:7272.0(4.85%),P:1e-5	Tpos:49.8,Tstd:28.7,Bpos:50.0,Bstd:26.6,StrandBias:-1.0,Multiplicity:1.12
0.001	0.047	0.879	0.073
0.106	0.818	0.075	0.001
0.001	0.917	0.061	0.021
0.027	0.093	0.844	0.036
0.001	0.062	0.936	0.001
0.821	0.001	0.079	0.099
0.001	0.001	0.859	0.139
0.001	0.997	0.001	0.001
>AAKGGGTA	4-AAKGGGTA	6.691666	-12.041707	0	T:17.0(19.54%),B:8384.0(5.60%),P:1e-5	Tpos:43.0,Tstd:27.6,Bpos:49.4,Bstd:27.4,StrandBias:-0.7,Multiplicity:1.06
0.997	0.001	0.001	0.001
0.818	0.014	0.167	0.001
0.207	0.001	0.403	0.390
0.001	0.001	0.997	0.001
0.001	0.146	0.624	0.229
0.086	0.278	0.635	0.001
0.106	0.210	0.001	0.683
0.923	0.001	0.075	0.001
>GGCTGAGG	5-GGCTGAGG	6.179277	-11.311644	0	T:24.0(27.59%),B:16231.0(10.84%),P:1e-4	Tpos:46.1,Tstd:29.1,Bpos:49.7,Bstd:27.4,StrandBias:0.4,Multiplicity:1.17
0.068	0.082	0.796	0.054
0.225	0.127	0.579	0.069
0.134	0.625	0.158	0.083
0.341	0.095	0.003	0.561
0.054	0.052	0.892	0.002
0.734	0.050	0.057	0.159
0.055	0.091	0.746	0.108
0.214	0.031	0.551	0.204
