>GACTTGACCCGC	1-GACTTGACCCGC	11.444732	-23.073698	0	T:5.0(6.10%),B:0.0(0.00%),P:1e-10	Tpos:40.7,Tstd:20.5,Bpos:0.0,Bstd:0.0,StrandBias:0.0,Multiplicity:1.20
0.001	0.166	0.832	0.001
0.666	0.001	0.332	0.001
0.001	0.997	0.001	0.001
0.001	0.001	0.001	0.997
0.001	0.001	0.001	0.997
0.001	0.001	0.997	0.001
0.832	0.166	0.001	0.001
0.166	0.667	0.001	0.166
0.166	0.832	0.001	0.001
0.166	0.667	0.166	0.001
0.166	0.001	0.832	0.001
0.001	0.997	0.001	0.001
>TGAGTCAGAGTG	2-TGAGTCAGAGTG	9.885172	-23.026169	0	T:7.0(8.54%),B:5.0(0.16%),P:1e-10	Tpos:40.8,Tstd:28.9,Bpos:43.6,Bstd:22.0,StrandBias:1.8,Multiplicity:1.29
0.014	0.014	0.001	0.971
0.013	0.001	0.985	0.001
0.997	0.001	0.001	0.001
0.305	0.001	0.693	0.001
0.001	0.001	0.388	0.610
0.001	0.997	0.001	0.001
0.693	0.001	0.001	0.305
0.001	0.305	0.680	0.014
0.997	0.001	0.001	0.001
0.001	0.001	0.997	0.001
0.001	0.001	0.001	0.997
0.001	0.318	0.680	0.001
>TAGCAATGTCTG	3-TAGCAATGTCTG	9.932750	-17.911820	0	T:6.0(7.32%),B:6.0(0.19%),P:1e-7	Tpos:37.6,Tstd:26.1,Bpos:58.2,Bstd:20.2,StrandBias:0.4,Multiplicity:1.17
0.138	0.275	0.138	0.450
0.861	0.001	0.001	0.137
0.137	0.001	0.725	0.137
0.137	0.550	0.001	0.312
0.724	0.001	0.274	0.001
0.587	0.275	0.001	0.137
0.001	0.001	0.001	0.997
0.001	0.001	0.861	0.137
0.001	0.018	0.001	0.980
0.001	0.861	0.001	0.137
0.001	0.001	0.001	0.997
0.137	0.001	0.725	0.137
>CAAGTTCTATAG	4-CAAGTTCTATAG	11.212172	-17.785439	0	T:4.0(4.88%),B:1.0(0.03%),P:1e-7	Tpos:56.5,Tstd:19.3,Bpos:60.0,Bstd:0.0,StrandBias:-1.6,Multiplicity:1.00
0.001	0.997	0.001	0.001
0.468	0.234	0.001	0.298
0.765	0.001	0.001	0.233
0.001	0.001	0.765	0.233
0.001	0.001	0.233	0.765
0.233	0.001	0.001	0.765
0.001	0.997	0.001	0.001
0.001	0.001	0.001	0.997
0.510	0.001	0.234	0.255
0.234	0.234	0.021	0.511
0.997	0.001	0.001	0.001
0.233	0.001	0.765	0.001
>CTTGTAGGAGGW	5-CTTGTAGGAGGW	10.124169	-11.894768	0	T:6.0(7.32%),B:17.0(0.55%),P:1e-5	Tpos:40.0,Tstd:22.5,Bpos:55.2,Bstd:27.6,StrandBias:1.8,Multiplicity:1.50
0.123	0.806	0.070	0.001
0.123	0.061	0.001	0.815
0.001	0.061	0.307	0.631
0.184	0.123	0.692	0.001
0.123	0.001	0.245	0.631
0.631	0.001	0.184	0.184
0.001	0.061	0.877	0.061
0.123	0.001	0.815	0.061
0.817	0.061	0.061	0.061
0.060	0.001	0.938	0.001
0.001	0.061	0.877	0.061
0.369	0.061	0.061	0.509
>ACACACACWCAN	6-ACACACACWCAN	6.699604	-9.245881	0	T:10.0(12.20%),B:86.0(2.79%),P:1e-4	Tpos:52.0,Tstd:17.3,Bpos:46.1,Bstd:26.0,StrandBias:0.8,Multiplicity:1.10
0.462	0.263	0.033	0.242
0.274	0.544	0.181	0.001
0.693	0.225	0.033	0.049
0.214	0.653	0.132	0.001
0.593	0.182	0.033	0.192
0.198	0.472	0.198	0.132
0.488	0.182	0.214	0.116
0.099	0.539	0.230	0.132
0.440	0.017	0.230	0.313
0.001	0.691	0.209	0.099
0.456	0.231	0.033	0.280
0.198	0.248	0.307	0.247
>CTATACTGTGTG	7-CTATACTGTGTG	12.355432	-3.641328	0	T:1.0(1.22%),B:1.0(0.03%),P:1e-1	Tpos:47.2,Tstd:27.5,Bpos:29.0,Bstd:0.0,StrandBias:10.0,Multiplicity:5.00
0.100	0.700	0.100	0.100
0.100	0.100	0.100	0.700
0.700	0.100	0.100	0.100
0.100	0.100	0.100	0.700
0.700	0.100	0.100	0.100
0.100	0.700	0.100	0.100
0.100	0.100	0.100	0.700
0.100	0.100	0.700	0.100
0.100	0.100	0.100	0.700
0.100	0.100	0.700	0.100
0.100	0.100	0.100	0.700
0.100	0.100	0.700	0.100
>ATGGTTAGGTTA	8-ATGGTTAGGTTA	15.697442	-3.641328	0	T:1.0(1.22%),B:0.0(0.00%),P:1e-1	Tpos:51.0,Tstd:0.0,Bpos:0.0,Bstd:0.0,StrandBias:10.0,Multiplicity:1.00
0.997	0.001	0.001	0.001
0.001	0.001	0.214	0.784
0.001	0.001	0.997	0.001
0.001	0.001	0.802	0.196
0.001	0.001	0.001	0.997
0.196	0.001	0.001	0.802
0.795	0.001	0.203	0.001
0.001	0.001	0.997	0.001
0.001	0.001	0.997	0.001
0.001	0.001	0.001	0.997
0.001	0.001	0.001	0.997
0.997	0.001	0.001	0.001
