>GYWGCAATRG	1-GYWGCAATRG	8.816868	-14.472207	0	T:8.0(9.76%),B:26.0(0.84%),P:1e-6	Tpos:57.0,Tstd:28.3,Bpos:40.3,Bstd:22.7,StrandBias:1.8,Multiplicity:1.12
0.245	0.001	0.739	0.015
0.001	0.446	0.001	0.552
0.518	0.001	0.001	0.480
0.077	0.001	0.691	0.231
0.001	0.984	0.001	0.014
0.864	0.134	0.001	0.001
0.997	0.001	0.001	0.001
0.001	0.216	0.001	0.782
0.464	0.001	0.319	0.216
0.001	0.001	0.997	0.001
>CCCACATACA	2-CCCACATACA	11.873576	-10.719264	0	T:4.0(4.88%),B:6.0(0.19%),P:1e-4	Tpos:49.0,Tstd:24.9,Bpos:40.2,Bstd:24.0,StrandBias:2.0,Multiplicity:1.25
0.001	0.997	0.001	0.001
0.249	0.749	0.001	0.001
0.001	0.997	0.001	0.001
0.997	0.001	0.001	0.001
0.001	0.997	0.001	0.001
0.997	0.001	0.001	0.001
0.001	0.001	0.249	0.749
0.997	0.001	0.001	0.001
0.249	0.749	0.001	0.001
0.997	0.001	0.001	0.001
>TTCTACTGAT	3-TTCTACTGAT	9.083509	-10.672335	0	T:3.0(3.66%),B:2.0(0.06%),P:1e-4	Tpos:50.2,Tstd:25.4,Bpos:86.0,Bstd:1.0,StrandBias:-2.0,Multiplicity:1.67
0.001	0.060	0.028	0.911
0.057	0.028	0.087	0.828
0.057	0.589	0.221	0.133
0.085	0.226	0.001	0.688
0.645	0.181	0.087	0.087
0.085	0.782	0.028	0.105
0.228	0.028	0.085	0.659
0.057	0.028	0.733	0.182
0.588	0.077	0.057	0.278
0.087	0.113	0.216	0.584
>ACTCACACAC	4-ACTCACACAC	7.799789	-10.132339	0	T:11.0(13.41%),B:94.0(3.05%),P:1e-4	Tpos:70.2,Tstd:21.6,Bpos:44.7,Bstd:26.7,StrandBias:2.9,Multiplicity:1.00
0.735	0.001	0.263	0.001
0.196	0.560	0.001	0.243
0.217	0.001	0.001	0.781
0.001	0.867	0.131	0.001
0.862	0.005	0.001	0.132
0.001	0.735	0.001	0.263
0.867	0.131	0.001	0.001
0.001	0.997	0.001	0.001
0.867	0.001	0.001	0.131
0.132	0.760	0.107	0.001
>TGCTCTGCTC	5-TGCTCTGCTC	13.759021	-2.961219	0	T:1.0(1.22%),B:2.0(0.06%),P:1e-1	Tpos:37.7,Tstd:24.1,Bpos:39.0,Bstd:7.0,StrandBias:-10.0,Multiplicity:10.00
0.001	0.001	0.001	0.997
0.001	0.072	0.926	0.001
0.001	0.997	0.001	0.001
0.001	0.001	0.001	0.997
0.001	0.997	0.001	0.001
0.001	0.001	0.001	0.997
0.001	0.001	0.997	0.001
0.001	0.997	0.001	0.001
0.001	0.001	0.001	0.997
0.001	0.997	0.001	0.001
