>WCYTMTTGTMMA	1-WCYTMTTGTMMA	9.573997	-24.419139	0	T:6.0(7.32%),B:2.0(0.06%),P:1e-10	Tpos:55.5,Tstd:27.8,Bpos:66.5,Bstd:19.5,StrandBias:1.0,Multiplicity:1.00
0.528	0.001	0.003	0.468
0.031	0.940	0.028	0.001
0.001	0.439	0.001	0.559
0.028	0.001	0.006	0.965
0.468	0.528	0.003	0.001
0.001	0.028	0.001	0.970
0.027	0.001	0.001	0.971
0.001	0.001	0.997	0.001
0.001	0.001	0.001	0.997
0.467	0.531	0.001	0.001
0.439	0.559	0.001	0.001
0.940	0.031	0.001	0.028
>CAAGAGAGAAAC	2-CAAGAGAGAAAC	10.368419	-18.984666	0	T:6.0(7.32%),B:5.0(0.16%),P:1e-8	Tpos:53.4,Tstd:30.9,Bpos:77.4,Bstd:12.6,StrandBias:2.6,Multiplicity:1.17
0.305	0.693	0.001	0.001
0.997	0.001	0.001	0.001
0.997	0.001	0.001	0.001
0.305	0.001	0.693	0.001
0.652	0.326	0.021	0.001
0.041	0.001	0.957	0.001
0.693	0.001	0.305	0.001
0.001	0.001	0.997	0.001
0.693	0.001	0.001	0.305
0.693	0.001	0.305	0.001
0.673	0.325	0.001	0.001
0.305	0.693	0.001	0.001
>GGCNCTGKAGGC	3-GGCNCTGKAGGC	8.356797	-17.842274	0	T:12.0(14.63%),B:53.0(1.72%),P:1e-7	Tpos:47.4,Tstd:24.1,Bpos:50.8,Bstd:26.0,StrandBias:0.8,Multiplicity:1.17
0.107	0.001	0.891	0.001
0.001	0.001	0.997	0.001
0.215	0.783	0.001	0.001
0.230	0.216	0.338	0.216
0.001	0.891	0.001	0.107
0.001	0.001	0.001	0.997
0.001	0.215	0.783	0.001
0.215	0.001	0.323	0.460
0.676	0.001	0.215	0.108
0.108	0.001	0.783	0.108
0.001	0.215	0.676	0.108
0.001	0.783	0.215	0.001
>GSCKGGGYAGKG	4-GSCKGGGYAGKG	11.457859	-17.785439	0	T:4.0(4.88%),B:1.0(0.03%),P:1e-7	Tpos:39.0,Tstd:28.0,Bpos:59.0,Bstd:0.0,StrandBias:-2.0,Multiplicity:1.25
0.001	0.001	0.939	0.059
0.001	0.559	0.439	0.001
0.001	0.997	0.001	0.001
0.001	0.001	0.439	0.559
0.001	0.001	0.997	0.001
0.001	0.001	0.997	0.001
0.001	0.001	0.997	0.001
0.001	0.439	0.001	0.559
0.997	0.001	0.001	0.001
0.001	0.001	0.997	0.001
0.001	0.001	0.439	0.559
0.001	0.001	0.997	0.001
>CCYWGGGCTCCC	5-CCYWGGGCTCCC	10.076583	-17.679451	0	T:8.0(9.76%),B:17.0(0.55%),P:1e-7	Tpos:49.0,Tstd:17.4,Bpos:48.8,Bstd:27.9,StrandBias:1.6,Multiplicity:1.00
0.001	0.755	0.001	0.243
0.020	0.949	0.001	0.030
0.010	0.511	0.010	0.469
0.501	0.001	0.010	0.488
0.010	0.001	0.745	0.244
0.234	0.001	0.753	0.012
0.243	0.001	0.755	0.001
0.001	0.997	0.001	0.001
0.001	0.233	0.001	0.765
0.001	0.989	0.001	0.009
0.001	0.478	0.234	0.288
0.244	0.480	0.001	0.275
>GAGTTAGTAAAA	6-GAGTTAGTAAAA	9.677336	-14.931164	0	T:6.0(7.32%),B:10.0(0.32%),P:1e-6	Tpos:67.3,Tstd:27.1,Bpos:56.7,Bstd:19.0,StrandBias:-1.0,Multiplicity:1.00
0.001	0.001	0.997	0.001
0.997	0.001	0.001	0.001
0.001	0.305	0.693	0.001
0.001	0.332	0.001	0.666
0.001	0.001	0.027	0.971
0.693	0.305	0.001	0.001
0.001	0.001	0.693	0.305
0.305	0.001	0.001	0.693
0.693	0.001	0.305	0.001
0.693	0.305	0.001	0.001
0.693	0.001	0.305	0.001
0.693	0.001	0.001	0.305
>GSCTTTCTGGAA	7-GSCTTTCTGGAA	8.309408	-13.873881	0	T:11.0(13.41%),B:63.0(2.04%),P:1e-6	Tpos:49.8,Tstd:22.3,Bpos:51.5,Bstd:26.5,StrandBias:0.2,Multiplicity:1.18
0.001	0.137	0.586	0.276
0.001	0.431	0.552	0.016
0.138	0.586	0.138	0.138
0.172	0.138	0.138	0.552
0.137	0.001	0.293	0.569
0.001	0.154	0.293	0.552
0.001	0.997	0.001	0.001
0.137	0.001	0.001	0.861
0.153	0.001	0.845	0.001
0.275	0.001	0.723	0.001
0.861	0.001	0.137	0.001
0.553	0.001	0.309	0.137
>GGTTAGGTTAGG	8-GGTTAGGTTAGG	16.158427	-3.641328	0	T:1.0(1.22%),B:1.0(0.03%),P:1e-1	Tpos:49.0,Tstd:21.6,Bpos:57.0,Bstd:14.4,StrandBias:10.0,Multiplicity:3.00
0.001	0.001	0.997	0.001
0.001	0.001	0.997	0.001
0.001	0.001	0.001	0.997
0.001	0.001	0.001	0.997
0.959	0.001	0.039	0.001
0.001	0.001	0.997	0.001
0.001	0.001	0.997	0.001
0.001	0.001	0.145	0.853
0.001	0.001	0.001	0.997
0.853	0.001	0.001	0.145
0.087	0.001	0.911	0.001
0.001	0.001	0.997	0.001
