>GTGAATMG	1-GTGAATMG	6.308168	-19.168759	0	T:8.0(9.76%),B:14.0(0.45%),P:1e-8	Tpos:41.4,Tstd:18.8,Bpos:62.6,Bstd:24.8,StrandBias:0.7,Multiplicity:1.00
0.001	0.001	0.997	0.001
0.001	0.389	0.001	0.609
0.001	0.001	0.950	0.048
0.950	0.001	0.001	0.048
0.997	0.001	0.001	0.001
0.001	0.001	0.001	0.997
0.520	0.478	0.001	0.001
0.001	0.001	0.997	0.001
>MATTAGGA	2-MATTAGGA	7.753078	-17.046626	0	T:7.0(8.54%),B:12.0(0.39%),P:1e-7	Tpos:47.8,Tstd:25.1,Bpos:60.8,Bstd:25.4,StrandBias:1.6,Multiplicity:1.14
0.460	0.538	0.001	0.001
0.790	0.001	0.144	0.065
0.001	0.001	0.001	0.997
0.001	0.001	0.001	0.997
0.854	0.144	0.001	0.001
0.001	0.312	0.686	0.001
0.001	0.001	0.997	0.001
0.831	0.144	0.024	0.001
>GAGTGGAG	3-GAGTGGAG	7.581083	-15.010906	0	T:17.0(20.73%),B:148.0(4.79%),P:1e-6	Tpos:33.7,Tstd:21.1,Bpos:51.9,Bstd:26.3,StrandBias:-0.3,Multiplicity:1.18
0.001	0.174	0.824	0.001
0.734	0.001	0.264	0.001
0.001	0.001	0.997	0.001
0.001	0.001	0.001	0.997
0.129	0.001	0.869	0.001
0.001	0.080	0.918	0.001
0.718	0.001	0.168	0.113
0.001	0.001	0.997	0.001
>AGMGCGRT	4-AGMGCGRT	5.811965	-13.978565	0	T:7.0(8.54%),B:19.0(0.62%),P:1e-6	Tpos:49.9,Tstd:33.0,Bpos:47.6,Bstd:25.8,StrandBias:0.4,Multiplicity:1.00
0.997	0.001	0.001	0.001
0.001	0.001	0.993	0.005
0.439	0.559	0.001	0.001
0.100	0.020	0.879	0.001
0.001	0.997	0.001	0.001
0.001	0.001	0.997	0.001
0.439	0.001	0.465	0.094
0.001	0.001	0.001	0.997
>GGGTGCCA	5-GGGTGCCA	7.407332	-13.602467	0	T:12.0(14.63%),B:79.0(2.56%),P:1e-5	Tpos:68.4,Tstd:20.1,Bpos:49.2,Bstd:28.5,StrandBias:-0.2,Multiplicity:1.08
0.171	0.001	0.745	0.083
0.104	0.001	0.818	0.077
0.005	0.327	0.667	0.001
0.139	0.004	0.004	0.853
0.005	0.001	0.610	0.384
0.106	0.546	0.006	0.342
0.070	0.712	0.001	0.217
0.991	0.007	0.001	0.001
