>GGKGSWAYAG	1-GGKGSWAYAG	10.945324	-23.073698	0	T:5.0(6.10%),B:1.0(0.03%),P:1e-10	Tpos:27.0,Tstd:9.4,Bpos:21.0,Bstd:0.0,StrandBias:2.0,Multiplicity:1.00
0.001	0.001	0.962	0.036
0.001	0.001	0.997	0.001
0.001	0.001	0.476	0.522
0.001	0.001	0.997	0.001
0.037	0.439	0.523	0.001
0.476	0.076	0.001	0.447
0.997	0.001	0.001	0.001
0.001	0.559	0.001	0.439
0.997	0.001	0.001	0.001
0.001	0.001	0.997	0.001
>TGSACCTCYT	2-TGSACCTCYT	9.294561	-19.815686	0	T:9.0(10.98%),B:19.0(0.62%),P:1e-8	Tpos:39.4,Tstd:23.2,Bpos:40.9,Bstd:25.2,StrandBias:-0.3,Multiplicity:1.00
0.180	0.001	0.001	0.818
0.001	0.001	0.997	0.001
0.001	0.521	0.477	0.001
0.997	0.001	0.001	0.001
0.001	0.997	0.001	0.001
0.001	0.840	0.001	0.158
0.001	0.001	0.001	0.997
0.001	0.680	0.318	0.001
0.001	0.499	0.001	0.499
0.001	0.158	0.001	0.840
>TGGGATGATT	3-TGGGATGATT	11.490573	-16.227884	0	T:6.0(7.32%),B:8.0(0.26%),P:1e-7	Tpos:54.7,Tstd:19.2,Bpos:45.8,Bstd:26.7,StrandBias:-1.0,Multiplicity:1.00
0.001	0.001	0.001	0.997
0.001	0.001	0.997	0.001
0.001	0.001	0.997	0.001
0.001	0.001	0.997	0.001
0.997	0.001	0.001	0.001
0.200	0.001	0.200	0.599
0.199	0.001	0.799	0.001
0.799	0.001	0.001	0.199
0.001	0.001	0.001	0.997
0.001	0.001	0.001	0.997
>GGAGGGGGAS	4-GGAGGGGGAS	9.229499	-13.412651	0	T:8.0(9.76%),B:30.0(0.97%),P:1e-5	Tpos:45.5,Tstd:21.3,Bpos:43.4,Bstd:25.8,StrandBias:-0.7,Multiplicity:1.00
0.291	0.001	0.707	0.001
0.005	0.108	0.886	0.001
0.703	0.113	0.108	0.076
0.001	0.001	0.997	0.001
0.107	0.001	0.891	0.001
0.061	0.001	0.937	0.001
0.001	0.001	0.994	0.004
0.113	0.001	0.885	0.001
0.607	0.216	0.176	0.001
0.057	0.419	0.309	0.216
>AGSRCTRCAG	5-AGSRCTRCAG	8.134187	-12.184868	0	T:7.0(8.54%),B:25.0(0.81%),P:1e-5	Tpos:37.4,Tstd:25.7,Bpos:59.9,Bstd:27.0,StrandBias:0.3,Multiplicity:1.29
0.977	0.001	0.001	0.021
0.001	0.001	0.997	0.001
0.001	0.503	0.495	0.001
0.503	0.001	0.495	0.001
0.103	0.868	0.028	0.001
0.001	0.001	0.024	0.974
0.494	0.001	0.504	0.001
0.001	0.997	0.001	0.001
0.997	0.001	0.001	0.001
0.001	0.001	0.997	0.001
>ATTNGGAATG	6-ATTNGGAATG	6.302406	-10.916796	0	T:13.0(15.85%),B:121.0(3.92%),P:1e-4	Tpos:33.0,Tstd:20.4,Bpos:49.9,Bstd:26.5,StrandBias:0.3,Multiplicity:1.38
0.895	0.001	0.103	0.001
0.201	0.201	0.001	0.597
0.006	0.097	0.097	0.800
0.201	0.306	0.195	0.298
0.006	0.293	0.500	0.201
0.001	0.194	0.708	0.097
0.997	0.001	0.001	0.001
0.805	0.097	0.097	0.001
0.104	0.097	0.201	0.598
0.096	0.001	0.902	0.001
>RGGTTAGGGT	7-RGGTTAGGGT	5.814461	-6.565625	0	T:4.0(4.88%),B:18.0(0.58%),P:1e-2	Tpos:54.4,Tstd:27.5,Bpos:42.1,Bstd:26.4,StrandBias:3.1,Multiplicity:4.75
0.530	0.001	0.468	0.001
0.367	0.001	0.631	0.001
0.001	0.001	0.997	0.001
0.001	0.001	0.001	0.997
0.001	0.001	0.001	0.997
0.968	0.001	0.030	0.001
0.001	0.001	0.997	0.001
0.001	0.001	0.997	0.001
0.001	0.001	0.973	0.025
0.001	0.001	0.001	0.997
