>TCTWGYWAGRGS	1-TCTWGYWAGRGS	10.660116	-22.516480	0	T:4.0(17.39%),B:0.0(0.00%),P:1e-9	Tpos:48.8,Tstd:21.8,Bpos:0.0,Bstd:0.0,StrandBias:-1.6,Multiplicity:1.00
0.001	0.001	0.001	0.997
0.001	0.936	0.062	0.001
0.001	0.001	0.001	0.997
0.452	0.063	0.001	0.484
0.001	0.001	0.967	0.031
0.001	0.546	0.001	0.452
0.452	0.001	0.001	0.546
0.997	0.001	0.001	0.001
0.001	0.001	0.997	0.001
0.452	0.001	0.546	0.001
0.001	0.001	0.997	0.001
0.001	0.452	0.546	0.001
>CCCAGTATAGGC	2-CCCAGTATAGGC	7.969458	-15.076889	0	T:6.0(26.09%),B:33.0(1.22%),P:1e-6	Tpos:53.3,Tstd:17.7,Bpos:62.4,Bstd:21.1,StrandBias:-1.0,Multiplicity:1.00
0.061	0.686	0.168	0.085
0.168	0.434	0.230	0.168
0.084	0.772	0.143	0.001
0.984	0.001	0.001	0.014
0.083	0.001	0.915	0.001
0.084	0.169	0.252	0.496
0.688	0.084	0.001	0.227
0.167	0.251	0.001	0.581
0.748	0.084	0.001	0.167
0.251	0.001	0.664	0.084
0.251	0.242	0.506	0.001
0.167	0.747	0.085	0.001
>GAGCTGAGCTCH	3-GAGCTGAGCTCH	9.887406	-15.004347	0	T:5.0(21.74%),B:17.0(0.63%),P:1e-6	Tpos:41.8,Tstd:28.0,Bpos:51.9,Bstd:23.4,StrandBias:-1.0,Multiplicity:1.00
0.001	0.001	0.997	0.001
0.686	0.001	0.312	0.001
0.001	0.053	0.945	0.001
0.366	0.632	0.001	0.001
0.001	0.001	0.366	0.632
0.001	0.311	0.687	0.001
0.686	0.001	0.312	0.001
0.001	0.001	0.997	0.001
0.053	0.945	0.001	0.001
0.054	0.311	0.001	0.634
0.001	0.634	0.054	0.311
0.312	0.367	0.001	0.321
>GTTCCAAACCTA	4-GTTCCAAACCTA	9.052274	-14.152067	0	T:3.0(13.04%),B:2.0(0.07%),P:1e-6	Tpos:21.0,Tstd:11.6,Bpos:63.0,Bstd:7.0,StrandBias:1.6,Multiplicity:1.33
0.001	0.001	0.941	0.057
0.001	0.172	0.001	0.826
0.001	0.001	0.001	0.997
0.001	0.997	0.001	0.001
0.001	0.997	0.001	0.001
0.941	0.057	0.001	0.001
0.883	0.115	0.001	0.001
0.826	0.172	0.001	0.001
0.001	0.997	0.001	0.001
0.001	0.997	0.001	0.001
0.001	0.001	0.001	0.997
0.826	0.172	0.001	0.001
>TCTTCTCCCCCC	5-TCTTCTCCCCCC	8.388430	-8.832376	0	T:3.0(13.04%),B:12.0(0.44%),P:1e-3	Tpos:72.3,Tstd:27.2,Bpos:42.0,Bstd:21.5,StrandBias:1.0,Multiplicity:1.00
0.001	0.001	0.001	0.997
0.001	0.997	0.001	0.001
0.001	0.042	0.001	0.956
0.043	0.087	0.043	0.827
0.001	0.997	0.001	0.001
0.043	0.043	0.001	0.913
0.001	0.997	0.001	0.001
0.001	0.912	0.001	0.086
0.001	0.997	0.001	0.001
0.001	0.997	0.001	0.001
0.086	0.870	0.001	0.043
0.001	0.997	0.001	0.001
