>CTCACACGGC	1-CTCACACGGC	8.159384	-14.208486	0	T:5.0(21.74%),B:20.0(0.74%),P:1e-6	Tpos:28.2,Tstd:25.7,Bpos:52.7,Bstd:24.7,StrandBias:-0.6,Multiplicity:1.00
0.001	0.687	0.001	0.311
0.001	0.311	0.001	0.687
0.001	0.687	0.311	0.001
0.966	0.032	0.001	0.001
0.001	0.997	0.001	0.001
0.997	0.001	0.001	0.001
0.311	0.687	0.001	0.001
0.001	0.001	0.997	0.001
0.001	0.001	0.687	0.311
0.001	0.687	0.311	0.001
>CCACAACARC	2-CCACAACARC	7.251822	-12.574036	0	T:9.0(39.13%),B:160.0(5.93%),P:1e-5	Tpos:63.2,Tstd:25.6,Bpos:49.7,Bstd:25.6,StrandBias:0.0,Multiplicity:1.44
0.001	0.718	0.011	0.270
0.417	0.581	0.001	0.001
0.997	0.001	0.001	0.001
0.001	0.533	0.292	0.174
0.706	0.281	0.012	0.001
0.700	0.001	0.298	0.001
0.001	0.846	0.152	0.001
0.683	0.164	0.152	0.001
0.458	0.001	0.540	0.001
0.001	0.754	0.109	0.136
>GTGAGCCCCT	3-GTGAGCCCCT	12.329821	-11.419876	0	T:3.0(13.04%),B:5.0(0.19%),P:1e-4	Tpos:59.8,Tstd:26.0,Bpos:49.2,Bstd:11.5,StrandBias:0.0,Multiplicity:1.33
0.001	0.001	0.666	0.332
0.001	0.001	0.001	0.997
0.001	0.001	0.997	0.001
0.997	0.001	0.001	0.001
0.001	0.001	0.997	0.001
0.001	0.997	0.001	0.001
0.001	0.997	0.001	0.001
0.001	0.997	0.001	0.001
0.001	0.997	0.001	0.001
0.332	0.001	0.001	0.666
>TTGTGGTGGT	4-TTGTGGTGGT	5.699644	-9.722168	0	T:11.0(47.83%),B:355.0(13.16%),P:1e-4	Tpos:56.0,Tstd:25.5,Bpos:49.4,Bstd:27.1,StrandBias:-0.5,Multiplicity:1.20
0.070	0.070	0.070	0.790
0.140	0.001	0.211	0.648
0.141	0.070	0.719	0.070
0.001	0.140	0.211	0.648
0.211	0.001	0.718	0.070
0.070	0.282	0.507	0.141
0.082	0.001	0.211	0.706
0.001	0.070	0.789	0.140
0.140	0.140	0.719	0.001
0.001	0.001	0.222	0.776
>TTGCTCTGGC	5-TTGCTCTGGC	8.581013	-9.678751	0	T:3.0(13.04%),B:9.0(0.33%),P:1e-4	Tpos:85.5,Tstd:9.1,Bpos:46.8,Bstd:25.2,StrandBias:1.6,Multiplicity:1.33
0.001	0.001	0.001	0.997
0.001	0.001	0.001	0.997
0.001	0.001	0.997	0.001
0.162	0.836	0.001	0.001
0.001	0.001	0.001	0.997
0.001	0.997	0.001	0.001
0.001	0.001	0.001	0.997
0.001	0.001	0.997	0.001
0.179	0.001	0.819	0.001
0.017	0.803	0.179	0.001
