>ACCGGAAC	1-ACCGGAAC	8.810886	-10.640713	0	T:4.0(17.39%),B:20.0(0.74%),P:1e-4	Tpos:55.4,Tstd:13.1,Bpos:54.5,Bstd:33.2,StrandBias:2.0,Multiplicity:1.25
0.997	0.001	0.001	0.001
0.001	0.997	0.001	0.001
0.001	0.665	0.333	0.001
0.209	0.001	0.789	0.001
0.001	0.001	0.997	0.001
0.997	0.001	0.001	0.001
0.997	0.001	0.001	0.001
0.001	0.800	0.198	0.001
>CTGCGCGC	2-CTGCGCGC	5.248221	-10.494434	0	T:10.0(43.48%),B:264.0(9.79%),P:1e-4	Tpos:42.5,Tstd:24.0,Bpos:53.6,Bstd:25.9,StrandBias:-1.0,Multiplicity:1.38
0.166	0.744	0.001	0.089
0.001	0.269	0.004	0.726
0.089	0.158	0.752	0.001
0.109	0.701	0.088	0.102
0.195	0.021	0.654	0.130
0.030	0.810	0.106	0.054
0.108	0.112	0.710	0.070
0.076	0.922	0.001	0.001
>TGAGCAGT	3-TGAGCAGT	10.543383	-9.368227	0	T:3.0(13.04%),B:10.0(0.37%),P:1e-4	Tpos:53.0,Tstd:29.8,Bpos:59.3,Bstd:25.8,StrandBias:-1.6,Multiplicity:1.33
0.001	0.249	0.159	0.591
0.001	0.001	0.997	0.001
0.997	0.001	0.001	0.001
0.001	0.001	0.997	0.001
0.001	0.997	0.001	0.001
0.997	0.001	0.001	0.001
0.001	0.001	0.997	0.001
0.001	0.001	0.001	0.997
>CCGCCCGC	4-CCGCCCGC	6.291044	-7.989753	0	T:6.0(26.09%),B:116.0(4.30%),P:1e-3	Tpos:52.3,Tstd:28.6,Bpos:46.6,Bstd:27.7,StrandBias:0.4,Multiplicity:1.17
0.100	0.700	0.100	0.100
0.100	0.700	0.100	0.100
0.100	0.100	0.700	0.100
0.100	0.700	0.100	0.100
0.100	0.700	0.100	0.100
0.100	0.700	0.100	0.100
0.100	0.100	0.700	0.100
0.100	0.700	0.100	0.100
>AGSCTTCD	5-AGSCTTCD	6.457552	-7.145013	0	T:4.0(17.39%),B:50.0(1.85%),P:1e-3	Tpos:41.8,Tstd:26.8,Bpos:56.0,Bstd:29.3,StrandBias:0.0,Multiplicity:1.00
0.466	0.151	0.213	0.170
0.001	0.001	0.848	0.150
0.129	0.473	0.366	0.032
0.001	0.997	0.001	0.001
0.090	0.001	0.151	0.758
0.120	0.069	0.286	0.525
0.001	0.599	0.214	0.186
0.283	0.045	0.392	0.280
