>GTGATTCTAGTW	1-GTGATTCTAGTW	10.891412	-18.666538	0	T:4.0(11.76%),B:2.0(0.06%),P:1e-8	Tpos:65.5,Tstd:13.3,Bpos:69.0,Bstd:22.0,StrandBias:0.0,Multiplicity:1.00
0.001	0.249	0.749	0.001
0.249	0.001	0.001	0.749
0.249	0.001	0.749	0.001
0.749	0.001	0.249	0.001
0.001	0.001	0.001	0.997
0.001	0.001	0.001	0.997
0.001	0.997	0.001	0.001
0.250	0.250	0.001	0.500
0.997	0.001	0.001	0.001
0.001	0.001	0.997	0.001
0.001	0.249	0.001	0.749
0.499	0.001	0.001	0.499
>TGTCCTGTGTCA	2-TGTCCTGTGTCA	8.138957	-18.666538	0	T:4.0(11.76%),B:2.0(0.06%),P:1e-8	Tpos:51.8,Tstd:30.5,Bpos:66.0,Bstd:10.0,StrandBias:1.0,Multiplicity:1.50
0.001	0.001	0.001	0.997
0.001	0.137	0.819	0.043
0.001	0.001	0.001	0.997
0.001	0.997	0.001	0.001
0.001	0.997	0.001	0.001
0.001	0.001	0.001	0.997
0.137	0.001	0.861	0.001
0.001	0.001	0.137	0.861
0.001	0.001	0.997	0.001
0.001	0.001	0.042	0.956
0.043	0.862	0.094	0.001
0.997	0.001	0.001	0.001
>TGTGTATTTCTC	3-TGTGTATTTCTC	8.576947	-17.052396	0	T:4.0(11.76%),B:3.0(0.10%),P:1e-7	Tpos:27.0,Tstd:14.1,Bpos:58.0,Bstd:12.1,StrandBias:1.6,Multiplicity:1.00
0.059	0.001	0.001	0.939
0.001	0.001	0.939	0.059
0.001	0.001	0.001	0.997
0.001	0.001	0.997	0.001
0.001	0.180	0.001	0.818
0.997	0.001	0.001	0.001
0.001	0.001	0.001	0.997
0.001	0.001	0.001	0.997
0.001	0.001	0.180	0.818
0.001	0.997	0.001	0.001
0.001	0.001	0.001	0.997
0.180	0.818	0.001	0.001
>MTACWKTGTKTT	4-MTACWKTGTKTT	11.211914	-10.098883	0	T:3.0(8.82%),B:6.0(0.19%),P:1e-4	Tpos:42.9,Tstd:27.7,Bpos:32.7,Bstd:16.9,StrandBias:1.3,Multiplicity:2.33
0.452	0.546	0.001	0.001
0.001	0.001	0.001	0.997
0.997	0.001	0.001	0.001
0.001	0.904	0.001	0.094
0.546	0.001	0.001	0.452
0.001	0.097	0.452	0.450
0.001	0.001	0.001	0.997
0.001	0.001	0.997	0.001
0.001	0.001	0.001	0.997
0.001	0.001	0.549	0.449
0.001	0.001	0.001	0.997
0.001	0.001	0.098	0.900
>GCTATACTTGTT	5-GCTATACTTGTT	15.885941	-4.520999	0	T:1.0(2.94%),B:0.0(0.00%),P:1e-1	Tpos:61.0,Tstd:0.0,Bpos:0.0,Bstd:0.0,StrandBias:10.0,Multiplicity:1.00
0.059	0.001	0.939	0.001
0.001	0.818	0.001	0.180
0.001	0.001	0.001	0.997
0.818	0.001	0.180	0.001
0.001	0.180	0.001	0.818
0.997	0.001	0.001	0.001
0.001	0.997	0.001	0.001
0.001	0.001	0.001	0.997
0.001	0.001	0.001	0.997
0.001	0.001	0.997	0.001
0.001	0.059	0.001	0.939
0.001	0.001	0.001	0.997
