>AGGTTAMTTCTC	1-AGGTTAMTTCTC	11.799130	-24.223796	0	T:5.0(14.71%),B:2.0(0.06%),P:1e-10	Tpos:48.6,Tstd:33.5,Bpos:41.0,Bstd:11.0,StrandBias:2.0,Multiplicity:1.00
0.997	0.001	0.001	0.001
0.001	0.001	0.997	0.001
0.001	0.001	0.799	0.199
0.199	0.001	0.001	0.799
0.001	0.199	0.001	0.799
0.997	0.001	0.001	0.001
0.400	0.400	0.001	0.200
0.001	0.001	0.001	0.997
0.199	0.001	0.001	0.799
0.001	0.997	0.001	0.001
0.001	0.001	0.001	0.997
0.001	0.799	0.199	0.001
>AACACTTTCCTT	2-AACACTTTCCTT	13.950013	-15.436802	0	T:3.0(8.82%),B:0.0(0.00%),P:1e-6	Tpos:40.7,Tstd:12.5,Bpos:0.0,Bstd:0.0,StrandBias:1.0,Multiplicity:1.00
0.997	0.001	0.001	0.001
0.997	0.001	0.001	0.001
0.001	0.997	0.001	0.001
0.997	0.001	0.001	0.001
0.249	0.749	0.001	0.001
0.001	0.001	0.001	0.997
0.001	0.001	0.001	0.997
0.001	0.001	0.001	0.997
0.001	0.749	0.249	0.001
0.001	0.500	0.250	0.250
0.001	0.001	0.001	0.997
0.001	0.249	0.001	0.749
>GGAGTCTTGCBC	3-GGAGTCTTGCBC	10.989605	-15.436802	0	T:3.0(8.82%),B:0.0(0.00%),P:1e-6	Tpos:53.0,Tstd:23.4,Bpos:0.0,Bstd:0.0,StrandBias:-1.0,Multiplicity:1.00
0.025	0.342	0.632	0.001
0.001	0.001	0.997	0.001
0.997	0.001	0.001	0.001
0.001	0.001	0.997	0.001
0.001	0.342	0.001	0.656
0.001	0.656	0.001	0.342
0.001	0.342	0.001	0.656
0.238	0.001	0.001	0.760
0.001	0.001	0.974	0.024
0.001	0.656	0.342	0.001
0.001	0.264	0.368	0.368
0.238	0.760	0.001	0.001
>TGTTVATAAATB	4-TGTTVATAAATB	8.611953	-13.640119	0	T:5.0(14.71%),B:17.0(0.55%),P:1e-5	Tpos:47.8,Tstd:17.2,Bpos:39.6,Bstd:25.1,StrandBias:1.0,Multiplicity:1.20
0.001	0.001	0.001	0.997
0.001	0.001	0.965	0.033
0.001	0.001	0.001	0.997
0.001	0.001	0.310	0.688
0.344	0.310	0.344	0.001
0.997	0.001	0.001	0.001
0.001	0.001	0.310	0.688
0.688	0.001	0.310	0.001
0.654	0.344	0.001	0.001
0.688	0.310	0.001	0.001
0.001	0.001	0.001	0.997
0.001	0.310	0.310	0.379
>TGCTTTGTTTTG	5-TGCTTTGTTTTG	12.355432	-4.520999	0	T:1.0(2.94%),B:1.0(0.03%),P:1e-1	Tpos:82.0,Tstd:0.0,Bpos:71.0,Bstd:0.0,StrandBias:-10.0,Multiplicity:1.00
0.100	0.100	0.100	0.700
0.100	0.100	0.700	0.100
0.100	0.700	0.100	0.100
0.100	0.100	0.100	0.700
0.100	0.100	0.100	0.700
0.100	0.100	0.100	0.700
0.100	0.100	0.700	0.100
0.100	0.100	0.100	0.700
0.100	0.100	0.100	0.700
0.100	0.100	0.100	0.700
0.100	0.100	0.100	0.700
0.100	0.100	0.700	0.100
