>YMCTMATGGKAA	1-YMCTMATGGKAA	7.378668	-20.773609	0	T:5.0(14.71%),B:4.0(0.13%),P:1e-9	Tpos:53.2,Tstd:33.0,Bpos:39.0,Bstd:24.5,StrandBias:0.6,Multiplicity:1.00
0.001	0.450	0.099	0.450
0.449	0.549	0.001	0.001
0.001	0.997	0.001	0.001
0.001	0.001	0.001	0.997
0.549	0.449	0.001	0.001
0.997	0.001	0.001	0.001
0.033	0.001	0.033	0.933
0.001	0.001	0.997	0.001
0.001	0.001	0.997	0.001
0.099	0.001	0.450	0.450
0.997	0.001	0.001	0.001
0.997	0.001	0.001	0.001
>ARCTTGTAKMAC	2-ARCTTGTAKMAC	7.425112	-18.804765	0	T:8.0(23.53%),B:38.0(1.22%),P:1e-8	Tpos:73.9,Tstd:15.2,Bpos:50.0,Bstd:21.6,StrandBias:0.8,Multiplicity:1.25
0.662	0.001	0.001	0.336
0.482	0.160	0.357	0.001
0.001	0.982	0.016	0.001
0.001	0.001	0.001	0.997
0.160	0.160	0.001	0.679
0.176	0.321	0.502	0.001
0.322	0.001	0.001	0.676
0.838	0.160	0.001	0.001
0.001	0.178	0.483	0.338
0.515	0.483	0.001	0.001
0.997	0.001	0.001	0.001
0.001	0.644	0.354	0.001
>ACATAGCARCAG	3-ACATAGCARCAG	11.623820	-16.572154	0	T:7.0(20.59%),B:33.0(1.06%),P:1e-7	Tpos:52.2,Tstd:20.6,Bpos:57.4,Bstd:18.3,StrandBias:-1.8,Multiplicity:1.29
0.956	0.042	0.001	0.001
0.001	0.762	0.236	0.001
0.710	0.288	0.001	0.001
0.236	0.001	0.001	0.762
0.762	0.001	0.236	0.001
0.001	0.001	0.997	0.001
0.001	0.762	0.001	0.236
0.997	0.001	0.001	0.001
0.525	0.001	0.473	0.001
0.236	0.762	0.001	0.001
0.997	0.001	0.001	0.001
0.237	0.043	0.483	0.237
>TGTAACASCTTT	4-TGTAACASCTTT	13.661999	-15.436802	0	T:3.0(8.82%),B:1.0(0.03%),P:1e-6	Tpos:58.3,Tstd:21.7,Bpos:41.0,Bstd:0.0,StrandBias:1.0,Multiplicity:1.00
0.001	0.001	0.249	0.749
0.001	0.001	0.997	0.001
0.001	0.001	0.001	0.997
0.997	0.001	0.001	0.001
0.997	0.001	0.001	0.001
0.001	0.749	0.249	0.001
0.997	0.001	0.001	0.001
0.001	0.499	0.499	0.001
0.249	0.749	0.001	0.001
0.001	0.001	0.001	0.997
0.001	0.001	0.001	0.997
0.001	0.001	0.249	0.749
>GTCCCTGAAACC	5-GTCCCTGAAACC	9.977425	-15.342758	0	T:5.0(14.71%),B:12.0(0.39%),P:1e-6	Tpos:43.2,Tstd:24.4,Bpos:47.8,Bstd:25.6,StrandBias:-0.6,Multiplicity:1.00
0.001	0.237	0.525	0.237
0.001	0.001	0.001	0.997
0.001	0.762	0.001	0.236
0.001	0.997	0.001	0.001
0.001	0.762	0.001	0.236
0.236	0.001	0.001	0.762
0.001	0.001	0.762	0.236
0.982	0.001	0.016	0.001
0.525	0.237	0.237	0.001
0.762	0.001	0.236	0.001
0.237	0.525	0.001	0.237
0.001	0.745	0.001	0.253
