>CTGCAGAGAG	1-CTGCAGAGAG	8.263218	-15.439668	0	T:9.0(26.47%),B:83.0(2.67%),P:1e-6	Tpos:66.1,Tstd:30.6,Bpos:49.4,Bstd:27.8,StrandBias:-0.3,Multiplicity:1.22
0.093	0.780	0.126	0.001
0.001	0.126	0.088	0.785
0.124	0.259	0.616	0.001
0.001	0.872	0.001	0.126
0.997	0.001	0.001	0.001
0.001	0.187	0.811	0.001
0.616	0.001	0.253	0.130
0.001	0.131	0.867	0.001
0.936	0.001	0.001	0.062
0.126	0.126	0.747	0.001
>GTGTGCKCAC	2-GTGTGCKCAC	11.665890	-15.436802	0	T:3.0(8.82%),B:1.0(0.03%),P:1e-6	Tpos:41.6,Tstd:26.8,Bpos:79.0,Bstd:0.0,StrandBias:2.0,Multiplicity:1.67
0.001	0.001	0.997	0.001
0.001	0.161	0.001	0.837
0.001	0.001	0.997	0.001
0.001	0.001	0.001	0.997
0.001	0.001	0.997	0.001
0.001	0.837	0.161	0.001
0.001	0.162	0.487	0.350
0.001	0.997	0.001	0.001
0.997	0.001	0.001	0.001
0.001	0.997	0.001	0.001
>TGTMTCCACT	3-TGTMTCCACT	8.891614	-11.774054	0	T:5.0(14.71%),B:25.0(0.80%),P:1e-5	Tpos:52.4,Tstd:25.0,Bpos:57.1,Bstd:26.2,StrandBias:0.0,Multiplicity:1.60
0.001	0.001	0.001	0.997
0.001	0.001	0.997	0.001
0.196	0.001	0.001	0.802
0.438	0.364	0.197	0.001
0.001	0.196	0.001	0.802
0.001	0.802	0.001	0.196
0.001	0.802	0.001	0.196
0.997	0.001	0.001	0.001
0.001	0.802	0.196	0.001
0.001	0.167	0.197	0.635
>CTTACCTGGC	4-CTTACCTGGC	10.296193	-8.381813	0	T:2.0(5.88%),B:2.0(0.06%),P:1e-3	Tpos:51.0,Tstd:26.3,Bpos:23.5,Bstd:10.5,StrandBias:1.0,Multiplicity:1.50
0.100	0.700	0.100	0.100
0.100	0.100	0.100	0.700
0.100	0.100	0.100	0.700
0.700	0.100	0.100	0.100
0.100	0.700	0.100	0.100
0.100	0.700	0.100	0.100
0.100	0.100	0.100	0.700
0.100	0.100	0.700	0.100
0.100	0.100	0.700	0.100
0.100	0.700	0.100	0.100
>TTTGTTTGTT	5-TTTGTTTGTT	6.126150	-8.344452	0	T:14.0(41.18%),B:473.0(15.21%),P:1e-3	Tpos:50.6,Tstd:27.5,Bpos:48.9,Bstd:26.3,StrandBias:0.4,Multiplicity:1.36
0.001	0.072	0.001	0.926
0.096	0.194	0.269	0.440
0.001	0.001	0.001	0.997
0.001	0.150	0.739	0.110
0.095	0.001	0.001	0.903
0.001	0.096	0.081	0.822
0.052	0.001	0.001	0.946
0.001	0.109	0.565	0.325
0.148	0.002	0.001	0.849
0.001	0.001	0.162	0.836
