>TGACCCTC	1-TGACCCTC	10.925452	-21.431408	0	T:4.0(11.76%),B:1.0(0.03%),P:1e-9	Tpos:40.8,Tstd:27.8,Bpos:17.0,Bstd:0.0,StrandBias:0.0,Multiplicity:1.00
0.001	0.001	0.001	0.997
0.001	0.132	0.866	0.001
0.997	0.001	0.001	0.001
0.001	0.997	0.001	0.001
0.001	0.997	0.001	0.001
0.001	0.997	0.001	0.001
0.001	0.001	0.001	0.997
0.001	0.997	0.001	0.001
>TCCACTAC	2-TCCACTAC	7.763986	-14.160978	0	T:6.0(17.65%),B:29.0(0.93%),P:1e-6	Tpos:59.6,Tstd:23.7,Bpos:49.3,Bstd:26.7,StrandBias:-1.3,Multiplicity:1.17
0.001	0.001	0.001	0.997
0.001	0.693	0.305	0.001
0.271	0.727	0.001	0.001
0.887	0.001	0.001	0.111
0.001	0.845	0.153	0.001
0.001	0.244	0.005	0.750
0.727	0.150	0.001	0.122
0.001	0.823	0.175	0.001
>CCAAGGCG	3-CCAAGGCG	10.016639	-10.638380	0	T:3.0(8.82%),B:5.0(0.16%),P:1e-4	Tpos:53.5,Tstd:22.8,Bpos:39.2,Bstd:30.2,StrandBias:-1.6,Multiplicity:1.33
0.001	0.997	0.001	0.001
0.001	0.997	0.001	0.001
0.997	0.001	0.001	0.001
0.997	0.001	0.001	0.001
0.001	0.001	0.997	0.001
0.001	0.001	0.649	0.349
0.001	0.997	0.001	0.001
0.001	0.001	0.997	0.001
>GGATAACC	4-GGATAACC	6.291044	-8.020176	0	T:8.0(23.53%),B:165.0(5.31%),P:1e-3	Tpos:46.0,Tstd:19.9,Bpos:50.4,Bstd:26.7,StrandBias:1.0,Multiplicity:1.12
0.100	0.100	0.700	0.100
0.100	0.100	0.700	0.100
0.700	0.100	0.100	0.100
0.100	0.100	0.100	0.700
0.700	0.100	0.100	0.100
0.700	0.100	0.100	0.100
0.100	0.700	0.100	0.100
0.100	0.700	0.100	0.100
>GCGGCGCG	5-GCGGCGCG	6.828306	-7.056547	0	T:3.0(8.82%),B:17.0(0.55%),P:1e-3	Tpos:38.2,Tstd:33.6,Bpos:64.2,Bstd:24.3,StrandBias:0.0,Multiplicity:1.00
0.001	0.001	0.997	0.001
0.117	0.641	0.241	0.001
0.001	0.241	0.667	0.091
0.131	0.138	0.600	0.131
0.001	0.778	0.130	0.091
0.001	0.261	0.608	0.130
0.001	0.940	0.005	0.054
0.001	0.130	0.799	0.070
>CTCTCTCT	6-CTCTCTCT	8.056155	-6.953313	0	T:7.0(20.59%),B:148.0(4.76%),P:1e-3	Tpos:51.2,Tstd:21.9,Bpos:47.4,Bstd:24.9,StrandBias:-1.2,Multiplicity:1.00
0.107	0.891	0.001	0.001
0.092	0.001	0.001	0.906
0.001	0.997	0.001	0.001
0.077	0.001	0.001	0.921
0.001	0.997	0.001	0.001
0.094	0.001	0.001	0.904
0.001	0.997	0.001	0.001
0.001	0.001	0.134	0.864
