>GGCTTTTSTTWG	1-GGCTTTTSTTWG	9.158945	-22.429373	0	T:7.0(20.59%),B:14.0(0.45%),P:1e-9	Tpos:39.4,Tstd:21.5,Bpos:54.5,Bstd:22.0,StrandBias:1.6,Multiplicity:1.14
0.001	0.001	0.975	0.023
0.237	0.001	0.525	0.237
0.001	0.997	0.001	0.001
0.236	0.001	0.001	0.762
0.236	0.001	0.001	0.762
0.001	0.001	0.236	0.762
0.001	0.001	0.001	0.997
0.001	0.473	0.525	0.001
0.001	0.001	0.001	0.997
0.237	0.237	0.001	0.525
0.473	0.001	0.001	0.525
0.001	0.259	0.739	0.001
>TKAGRRACTAGC	2-TKAGRRACTAGC	10.217244	-15.770038	0	T:5.0(14.71%),B:11.0(0.35%),P:1e-6	Tpos:61.7,Tstd:22.2,Bpos:56.4,Bstd:29.3,StrandBias:1.0,Multiplicity:1.20
0.001	0.236	0.001	0.762
0.001	0.001	0.496	0.502
0.997	0.001	0.001	0.001
0.001	0.001	0.997	0.001
0.502	0.001	0.474	0.023
0.497	0.023	0.479	0.001
0.733	0.001	0.001	0.265
0.001	0.739	0.259	0.001
0.236	0.001	0.001	0.762
0.762	0.236	0.001	0.001
0.237	0.237	0.525	0.001
0.001	0.997	0.001	0.001
>GGGATGCAKGGC	3-GGGATGCAKGGC	12.743365	-15.436802	0	T:3.0(8.82%),B:1.0(0.03%),P:1e-6	Tpos:58.2,Tstd:24.6,Bpos:44.0,Bstd:0.0,StrandBias:2.0,Multiplicity:1.67
0.001	0.001	0.997	0.001
0.001	0.001	0.997	0.001
0.001	0.001	0.997	0.001
0.997	0.001	0.001	0.001
0.240	0.001	0.240	0.519
0.001	0.001	0.997	0.001
0.001	0.997	0.001	0.001
0.759	0.001	0.239	0.001
0.001	0.001	0.480	0.518
0.001	0.001	0.997	0.001
0.001	0.001	0.997	0.001
0.001	0.759	0.239	0.001
>CATAGTAACHTA	4-CATAGTAACHTA	11.385803	-10.098883	0	T:3.0(8.82%),B:6.0(0.19%),P:1e-4	Tpos:55.9,Tstd:26.2,Bpos:55.7,Bstd:23.8,StrandBias:2.6,Multiplicity:2.33
0.001	0.997	0.001	0.001
0.688	0.310	0.001	0.001
0.001	0.001	0.001	0.997
0.997	0.001	0.001	0.001
0.001	0.001	0.997	0.001
0.310	0.068	0.001	0.621
0.997	0.001	0.001	0.001
0.688	0.310	0.001	0.001
0.310	0.688	0.001	0.001
0.310	0.379	0.001	0.310
0.001	0.001	0.310	0.688
0.997	0.001	0.001	0.001
>CCAAGTAACCAA	5-CCAAGTAACCAA	15.792555	-4.520999	0	T:1.0(2.94%),B:0.0(0.00%),P:1e-1	Tpos:7.0,Tstd:0.0,Bpos:0.0,Bstd:0.0,StrandBias:10.0,Multiplicity:1.00
0.001	0.997	0.001	0.001
0.001	0.997	0.001	0.001
0.997	0.001	0.001	0.001
0.997	0.001	0.001	0.001
0.332	0.001	0.666	0.001
0.001	0.332	0.001	0.666
0.997	0.001	0.001	0.001
0.997	0.001	0.001	0.001
0.001	0.997	0.001	0.001
0.001	0.997	0.001	0.001
0.997	0.001	0.001	0.001
0.997	0.001	0.001	0.001
