>CATANGCT	1-CATANGCT	7.007550	-16.572154	0	T:7.0(20.59%),B:33.0(1.06%),P:1e-7	Tpos:42.3,Tstd:23.2,Bpos:42.2,Bstd:24.4,StrandBias:-1.3,Multiplicity:1.00
0.134	0.864	0.001	0.001
0.754	0.117	0.001	0.128
0.094	0.013	0.001	0.892
0.879	0.113	0.007	0.001
0.277	0.267	0.229	0.227
0.097	0.233	0.499	0.171
0.001	0.877	0.001	0.121
0.231	0.163	0.001	0.605
>TCAGGGAA	2-TCAGGGAA	7.239807	-13.247315	0	T:10.0(29.41%),B:141.0(4.54%),P:1e-5	Tpos:35.1,Tstd:16.7,Bpos:50.5,Bstd:25.1,StrandBias:-0.7,Multiplicity:1.30
0.023	0.277	0.001	0.699
0.001	0.997	0.001	0.001
0.950	0.001	0.001	0.048
0.101	0.156	0.680	0.063
0.074	0.001	0.843	0.082
0.010	0.001	0.735	0.254
0.684	0.001	0.064	0.251
0.879	0.068	0.052	0.001
>TGGCGGTT	3-TGGCGGTT	8.264108	-11.774054	0	T:5.0(14.71%),B:25.0(0.80%),P:1e-5	Tpos:30.8,Tstd:21.7,Bpos:51.9,Bstd:27.6,StrandBias:0.6,Multiplicity:1.00
0.001	0.001	0.001	0.997
0.001	0.001	0.764	0.234
0.001	0.001	0.997	0.001
0.118	0.746	0.135	0.001
0.001	0.235	0.667	0.097
0.001	0.001	0.997	0.001
0.001	0.001	0.001	0.997
0.001	0.001	0.001	0.997
>ACCTGGST	4-ACCTGGST	9.988967	-9.643898	0	T:3.0(8.82%),B:7.0(0.23%),P:1e-4	Tpos:44.7,Tstd:19.6,Bpos:39.4,Bstd:29.8,StrandBias:10.0,Multiplicity:1.00
0.889	0.001	0.109	0.001
0.001	0.997	0.001	0.001
0.001	0.832	0.001	0.166
0.001	0.001	0.001	0.997
0.001	0.001	0.997	0.001
0.001	0.001	0.997	0.001
0.001	0.448	0.550	0.001
0.171	0.001	0.001	0.827
>ACATGGTG	5-ACATGGTG	7.588700	-8.510368	0	T:9.0(26.47%),B:197.0(6.34%),P:1e-3	Tpos:62.3,Tstd:22.2,Bpos:52.7,Bstd:28.4,StrandBias:-0.3,Multiplicity:1.00
0.591	0.407	0.001	0.001
0.001	0.997	0.001	0.001
0.997	0.001	0.001	0.001
0.001	0.001	0.407	0.591
0.001	0.341	0.657	0.001
0.001	0.341	0.657	0.001
0.001	0.001	0.249	0.749
0.001	0.001	0.997	0.001
