>CAGSAGYMCAGC	1-CAGSAGYMCAGC	8.918283	-22.403891	0	T:17.0(8.25%),B:1629.0(1.09%),P:1e-9	Tpos:57.1,Tstd:24.8,Bpos:50.3,Bstd:25.8,StrandBias:-0.2,Multiplicity:1.00
0.293	0.705	0.001	0.001
0.997	0.001	0.001	0.001
0.001	0.001	0.997	0.001
0.001	0.573	0.425	0.001
0.774	0.097	0.128	0.001
0.001	0.090	0.791	0.118
0.001	0.514	0.007	0.478
0.324	0.474	0.138	0.064
0.001	0.997	0.001	0.001
0.425	0.088	0.240	0.248
0.001	0.001	0.997	0.001
0.001	0.802	0.001	0.196
>GTARGGAGMCCK	2-GTARGGAGMCCK	10.304747	-20.642596	0	T:5.0(2.43%),B:31.0(0.02%),P:1e-8	Tpos:56.5,Tstd:26.1,Bpos:54.4,Bstd:28.7,StrandBias:1.6,Multiplicity:1.60
0.001	0.001	0.997	0.001
0.001	0.001	0.001	0.997
0.997	0.001	0.001	0.001
0.495	0.001	0.503	0.001
0.001	0.001	0.997	0.001
0.001	0.001	0.997	0.001
0.997	0.001	0.001	0.001
0.001	0.001	0.997	0.001
0.503	0.495	0.001	0.001
0.001	0.986	0.001	0.012
0.001	0.579	0.001	0.419
0.013	0.001	0.420	0.566
>GVTGATGGTGBA	3-GVTGATGGTGBA	8.269599	-16.134810	0	T:9.0(4.37%),B:550.0(0.37%),P:1e-7	Tpos:50.7,Tstd:30.7,Bpos:52.5,Bstd:26.6,StrandBias:0.8,Multiplicity:1.22
0.001	0.001	0.997	0.001
0.352	0.350	0.297	0.001
0.001	0.001	0.021	0.977
0.001	0.001	0.997	0.001
0.705	0.293	0.001	0.001
0.001	0.001	0.374	0.624
0.001	0.001	0.997	0.001
0.001	0.001	0.997	0.001
0.001	0.001	0.001	0.997
0.001	0.327	0.671	0.001
0.024	0.294	0.354	0.328
0.668	0.330	0.001	0.001
>CCTCCTAGGGGG	4-CCTCCTAGGGGG	12.355432	-12.490120	0	T:2.0(0.97%),B:2.0(0.00%),P:1e-5	Tpos:44.0,Tstd:23.6,Bpos:48.5,Bstd:25.5,StrandBias:-1.6,Multiplicity:2.00
0.100	0.700	0.100	0.100
0.100	0.700	0.100	0.100
0.100	0.100	0.100	0.700
0.100	0.700	0.100	0.100
0.100	0.700	0.100	0.100
0.100	0.100	0.100	0.700
0.700	0.100	0.100	0.100
0.100	0.100	0.700	0.100
0.100	0.100	0.700	0.100
0.100	0.100	0.700	0.100
0.100	0.100	0.700	0.100
0.100	0.100	0.700	0.100
>TTGCCAGAGGAG	5-TTGCCAGAGGAG	13.073303	-9.278509	0	T:2.0(0.97%),B:10.0(0.01%),P:1e-4	Tpos:36.0,Tstd:28.4,Bpos:46.5,Bstd:25.4,StrandBias:1.6,Multiplicity:2.00
0.001	0.001	0.001	0.997
0.001	0.001	0.001	0.997
0.001	0.001	0.997	0.001
0.001	0.997	0.001	0.001
0.001	0.997	0.001	0.001
0.997	0.001	0.001	0.001
0.001	0.001	0.997	0.001
0.997	0.001	0.001	0.001
0.001	0.001	0.997	0.001
0.001	0.001	0.997	0.001
0.827	0.001	0.171	0.001
0.001	0.001	0.827	0.171
>GCCCCCCCCCCC	6-GCCCCCCCCCCC	9.913739	-6.189904	0	T:9.0(4.37%),B:2008.0(1.34%),P:1e-2	Tpos:35.4,Tstd:18.7,Bpos:50.4,Bstd:25.5,StrandBias:0.8,Multiplicity:1.11
0.061	0.311	0.627	0.001
0.001	0.852	0.145	0.002
0.058	0.831	0.110	0.001
0.001	0.886	0.112	0.001
0.090	0.770	0.100	0.040
0.027	0.763	0.040	0.170
0.121	0.837	0.001	0.041
0.001	0.851	0.147	0.001
0.001	0.834	0.051	0.114
0.001	0.997	0.001	0.001
0.001	0.915	0.048	0.036
0.027	0.848	0.082	0.043
