>ACGGCCGATGGT	1-ACGGCCGATGGT	9.692238	-19.493850	0	T:3.0(1.46%),B:2.0(0.00%),P:1e-8	Tpos:55.3,Tstd:20.1,Bpos:28.5,Bstd:2.5,StrandBias:1.0,Multiplicity:1.00
0.911	0.001	0.001	0.087
0.001	0.997	0.001	0.001
0.001	0.001	0.997	0.001
0.001	0.001	0.997	0.001
0.001	0.997	0.001	0.001
0.001	0.997	0.001	0.001
0.001	0.087	0.869	0.043
0.997	0.001	0.001	0.001
0.001	0.001	0.001	0.997
0.001	0.001	0.997	0.001
0.131	0.001	0.867	0.001
0.001	0.001	0.001	0.997
>AKGGGGAGGAGC	2-AKGGGGAGGAGC	11.610720	-17.631297	0	T:11.0(5.34%),B:803.0(0.54%),P:1e-7	Tpos:40.3,Tstd:24.3,Bpos:51.2,Bstd:24.2,StrandBias:0.0,Multiplicity:1.09
0.725	0.078	0.196	0.001
0.187	0.001	0.400	0.413
0.059	0.001	0.939	0.001
0.001	0.001	0.997	0.001
0.001	0.001	0.997	0.001
0.087	0.001	0.911	0.001
0.788	0.133	0.001	0.078
0.221	0.001	0.777	0.001
0.094	0.001	0.904	0.001
0.834	0.001	0.047	0.118
0.001	0.001	0.997	0.001
0.001	0.734	0.064	0.201
>GCTMGRAGCCAC	3-GCTMGRAGCCAC	11.515393	-15.379408	0	T:5.0(2.43%),B:90.0(0.06%),P:1e-6	Tpos:39.3,Tstd:23.7,Bpos:50.2,Bstd:26.0,StrandBias:0.0,Multiplicity:1.20
0.008	0.001	0.990	0.001
0.001	0.997	0.001	0.001
0.001	0.266	0.001	0.732
0.432	0.566	0.001	0.001
0.006	0.283	0.710	0.001
0.490	0.001	0.501	0.008
0.991	0.007	0.001	0.001
0.005	0.001	0.993	0.001
0.202	0.530	0.267	0.001
0.266	0.732	0.001	0.001
0.776	0.001	0.001	0.222
0.001	0.706	0.292	0.001
>YGTGCRCACGCR	4-YGTGCRCACGCR	6.132146	-6.228472	0	T:24.0(11.65%),B:9165.0(6.12%),P:1e-2	Tpos:43.9,Tstd:20.6,Bpos:49.7,Bstd:25.4,StrandBias:-0.8,Multiplicity:1.38
0.030	0.489	0.001	0.479
0.240	0.294	0.465	0.001
0.208	0.307	0.001	0.485
0.081	0.001	0.698	0.220
0.001	0.934	0.001	0.064
0.418	0.026	0.530	0.026
0.001	0.739	0.103	0.157
0.631	0.001	0.252	0.116
0.001	0.507	0.290	0.202
0.346	0.038	0.615	0.001
0.038	0.865	0.001	0.096
0.402	0.024	0.398	0.176
>NNNNNNNNNNNN	5-NNNNNNNNNNNN	-nan	0.000000	0	T:0.0(0.00%),B:0.0(0.00%),P:1e0	Tpos:0.0,Tstd:0.0,Bpos:0.0,Bstd:0.0,StrandBias:0.0,Multiplicity:1.00
-nan	-nan	-nan	-nan
-nan	-nan	-nan	-nan
-nan	-nan	-nan	-nan
-nan	-nan	-nan	-nan
-nan	-nan	-nan	-nan
-nan	-nan	-nan	-nan
-nan	-nan	-nan	-nan
-nan	-nan	-nan	-nan
-nan	-nan	-nan	-nan
-nan	-nan	-nan	-nan
-nan	-nan	-nan	-nan
-nan	-nan	-nan	-nan
