>TAGCGCCA	1-TAGCGCCA	6.962774	-16.123397	0	T:25.0(12.14%),B:5287.0(3.53%),P:1e-7	Tpos:47.5,Tstd:29.4,Bpos:50.3,Bstd:25.3,StrandBias:-0.7,Multiplicity:1.00
0.071	0.056	0.001	0.872
0.950	0.001	0.048	0.001
0.001	0.082	0.810	0.107
0.001	0.936	0.062	0.001
0.119	0.206	0.538	0.137
0.001	0.997	0.001	0.001
0.001	0.997	0.001	0.001
0.950	0.048	0.001	0.001
>TGTTCCGG	2-TGTTCCGG	7.534711	-15.764271	0	T:18.0(8.74%),B:2889.0(1.93%),P:1e-6	Tpos:51.5,Tstd:30.9,Bpos:49.9,Bstd:26.9,StrandBias:0.8,Multiplicity:1.00
0.125	0.001	0.001	0.873
0.128	0.096	0.775	0.001
0.077	0.001	0.077	0.845
0.001	0.059	0.069	0.871
0.001	0.919	0.001	0.079
0.080	0.918	0.001	0.001
0.001	0.060	0.938	0.001
0.001	0.001	0.915	0.083
>CTGATTGA	3-CTGATTGA	5.040237	-12.121199	0	T:49.0(23.79%),B:18623.0(12.44%),P:1e-5	Tpos:49.6,Tstd:26.4,Bpos:50.3,Bstd:27.0,StrandBias:0.0,Multiplicity:1.18
0.137	0.647	0.113	0.103
0.087	0.058	0.047	0.808
0.078	0.051	0.774	0.097
0.802	0.068	0.089	0.041
0.097	0.051	0.083	0.769
0.112	0.068	0.022	0.798
0.103	0.108	0.695	0.094
0.722	0.036	0.153	0.089
>AGGAGGCC	4-AGGAGGCC	7.280701	-11.568543	0	T:24.0(11.65%),B:6385.0(4.27%),P:1e-5	Tpos:50.9,Tstd:30.4,Bpos:50.3,Bstd:27.0,StrandBias:0.2,Multiplicity:1.17
0.997	0.001	0.001	0.001
0.066	0.073	0.860	0.001
0.001	0.001	0.929	0.069
0.962	0.001	0.001	0.036
0.097	0.001	0.870	0.032
0.001	0.001	0.997	0.001
0.001	0.909	0.089	0.001
0.001	0.997	0.001	0.001
>CACTGTTA	5-CACTGTTA	7.995684	-8.110120	0	T:14.0(6.80%),B:3399.0(2.27%),P:1e-3	Tpos:47.6,Tstd:28.5,Bpos:50.3,Bstd:25.2,StrandBias:-1.2,Multiplicity:1.43
0.001	0.930	0.001	0.068
0.930	0.068	0.001	0.001
0.122	0.727	0.001	0.150
0.001	0.001	0.001	0.997
0.001	0.001	0.997	0.001
0.001	0.001	0.001	0.997
0.001	0.001	0.001	0.997
0.997	0.001	0.001	0.001
