>TGGGGTAAAGAA	1-TGGGGTAAAGAA	14.649101	-24.019655	0	T:4.0(1.94%),B:4.0(0.00%),P:1e-10	Tpos:46.2,Tstd:24.3,Bpos:21.5,Bstd:14.4,StrandBias:-1.6,Multiplicity:1.00
0.001	0.001	0.256	0.742
0.001	0.001	0.997	0.001
0.001	0.001	0.997	0.001
0.001	0.001	0.997	0.001
0.001	0.256	0.742	0.001
0.001	0.001	0.001	0.997
0.997	0.001	0.001	0.001
0.997	0.001	0.001	0.001
0.742	0.001	0.001	0.256
0.001	0.001	0.997	0.001
0.997	0.001	0.001	0.001
0.997	0.001	0.001	0.001
>TCACWGTKAGGC	2-TCACWGTKAGGC	9.488827	-21.023012	0	T:13.0(6.31%),B:916.0(0.61%),P:1e-9	Tpos:43.9,Tstd:26.9,Bpos:50.6,Bstd:24.6,StrandBias:-0.2,Multiplicity:1.23
0.001	0.174	0.327	0.498
0.207	0.791	0.001	0.001
0.775	0.001	0.223	0.001
0.001	0.997	0.001	0.001
0.566	0.001	0.001	0.432
0.024	0.001	0.974	0.001
0.065	0.158	0.001	0.776
0.001	0.001	0.539	0.459
0.821	0.012	0.166	0.001
0.170	0.012	0.669	0.149
0.001	0.221	0.777	0.001
0.001	0.651	0.179	0.169
>CATTGGCYGGCT	3-CATTGGCYGGCT	8.782742	-20.118231	0	T:14.0(6.80%),B:1194.0(0.80%),P:1e-8	Tpos:48.8,Tstd:29.1,Bpos:50.5,Bstd:25.2,StrandBias:1.1,Multiplicity:1.14
0.001	0.847	0.151	0.001
0.887	0.001	0.001	0.111
0.001	0.001	0.219	0.779
0.001	0.001	0.001	0.997
0.112	0.100	0.676	0.112
0.001	0.001	0.779	0.219
0.001	0.898	0.100	0.001
0.225	0.437	0.001	0.337
0.004	0.112	0.659	0.225
0.001	0.001	0.781	0.217
0.164	0.622	0.213	0.001
0.001	0.224	0.068	0.707
>TGTGTCTGCTTG	4-TGTGTCTGCTTG	14.069227	-18.079790	0	T:5.0(2.43%),B:52.0(0.03%),P:1e-7	Tpos:49.0,Tstd:30.0,Bpos:52.7,Bstd:27.4,StrandBias:-0.6,Multiplicity:1.00
0.001	0.001	0.001	0.997
0.001	0.001	0.801	0.197
0.001	0.001	0.240	0.758
0.001	0.001	0.997	0.001
0.001	0.001	0.001	0.997
0.001	0.810	0.188	0.001
0.001	0.001	0.001	0.997
0.001	0.001	0.997	0.001
0.001	0.997	0.001	0.001
0.001	0.160	0.001	0.838
0.001	0.001	0.001	0.997
0.001	0.001	0.997	0.001
>YATBTATTTTGG	5-YATBTATTTTGG	8.501790	-17.126784	0	T:13.0(6.31%),B:1278.0(0.85%),P:1e-7	Tpos:64.5,Tstd:17.7,Bpos:50.5,Bstd:25.7,StrandBias:-1.7,Multiplicity:1.00
0.001	0.559	0.001	0.439
0.855	0.001	0.004	0.140
0.001	0.001	0.007	0.991
0.140	0.280	0.280	0.301
0.001	0.001	0.139	0.859
0.711	0.140	0.148	0.001
0.148	0.001	0.140	0.711
0.001	0.419	0.001	0.579
0.001	0.001	0.139	0.859
0.001	0.139	0.001	0.859
0.279	0.001	0.719	0.001
0.012	0.001	0.847	0.140
