>TTCTAGTCTT	1-TTCTAGTCTT	9.627779	-21.323554	0	T:9.0(4.37%),B:299.0(0.20%),P:1e-9	Tpos:56.1,Tstd:29.7,Bpos:51.1,Bstd:26.8,StrandBias:-1.0,Multiplicity:1.00
0.170	0.001	0.001	0.828
0.001	0.001	0.001	0.997
0.001	0.997	0.001	0.001
0.001	0.119	0.001	0.879
0.997	0.001	0.001	0.001
0.001	0.001	0.864	0.134
0.001	0.136	0.132	0.731
0.001	0.997	0.001	0.001
0.001	0.001	0.001	0.997
0.161	0.001	0.001	0.837
>TCATATTTTA	2-TCATATTTTA	8.403482	-20.065892	0	T:13.0(6.31%),B:993.0(0.66%),P:1e-8	Tpos:50.0,Tstd:17.5,Bpos:50.2,Bstd:25.9,StrandBias:-0.4,Multiplicity:1.08
0.116	0.001	0.006	0.877
0.001	0.724	0.083	0.192
0.716	0.282	0.001	0.001
0.001	0.165	0.001	0.833
0.997	0.001	0.001	0.001
0.143	0.127	0.001	0.729
0.001	0.001	0.001	0.997
0.001	0.001	0.114	0.884
0.116	0.001	0.130	0.753
0.516	0.130	0.254	0.100
>GTAGCAAAGT	3-GTAGCAAAGT	6.688215	-17.393447	0	T:20.0(9.71%),B:3210.0(2.14%),P:1e-7	Tpos:45.9,Tstd:30.8,Bpos:50.7,Bstd:25.5,StrandBias:1.0,Multiplicity:1.05
0.171	0.173	0.476	0.180
0.243	0.131	0.144	0.482
0.573	0.001	0.279	0.147
0.142	0.001	0.721	0.136
0.001	0.652	0.346	0.001
0.774	0.001	0.001	0.224
0.634	0.001	0.268	0.097
0.565	0.101	0.225	0.109
0.293	0.001	0.535	0.171
0.288	0.134	0.051	0.527
>CTTGTGAGTG	4-CTTGTGAGTG	10.472660	-12.768425	0	T:7.0(3.40%),B:432.0(0.29%),P:1e-5	Tpos:42.2,Tstd:28.1,Bpos:49.1,Bstd:26.3,StrandBias:3.2,Multiplicity:1.43
0.146	0.852	0.001	0.001
0.001	0.091	0.001	0.907
0.001	0.001	0.084	0.914
0.177	0.001	0.688	0.134
0.001	0.001	0.001	0.997
0.001	0.001	0.997	0.001
0.997	0.001	0.001	0.001
0.001	0.123	0.766	0.110
0.001	0.001	0.001	0.997
0.001	0.001	0.997	0.001
>CTCCTCTTCT	5-CTCCTCTTCT	10.573081	-11.300617	0	T:8.0(3.88%),B:757.0(0.51%),P:1e-4	Tpos:46.1,Tstd:20.7,Bpos:51.5,Bstd:26.5,StrandBias:1.8,Multiplicity:1.12
0.001	0.997	0.001	0.001
0.001	0.112	0.001	0.886
0.001	0.680	0.081	0.238
0.001	0.876	0.001	0.122
0.001	0.094	0.001	0.904
0.001	0.997	0.001	0.001
0.001	0.048	0.001	0.950
0.001	0.070	0.074	0.855
0.001	0.997	0.001	0.001
0.001	0.065	0.001	0.933
