>CTGTCCTATT	1-CTGTCCTATT	10.510906	-19.885353	0	T:8.0(3.88%),B:240.0(0.16%),P:1e-8	Tpos:54.4,Tstd:25.5,Bpos:50.6,Bstd:25.4,StrandBias:-0.7,Multiplicity:1.00
0.164	0.834	0.001	0.001
0.001	0.001	0.001	0.997
0.160	0.001	0.744	0.095
0.001	0.001	0.113	0.885
0.001	0.997	0.001	0.001
0.001	0.882	0.001	0.116
0.001	0.127	0.001	0.871
0.914	0.084	0.001	0.001
0.001	0.001	0.001	0.997
0.001	0.001	0.001	0.997
>GCTCSCTCGC	2-GCTCSCTCGC	11.153001	-16.136902	0	T:6.0(2.91%),B:154.0(0.10%),P:1e-7	Tpos:41.2,Tstd:21.3,Bpos:50.7,Bstd:27.1,StrandBias:-1.6,Multiplicity:1.17
0.001	0.001	0.997	0.001
0.001	0.997	0.001	0.001
0.001	0.162	0.001	0.836
0.001	0.997	0.001	0.001
0.001	0.525	0.473	0.001
0.001	0.997	0.001	0.001
0.001	0.001	0.001	0.997
0.001	0.997	0.001	0.001
0.001	0.001	0.997	0.001
0.001	0.799	0.001	0.199
>GCTGYTGTTG	3-GCTGYTGTTG	8.295747	-14.720581	0	T:20.0(9.71%),B:3801.0(2.54%),P:1e-6	Tpos:53.0,Tstd:27.2,Bpos:50.4,Bstd:26.7,StrandBias:1.1,Multiplicity:1.05
0.055	0.001	0.785	0.159
0.003	0.701	0.056	0.240
0.077	0.001	0.001	0.921
0.084	0.052	0.861	0.003
0.003	0.507	0.001	0.489
0.002	0.001	0.001	0.996
0.118	0.159	0.722	0.001
0.002	0.239	0.001	0.758
0.001	0.001	0.418	0.580
0.072	0.001	0.777	0.150
>TGAGGCAGGG	4-TGAGGCAGGG	11.297568	-9.967569	0	T:6.0(2.91%),B:456.0(0.30%),P:1e-4	Tpos:50.5,Tstd:28.4,Bpos:48.5,Bstd:27.4,StrandBias:1.6,Multiplicity:1.33
0.001	0.001	0.001	0.997
0.001	0.001	0.830	0.168
0.890	0.001	0.108	0.001
0.122	0.001	0.876	0.001
0.001	0.001	0.997	0.001
0.001	0.997	0.001	0.001
0.997	0.001	0.001	0.001
0.001	0.001	0.997	0.001
0.001	0.001	0.997	0.001
0.001	0.001	0.997	0.001
>TTTTTTTTTC	5-TTTTTTTTTC	11.860812	-3.968797	0	T:4.0(1.94%),B:729.0(0.49%),P:1e-1	Tpos:57.5,Tstd:28.6,Bpos:50.4,Bstd:25.7,StrandBias:0.0,Multiplicity:1.00
0.001	0.001	0.001	0.997
0.001	0.001	0.001	0.997
0.001	0.001	0.001	0.997
0.001	0.001	0.001	0.997
0.001	0.001	0.311	0.687
0.001	0.001	0.001	0.997
0.001	0.001	0.001	0.997
0.001	0.001	0.001	0.997
0.001	0.393	0.001	0.605
0.001	0.733	0.001	0.265
>TCCTCCCTAT	6-TCCTCCCTAT	10.296193	-2.856399	0	T:1.0(0.49%),B:43.0(0.03%),P:1e-1	Tpos:56.5,Tstd:25.7,Bpos:55.0,Bstd:22.6,StrandBias:10.0,Multiplicity:4.00
0.100	0.100	0.100	0.700
0.100	0.700	0.100	0.100
0.100	0.700	0.100	0.100
0.100	0.100	0.100	0.700
0.100	0.700	0.100	0.100
0.100	0.700	0.100	0.100
0.100	0.700	0.100	0.100
0.100	0.100	0.100	0.700
0.700	0.100	0.100	0.100
0.100	0.100	0.100	0.700
