>AGAGGTST	1-AGAGGTST	5.932705	-21.373742	0	T:32.0(15.53%),B:6516.0(4.35%),P:1e-9	Tpos:48.2,Tstd:25.2,Bpos:49.7,Bstd:27.5,StrandBias:0.5,Multiplicity:1.00
0.633	0.227	0.060	0.080
0.214	0.166	0.556	0.064
0.704	0.032	0.013	0.251
0.277	0.001	0.499	0.223
0.191	0.087	0.707	0.015
0.023	0.029	0.120	0.828
0.080	0.464	0.325	0.131
0.210	0.144	0.039	0.607
>TTCGGTCC	2-TTCGGTCC	5.092418	-16.514583	0	T:41.0(19.90%),B:12084.0(8.07%),P:1e-7	Tpos:55.0,Tstd:21.8,Bpos:50.3,Bstd:27.2,StrandBias:-0.5,Multiplicity:1.10
0.038	0.039	0.138	0.785
0.163	0.120	0.001	0.716
0.065	0.809	0.003	0.123
0.078	0.090	0.790	0.042
0.001	0.118	0.790	0.091
0.115	0.001	0.024	0.860
0.155	0.664	0.180	0.001
0.075	0.591	0.136	0.198
>TTATGCCG	3-TTATGCCG	7.639633	-15.915782	0	T:11.0(5.34%),B:954.0(0.64%),P:1e-6	Tpos:56.6,Tstd:32.4,Bpos:48.9,Bstd:27.3,StrandBias:-0.5,Multiplicity:1.09
0.133	0.001	0.001	0.865
0.001	0.001	0.085	0.913
0.948	0.050	0.001	0.001
0.001	0.160	0.001	0.838
0.001	0.001	0.997	0.001
0.123	0.875	0.001	0.001
0.120	0.828	0.001	0.051
0.070	0.076	0.853	0.001
>CACCAGAT	4-CACCAGAT	5.588809	-13.223112	0	T:58.0(28.16%),B:22888.0(15.29%),P:1e-5	Tpos:49.9,Tstd:24.7,Bpos:50.0,Bstd:26.4,StrandBias:0.2,Multiplicity:1.23
0.059	0.732	0.149	0.060
0.541	0.101	0.047	0.311
0.031	0.822	0.035	0.112
0.097	0.807	0.061	0.035
0.698	0.001	0.100	0.201
0.001	0.032	0.920	0.047
0.711	0.085	0.112	0.092
0.001	0.001	0.199	0.799
>CRCACACA	5-CRCACACA	5.598088	-10.731225	0	T:35.0(16.99%),B:12051.0(8.05%),P:1e-4	Tpos:59.5,Tstd:27.3,Bpos:49.3,Bstd:27.7,StrandBias:0.4,Multiplicity:1.11
0.001	0.826	0.001	0.172
0.470	0.001	0.495	0.034
0.001	0.997	0.001	0.001
0.913	0.001	0.085	0.001
0.001	0.997	0.001	0.001
0.951	0.047	0.001	0.001
0.001	0.960	0.038	0.001
0.850	0.101	0.001	0.048
