>CTGGGGCATC	1-CTGGGGCATC	6.641710	-17.564396	0	T:21.0(21.00%),B:7543.0(5.04%),P:1e-7	Tpos:57.6,Tstd:27.5,Bpos:49.9,Bstd:26.7,StrandBias:0.6,Multiplicity:1.19
0.055	0.782	0.105	0.058
0.034	0.039	0.058	0.869
0.001	0.110	0.839	0.050
0.002	0.075	0.851	0.072
0.114	0.039	0.846	0.001
0.001	0.074	0.775	0.150
0.232	0.671	0.048	0.049
0.777	0.119	0.070	0.034
0.001	0.092	0.070	0.837
0.099	0.766	0.097	0.038
>CATGCGCGCA	2-CATGCGCGCA	7.889714	-9.351711	0	T:7.0(7.00%),B:1547.0(1.03%),P:1e-4	Tpos:39.8,Tstd:19.8,Bpos:49.4,Bstd:24.7,StrandBias:-0.5,Multiplicity:1.29
0.001	0.903	0.001	0.095
0.568	0.283	0.068	0.081
0.144	0.121	0.151	0.584
0.092	0.051	0.856	0.001
0.001	0.866	0.082	0.051
0.082	0.050	0.867	0.001
0.099	0.899	0.001	0.001
0.105	0.100	0.737	0.058
0.001	0.997	0.001	0.001
0.736	0.080	0.050	0.134
>TACACTGGTA	3-TACACTGGTA	4.856343	-8.098042	0	T:6.0(6.00%),B:1345.0(0.90%),P:1e-3	Tpos:45.6,Tstd:28.2,Bpos:50.0,Bstd:26.7,StrandBias:-2.3,Multiplicity:2.00
0.001	0.181	0.001	0.817
0.997	0.001	0.001	0.001
0.001	0.839	0.072	0.088
0.997	0.001	0.001	0.001
0.001	0.997	0.001	0.001
0.001	0.001	0.001	0.997
0.001	0.001	0.997	0.001
0.181	0.001	0.817	0.001
0.176	0.001	0.001	0.822
0.997	0.001	0.001	0.001
>HACACACACW	4-HACACACACW	7.753599	-6.382457	0	T:12.0(12.00%),B:6680.0(4.46%),P:1e-2	Tpos:40.3,Tstd:19.8,Bpos:49.1,Bstd:27.3,StrandBias:-2.3,Multiplicity:1.25
0.286	0.299	0.001	0.413
0.830	0.096	0.073	0.001
0.131	0.562	0.291	0.016
0.997	0.001	0.001	0.001
0.015	0.739	0.245	0.001
0.896	0.102	0.001	0.001
0.001	0.838	0.160	0.001
0.997	0.001	0.001	0.001
0.001	0.984	0.008	0.007
0.349	0.001	0.152	0.498
>ACARAAACCR	5-ACARAAACCR	11.762167	-4.212201	0	T:2.0(2.00%),B:275.0(0.18%),P:1e-1	Tpos:38.0,Tstd:3.0,Bpos:48.6,Bstd:25.9,StrandBias:0.0,Multiplicity:1.00
0.997	0.001	0.001	0.001
0.001	0.997	0.001	0.001
0.703	0.295	0.001	0.001
0.450	0.037	0.512	0.001
0.944	0.001	0.001	0.054
0.997	0.001	0.001	0.001
0.997	0.001	0.001	0.001
0.001	0.997	0.001	0.001
0.191	0.807	0.001	0.001
0.545	0.001	0.453	0.001
