>CCMATTCT	1-CCMATTCT	6.819297	-21.320478	0	T:26.0(26.00%),B:9556.0(6.38%),P:1e-9	Tpos:52.0,Tstd:28.6,Bpos:50.2,Bstd:27.3,StrandBias:-0.1,Multiplicity:1.12
0.104	0.891	0.001	0.004
0.003	0.831	0.109	0.057
0.426	0.572	0.001	0.001
0.630	0.033	0.002	0.335
0.001	0.308	0.001	0.690
0.127	0.274	0.001	0.598
0.325	0.671	0.001	0.003
0.001	0.222	0.001	0.776
>AAACGTTT	2-AAACGTTT	8.585355	-16.868371	0	T:7.0(7.00%),B:487.0(0.33%),P:1e-7	Tpos:46.2,Tstd:19.9,Bpos:49.1,Bstd:26.9,StrandBias:-0.3,Multiplicity:1.00
0.997	0.001	0.001	0.001
0.824	0.001	0.174	0.001
0.638	0.001	0.360	0.001
0.001	0.997	0.001	0.001
0.047	0.001	0.951	0.001
0.215	0.001	0.001	0.783
0.001	0.001	0.001	0.997
0.001	0.001	0.001	0.997
>GCCTCCTG	3-GCCTCCTG	7.425398	-11.928179	0	T:20.0(20.00%),B:9791.0(6.54%),P:1e-5	Tpos:45.7,Tstd:27.3,Bpos:50.1,Bstd:27.1,StrandBias:0.4,Multiplicity:1.15
0.045	0.001	0.953	0.001
0.001	0.950	0.001	0.048
0.049	0.778	0.001	0.172
0.001	0.001	0.083	0.915
0.001	0.997	0.001	0.001
0.001	0.997	0.001	0.001
0.001	0.001	0.001	0.997
0.001	0.149	0.849	0.001
>GACCCCTT	4-GACCCCTT	8.525379	-10.735335	0	T:8.0(8.00%),B:1717.0(1.15%),P:1e-4	Tpos:55.1,Tstd:24.0,Bpos:50.2,Bstd:27.1,StrandBias:-1.6,Multiplicity:1.00
0.001	0.001	0.997	0.001
0.889	0.001	0.109	0.001
0.138	0.860	0.001	0.001
0.001	0.997	0.001	0.001
0.001	0.997	0.001	0.001
0.001	0.997	0.001	0.001
0.165	0.001	0.001	0.833
0.001	0.001	0.001	0.997
>AACAAATA	5-AACAAATA	6.993948	-8.318537	0	T:12.0(12.00%),B:5349.0(3.57%),P:1e-3	Tpos:51.3,Tstd:16.4,Bpos:50.3,Bstd:26.6,StrandBias:0.5,Multiplicity:1.42
0.829	0.169	0.001	0.001
0.801	0.001	0.001	0.197
0.001	0.895	0.001	0.103
0.826	0.172	0.001	0.001
0.997	0.001	0.001	0.001
0.853	0.001	0.145	0.001
0.001	0.001	0.001	0.997
0.797	0.127	0.075	0.001
