>CRSTAGACTCCW	1-CRSTAGACTCCW	8.768417	-27.259833	0	T:9.0(11.11%),B:398.0(0.27%),P:1e-11	Tpos:53.1,Tstd:30.9,Bpos:52.0,Bstd:27.0,StrandBias:0.3,Multiplicity:1.00
0.001	0.975	0.001	0.023
0.406	0.001	0.407	0.186
0.001	0.569	0.429	0.001
0.001	0.022	0.001	0.976
0.997	0.001	0.001	0.001
0.001	0.001	0.997	0.001
0.972	0.026	0.001	0.001
0.406	0.590	0.001	0.003
0.001	0.203	0.203	0.593
0.202	0.796	0.001	0.001
0.001	0.839	0.001	0.159
0.406	0.001	0.160	0.433
>ACGTGTTCACCT	2-ACGTGTTCACCT	9.296503	-19.395959	0	T:5.0(6.17%),B:103.0(0.07%),P:1e-8	Tpos:49.8,Tstd:33.0,Bpos:50.2,Bstd:27.8,StrandBias:2.0,Multiplicity:1.00
0.997	0.001	0.001	0.001
0.001	0.997	0.001	0.001
0.001	0.001	0.817	0.181
0.001	0.001	0.001	0.997
0.001	0.181	0.817	0.001
0.001	0.001	0.001	0.997
0.001	0.001	0.001	0.997
0.001	0.997	0.001	0.001
0.997	0.001	0.001	0.001
0.001	0.997	0.001	0.001
0.001	0.997	0.001	0.001
0.001	0.001	0.001	0.997
>ATTCTYTACTAG	3-ATTCTYTACTAG	8.026864	-15.264025	0	T:9.0(11.11%),B:1599.0(1.07%),P:1e-6	Tpos:65.5,Tstd:20.4,Bpos:50.9,Bstd:26.2,StrandBias:0.6,Multiplicity:1.11
0.586	0.001	0.284	0.129
0.001	0.001	0.001	0.997
0.001	0.001	0.141	0.857
0.142	0.728	0.001	0.129
0.141	0.001	0.001	0.857
0.001	0.573	0.001	0.425
0.142	0.284	0.001	0.573
0.715	0.001	0.142	0.142
0.001	0.851	0.006	0.142
0.142	0.006	0.142	0.710
0.586	0.001	0.142	0.271
0.001	0.001	0.997	0.001
>TCAAACGTTACT	4-TCAAACGTTACT	12.355432	-6.829941	0	T:1.0(1.23%),B:2.0(0.00%),P:1e-2	Tpos:39.0,Tstd:0.0,Bpos:63.0,Bstd:27.0,StrandBias:10.0,Multiplicity:1.00
0.100	0.100	0.100	0.700
0.100	0.700	0.100	0.100
0.700	0.100	0.100	0.100
0.700	0.100	0.100	0.100
0.700	0.100	0.100	0.100
0.100	0.700	0.100	0.100
0.100	0.100	0.700	0.100
0.100	0.100	0.100	0.700
0.100	0.100	0.100	0.700
0.700	0.100	0.100	0.100
0.100	0.700	0.100	0.100
0.100	0.100	0.100	0.700
>GGACCCATCCCT	5-GGACCCATCCCT	12.355432	-6.829941	0	T:1.0(1.23%),B:2.0(0.00%),P:1e-2	Tpos:80.0,Tstd:0.0,Bpos:48.0,Bstd:32.0,StrandBias:-10.0,Multiplicity:1.00
0.100	0.100	0.700	0.100
0.100	0.100	0.700	0.100
0.700	0.100	0.100	0.100
0.100	0.700	0.100	0.100
0.100	0.700	0.100	0.100
0.100	0.700	0.100	0.100
0.700	0.100	0.100	0.100
0.100	0.100	0.100	0.700
0.100	0.700	0.100	0.100
0.100	0.700	0.100	0.100
0.100	0.700	0.100	0.100
0.100	0.100	0.100	0.700
