>CYGCGAGVCT	1-CYGCGAGVCT	7.439033	-19.009117	0	T:19.0(19.00%),B:5606.0(3.74%),P:1e-8	Tpos:42.0,Tstd:22.2,Bpos:50.0,Bstd:26.8,StrandBias:0.3,Multiplicity:1.11
0.001	0.923	0.001	0.075
0.251	0.311	0.001	0.437
0.001	0.230	0.697	0.072
0.145	0.634	0.151	0.070
0.315	0.117	0.567	0.001
0.424	0.145	0.233	0.198
0.001	0.001	0.897	0.101
0.229	0.357	0.234	0.179
0.005	0.993	0.001	0.001
0.001	0.001	0.001	0.997
>GATGGAGCCA	2-GATGGAGCCA	8.172190	-17.375362	0	T:12.0(12.00%),B:2176.0(1.45%),P:1e-7	Tpos:40.2,Tstd:22.7,Bpos:50.0,Bstd:26.6,StrandBias:-1.2,Multiplicity:1.08
0.086	0.162	0.751	0.001
0.786	0.001	0.001	0.212
0.001	0.375	0.001	0.623
0.001	0.001	0.997	0.001
0.217	0.001	0.531	0.251
0.997	0.001	0.001	0.001
0.001	0.037	0.811	0.151
0.001	0.811	0.187	0.001
0.128	0.618	0.253	0.001
0.997	0.001	0.001	0.001
>GCCCCCACAG	3-GCCCCCACAG	10.603691	-14.695034	0	T:7.0(7.00%),B:674.0(0.45%),P:1e-6	Tpos:48.8,Tstd:33.3,Bpos:49.7,Bstd:26.4,StrandBias:-1.8,Multiplicity:1.29
0.092	0.001	0.906	0.001
0.001	0.850	0.148	0.001
0.001	0.997	0.001	0.001
0.149	0.849	0.001	0.001
0.001	0.844	0.001	0.154
0.001	0.997	0.001	0.001
0.831	0.001	0.001	0.167
0.001	0.997	0.001	0.001
0.835	0.001	0.001	0.163
0.001	0.001	0.997	0.001
>GTYAYTACAA	4-GTYAYTACAA	7.455214	-14.192463	0	T:11.0(11.00%),B:2401.0(1.60%),P:1e-6	Tpos:36.8,Tstd:24.8,Bpos:49.6,Bstd:25.1,StrandBias:-1.2,Multiplicity:1.18
0.236	0.001	0.762	0.001
0.001	0.001	0.001	0.997
0.001	0.437	0.001	0.561
0.798	0.001	0.200	0.001
0.001	0.559	0.001	0.439
0.001	0.001	0.001	0.997
0.561	0.398	0.040	0.001
0.001	0.641	0.357	0.001
0.600	0.398	0.001	0.001
0.997	0.001	0.001	0.001
>GTGTTGTTTC	5-GTGTTGTTTC	6.888778	-11.975135	0	T:15.0(15.00%),B:5723.0(3.82%),P:1e-5	Tpos:49.8,Tstd:27.9,Bpos:50.1,Bstd:26.3,StrandBias:-3.1,Multiplicity:1.27
0.156	0.188	0.560	0.096
0.069	0.118	0.001	0.812
0.082	0.001	0.916	0.001
0.084	0.143	0.001	0.772
0.075	0.001	0.001	0.923
0.147	0.001	0.851	0.001
0.001	0.055	0.202	0.742
0.194	0.067	0.087	0.652
0.001	0.110	0.001	0.888
0.001	0.918	0.001	0.080
