>ATTATTAT	1-ATTATTAT	5.692595	-16.286129	0	T:18.0(22.22%),B:7498.0(5.01%),P:1e-7	Tpos:54.5,Tstd:28.6,Bpos:50.0,Bstd:27.1,StrandBias:0.6,Multiplicity:1.11
0.867	0.131	0.001	0.001
0.001	0.001	0.097	0.901
0.001	0.001	0.001	0.997
0.815	0.001	0.183	0.001
0.001	0.001	0.116	0.882
0.327	0.001	0.001	0.671
0.870	0.128	0.001	0.001
0.264	0.001	0.001	0.734
>GGCCACGG	2-GGCCACGG	4.918914	-14.076530	0	T:39.0(48.15%),B:34692.0(23.16%),P:1e-6	Tpos:47.5,Tstd:22.2,Bpos:50.1,Bstd:27.2,StrandBias:0.0,Multiplicity:1.51
0.077	0.101	0.775	0.047
0.104	0.133	0.720	0.043
0.047	0.710	0.087	0.156
0.071	0.871	0.018	0.040
0.770	0.085	0.115	0.030
0.043	0.581	0.156	0.220
0.144	0.085	0.689	0.082
0.035	0.010	0.897	0.058
>TTCATTTA	3-TTCATTTA	7.201622	-10.157600	0	T:9.0(11.11%),B:3020.0(2.02%),P:1e-4	Tpos:32.0,Tstd:18.0,Bpos:49.5,Bstd:26.9,StrandBias:1.0,Multiplicity:1.33
0.001	0.110	0.001	0.888
0.001	0.001	0.001	0.997
0.001	0.792	0.001	0.206
0.997	0.001	0.001	0.001
0.001	0.001	0.001	0.997
0.001	0.001	0.129	0.869
0.120	0.001	0.001	0.878
0.997	0.001	0.001	0.001
>GAGGAKGA	4-GAGGAKGA	7.166130	-8.390505	0	T:11.0(13.58%),B:5634.0(3.76%),P:1e-3	Tpos:46.6,Tstd:28.9,Bpos:50.1,Bstd:27.3,StrandBias:1.6,Multiplicity:1.27
0.046	0.001	0.952	0.001
0.942	0.001	0.001	0.056
0.051	0.111	0.771	0.067
0.001	0.001	0.997	0.001
0.997	0.001	0.001	0.001
0.160	0.001	0.351	0.488
0.001	0.001	0.920	0.078
0.968	0.001	0.030	0.001
>AAAAAAAA	5-AAAAAAAA	7.761709	-3.026377	0	T:5.0(6.17%),B:3658.0(2.44%),P:1e-1	Tpos:55.7,Tstd:11.5,Bpos:51.1,Bstd:26.7,StrandBias:-1.0,Multiplicity:1.00
0.623	0.199	0.177	0.001
0.884	0.114	0.001	0.001
0.980	0.018	0.001	0.001
0.997	0.001	0.001	0.001
0.978	0.020	0.001	0.001
0.912	0.086	0.001	0.001
0.931	0.067	0.001	0.001
0.622	0.188	0.189	0.001
