>CAAAACAC	1-CAAAACAC	5.862246	-12.698155	0	T:24.0(24.00%),B:12847.0(8.58%),P:1e-5	Tpos:47.8,Tstd:25.9,Bpos:50.4,Bstd:26.7,StrandBias:0.3,Multiplicity:1.38
0.092	0.845	0.001	0.062
0.671	0.087	0.241	0.001
0.919	0.001	0.079	0.001
0.815	0.001	0.001	0.183
0.962	0.036	0.001	0.001
0.001	0.774	0.104	0.121
0.927	0.071	0.001	0.001
0.050	0.948	0.001	0.001
>GGTTGCAA	2-GGTTGCAA	8.317570	-11.334987	0	T:8.0(8.00%),B:1578.0(1.05%),P:1e-4	Tpos:53.0,Tstd:25.2,Bpos:50.1,Bstd:26.9,StrandBias:0.0,Multiplicity:1.00
0.076	0.001	0.922	0.001
0.138	0.001	0.860	0.001
0.001	0.080	0.001	0.918
0.001	0.001	0.001	0.997
0.001	0.001	0.997	0.001
0.001	0.997	0.001	0.001
0.997	0.001	0.001	0.001
0.997	0.001	0.001	0.001
>GCTCCTGC	3-GCTCCTGC	6.666673	-11.051078	0	T:21.0(21.00%),B:11308.0(7.55%),P:1e-4	Tpos:61.2,Tstd:27.4,Bpos:50.3,Bstd:27.2,StrandBias:-0.9,Multiplicity:1.10
0.045	0.001	0.811	0.143
0.001	0.961	0.001	0.037
0.030	0.001	0.040	0.929
0.001	0.938	0.031	0.030
0.071	0.927	0.001	0.001
0.001	0.055	0.001	0.943
0.070	0.001	0.561	0.368
0.037	0.926	0.001	0.036
>ATGAGTCA	4-ATGAGTCA	8.170813	-3.679860	0	T:5.0(5.00%),B:2467.0(1.65%),P:1e-1	Tpos:45.0,Tstd:22.6,Bpos:49.7,Bstd:26.8,StrandBias:-0.6,Multiplicity:2.00
0.997	0.001	0.001	0.001
0.001	0.001	0.001	0.997
0.113	0.001	0.804	0.082
0.997	0.001	0.001	0.001
0.070	0.259	0.670	0.001
0.001	0.001	0.001	0.997
0.001	0.997	0.001	0.001
0.997	0.001	0.001	0.001
>CCCCCCCC	5-CCCCCCCC	10.200668	-2.911554	0	T:2.0(2.00%),B:560.0(0.37%),P:1e-1	Tpos:43.7,Tstd:34.6,Bpos:50.2,Bstd:26.2,StrandBias:-10.0,Multiplicity:1.50
0.046	0.866	0.050	0.038
0.026	0.921	0.032	0.021
0.125	0.816	0.001	0.058
0.120	0.878	0.001	0.001
0.111	0.856	0.001	0.032
0.110	0.888	0.001	0.001
0.020	0.978	0.001	0.001
0.031	0.967	0.001	0.001
