>YRTCMSKRTCRW	1-YRTCMSKRTCRW	9.089344	-13.182665	0	T:3.0(9.68%),B:112.0(0.08%),P:1e-5	Tpos:50.2,Tstd:26.3,Bpos:47.3,Bstd:24.7,StrandBias:0.0,Multiplicity:1.33
0.001	0.527	0.001	0.471
0.478	0.049	0.472	0.001
0.001	0.001	0.001	0.997
0.001	0.997	0.001	0.001
0.521	0.477	0.001	0.001
0.001	0.477	0.521	0.001
0.001	0.001	0.471	0.527
0.477	0.001	0.521	0.001
0.001	0.001	0.001	0.997
0.001	0.997	0.001	0.001
0.527	0.001	0.471	0.001
0.471	0.001	0.001	0.527
>ATCCAAAGTCTA	2-ATCCAAAGTCTA	10.860630	-12.761121	0	T:3.0(9.68%),B:129.0(0.09%),P:1e-5	Tpos:81.7,Tstd:6.2,Bpos:49.5,Bstd:24.6,StrandBias:10.0,Multiplicity:1.00
0.997	0.001	0.001	0.001
0.001	0.243	0.268	0.488
0.001	0.973	0.025	0.001
0.001	0.997	0.001	0.001
0.997	0.001	0.001	0.001
0.485	0.243	0.001	0.271
0.756	0.001	0.242	0.001
0.001	0.242	0.756	0.001
0.243	0.243	0.001	0.513
0.243	0.485	0.271	0.001
0.001	0.001	0.001	0.997
0.728	0.001	0.028	0.243
>CASMCWCAKRMT	3-CASMCWCAKRMT	12.644648	-10.409784	0	T:2.0(6.45%),B:38.0(0.03%),P:1e-4	Tpos:51.0,Tstd:23.0,Bpos:55.7,Bstd:30.8,StrandBias:1.0,Multiplicity:3.00
0.001	0.997	0.001	0.001
0.997	0.001	0.001	0.001
0.001	0.553	0.445	0.001
0.517	0.481	0.001	0.001
0.001	0.997	0.001	0.001
0.481	0.001	0.001	0.517
0.001	0.997	0.001	0.001
0.997	0.001	0.001	0.001
0.001	0.001	0.445	0.553
0.445	0.001	0.553	0.001
0.481	0.517	0.001	0.001
0.001	0.001	0.001	0.997
>GTAGCAGCCCTA	4-GTAGCAGCCCTA	12.355432	-8.477144	0	T:1.0(3.23%),B:1.0(0.00%),P:1e-3	Tpos:6.0,Tstd:0.0,Bpos:62.0,Bstd:0.0,StrandBias:10.0,Multiplicity:1.00
0.100	0.100	0.700	0.100
0.100	0.100	0.100	0.700
0.700	0.100	0.100	0.100
0.100	0.100	0.700	0.100
0.100	0.700	0.100	0.100
0.700	0.100	0.100	0.100
0.100	0.100	0.700	0.100
0.100	0.700	0.100	0.100
0.100	0.700	0.100	0.100
0.100	0.700	0.100	0.100
0.100	0.100	0.100	0.700
0.700	0.100	0.100	0.100
>TTGTAGCAGTCC	5-TTGTAGCAGTCC	12.355432	-7.784097	0	T:1.0(3.23%),B:2.0(0.00%),P:1e-3	Tpos:94.0,Tstd:0.0,Bpos:41.0,Bstd:22.0,StrandBias:10.0,Multiplicity:1.00
0.100	0.100	0.100	0.700
0.100	0.100	0.100	0.700
0.100	0.100	0.700	0.100
0.100	0.100	0.100	0.700
0.700	0.100	0.100	0.100
0.100	0.100	0.700	0.100
0.100	0.700	0.100	0.100
0.700	0.100	0.100	0.100
0.100	0.100	0.700	0.100
0.100	0.100	0.100	0.700
0.100	0.700	0.100	0.100
0.100	0.700	0.100	0.100
>ATGAGCATATTG	6-ATGAGCATATTG	12.355432	-7.784097	0	T:1.0(3.23%),B:2.0(0.00%),P:1e-3	Tpos:8.0,Tstd:0.0,Bpos:25.0,Bstd:7.0,StrandBias:-10.0,Multiplicity:1.00
0.700	0.100	0.100	0.100
0.100	0.100	0.100	0.700
0.100	0.100	0.700	0.100
0.700	0.100	0.100	0.100
0.100	0.100	0.700	0.100
0.100	0.700	0.100	0.100
0.700	0.100	0.100	0.100
0.100	0.100	0.100	0.700
0.700	0.100	0.100	0.100
0.100	0.100	0.100	0.700
0.100	0.100	0.100	0.700
0.100	0.100	0.700	0.100
>GCTACAAACYAA	7-GCTACAAACYAA	16.001002	-7.378733	0	T:1.0(3.23%),B:3.0(0.00%),P:1e-3	Tpos:43.0,Tstd:15.0,Bpos:39.3,Bstd:13.1,StrandBias:-10.0,Multiplicity:2.00
0.001	0.001	0.997	0.001
0.001	0.997	0.001	0.001
0.001	0.001	0.001	0.997
0.997	0.001	0.001	0.001
0.001	0.997	0.001	0.001
0.997	0.001	0.001	0.001
0.997	0.001	0.001	0.001
0.997	0.001	0.001	0.001
0.001	0.997	0.001	0.001
0.001	0.548	0.001	0.450
0.997	0.001	0.001	0.001
0.997	0.001	0.001	0.001
>GAARAAAAAAAA	8-GAARAAAAAAAA	12.985834	-4.140986	0	T:1.0(3.23%),B:77.0(0.05%),P:1e-1	Tpos:12.0,Tstd:0.0,Bpos:50.5,Bstd:24.6,StrandBias:10.0,Multiplicity:1.00
0.332	0.001	0.666	0.001
0.631	0.001	0.367	0.001
0.795	0.001	0.203	0.001
0.497	0.141	0.361	0.001
0.570	0.138	0.291	0.001
0.869	0.001	0.129	0.001
0.849	0.001	0.149	0.001
0.904	0.094	0.001	0.001
0.858	0.001	0.001	0.140
0.861	0.001	0.001	0.137
0.878	0.120	0.001	0.001
0.635	0.149	0.095	0.121
