>ATTCCCTTATTC	1-ATTCCCTTATTC	7.161394	-14.304226	0	T:5.0(16.13%),B:784.0(0.53%),P:1e-6	Tpos:31.4,Tstd:20.7,Bpos:50.6,Bstd:26.2,StrandBias:0.6,Multiplicity:1.00
0.678	0.001	0.001	0.320
0.001	0.001	0.357	0.641
0.001	0.001	0.320	0.678
0.001	0.961	0.001	0.037
0.001	0.997	0.001	0.001
0.001	0.997	0.001	0.001
0.320	0.001	0.001	0.678
0.320	0.001	0.001	0.678
0.678	0.001	0.320	0.001
0.001	0.001	0.320	0.678
0.001	0.001	0.001	0.997
0.001	0.678	0.320	0.001
>GDDGTCTTTTCA	2-GDDGTCTTTTCA	9.045396	-12.621925	0	T:5.0(16.13%),B:1108.0(0.74%),P:1e-5	Tpos:48.8,Tstd:31.1,Bpos:50.2,Bstd:25.6,StrandBias:-0.6,Multiplicity:1.00
0.001	0.001	0.678	0.320
0.340	0.001	0.320	0.338
0.320	0.001	0.338	0.340
0.001	0.001	0.678	0.320
0.017	0.001	0.320	0.662
0.320	0.678	0.001	0.001
0.320	0.001	0.001	0.678
0.001	0.001	0.017	0.981
0.001	0.320	0.001	0.678
0.338	0.001	0.001	0.660
0.001	0.678	0.320	0.001
0.981	0.017	0.001	0.001
>CCAGWCTGSCGT	3-CCAGWCTGSCGT	8.461539	-10.559509	0	T:5.0(16.13%),B:1703.0(1.14%),P:1e-4	Tpos:50.5,Tstd:22.4,Bpos:49.5,Bstd:26.2,StrandBias:0.0,Multiplicity:1.00
0.243	0.513	0.243	0.001
0.001	0.756	0.242	0.001
0.997	0.001	0.001	0.001
0.242	0.001	0.756	0.001
0.513	0.001	0.001	0.485
0.013	0.985	0.001	0.001
0.270	0.001	0.001	0.728
0.001	0.255	0.743	0.001
0.001	0.485	0.513	0.001
0.256	0.486	0.014	0.244
0.013	0.001	0.743	0.243
0.001	0.013	0.001	0.985
>TGGCTAAGTGGA	4-TGGCTAAGTGGA	12.355432	-7.784097	0	T:1.0(3.23%),B:2.0(0.00%),P:1e-3	Tpos:79.0,Tstd:0.0,Bpos:74.5,Bstd:18.5,StrandBias:10.0,Multiplicity:1.00
0.100	0.100	0.100	0.700
0.100	0.100	0.700	0.100
0.100	0.100	0.700	0.100
0.100	0.700	0.100	0.100
0.100	0.100	0.100	0.700
0.700	0.100	0.100	0.100
0.700	0.100	0.100	0.100
0.100	0.100	0.700	0.100
0.100	0.100	0.100	0.700
0.100	0.100	0.700	0.100
0.100	0.100	0.700	0.100
0.700	0.100	0.100	0.100
>GTGTACCCTTCT	5-GTGTACCCTTCT	12.355432	-7.784097	0	T:1.0(3.23%),B:2.0(0.00%),P:1e-3	Tpos:54.0,Tstd:0.0,Bpos:66.0,Bstd:25.0,StrandBias:10.0,Multiplicity:1.00
0.100	0.100	0.700	0.100
0.100	0.100	0.100	0.700
0.100	0.100	0.700	0.100
0.100	0.100	0.100	0.700
0.700	0.100	0.100	0.100
0.100	0.700	0.100	0.100
0.100	0.700	0.100	0.100
0.100	0.700	0.100	0.100
0.100	0.100	0.100	0.700
0.100	0.100	0.100	0.700
0.100	0.700	0.100	0.100
0.100	0.100	0.100	0.700
>AGGCGGGTCTTG	6-AGGCGGGTCTTG	12.355432	-7.784097	0	T:1.0(3.23%),B:2.0(0.00%),P:1e-3	Tpos:6.0,Tstd:0.0,Bpos:51.0,Bstd:35.0,StrandBias:10.0,Multiplicity:1.00
0.700	0.100	0.100	0.100
0.100	0.100	0.700	0.100
0.100	0.100	0.700	0.100
0.100	0.700	0.100	0.100
0.100	0.100	0.700	0.100
0.100	0.100	0.700	0.100
0.100	0.100	0.700	0.100
0.100	0.100	0.100	0.700
0.100	0.700	0.100	0.100
0.100	0.100	0.100	0.700
0.100	0.100	0.100	0.700
0.100	0.100	0.700	0.100
>GGAAAATGGCAC	7-GGAAAATGGCAC	12.355432	-7.784097	0	T:1.0(3.23%),B:2.0(0.00%),P:1e-3	Tpos:45.0,Tstd:0.0,Bpos:59.0,Bstd:22.0,StrandBias:10.0,Multiplicity:1.00
0.100	0.100	0.700	0.100
0.100	0.100	0.700	0.100
0.700	0.100	0.100	0.100
0.700	0.100	0.100	0.100
0.700	0.100	0.100	0.100
0.700	0.100	0.100	0.100
0.100	0.100	0.100	0.700
0.100	0.100	0.700	0.100
0.100	0.100	0.700	0.100
0.100	0.700	0.100	0.100
0.700	0.100	0.100	0.100
0.100	0.700	0.100	0.100
>TGAACACTTGCG	8-TGAACACTTGCG	12.355432	-7.784097	0	T:1.0(3.23%),B:2.0(0.00%),P:1e-3	Tpos:59.0,Tstd:0.0,Bpos:60.0,Bstd:7.0,StrandBias:10.0,Multiplicity:1.00
0.100	0.100	0.100	0.700
0.100	0.100	0.700	0.100
0.700	0.100	0.100	0.100
0.700	0.100	0.100	0.100
0.100	0.700	0.100	0.100
0.700	0.100	0.100	0.100
0.100	0.700	0.100	0.100
0.100	0.100	0.100	0.700
0.100	0.100	0.100	0.700
0.100	0.100	0.700	0.100
0.100	0.700	0.100	0.100
0.100	0.100	0.700	0.100
