>AWGCCTGCTK	1-AWGCCTGCTK	9.215094	-16.252835	0	T:5.0(16.13%),B:527.0(0.35%),P:1e-7	Tpos:41.8,Tstd:26.1,Bpos:48.6,Bstd:27.4,StrandBias:1.0,Multiplicity:1.20
0.997	0.001	0.001	0.001
0.552	0.001	0.001	0.446
0.001	0.001	0.997	0.001
0.001	0.997	0.001	0.001
0.001	0.997	0.001	0.001
0.001	0.001	0.001	0.997
0.001	0.001	0.997	0.001
0.076	0.891	0.001	0.032
0.001	0.001	0.001	0.997
0.001	0.001	0.554	0.444
>MMTAASKYGY	2-MMTAASKYGY	9.670569	-13.571556	0	T:4.0(12.90%),B:381.0(0.26%),P:1e-5	Tpos:64.8,Tstd:19.6,Bpos:49.2,Bstd:26.4,StrandBias:0.0,Multiplicity:1.00
0.527	0.471	0.001	0.001
0.471	0.527	0.001	0.001
0.001	0.001	0.001	0.997
0.997	0.001	0.001	0.001
0.997	0.001	0.001	0.001
0.001	0.471	0.527	0.001
0.001	0.001	0.527	0.471
0.001	0.527	0.001	0.471
0.001	0.001	0.997	0.001
0.001	0.471	0.001	0.527
>TRGGTTACTA	3-TRGGTTACTA	10.076572	-12.015803	0	T:2.0(6.45%),B:17.0(0.01%),P:1e-5	Tpos:48.3,Tstd:12.4,Bpos:51.7,Bstd:23.1,StrandBias:1.0,Multiplicity:1.50
0.075	0.001	0.142	0.782
0.357	0.193	0.396	0.055
0.066	0.001	0.755	0.178
0.001	0.001	0.997	0.001
0.058	0.076	0.213	0.653
0.054	0.080	0.001	0.865
0.706	0.058	0.001	0.235
0.001	0.625	0.085	0.289
0.206	0.082	0.001	0.711
0.549	0.001	0.131	0.319
>GTGCGCGCGC	4-GTGCGCGCGC	8.726046	-8.920800	0	T:4.0(12.90%),B:1258.0(0.84%),P:1e-3	Tpos:51.6,Tstd:23.6,Bpos:50.8,Bstd:24.3,StrandBias:10.0,Multiplicity:1.25
0.088	0.001	0.910	0.001
0.232	0.208	0.010	0.550
0.001	0.001	0.997	0.001
0.114	0.689	0.001	0.196
0.125	0.001	0.873	0.001
0.001	0.590	0.001	0.408
0.126	0.119	0.754	0.001
0.001	0.788	0.120	0.091
0.001	0.001	0.997	0.001
0.001	0.872	0.126	0.001
>GATACGGAAT	5-GATACGGAAT	10.296193	-7.784097	0	T:1.0(3.23%),B:2.0(0.00%),P:1e-3	Tpos:89.0,Tstd:0.0,Bpos:71.5,Bstd:15.5,StrandBias:10.0,Multiplicity:1.00
0.100	0.100	0.700	0.100
0.700	0.100	0.100	0.100
0.100	0.100	0.100	0.700
0.700	0.100	0.100	0.100
0.100	0.700	0.100	0.100
0.100	0.100	0.700	0.100
0.100	0.100	0.700	0.100
0.700	0.100	0.100	0.100
0.700	0.100	0.100	0.100
0.100	0.100	0.100	0.700
>CCGTACAATC	6-CCGTACAATC	10.296193	-7.784097	0	T:1.0(3.23%),B:2.0(0.00%),P:1e-3	Tpos:59.0,Tstd:0.0,Bpos:49.0,Bstd:16.0,StrandBias:-10.0,Multiplicity:1.00
0.100	0.700	0.100	0.100
0.100	0.700	0.100	0.100
0.100	0.100	0.700	0.100
0.100	0.100	0.100	0.700
0.700	0.100	0.100	0.100
0.100	0.700	0.100	0.100
0.700	0.100	0.100	0.100
0.700	0.100	0.100	0.100
0.100	0.100	0.100	0.700
0.100	0.700	0.100	0.100
>AAGTGCGACC	7-AAGTGCGACC	10.296193	-7.784097	0	T:1.0(3.23%),B:2.0(0.00%),P:1e-3	Tpos:94.0,Tstd:0.0,Bpos:31.5,Bstd:18.5,StrandBias:10.0,Multiplicity:1.00
0.700	0.100	0.100	0.100
0.700	0.100	0.100	0.100
0.100	0.100	0.700	0.100
0.100	0.100	0.100	0.700
0.100	0.100	0.700	0.100
0.100	0.700	0.100	0.100
0.100	0.100	0.700	0.100
0.700	0.100	0.100	0.100
0.100	0.700	0.100	0.100
0.100	0.700	0.100	0.100
>TGCGATCGGG	8-TGCGATCGGG	10.296193	-7.784097	0	T:1.0(3.23%),B:2.0(0.00%),P:1e-3	Tpos:32.0,Tstd:0.0,Bpos:69.0,Bstd:22.0,StrandBias:10.0,Multiplicity:1.00
0.100	0.100	0.100	0.700
0.100	0.100	0.700	0.100
0.100	0.700	0.100	0.100
0.100	0.100	0.700	0.100
0.700	0.100	0.100	0.100
0.100	0.100	0.100	0.700
0.100	0.700	0.100	0.100
0.100	0.100	0.700	0.100
0.100	0.100	0.700	0.100
0.100	0.100	0.700	0.100
