>CTKTWSCYTGYC	1-CTKTWSCYTGYC	11.746015	-15.221874	0	T:3.0(27.27%),B:2.0(0.11%),P:1e-6	Tpos:56.1,Tstd:29.5,Bpos:55.0,Bstd:27.0,StrandBias:2.6,Multiplicity:2.33
0.001	0.997	0.001	0.001
0.001	0.001	0.001	0.997
0.001	0.089	0.455	0.455
0.001	0.001	0.001	0.997
0.544	0.001	0.001	0.454
0.001	0.454	0.544	0.001
0.001	0.983	0.001	0.015
0.001	0.544	0.001	0.454
0.001	0.001	0.001	0.997
0.001	0.001	0.997	0.001
0.001	0.454	0.001	0.544
0.001	0.997	0.001	0.001
>RGKGVMTADGAR	2-RGKGVMTADGAR	6.700524	-11.750125	0	T:7.0(63.64%),B:149.0(8.52%),P:1e-5	Tpos:43.8,Tstd:25.7,Bpos:51.3,Bstd:24.7,StrandBias:1.0,Multiplicity:1.50
0.484	0.001	0.354	0.161
0.188	0.001	0.487	0.325
0.002	0.001	0.486	0.511
0.325	0.001	0.513	0.161
0.323	0.349	0.327	0.001
0.488	0.510	0.001	0.001
0.001	0.001	0.160	0.838
0.516	0.161	0.001	0.322
0.323	0.001	0.325	0.351
0.001	0.001	0.997	0.001
0.836	0.001	0.161	0.002
0.510	0.001	0.488	0.001
>AGGAGAATCAGA	3-AGGAGAATCAGA	7.196936	-11.083598	0	T:3.0(27.27%),B:8.0(0.46%),P:1e-4	Tpos:57.0,Tstd:26.4,Bpos:41.5,Bstd:17.8,StrandBias:1.0,Multiplicity:1.00
0.861	0.001	0.137	0.001
0.001	0.001	0.997	0.001
0.001	0.001	0.997	0.001
0.861	0.001	0.137	0.001
0.001	0.001	0.997	0.001
0.835	0.163	0.001	0.001
0.997	0.001	0.001	0.001
0.001	0.001	0.001	0.997
0.001	0.835	0.163	0.001
0.835	0.001	0.163	0.001
0.001	0.001	0.997	0.001
0.997	0.001	0.001	0.001
>CBTGGGAGVCGA	4-CBTGGGAGVCGA	10.089521	-9.031675	0	T:3.0(27.27%),B:16.0(0.91%),P:1e-3	Tpos:41.7,Tstd:16.0,Bpos:46.4,Bstd:25.9,StrandBias:-1.0,Multiplicity:1.00
0.312	0.686	0.001	0.001
0.061	0.313	0.313	0.313
0.001	0.001	0.001	0.997
0.001	0.001	0.686	0.312
0.001	0.001	0.997	0.001
0.312	0.001	0.686	0.001
0.686	0.001	0.312	0.001
0.001	0.001	0.997	0.001
0.313	0.374	0.313	0.001
0.001	0.686	0.312	0.001
0.001	0.312	0.686	0.001
0.686	0.001	0.001	0.312
>CTTGGCTCCCAT	5-CTTGGCTCCCAT	12.355432	-5.071762	0	T:1.0(9.09%),B:1.0(0.06%),P:1e-2	Tpos:37.7,Tstd:28.7,Bpos:31.0,Bstd:0.0,StrandBias:-10.0,Multiplicity:3.00
0.100	0.700	0.100	0.100
0.100	0.100	0.100	0.700
0.100	0.100	0.100	0.700
0.100	0.100	0.700	0.100
0.100	0.100	0.700	0.100
0.100	0.700	0.100	0.100
0.100	0.100	0.100	0.700
0.100	0.700	0.100	0.100
0.100	0.700	0.100	0.100
0.100	0.700	0.100	0.100
0.700	0.100	0.100	0.100
0.100	0.100	0.100	0.700
