>CAAGTGTTTG	1-CAAGTGTTTG	12.329821	-17.297884	0	T:3.0(27.27%),B:0.0(0.00%),P:1e-7	Tpos:56.7,Tstd:6.6,Bpos:0.0,Bstd:0.0,StrandBias:1.0,Multiplicity:1.00
0.001	0.997	0.001	0.001
0.666	0.332	0.001	0.001
0.997	0.001	0.001	0.001
0.001	0.001	0.997	0.001
0.001	0.001	0.001	0.997
0.001	0.332	0.666	0.001
0.001	0.001	0.001	0.997
0.001	0.001	0.001	0.997
0.001	0.001	0.001	0.997
0.001	0.001	0.997	0.001
>CTCAAGTTTC	2-CTCAAGTTTC	7.700595	-15.775989	0	T:4.0(36.36%),B:8.0(0.46%),P:1e-6	Tpos:60.8,Tstd:23.6,Bpos:63.2,Bstd:30.0,StrandBias:-1.6,Multiplicity:1.00
0.001	0.997	0.001	0.001
0.001	0.001	0.001	0.997
0.001	0.835	0.163	0.001
0.917	0.081	0.001	0.001
0.997	0.001	0.001	0.001
0.001	0.001	0.997	0.001
0.001	0.001	0.001	0.997
0.001	0.001	0.001	0.997
0.163	0.001	0.001	0.835
0.001	0.997	0.001	0.001
>GGAWCCMAAG	3-GGAWCCMAAG	10.179886	-13.149298	0	T:3.0(27.27%),B:4.0(0.23%),P:1e-5	Tpos:63.0,Tstd:18.5,Bpos:76.2,Bstd:21.2,StrandBias:1.0,Multiplicity:1.00
0.001	0.001	0.997	0.001
0.031	0.001	0.967	0.001
0.997	0.001	0.001	0.001
0.514	0.001	0.001	0.484
0.001	0.997	0.001	0.001
0.001	0.997	0.001	0.001
0.450	0.548	0.001	0.001
0.997	0.001	0.001	0.001
0.904	0.001	0.001	0.094
0.001	0.001	0.997	0.001
>GRAACYMAKG	4-GRAACYMAKG	11.047987	-11.939772	0	T:3.0(27.27%),B:6.0(0.34%),P:1e-5	Tpos:68.3,Tstd:34.2,Bpos:40.8,Bstd:24.6,StrandBias:-1.0,Multiplicity:1.00
0.001	0.001	0.997	0.001
0.454	0.001	0.544	0.001
0.997	0.001	0.001	0.001
0.997	0.001	0.001	0.001
0.001	0.997	0.001	0.001
0.001	0.544	0.001	0.454
0.544	0.454	0.001	0.001
0.997	0.001	0.001	0.001
0.001	0.001	0.454	0.544
0.001	0.001	0.997	0.001
>GRTGTKYTCC	5-GRTGTKYTCC	7.789066	-9.031675	0	T:3.0(27.27%),B:16.0(0.91%),P:1e-3	Tpos:35.7,Tstd:22.4,Bpos:56.1,Bstd:27.0,StrandBias:-1.0,Multiplicity:1.00
0.001	0.001	0.909	0.089
0.455	0.001	0.455	0.089
0.001	0.001	0.001	0.997
0.001	0.001	0.997	0.001
0.001	0.001	0.001	0.997
0.001	0.001	0.544	0.454
0.001	0.454	0.001	0.544
0.001	0.001	0.001	0.997
0.001	0.997	0.001	0.001
0.001	0.997	0.001	0.001
