>AABGTCGG	1-AABGTCGG	7.898642	-11.480755	0	T:3.0(27.27%),B:7.0(0.40%),P:1e-4	Tpos:38.8,Tstd:21.8,Bpos:52.5,Bstd:23.9,StrandBias:1.6,Multiplicity:1.33
0.713	0.001	0.150	0.136
0.997	0.001	0.001	0.001
0.001	0.325	0.350	0.325
0.001	0.001	0.997	0.001
0.001	0.018	0.017	0.964
0.001	0.862	0.136	0.001
0.150	0.001	0.649	0.200
0.001	0.001	0.997	0.001
>GSWMTSCG	2-GSWMTSCG	7.425558	-10.431942	0	T:4.0(36.36%),B:31.0(1.77%),P:1e-4	Tpos:40.3,Tstd:19.9,Bpos:48.2,Bstd:30.9,StrandBias:-1.0,Multiplicity:1.50
0.001	0.001	0.997	0.001
0.001	0.551	0.447	0.001
0.552	0.001	0.001	0.446
0.524	0.474	0.001	0.001
0.001	0.001	0.423	0.575
0.001	0.474	0.524	0.001
0.099	0.899	0.001	0.001
0.001	0.001	0.997	0.001
>TCAGACCT	3-TCAGACCT	9.236941	-9.425385	0	T:3.0(27.27%),B:14.0(0.80%),P:1e-4	Tpos:41.2,Tstd:31.7,Bpos:51.4,Bstd:23.7,StrandBias:0.6,Multiplicity:1.67
0.167	0.001	0.001	0.831
0.192	0.806	0.001	0.001
0.997	0.001	0.001	0.001
0.001	0.001	0.997	0.001
0.997	0.001	0.001	0.001
0.001	0.997	0.001	0.001
0.001	0.997	0.001	0.001
0.001	0.001	0.001	0.997
>KGGCGCAN	4-KGGCGCAN	5.300094	-6.794827	0	T:2.0(18.18%),B:8.0(0.46%),P:1e-2	Tpos:52.8,Tstd:16.9,Bpos:42.2,Bstd:21.3,StrandBias:-10.0,Multiplicity:2.50
0.155	0.141	0.393	0.310
0.146	0.163	0.573	0.118
0.089	0.137	0.627	0.147
0.195	0.493	0.142	0.170
0.120	0.188	0.567	0.125
0.154	0.611	0.111	0.124
0.507	0.131	0.130	0.232
0.168	0.280	0.235	0.317
>CTGATGAG	5-CTGATGAG	8.236954	-3.694032	0	T:1.0(9.09%),B:4.0(0.23%),P:1e-1	Tpos:44.0,Tstd:33.5,Bpos:63.5,Bstd:28.5,StrandBias:-10.0,Multiplicity:3.00
0.100	0.700	0.100	0.100
0.100	0.100	0.100	0.700
0.100	0.100	0.700	0.100
0.700	0.100	0.100	0.100
0.100	0.100	0.100	0.700
0.100	0.100	0.700	0.100
0.700	0.100	0.100	0.100
0.100	0.100	0.700	0.100
