>AMTGMAGYMC	1-AMTGMAGYMC	8.449552	-14.166980	0	T:4.0(36.36%),B:12.0(0.69%),P:1e-6	Tpos:51.5,Tstd:14.2,Bpos:40.1,Bstd:23.1,StrandBias:0.0,Multiplicity:1.00
0.997	0.001	0.001	0.001
0.454	0.544	0.001	0.001
0.001	0.001	0.001	0.997
0.001	0.001	0.997	0.001
0.455	0.515	0.001	0.029
0.997	0.001	0.001	0.001
0.001	0.001	0.997	0.001
0.001	0.454	0.001	0.544
0.454	0.544	0.001	0.001
0.029	0.969	0.001	0.001
>AGTTCTCAGA	2-AGTTCTCAGA	9.090306	-10.733686	0	T:3.0(27.27%),B:9.0(0.51%),P:1e-4	Tpos:56.7,Tstd:24.5,Bpos:55.1,Bstd:24.3,StrandBias:1.0,Multiplicity:1.00
0.997	0.001	0.001	0.001
0.001	0.001	0.997	0.001
0.323	0.051	0.001	0.625
0.001	0.001	0.001	0.997
0.001	0.635	0.363	0.001
0.001	0.001	0.001	0.997
0.001	0.686	0.001	0.312
0.686	0.001	0.312	0.001
0.001	0.312	0.686	0.001
0.625	0.313	0.061	0.001
>CTTTGACCAG	3-CTTTGACCAG	9.753869	-9.546832	0	T:2.0(18.18%),B:2.0(0.11%),P:1e-4	Tpos:55.5,Tstd:16.5,Bpos:46.5,Bstd:23.5,StrandBias:10.0,Multiplicity:1.00
0.001	0.997	0.001	0.001
0.001	0.163	0.001	0.835
0.001	0.001	0.001	0.997
0.001	0.001	0.001	0.997
0.001	0.001	0.997	0.001
0.944	0.001	0.001	0.054
0.001	0.997	0.001	0.001
0.109	0.836	0.054	0.001
0.997	0.001	0.001	0.001
0.001	0.001	0.997	0.001
>GTTTTTCTGD	4-GTTTTTCTGD	9.375683	-6.355400	0	T:2.0(18.18%),B:10.0(0.57%),P:1e-2	Tpos:47.8,Tstd:36.8,Bpos:57.1,Bstd:26.4,StrandBias:1.6,Multiplicity:2.00
0.001	0.001	0.771	0.227
0.001	0.001	0.001	0.997
0.001	0.001	0.001	0.997
0.001	0.001	0.001	0.997
0.001	0.001	0.285	0.713
0.001	0.001	0.350	0.648
0.001	0.707	0.001	0.291
0.001	0.001	0.350	0.648
0.350	0.001	0.648	0.001
0.351	0.001	0.368	0.280
>CACAGGGCAG	5-CACAGGGCAG	10.296193	-5.071762	0	T:1.0(9.09%),B:1.0(0.06%),P:1e-2	Tpos:18.0,Tstd:0.0,Bpos:5.0,Bstd:0.0,StrandBias:10.0,Multiplicity:1.00
0.100	0.700	0.100	0.100
0.700	0.100	0.100	0.100
0.100	0.700	0.100	0.100
0.700	0.100	0.100	0.100
0.100	0.100	0.700	0.100
0.100	0.100	0.700	0.100
0.100	0.100	0.700	0.100
0.100	0.700	0.100	0.100
0.700	0.100	0.100	0.100
0.100	0.100	0.700	0.100
