>CACCDGATAGGG	1-CACCDGATAGGG	9.671035	-16.306904	0	T:4.0(36.36%),B:7.0(0.40%),P:1e-7	Tpos:47.8,Tstd:29.4,Bpos:37.6,Bstd:21.4,StrandBias:0.0,Multiplicity:1.00
0.001	0.997	0.001	0.001
0.997	0.001	0.001	0.001
0.001	0.686	0.312	0.001
0.322	0.676	0.001	0.001
0.374	0.001	0.313	0.313
0.001	0.001	0.997	0.001
0.625	0.061	0.001	0.313
0.051	0.001	0.313	0.635
0.635	0.001	0.313	0.051
0.001	0.001	0.686	0.312
0.001	0.001	0.997	0.001
0.312	0.001	0.686	0.001
>GCTGGGGAWCCA	2-GCTGGGGAWCCA	8.571202	-15.175889	0	T:5.0(45.45%),B:25.0(1.43%),P:1e-6	Tpos:52.0,Tstd:21.3,Bpos:47.2,Bstd:22.5,StrandBias:0.3,Multiplicity:1.40
0.139	0.023	0.699	0.139
0.001	0.997	0.001	0.001
0.277	0.001	0.001	0.721
0.138	0.001	0.860	0.001
0.001	0.139	0.582	0.278
0.278	0.001	0.698	0.023
0.139	0.001	0.699	0.161
0.695	0.139	0.139	0.027
0.417	0.001	0.139	0.444
0.001	0.582	0.278	0.139
0.001	0.860	0.001	0.138
0.860	0.138	0.001	0.001
>AGCCTGCAGCGT	3-AGCCTGCAGCGT	11.057226	-10.929696	0	T:2.0(18.18%),B:0.0(0.00%),P:1e-4	Tpos:43.5,Tstd:36.5,Bpos:0.0,Bstd:0.0,StrandBias:0.0,Multiplicity:1.00
0.944	0.001	0.054	0.001
0.001	0.163	0.835	0.001
0.001	0.997	0.001	0.001
0.163	0.835	0.001	0.001
0.001	0.001	0.001	0.997
0.001	0.001	0.997	0.001
0.001	0.944	0.001	0.054
0.997	0.001	0.001	0.001
0.001	0.001	0.997	0.001
0.001	0.835	0.001	0.163
0.001	0.001	0.997	0.001
0.001	0.001	0.001	0.997
>RAKSCMCYMKGM	4-RAKSCMCYMKGM	9.026392	-10.733686	0	T:3.0(27.27%),B:9.0(0.51%),P:1e-4	Tpos:33.0,Tstd:29.5,Bpos:55.6,Bstd:21.9,StrandBias:-1.6,Multiplicity:1.33
0.483	0.001	0.488	0.028
0.943	0.001	0.028	0.028
0.001	0.001	0.516	0.482
0.001	0.454	0.544	0.001
0.001	0.937	0.061	0.001
0.454	0.544	0.001	0.001
0.001	0.997	0.001	0.001
0.001	0.454	0.001	0.544
0.455	0.516	0.028	0.001
0.001	0.001	0.482	0.516
0.001	0.001	0.997	0.001
0.483	0.460	0.056	0.001
>GGTCGGGVGGGG	5-GGTCGGGVGGGG	10.665817	-10.138550	0	T:3.0(27.27%),B:11.0(0.63%),P:1e-4	Tpos:44.0,Tstd:15.4,Bpos:43.0,Bstd:30.3,StrandBias:1.6,Multiplicity:1.33
0.340	0.001	0.658	0.001
0.001	0.001	0.997	0.001
0.028	0.313	0.001	0.658
0.001	0.686	0.312	0.001
0.001	0.001	0.625	0.373
0.318	0.028	0.653	0.001
0.027	0.001	0.971	0.001
0.313	0.313	0.374	0.001
0.373	0.001	0.625	0.001
0.027	0.001	0.971	0.001
0.312	0.001	0.686	0.001
0.001	0.001	0.997	0.001
