>CTTCCCAGCA	1-CTTCCCAGCA	10.982884	-40.330907	0	T:13.0(1.95%),B:1.0(0.04%),P:1e-17	Tpos:49.0,Tstd:26.6,Bpos:8.0,Bstd:0.0,StrandBias:1.5,Multiplicity:1.15
0.001	0.997	0.001	0.001
0.175	0.001	0.001	0.823
0.001	0.001	0.001	0.997
0.001	0.997	0.001	0.001
0.001	0.823	0.001	0.175
0.185	0.743	0.071	0.001
0.823	0.001	0.175	0.001
0.001	0.001	0.997	0.001
0.001	0.647	0.351	0.001
0.997	0.001	0.001	0.001
>AGGTACATGG	2-AGGTACATGG	8.356838	-29.421424	0	T:28.0(4.20%),B:18.0(0.71%),P:1e-12	Tpos:58.1,Tstd:24.3,Bpos:51.6,Bstd:22.6,StrandBias:-0.4,Multiplicity:1.00
0.657	0.085	0.001	0.257
0.001	0.001	0.828	0.170
0.034	0.098	0.867	0.001
0.001	0.001	0.258	0.740
0.734	0.001	0.001	0.264
0.085	0.913	0.001	0.001
0.997	0.001	0.001	0.001
0.086	0.006	0.273	0.635
0.171	0.001	0.688	0.140
0.266	0.001	0.732	0.001
>TTGAACAATT	3-TTGAACAATT	9.325906	-28.808567	0	T:10.0(1.50%),B:0.0(0.00%),P:1e-12	Tpos:41.1,Tstd:26.6,Bpos:0.0,Bstd:0.0,StrandBias:0.7,Multiplicity:1.30
0.001	0.112	0.085	0.802
0.001	0.085	0.348	0.566
0.026	0.173	0.687	0.114
0.800	0.001	0.001	0.198
0.997	0.001	0.001	0.001
0.001	0.829	0.085	0.085
0.568	0.171	0.001	0.260
0.829	0.001	0.085	0.085
0.085	0.085	0.001	0.829
0.001	0.001	0.139	0.859
>ACTCCCTGCG	4-ACTCCCTGCG	10.913064	-25.150137	0	T:9.0(1.35%),B:1.0(0.04%),P:1e-10	Tpos:43.3,Tstd:22.9,Bpos:88.0,Bstd:0.0,StrandBias:0.3,Multiplicity:1.00
0.874	0.124	0.001	0.001
0.001	0.874	0.124	0.001
0.001	0.001	0.001	0.997
0.125	0.749	0.001	0.125
0.001	0.997	0.001	0.001
0.001	0.997	0.001	0.001
0.001	0.001	0.001	0.997
0.001	0.001	0.997	0.001
0.125	0.749	0.125	0.001
0.001	0.124	0.874	0.001
>GACCAACTGT	5-GACCAACTGT	6.517802	-16.281877	0	T:8.0(1.20%),B:2.0(0.08%),P:1e-7	Tpos:57.6,Tstd:25.3,Bpos:22.5,Bstd:11.5,StrandBias:0.3,Multiplicity:1.38
0.185	0.154	0.494	0.168
0.556	0.164	0.123	0.157
0.179	0.568	0.123	0.130
0.145	0.611	0.077	0.167
0.628	0.175	0.060	0.137
0.572	0.132	0.151	0.145
0.094	0.604	0.161	0.141
0.177	0.072	0.016	0.735
0.120	0.152	0.608	0.120
0.157	0.118	0.133	0.592
>GTTAGGGTCA	6-GTTAGGGTCA	7.390219	-16.166351	0	T:24.0(3.60%),B:25.0(0.98%),P:1e-7	Tpos:50.6,Tstd:28.5,Bpos:45.4,Bstd:25.6,StrandBias:2.2,Multiplicity:2.38
0.001	0.059	0.939	0.001
0.060	0.060	0.061	0.819
0.060	0.017	0.120	0.803
0.939	0.001	0.001	0.059
0.060	0.001	0.759	0.180
0.120	0.060	0.640	0.180
0.120	0.180	0.580	0.120
0.120	0.060	0.001	0.819
0.001	0.798	0.061	0.140
0.939	0.001	0.059	0.001
>TSTCTCTCTS	7-TSTCTCTCTS	6.797356	-6.509055	0	T:46.0(6.91%),B:110.0(4.32%),P:1e-2	Tpos:48.5,Tstd:24.4,Bpos:43.9,Bstd:26.5,StrandBias:-1.0,Multiplicity:1.33
0.185	0.098	0.174	0.543
0.026	0.517	0.422	0.035
0.035	0.194	0.150	0.621
0.058	0.550	0.189	0.203
0.029	0.211	0.007	0.753
0.169	0.564	0.241	0.026
0.013	0.326	0.009	0.652
0.119	0.477	0.209	0.195
0.013	0.045	0.173	0.769
0.165	0.429	0.393	0.013
>MMCAAAAAAA	8-MMCAAAAAAA	9.326547	-4.642396	0	T:24.0(3.60%),B:54.0(2.12%),P:1e-2	Tpos:53.8,Tstd:23.5,Bpos:48.4,Bstd:27.1,StrandBias:0.2,Multiplicity:1.08
0.480	0.469	0.049	0.002
0.550	0.431	0.001	0.018
0.392	0.606	0.001	0.001
0.901	0.097	0.001	0.001
0.853	0.097	0.049	0.001
0.802	0.049	0.148	0.001
0.823	0.001	0.175	0.001
0.844	0.105	0.050	0.001
0.997	0.001	0.001	0.001
0.850	0.098	0.001	0.051
