>TCCATGATGA	1-TCCATGATGA	9.875253	-32.401014	0	T:15.0(2.25%),B:3.0(0.12%),P:1e-14	Tpos:42.9,Tstd:25.2,Bpos:43.3,Bstd:18.9,StrandBias:0.2,Multiplicity:1.13
0.001	0.001	0.001	0.997
0.001	0.997	0.001	0.001
0.001	0.997	0.001	0.001
0.997	0.001	0.001	0.001
0.001	0.001	0.372	0.626
0.001	0.001	0.997	0.001
0.760	0.001	0.218	0.021
0.001	0.001	0.001	0.997
0.221	0.001	0.777	0.001
0.626	0.372	0.001	0.001
>CCAAGCTTGG	2-CCAAGCTTGG	9.196300	-28.808567	0	T:10.0(1.50%),B:1.0(0.04%),P:1e-12	Tpos:56.4,Tstd:31.7,Bpos:16.5,Bstd:0.5,StrandBias:1.6,Multiplicity:1.00
0.073	0.846	0.001	0.080
0.001	0.853	0.001	0.145
0.846	0.080	0.001	0.073
0.694	0.073	0.153	0.080
0.219	0.001	0.707	0.073
0.080	0.701	0.146	0.073
0.073	0.073	0.001	0.853
0.001	0.080	0.073	0.846
0.001	0.001	0.780	0.218
0.001	0.079	0.919	0.001
>AAAACAGAAT	3-AAAACAGAAT	10.335633	-23.369232	0	T:18.0(2.70%),B:9.0(0.35%),P:1e-10	Tpos:54.6,Tstd:25.3,Bpos:45.7,Bstd:23.9,StrandBias:-1.8,Multiplicity:1.00
0.920	0.001	0.078	0.001
0.841	0.079	0.079	0.001
0.920	0.001	0.078	0.001
0.841	0.079	0.079	0.001
0.001	0.997	0.001	0.001
0.841	0.079	0.001	0.079
0.028	0.001	0.970	0.001
0.920	0.001	0.078	0.001
0.920	0.001	0.078	0.001
0.079	0.001	0.079	0.841
>TTACACTGCT	4-TTACACTGCT	10.090812	-20.949441	0	T:11.0(1.65%),B:3.0(0.12%),P:1e-9	Tpos:56.8,Tstd:25.2,Bpos:42.0,Bstd:24.5,StrandBias:-1.0,Multiplicity:1.91
0.001	0.001	0.001	0.997
0.001	0.001	0.045	0.953
0.727	0.001	0.271	0.001
0.001	0.953	0.001	0.045
0.997	0.001	0.001	0.001
0.045	0.953	0.001	0.001
0.001	0.001	0.001	0.997
0.046	0.046	0.862	0.046
0.001	0.997	0.001	0.001
0.045	0.045	0.001	0.909
>TCTATCTCTC	5-TCTATCTCTC	10.393355	-11.719436	0	T:5.0(0.75%),B:0.0(0.00%),P:1e-5	Tpos:60.9,Tstd:14.9,Bpos:0.0,Bstd:0.0,StrandBias:1.3,Multiplicity:1.00
0.001	0.001	0.001	0.997
0.304	0.694	0.001	0.001
0.001	0.149	0.001	0.849
0.849	0.001	0.001	0.149
0.001	0.149	0.149	0.701
0.001	0.997	0.001	0.001
0.149	0.149	0.001	0.701
0.395	0.603	0.001	0.001
0.001	0.001	0.001	0.997
0.001	0.997	0.001	0.001
>CAGGGTCAGG	6-CAGGGTCAGG	10.502288	-10.924448	0	T:7.0(1.05%),B:3.0(0.12%),P:1e-4	Tpos:56.1,Tstd:25.0,Bpos:44.7,Bstd:21.7,StrandBias:2.8,Multiplicity:2.29
0.001	0.961	0.001	0.037
0.997	0.001	0.001	0.001
0.001	0.001	0.997	0.001
0.001	0.001	0.997	0.001
0.001	0.091	0.871	0.037
0.001	0.001	0.001	0.997
0.001	0.997	0.001	0.001
0.997	0.001	0.001	0.001
0.001	0.001	0.997	0.001
0.001	0.001	0.997	0.001
>CTCTGCTCTG	7-CTCTGCTCTG	7.361252	-10.924448	0	T:7.0(1.05%),B:3.0(0.12%),P:1e-4	Tpos:35.5,Tstd:20.9,Bpos:67.3,Bstd:29.5,StrandBias:-1.8,Multiplicity:2.57
0.001	0.997	0.001	0.001
0.001	0.001	0.001	0.997
0.040	0.958	0.001	0.001
0.001	0.001	0.001	0.997
0.001	0.001	0.997	0.001
0.001	0.958	0.040	0.001
0.001	0.001	0.001	0.997
0.040	0.958	0.001	0.001
0.001	0.001	0.001	0.997
0.001	0.001	0.997	0.001
>TGGTTGGTTG	8-TGGTTGGTTG	10.392032	-8.468251	0	T:5.0(0.75%),B:2.0(0.08%),P:1e-3	Tpos:55.9,Tstd:31.4,Bpos:51.0,Bstd:0.0,StrandBias:1.1,Multiplicity:1.20
0.001	0.001	0.001	0.997
0.033	0.001	0.965	0.001
0.001	0.001	0.997	0.001
0.001	0.001	0.001	0.997
0.001	0.001	0.001	0.997
0.001	0.001	0.997	0.001
0.001	0.001	0.997	0.001
0.001	0.001	0.001	0.997
0.001	0.033	0.001	0.965
0.001	0.001	0.997	0.001
