>CAAGTGGG	1-CAAGTGGG	8.472373	-19.143524	0	T:9.0(1.35%),B:2.0(0.08%),P:1e-8	Tpos:54.1,Tstd:26.4,Bpos:55.0,Bstd:19.0,StrandBias:1.0,Multiplicity:1.00
0.001	0.997	0.001	0.001
0.997	0.001	0.001	0.001
0.997	0.001	0.001	0.001
0.001	0.001	0.997	0.001
0.001	0.001	0.001	0.997
0.001	0.081	0.917	0.001
0.001	0.081	0.917	0.001
0.001	0.001	0.997	0.001
>GTCCTCTT	2-GTCCTCTT	7.927690	-18.122766	0	T:22.0(3.30%),B:19.0(0.75%),P:1e-7	Tpos:47.7,Tstd:26.2,Bpos:55.8,Bstd:27.5,StrandBias:-0.5,Multiplicity:1.00
0.273	0.074	0.652	0.001
0.001	0.001	0.073	0.925
0.074	0.851	0.074	0.001
0.001	0.545	0.148	0.306
0.001	0.001	0.001	0.997
0.074	0.653	0.001	0.272
0.001	0.001	0.073	0.925
0.001	0.073	0.001	0.925
>GCAAATTT	3-GCAAATTT	4.508975	-17.692371	0	T:36.0(5.41%),B:47.0(1.85%),P:1e-7	Tpos:50.5,Tstd:25.6,Bpos:48.5,Bstd:28.6,StrandBias:-0.3,Multiplicity:1.19
0.099	0.001	0.899	0.001
0.001	0.980	0.001	0.018
0.798	0.200	0.001	0.001
0.924	0.001	0.074	0.001
0.997	0.001	0.001	0.001
0.001	0.001	0.001	0.997
0.078	0.018	0.001	0.903
0.001	0.001	0.001	0.997
>TCGGGTWC	4-TCGGGTWC	6.054679	-14.802553	0	T:25.0(3.75%),B:29.0(1.14%),P:1e-6	Tpos:43.7,Tstd:27.1,Bpos:46.4,Bstd:26.6,StrandBias:0.0,Multiplicity:1.12
0.001	0.108	0.003	0.888
0.001	0.927	0.071	0.001
0.001	0.001	0.997	0.001
0.108	0.111	0.780	0.001
0.001	0.170	0.828	0.001
0.032	0.108	0.001	0.859
0.494	0.001	0.001	0.504
0.138	0.645	0.001	0.216
>CCCAAACA	5-CCCAAACA	8.236954	-13.537992	0	T:7.0(1.05%),B:2.0(0.08%),P:1e-5	Tpos:55.1,Tstd:33.7,Bpos:29.0,Bstd:4.0,StrandBias:1.3,Multiplicity:1.00
0.100	0.700	0.100	0.100
0.100	0.700	0.100	0.100
0.100	0.700	0.100	0.100
0.700	0.100	0.100	0.100
0.700	0.100	0.100	0.100
0.700	0.100	0.100	0.100
0.100	0.700	0.100	0.100
0.700	0.100	0.100	0.100
>CASTGCAG	6-CASTGCAG	10.178709	-11.143580	0	T:21.0(3.15%),B:27.0(1.06%),P:1e-4	Tpos:55.8,Tstd:26.9,Bpos:46.4,Bstd:29.7,StrandBias:0.8,Multiplicity:1.57
0.040	0.958	0.001	0.001
0.970	0.028	0.001	0.001
0.001	0.439	0.559	0.001
0.001	0.001	0.001	0.997
0.001	0.001	0.997	0.001
0.001	0.997	0.001	0.001
0.997	0.001	0.001	0.001
0.001	0.001	0.997	0.001
>GAGGTGTG	7-GAGGTGTG	8.717985	-9.650320	0	T:21.0(3.15%),B:30.0(1.18%),P:1e-4	Tpos:39.0,Tstd:28.5,Bpos:57.1,Bstd:27.5,StrandBias:0.7,Multiplicity:1.43
0.001	0.001	0.997	0.001
0.997	0.001	0.001	0.001
0.001	0.001	0.772	0.226
0.123	0.001	0.875	0.001
0.001	0.001	0.001	0.997
0.001	0.001	0.997	0.001
0.001	0.001	0.001	0.997
0.001	0.001	0.997	0.001
>TATCKAGC	8-TATCKAGC	7.474479	-8.809325	0	T:18.0(2.70%),B:25.0(0.98%),P:1e-3	Tpos:58.5,Tstd:22.1,Bpos:45.5,Bstd:29.3,StrandBias:0.7,Multiplicity:1.89
0.049	0.301	0.038	0.612
0.977	0.014	0.008	0.001
0.040	0.023	0.099	0.838
0.016	0.969	0.001	0.014
0.005	0.014	0.523	0.458
0.737	0.001	0.261	0.001
0.009	0.009	0.575	0.407
0.001	0.997	0.001	0.001
