>CTCGACTC	1-CTCGACTC	8.082133	-24.701428	0	T:24.0(3.60%),B:16.0(0.63%),P:1e-10	Tpos:61.8,Tstd:22.0,Bpos:56.2,Bstd:19.8,StrandBias:0.0,Multiplicity:1.00
0.001	0.997	0.001	0.001
0.001	0.001	0.232	0.766
0.143	0.855	0.001	0.001
0.001	0.001	0.997	0.001
0.856	0.001	0.001	0.142
0.001	0.533	0.233	0.233
0.001	0.001	0.001	0.997
0.001	0.997	0.001	0.001
>CAGACCTC	2-CAGACCTC	8.298029	-18.887815	0	T:20.0(3.00%),B:15.0(0.59%),P:1e-8	Tpos:56.0,Tstd:28.0,Bpos:50.7,Bstd:27.4,StrandBias:0.3,Multiplicity:1.10
0.001	0.997	0.001	0.001
0.626	0.001	0.372	0.001
0.001	0.001	0.997	0.001
0.997	0.001	0.001	0.001
0.001	0.997	0.001	0.001
0.372	0.626	0.001	0.001
0.001	0.015	0.001	0.983
0.001	0.837	0.161	0.001
>CCAACCAT	3-CCAACCAT	7.962362	-18.374019	0	T:17.0(2.55%),B:11.0(0.43%),P:1e-7	Tpos:62.4,Tstd:26.1,Bpos:55.6,Bstd:29.7,StrandBias:0.2,Multiplicity:1.00
0.001	0.832	0.001	0.166
0.001	0.997	0.001	0.001
0.997	0.001	0.001	0.001
0.997	0.001	0.001	0.001
0.212	0.786	0.001	0.001
0.001	0.930	0.001	0.068
0.997	0.001	0.001	0.001
0.001	0.001	0.001	0.997
>GCYANTCM	4-GCYANTCM	5.651167	-16.873996	0	T:142.0(21.32%),B:348.0(13.68%),P:1e-7	Tpos:55.8,Tstd:28.5,Bpos:48.4,Bstd:27.1,StrandBias:-0.2,Multiplicity:1.17
0.283	0.001	0.715	0.001
0.019	0.979	0.001	0.001
0.207	0.371	0.141	0.281
0.576	0.001	0.044	0.379
0.237	0.254	0.303	0.206
0.017	0.158	0.052	0.773
0.022	0.824	0.078	0.076
0.444	0.319	0.001	0.236
>GGGAGCTT	5-GGGAGCTT	8.236954	-16.281877	0	T:8.0(1.20%),B:2.0(0.08%),P:1e-7	Tpos:43.6,Tstd:13.2,Bpos:30.5,Bstd:5.5,StrandBias:2.8,Multiplicity:1.00
0.100	0.100	0.700	0.100
0.100	0.100	0.700	0.100
0.100	0.100	0.700	0.100
0.700	0.100	0.100	0.100
0.100	0.100	0.700	0.100
0.100	0.700	0.100	0.100
0.100	0.100	0.100	0.700
0.100	0.100	0.100	0.700
>CAGATGAA	6-CAGATGAA	7.237265	-14.884015	0	T:22.0(3.30%),B:23.0(0.90%),P:1e-6	Tpos:40.4,Tstd:24.7,Bpos:51.5,Bstd:26.4,StrandBias:0.5,Multiplicity:1.09
0.001	0.830	0.096	0.073
0.997	0.001	0.001	0.001
0.001	0.001	0.997	0.001
0.997	0.001	0.001	0.001
0.001	0.001	0.001	0.997
0.225	0.001	0.773	0.001
0.997	0.001	0.001	0.001
0.997	0.001	0.001	0.001
>AAGTCCTC	7-AAGTCCTC	9.419062	-13.367089	0	T:9.0(1.35%),B:4.0(0.16%),P:1e-5	Tpos:51.8,Tstd:31.8,Bpos:56.0,Bstd:30.9,StrandBias:-0.6,Multiplicity:1.11
0.997	0.001	0.001	0.001
0.997	0.001	0.001	0.001
0.001	0.001	0.806	0.192
0.001	0.001	0.001	0.997
0.001	0.997	0.001	0.001
0.001	0.997	0.001	0.001
0.001	0.001	0.001	0.997
0.001	0.997	0.001	0.001
>CTATCCTG	8-CTATCCTG	7.674632	-12.742124	0	T:27.0(4.05%),B:37.0(1.45%),P:1e-5	Tpos:50.2,Tstd:26.1,Bpos:50.1,Bstd:27.0,StrandBias:0.2,Multiplicity:1.30
0.001	0.976	0.022	0.001
0.171	0.001	0.001	0.827
0.997	0.001	0.001	0.001
0.052	0.097	0.065	0.786
0.107	0.703	0.159	0.031
0.035	0.921	0.001	0.043
0.055	0.001	0.084	0.860
0.001	0.023	0.955	0.021
