>CTTCCAGG	1-CTTCCAGG	8.608203	-15.653308	0	T:15.0(14.02%),B:81.0(2.64%),P:1e-6	Tpos:42.6,Tstd:29.9,Bpos:44.4,Bstd:28.7,StrandBias:0.0,Multiplicity:1.07
0.001	0.967	0.001	0.031
0.001	0.001	0.001	0.997
0.001	0.001	0.001	0.997
0.001	0.997	0.001	0.001
0.001	0.854	0.001	0.144
0.910	0.088	0.001	0.001
0.001	0.179	0.819	0.001
0.001	0.137	0.861	0.001
>CTTGACAA	2-CTTGACAA	7.317562	-13.257553	0	T:13.0(12.15%),B:73.0(2.38%),P:1e-5	Tpos:47.9,Tstd:19.9,Bpos:55.5,Bstd:26.9,StrandBias:1.3,Multiplicity:1.08
0.001	0.997	0.001	0.001
0.211	0.001	0.262	0.526
0.102	0.001	0.102	0.795
0.119	0.001	0.821	0.059
0.943	0.001	0.055	0.001
0.001	0.997	0.001	0.001
0.997	0.001	0.001	0.001
0.997	0.001	0.001	0.001
>AATGTGCA	3-AATGTGCA	5.655755	-10.302424	0	T:22.0(20.56%),B:245.0(7.98%),P:1e-4	Tpos:54.7,Tstd:26.4,Bpos:50.1,Bstd:28.0,StrandBias:0.7,Multiplicity:1.14
0.741	0.118	0.001	0.140
0.838	0.001	0.001	0.160
0.022	0.146	0.036	0.796
0.080	0.146	0.614	0.160
0.074	0.171	0.142	0.613
0.036	0.033	0.713	0.218
0.061	0.830	0.073	0.036
0.896	0.001	0.073	0.030
>AACCAATT	4-AACCAATT	8.718281	-9.918475	0	T:7.0(6.54%),B:27.0(0.88%),P:1e-4	Tpos:55.0,Tstd:23.5,Bpos:52.9,Bstd:24.9,StrandBias:0.7,Multiplicity:1.14
0.997	0.001	0.001	0.001
0.762	0.236	0.001	0.001
0.001	0.997	0.001	0.001
0.001	0.997	0.001	0.001
0.762	0.001	0.236	0.001
0.997	0.001	0.001	0.001
0.212	0.001	0.001	0.786
0.085	0.147	0.001	0.767
>TGTTGTGG	5-TGTTGTGG	7.906651	-9.841968	0	T:13.0(12.15%),B:101.0(3.29%),P:1e-4	Tpos:52.7,Tstd:30.1,Bpos:46.4,Bstd:26.1,StrandBias:-1.0,Multiplicity:1.15
0.001	0.001	0.001	0.997
0.001	0.085	0.913	0.001
0.221	0.001	0.001	0.777
0.001	0.001	0.171	0.827
0.001	0.001	0.997	0.001
0.125	0.001	0.001	0.873
0.159	0.001	0.839	0.001
0.097	0.001	0.766	0.136
