>CATGGTAT	1-CATGGTAT	6.851292	-14.226608	0	T:18.0(16.82%),B:131.0(4.27%),P:1e-6	Tpos:51.9,Tstd:27.9,Bpos:49.5,Bstd:27.0,StrandBias:0.6,Multiplicity:1.11
0.119	0.689	0.191	0.001
0.908	0.001	0.001	0.090
0.026	0.001	0.297	0.676
0.245	0.001	0.677	0.077
0.073	0.001	0.906	0.020
0.173	0.001	0.001	0.825
0.853	0.052	0.001	0.094
0.079	0.094	0.073	0.754
>CCAACTCT	2-CCAACTCT	7.427890	-12.805999	0	T:11.0(10.28%),B:53.0(1.73%),P:1e-5	Tpos:38.9,Tstd:34.0,Bpos:48.0,Bstd:27.5,StrandBias:1.3,Multiplicity:1.27
0.196	0.584	0.001	0.219
0.001	0.884	0.001	0.114
0.637	0.001	0.361	0.001
0.997	0.001	0.001	0.001
0.001	0.997	0.001	0.001
0.001	0.001	0.001	0.997
0.001	0.919	0.079	0.001
0.001	0.001	0.001	0.997
>CATTAGTA	3-CATTAGTA	6.666645	-12.222497	0	T:12.0(11.21%),B:68.0(2.21%),P:1e-5	Tpos:51.4,Tstd:26.5,Bpos:48.7,Bstd:27.0,StrandBias:0.7,Multiplicity:1.25
0.001	0.752	0.246	0.001
0.938	0.060	0.001	0.001
0.047	0.001	0.089	0.863
0.001	0.060	0.001	0.938
0.931	0.001	0.067	0.001
0.001	0.221	0.777	0.001
0.001	0.001	0.001	0.997
0.863	0.089	0.047	0.001
>GTTCAAAA	4-GTTCAAAA	5.688421	-11.941918	0	T:25.0(23.36%),B:274.0(8.93%),P:1e-5	Tpos:45.9,Tstd:29.1,Bpos:50.9,Bstd:26.6,StrandBias:0.2,Multiplicity:1.12
0.001	0.001	0.997	0.001
0.333	0.003	0.070	0.594
0.182	0.013	0.001	0.804
0.001	0.581	0.207	0.211
0.869	0.001	0.041	0.089
0.608	0.001	0.001	0.390
0.864	0.001	0.092	0.043
0.690	0.067	0.001	0.242
>AGCTGAGA	5-AGCTGAGA	6.758145	-11.021759	0	T:21.0(19.63%),B:216.0(7.04%),P:1e-4	Tpos:53.0,Tstd:27.8,Bpos:52.8,Bstd:26.3,StrandBias:0.2,Multiplicity:1.40
0.906	0.001	0.066	0.027
0.033	0.120	0.846	0.001
0.170	0.712	0.048	0.070
0.001	0.112	0.001	0.886
0.054	0.001	0.944	0.001
0.965	0.001	0.001	0.033
0.001	0.001	0.997	0.001
0.767	0.030	0.055	0.148
