>TCCCACTGKGKC	1-TCCCACTGKGKC	11.171299	-26.889722	0	T:6.0(5.61%),B:1.0(0.03%),P:1e-11	Tpos:60.2,Tstd:21.8,Bpos:22.0,Bstd:0.0,StrandBias:1.6,Multiplicity:1.33
0.188	0.001	0.001	0.810
0.189	0.797	0.001	0.013
0.001	0.997	0.001	0.001
0.001	0.997	0.001	0.001
0.997	0.001	0.001	0.001
0.001	0.986	0.012	0.001
0.001	0.001	0.001	0.997
0.001	0.001	0.997	0.001
0.001	0.001	0.566	0.432
0.001	0.001	0.810	0.188
0.189	0.001	0.433	0.377
0.001	0.810	0.001	0.188
>GGATATGAGATC	2-GGATATGAGATC	11.665774	-21.692988	0	T:5.0(4.67%),B:0.0(0.00%),P:1e-9	Tpos:68.3,Tstd:19.7,Bpos:0.0,Bstd:0.0,StrandBias:1.0,Multiplicity:1.00
0.001	0.001	0.997	0.001
0.001	0.001	0.997	0.001
0.832	0.001	0.001	0.166
0.166	0.001	0.166	0.667
0.667	0.166	0.166	0.001
0.166	0.001	0.001	0.832
0.001	0.166	0.832	0.001
0.997	0.001	0.001	0.001
0.001	0.332	0.666	0.001
0.997	0.001	0.001	0.001
0.001	0.001	0.001	0.997
0.001	0.832	0.166	0.001
>RTATBTATMTAH	3-RTATBTATMTAH	8.841993	-13.884372	0	T:9.0(8.41%),B:29.0(0.94%),P:1e-6	Tpos:53.9,Tstd:26.1,Bpos:52.8,Bstd:25.2,StrandBias:2.8,Multiplicity:1.11
0.482	0.155	0.362	0.001
0.001	0.120	0.001	0.878
0.726	0.272	0.001	0.001
0.001	0.268	0.001	0.730
0.121	0.390	0.248	0.241
0.001	0.001	0.001	0.997
0.964	0.004	0.001	0.031
0.001	0.120	0.001	0.878
0.389	0.482	0.124	0.004
0.240	0.001	0.001	0.758
0.878	0.001	0.120	0.001
0.269	0.241	0.121	0.369
>CTTGTAGGAGGT	4-CTTGTAGGAGGT	8.515626	-13.589589	0	T:10.0(9.35%),B:39.0(1.27%),P:1e-5	Tpos:51.3,Tstd:21.2,Bpos:57.6,Bstd:25.3,StrandBias:2.0,Multiplicity:1.30
0.001	0.620	0.138	0.241
0.120	0.120	0.001	0.759
0.241	0.001	0.241	0.517
0.001	0.001	0.758	0.240
0.001	0.120	0.001	0.878
0.759	0.001	0.120	0.120
0.001	0.001	0.997	0.001
0.001	0.120	0.638	0.241
0.758	0.001	0.240	0.001
0.001	0.001	0.997	0.001
0.001	0.120	0.759	0.120
0.120	0.001	0.241	0.638
>GGGTGAGGGTGA	5-GGGTGAGGGTGA	12.029635	-12.347135	0	T:4.0(3.74%),B:3.0(0.10%),P:1e-5	Tpos:53.3,Tstd:26.8,Bpos:28.6,Bstd:19.7,StrandBias:4.0,Multiplicity:4.25
0.001	0.001	0.997	0.001
0.001	0.001	0.997	0.001
0.001	0.001	0.997	0.001
0.001	0.001	0.232	0.766
0.286	0.001	0.465	0.248
0.481	0.233	0.053	0.233
0.001	0.001	0.997	0.001
0.001	0.001	0.997	0.001
0.001	0.232	0.766	0.001
0.001	0.001	0.232	0.766
0.001	0.001	0.751	0.247
0.766	0.001	0.001	0.232
>WGTGTGTGYGTG	6-WGTGTGTGYGTG	11.427178	-9.729012	0	T:6.0(5.61%),B:19.0(0.62%),P:1e-4	Tpos:32.0,Tstd:16.0,Bpos:51.4,Bstd:26.8,StrandBias:1.4,Multiplicity:1.33
0.377	0.001	0.201	0.420
0.001	0.001	0.997	0.001
0.377	0.001	0.001	0.621
0.001	0.001	0.997	0.001
0.001	0.001	0.001	0.997
0.001	0.001	0.997	0.001
0.189	0.001	0.013	0.797
0.001	0.001	0.997	0.001
0.013	0.378	0.202	0.407
0.001	0.001	0.997	0.001
0.013	0.001	0.392	0.594
0.001	0.377	0.621	0.001
>TGTTGTTGTTGC	7-TGTTGTTGTTGC	12.751226	-4.310125	0	T:2.0(1.87%),B:5.0(0.16%),P:1e-1	Tpos:46.5,Tstd:27.6,Bpos:47.8,Bstd:23.2,StrandBias:2.8,Multiplicity:2.50
0.001	0.001	0.001	0.997
0.399	0.001	0.599	0.001
0.001	0.021	0.001	0.977
0.001	0.001	0.001	0.997
0.001	0.006	0.992	0.001
0.001	0.185	0.001	0.813
0.001	0.001	0.001	0.997
0.352	0.001	0.646	0.001
0.001	0.421	0.001	0.577
0.001	0.001	0.001	0.997
0.399	0.001	0.599	0.001
0.001	0.610	0.007	0.382
