>TTBCACCTTAAT	1-TTBCACCTTAAT	10.569320	-14.576257	0	T:3.0(12.50%),B:89.0(0.06%),P:1e-6	Tpos:68.7,Tstd:15.0,Bpos:45.7,Bstd:24.9,StrandBias:-1.0,Multiplicity:1.00
0.001	0.001	0.320	0.678
0.321	0.001	0.036	0.642
0.001	0.357	0.321	0.321
0.320	0.678	0.001	0.001
0.678	0.320	0.001	0.001
0.001	0.997	0.001	0.001
0.001	0.678	0.320	0.001
0.001	0.001	0.320	0.678
0.001	0.001	0.001	0.997
0.641	0.357	0.001	0.001
0.997	0.001	0.001	0.001
0.001	0.001	0.001	0.997
>WTATGACTMAAA	2-WTATGACTMAAA	6.718023	-9.908305	0	T:6.0(25.00%),B:4175.0(2.89%),P:1e-4	Tpos:60.7,Tstd:31.9,Bpos:49.5,Bstd:26.5,StrandBias:-1.0,Multiplicity:1.00
0.393	0.001	0.215	0.391
0.195	0.001	0.218	0.586
0.979	0.001	0.019	0.001
0.001	0.390	0.001	0.608
0.196	0.196	0.588	0.020
0.609	0.195	0.001	0.195
0.195	0.609	0.195	0.001
0.195	0.001	0.001	0.803
0.391	0.413	0.001	0.195
0.608	0.390	0.001	0.001
0.393	0.216	0.196	0.196
0.803	0.001	0.195	0.001
>TGAHGCAWGCHT	3-TGAHGCAWGCHT	7.071971	-9.778419	0	T:6.0(25.00%),B:4274.0(2.96%),P:1e-4	Tpos:41.4,Tstd:15.8,Bpos:49.9,Bstd:26.3,StrandBias:0.0,Multiplicity:1.33
0.219	0.109	0.001	0.671
0.001	0.109	0.781	0.109
0.781	0.109	0.109	0.001
0.329	0.219	0.110	0.342
0.001	0.109	0.781	0.109
0.001	0.671	0.219	0.109
0.670	0.001	0.328	0.001
0.560	0.001	0.001	0.438
0.001	0.001	0.889	0.109
0.109	0.671	0.219	0.001
0.329	0.342	0.110	0.219
0.001	0.109	0.001	0.889
>ACTCCCAACGCC	4-ACTCCCAACGCC	12.355432	-8.703794	0	T:1.0(4.17%),B:1.0(0.00%),P:1e-3	Tpos:11.0,Tstd:0.0,Bpos:94.0,Bstd:0.0,StrandBias:-10.0,Multiplicity:1.00
0.700	0.100	0.100	0.100
0.100	0.700	0.100	0.100
0.100	0.100	0.100	0.700
0.100	0.700	0.100	0.100
0.100	0.700	0.100	0.100
0.100	0.700	0.100	0.100
0.700	0.100	0.100	0.100
0.700	0.100	0.100	0.100
0.100	0.700	0.100	0.100
0.100	0.100	0.700	0.100
0.100	0.700	0.100	0.100
0.100	0.700	0.100	0.100
>CGCTGTCCAGGA	5-CGCTGTCCAGGA	12.355432	-8.010726	0	T:1.0(4.17%),B:2.0(0.00%),P:1e-3	Tpos:91.0,Tstd:0.0,Bpos:33.0,Bstd:15.0,StrandBias:10.0,Multiplicity:1.00
0.100	0.700	0.100	0.100
0.100	0.100	0.700	0.100
0.100	0.700	0.100	0.100
0.100	0.100	0.100	0.700
0.100	0.100	0.700	0.100
0.100	0.100	0.100	0.700
0.100	0.700	0.100	0.100
0.100	0.700	0.100	0.100
0.700	0.100	0.100	0.100
0.100	0.100	0.700	0.100
0.100	0.100	0.700	0.100
0.700	0.100	0.100	0.100
>TGGCTCCACAAG	6-TGGCTCCACAAG	12.355432	-8.010726	0	T:1.0(4.17%),B:2.0(0.00%),P:1e-3	Tpos:67.0,Tstd:0.0,Bpos:19.5,Bstd:13.5,StrandBias:-10.0,Multiplicity:1.00
0.100	0.100	0.100	0.700
0.100	0.100	0.700	0.100
0.100	0.100	0.700	0.100
0.100	0.700	0.100	0.100
0.100	0.100	0.100	0.700
0.100	0.700	0.100	0.100
0.100	0.700	0.100	0.100
0.700	0.100	0.100	0.100
0.100	0.700	0.100	0.100
0.700	0.100	0.100	0.100
0.700	0.100	0.100	0.100
0.100	0.100	0.700	0.100
>CAGCACGATGTG	7-CAGCACGATGTG	12.355432	-8.010726	0	T:1.0(4.17%),B:2.0(0.00%),P:1e-3	Tpos:16.0,Tstd:0.0,Bpos:79.0,Bstd:15.0,StrandBias:10.0,Multiplicity:1.00
0.100	0.700	0.100	0.100
0.700	0.100	0.100	0.100
0.100	0.100	0.700	0.100
0.100	0.700	0.100	0.100
0.700	0.100	0.100	0.100
0.100	0.700	0.100	0.100
0.100	0.100	0.700	0.100
0.700	0.100	0.100	0.100
0.100	0.100	0.100	0.700
0.100	0.100	0.700	0.100
0.100	0.100	0.100	0.700
0.100	0.100	0.700	0.100
>TCTTTTAATCAG	8-TCTTTTAATCAG	12.355432	-8.010726	0	T:1.0(4.17%),B:2.0(0.00%),P:1e-3	Tpos:48.0,Tstd:0.0,Bpos:85.0,Bstd:9.0,StrandBias:-10.0,Multiplicity:1.00
0.100	0.100	0.100	0.700
0.100	0.700	0.100	0.100
0.100	0.100	0.100	0.700
0.100	0.100	0.100	0.700
0.100	0.100	0.100	0.700
0.100	0.100	0.100	0.700
0.700	0.100	0.100	0.100
0.700	0.100	0.100	0.100
0.100	0.100	0.100	0.700
0.100	0.700	0.100	0.100
0.700	0.100	0.100	0.100
0.100	0.100	0.700	0.100
