>AGTTAATG	1-AGTTAATG	8.934714	-13.416512	0	T:5.0(20.83%),B:1204.0(0.83%),P:1e-5	Tpos:37.6,Tstd:19.3,Bpos:49.2,Bstd:27.7,StrandBias:-0.6,Multiplicity:1.00
0.997	0.001	0.001	0.001
0.001	0.001	0.997	0.001
0.001	0.001	0.001	0.997
0.001	0.001	0.001	0.997
0.598	0.189	0.212	0.001
0.624	0.164	0.211	0.001
0.001	0.001	0.001	0.997
0.001	0.001	0.997	0.001
>GATAGGCT	2-GATAGGCT	7.629153	-11.930534	0	T:7.0(29.17%),B:4550.0(3.15%),P:1e-5	Tpos:72.4,Tstd:18.2,Bpos:49.0,Bstd:26.8,StrandBias:0.0,Multiplicity:1.14
0.138	0.118	0.743	0.001
0.997	0.001	0.001	0.001
0.001	0.096	0.071	0.832
0.837	0.001	0.106	0.056
0.001	0.001	0.844	0.154
0.001	0.001	0.997	0.001
0.001	0.850	0.148	0.001
0.001	0.001	0.001	0.997
>CATCATGS	3-CATCATGS	9.399146	-9.176908	0	T:4.0(16.67%),B:1497.0(1.04%),P:1e-3	Tpos:74.2,Tstd:11.2,Bpos:49.4,Bstd:27.3,StrandBias:-1.6,Multiplicity:1.00
0.001	0.997	0.001	0.001
0.997	0.001	0.001	0.001
0.001	0.001	0.381	0.617
0.001	0.880	0.118	0.001
0.997	0.001	0.001	0.001
0.001	0.001	0.001	0.997
0.001	0.001	0.997	0.001
0.001	0.558	0.440	0.001
>TCGAAATA	4-TCGAAATA	8.236954	-5.338724	0	T:1.0(4.17%),B:29.0(0.02%),P:1e-2	Tpos:30.0,Tstd:0.0,Bpos:48.7,Bstd:24.1,StrandBias:10.0,Multiplicity:1.00
0.100	0.100	0.100	0.700
0.100	0.700	0.100	0.100
0.100	0.100	0.700	0.100
0.700	0.100	0.100	0.100
0.700	0.100	0.100	0.100
0.700	0.100	0.100	0.100
0.100	0.100	0.100	0.700
0.700	0.100	0.100	0.100
>SCGGCGCC	5-SCGGCGCC	7.896774	-3.712924	0	T:2.0(8.33%),B:1464.0(1.01%),P:1e-1	Tpos:78.2,Tstd:2.2,Bpos:50.6,Bstd:26.7,StrandBias:-10.0,Multiplicity:1.00
0.001	0.570	0.428	0.001
0.087	0.614	0.298	0.001
0.001	0.076	0.905	0.018
0.001	0.387	0.611	0.001
0.001	0.888	0.001	0.110
0.109	0.016	0.820	0.055
0.001	0.777	0.221	0.001
0.122	0.772	0.001	0.105
