>YWTTTCMGTCYA	1-YWTTTCMGTCYA	13.717903	-14.579310	0	T:2.0(8.00%),B:6.0(0.00%),P:1e-6	Tpos:38.5,Tstd:22.5,Bpos:48.2,Bstd:21.1,StrandBias:-10.0,Multiplicity:1.00
0.001	0.526	0.001	0.472
0.472	0.001	0.001	0.526
0.001	0.001	0.001	0.997
0.001	0.001	0.001	0.997
0.053	0.001	0.001	0.945
0.001	0.997	0.001	0.001
0.472	0.526	0.001	0.001
0.001	0.001	0.997	0.001
0.001	0.001	0.001	0.997
0.001	0.945	0.053	0.001
0.001	0.472	0.001	0.526
0.997	0.001	0.001	0.001
>GDGHCCDCGCCG	2-GDGHCCDCGCCG	8.551965	-10.476318	0	T:5.0(20.00%),B:2232.0(1.47%),P:1e-4	Tpos:51.3,Tstd:22.8,Bpos:49.7,Bstd:25.9,StrandBias:-2.3,Multiplicity:1.20
0.001	0.001	0.997	0.001
0.354	0.001	0.321	0.324
0.001	0.320	0.678	0.001
0.321	0.357	0.001	0.321
0.001	0.966	0.032	0.001
0.001	0.678	0.001	0.320
0.357	0.001	0.321	0.321
0.001	0.997	0.001	0.001
0.320	0.001	0.678	0.001
0.033	0.645	0.001	0.321
0.320	0.678	0.001	0.001
0.001	0.320	0.678	0.001
>TAGAATTTTVDG	3-TAGAATTTTVDG	11.400107	-8.961954	0	T:2.0(8.00%),B:100.0(0.07%),P:1e-3	Tpos:29.7,Tstd:20.4,Bpos:52.7,Bstd:28.6,StrandBias:10.0,Multiplicity:1.50
0.001	0.001	0.001	0.997
0.997	0.001	0.001	0.001
0.001	0.001	0.997	0.001
0.666	0.001	0.332	0.001
0.666	0.332	0.001	0.001
0.001	0.001	0.001	0.997
0.001	0.332	0.001	0.666
0.332	0.001	0.001	0.666
0.001	0.001	0.001	0.997
0.333	0.333	0.333	0.001
0.333	0.001	0.333	0.333
0.001	0.001	0.997	0.001
>CTTCTAGTAAGG	4-CTTCTAGTAAGG	12.355432	-8.021138	0	T:1.0(4.00%),B:2.0(0.00%),P:1e-3	Tpos:31.0,Tstd:0.0,Bpos:15.0,Bstd:6.0,StrandBias:10.0,Multiplicity:1.00
0.100	0.700	0.100	0.100
0.100	0.100	0.100	0.700
0.100	0.100	0.100	0.700
0.100	0.700	0.100	0.100
0.100	0.100	0.100	0.700
0.700	0.100	0.100	0.100
0.100	0.100	0.700	0.100
0.100	0.100	0.100	0.700
0.700	0.100	0.100	0.100
0.700	0.100	0.100	0.100
0.100	0.100	0.700	0.100
0.100	0.100	0.700	0.100
>GTTCCAAACACT	5-GTTCCAAACACT	12.355432	-8.021138	0	T:1.0(4.00%),B:2.0(0.00%),P:1e-3	Tpos:85.0,Tstd:0.0,Bpos:58.0,Bstd:8.0,StrandBias:-10.0,Multiplicity:1.00
0.100	0.100	0.700	0.100
0.100	0.100	0.100	0.700
0.100	0.100	0.100	0.700
0.100	0.700	0.100	0.100
0.100	0.700	0.100	0.100
0.700	0.100	0.100	0.100
0.700	0.100	0.100	0.100
0.700	0.100	0.100	0.100
0.100	0.700	0.100	0.100
0.700	0.100	0.100	0.100
0.100	0.700	0.100	0.100
0.100	0.100	0.100	0.700
>TTCACTGCTTAA	6-TTCACTGCTTAA	12.355432	-8.021138	0	T:1.0(4.00%),B:2.0(0.00%),P:1e-3	Tpos:79.0,Tstd:0.0,Bpos:34.0,Bstd:10.0,StrandBias:-10.0,Multiplicity:1.00
0.100	0.100	0.100	0.700
0.100	0.100	0.100	0.700
0.100	0.700	0.100	0.100
0.700	0.100	0.100	0.100
0.100	0.700	0.100	0.100
0.100	0.100	0.100	0.700
0.100	0.100	0.700	0.100
0.100	0.700	0.100	0.100
0.100	0.100	0.100	0.700
0.100	0.100	0.100	0.700
0.700	0.100	0.100	0.100
0.700	0.100	0.100	0.100
>GAGAGAATCCAA	7-GAGAGAATCCAA	12.355432	-8.021138	0	T:1.0(4.00%),B:2.0(0.00%),P:1e-3	Tpos:92.0,Tstd:0.0,Bpos:70.0,Bstd:16.0,StrandBias:-10.0,Multiplicity:1.00
0.100	0.100	0.700	0.100
0.700	0.100	0.100	0.100
0.100	0.100	0.700	0.100
0.700	0.100	0.100	0.100
0.100	0.100	0.700	0.100
0.700	0.100	0.100	0.100
0.700	0.100	0.100	0.100
0.100	0.100	0.100	0.700
0.100	0.700	0.100	0.100
0.100	0.700	0.100	0.100
0.700	0.100	0.100	0.100
0.700	0.100	0.100	0.100
>CAGGTCCCTTTG	8-CAGGTCCCTTTG	12.355432	-8.021138	0	T:1.0(4.00%),B:2.0(0.00%),P:1e-3	Tpos:41.0,Tstd:0.0,Bpos:92.0,Bstd:2.0,StrandBias:-10.0,Multiplicity:1.00
0.100	0.700	0.100	0.100
0.700	0.100	0.100	0.100
0.100	0.100	0.700	0.100
0.100	0.100	0.700	0.100
0.100	0.100	0.100	0.700
0.100	0.700	0.100	0.100
0.100	0.700	0.100	0.100
0.100	0.700	0.100	0.100
0.100	0.100	0.100	0.700
0.100	0.100	0.100	0.700
0.100	0.100	0.100	0.700
0.100	0.100	0.700	0.100
