>CTGTTTTGCTCA	1-CTGTTTTGCTCA	9.664894	-19.342933	0	T:5.0(21.74%),B:371.0(0.26%),P:1e-8	Tpos:47.8,Tstd:30.0,Bpos:50.8,Bstd:24.6,StrandBias:-0.6,Multiplicity:1.00
0.001	0.678	0.001	0.320
0.321	0.001	0.033	0.645
0.001	0.001	0.678	0.320
0.320	0.001	0.001	0.678
0.001	0.001	0.001	0.997
0.001	0.032	0.001	0.966
0.001	0.320	0.001	0.678
0.001	0.001	0.678	0.320
0.001	0.678	0.320	0.001
0.001	0.033	0.321	0.645
0.321	0.642	0.001	0.036
0.678	0.320	0.001	0.001
>AAGTATGCAACC	2-AAGTATGCAACC	12.493708	-18.006919	0	T:3.0(13.04%),B:29.0(0.02%),P:1e-7	Tpos:65.0,Tstd:22.7,Bpos:48.9,Bstd:27.4,StrandBias:-1.0,Multiplicity:1.00
0.666	0.332	0.001	0.001
0.997	0.001	0.001	0.001
0.001	0.001	0.666	0.332
0.001	0.001	0.001	0.997
0.666	0.001	0.001	0.332
0.001	0.001	0.332	0.666
0.001	0.001	0.997	0.001
0.001	0.997	0.001	0.001
0.997	0.001	0.001	0.001
0.666	0.332	0.001	0.001
0.001	0.997	0.001	0.001
0.001	0.997	0.001	0.001
>TAGVCAGAABHT	3-TAGVCAGAABHT	11.295032	-13.563193	0	T:3.0(13.04%),B:128.0(0.09%),P:1e-5	Tpos:43.0,Tstd:13.4,Bpos:48.1,Bstd:27.0,StrandBias:1.0,Multiplicity:1.00
0.001	0.001	0.001	0.997
0.997	0.001	0.001	0.001
0.001	0.001	0.997	0.001
0.321	0.321	0.357	0.001
0.001	0.642	0.036	0.321
0.678	0.001	0.001	0.320
0.001	0.001	0.997	0.001
0.997	0.001	0.001	0.001
0.997	0.001	0.001	0.001
0.001	0.321	0.321	0.357
0.321	0.321	0.037	0.321
0.001	0.001	0.320	0.678
>TGGCAAVCGCAG	4-TGGCAAVCGCAG	9.744544	-12.674030	0	T:4.0(17.39%),B:625.0(0.44%),P:1e-5	Tpos:41.2,Tstd:30.8,Bpos:49.8,Bstd:25.1,StrandBias:-1.6,Multiplicity:1.00
0.003	0.001	0.311	0.685
0.001	0.001	0.605	0.393
0.327	0.001	0.671	0.001
0.003	0.960	0.036	0.001
0.995	0.001	0.003	0.001
0.997	0.001	0.001	0.001
0.397	0.291	0.311	0.001
0.001	0.667	0.001	0.331
0.001	0.359	0.639	0.001
0.001	0.606	0.001	0.392
0.648	0.003	0.001	0.348
0.003	0.311	0.685	0.001
>TTCACGTCATGT	5-TTCACGTCATGT	12.786401	-12.646372	0	T:2.0(8.70%),B:16.0(0.01%),P:1e-5	Tpos:68.0,Tstd:8.0,Bpos:46.8,Bstd:23.0,StrandBias:1.0,Multiplicity:1.00
0.001	0.001	0.001	0.997
0.001	0.001	0.001	0.997
0.001	0.997	0.001	0.001
0.666	0.332	0.001	0.001
0.001	0.666	0.001	0.332
0.001	0.001	0.666	0.332
0.001	0.001	0.001	0.997
0.332	0.666	0.001	0.001
0.997	0.001	0.001	0.001
0.001	0.001	0.001	0.997
0.001	0.001	0.666	0.332
0.001	0.332	0.001	0.666
>GGCAAATGTTAC	6-GGCAAATGTTAC	12.355432	-8.726263	0	T:1.0(4.35%),B:1.0(0.00%),P:1e-3	Tpos:39.0,Tstd:0.0,Bpos:83.0,Bstd:0.0,StrandBias:10.0,Multiplicity:1.00
0.100	0.100	0.700	0.100
0.100	0.100	0.700	0.100
0.100	0.700	0.100	0.100
0.700	0.100	0.100	0.100
0.700	0.100	0.100	0.100
0.700	0.100	0.100	0.100
0.100	0.100	0.100	0.700
0.100	0.100	0.700	0.100
0.100	0.100	0.100	0.700
0.100	0.100	0.100	0.700
0.700	0.100	0.100	0.100
0.100	0.700	0.100	0.100
>AGGGAGAATGTT	7-AGGGAGAATGTT	12.355432	-8.726263	0	T:1.0(4.35%),B:1.0(0.00%),P:1e-3	Tpos:78.0,Tstd:0.0,Bpos:86.0,Bstd:0.0,StrandBias:10.0,Multiplicity:1.00
0.700	0.100	0.100	0.100
0.100	0.100	0.700	0.100
0.100	0.100	0.700	0.100
0.100	0.100	0.700	0.100
0.700	0.100	0.100	0.100
0.100	0.100	0.700	0.100
0.700	0.100	0.100	0.100
0.700	0.100	0.100	0.100
0.100	0.100	0.100	0.700
0.100	0.100	0.700	0.100
0.100	0.100	0.100	0.700
0.100	0.100	0.100	0.700
>TAATTCTTTAGA	8-TAATTCTTTAGA	12.355432	-8.033193	0	T:1.0(4.35%),B:2.0(0.00%),P:1e-3	Tpos:80.0,Tstd:0.0,Bpos:52.5,Bstd:17.5,StrandBias:10.0,Multiplicity:1.00
0.100	0.100	0.100	0.700
0.700	0.100	0.100	0.100
0.700	0.100	0.100	0.100
0.100	0.100	0.100	0.700
0.100	0.100	0.100	0.700
0.100	0.700	0.100	0.100
0.100	0.100	0.100	0.700
0.100	0.100	0.100	0.700
0.100	0.100	0.100	0.700
0.700	0.100	0.100	0.100
0.100	0.100	0.700	0.100
0.700	0.100	0.100	0.100
