>CGCNTGTG	1-CGCNTGTG	6.444749	-14.990852	0	T:9.0(36.00%),B:6113.0(4.02%),P:1e-6	Tpos:37.6,Tstd:28.4,Bpos:49.7,Bstd:26.9,StrandBias:-0.8,Multiplicity:1.11
0.001	0.616	0.382	0.001
0.052	0.049	0.834	0.065
0.007	0.810	0.052	0.131
0.165	0.296	0.309	0.230
0.001	0.355	0.001	0.643
0.173	0.062	0.499	0.265
0.001	0.008	0.318	0.673
0.001	0.015	0.875	0.109
>CGATGCMG	2-CGATGCMG	6.393122	-14.118536	0	T:7.0(28.00%),B:3281.0(2.16%),P:1e-6	Tpos:31.8,Tstd:30.0,Bpos:50.9,Bstd:27.3,StrandBias:0.7,Multiplicity:1.00
0.001	0.943	0.055	0.001
0.001	0.299	0.619	0.081
0.997	0.001	0.001	0.001
0.001	0.001	0.001	0.997
0.001	0.001	0.997	0.001
0.001	0.997	0.001	0.001
0.435	0.563	0.001	0.001
0.001	0.001	0.997	0.001
>AGATTCCC	3-AGATTCCC	9.536845	-13.457622	0	T:5.0(20.00%),B:1202.0(0.79%),P:1e-5	Tpos:49.4,Tstd:39.5,Bpos:49.7,Bstd:26.5,StrandBias:-10.0,Multiplicity:1.00
0.997	0.001	0.001	0.001
0.001	0.001	0.997	0.001
0.997	0.001	0.001	0.001
0.001	0.001	0.001	0.997
0.001	0.001	0.001	0.997
0.001	0.997	0.001	0.001
0.001	0.997	0.001	0.001
0.001	0.782	0.001	0.216
>GCGGATCT	4-GCGGATCT	6.036883	-8.610245	0	T:10.0(40.00%),B:16806.0(11.04%),P:1e-3	Tpos:43.0,Tstd:14.7,Bpos:50.2,Bstd:26.9,StrandBias:0.5,Multiplicity:1.50
0.001	0.001	0.997	0.001
0.130	0.851	0.018	0.001
0.001	0.126	0.594	0.279
0.144	0.178	0.543	0.135
0.972	0.026	0.001	0.001
0.001	0.001	0.331	0.667
0.001	0.802	0.196	0.001
0.210	0.001	0.001	0.788
>GAGTAATG	5-GAGTAATG	6.291044	-7.108497	0	T:6.0(24.00%),B:7055.0(4.64%),P:1e-3	Tpos:48.3,Tstd:21.1,Bpos:49.9,Bstd:27.6,StrandBias:1.3,Multiplicity:1.17
0.100	0.100	0.700	0.100
0.700	0.100	0.100	0.100
0.100	0.100	0.700	0.100
0.100	0.100	0.100	0.700
0.700	0.100	0.100	0.100
0.700	0.100	0.100	0.100
0.100	0.100	0.100	0.700
0.100	0.100	0.700	0.100
