>CAGTGTAC	1-CAGTGTAC	8.332270	-12.682131	0	T:5.0(21.74%),B:1438.0(1.01%),P:1e-5	Tpos:69.4,Tstd:15.8,Bpos:50.6,Bstd:26.6,StrandBias:-2.0,Multiplicity:1.00
0.001	0.797	0.001	0.201
0.884	0.001	0.001	0.114
0.001	0.151	0.847	0.001
0.001	0.001	0.001	0.997
0.001	0.001	0.851	0.147
0.001	0.114	0.126	0.759
0.997	0.001	0.001	0.001
0.001	0.997	0.001	0.001
>GATATCAC	2-GATATCAC	8.286411	-11.528499	0	T:4.0(17.39%),B:837.0(0.59%),P:1e-5	Tpos:45.2,Tstd:17.9,Bpos:52.5,Bstd:27.1,StrandBias:0.6,Multiplicity:1.00
0.184	0.001	0.814	0.001
0.997	0.001	0.001	0.001
0.001	0.001	0.130	0.868
0.873	0.125	0.001	0.001
0.171	0.001	0.001	0.827
0.001	0.997	0.001	0.001
0.997	0.001	0.001	0.001
0.001	0.800	0.001	0.198
>TTTGGCCA	3-TTTGGCCA	8.918385	-11.361047	0	T:5.0(21.74%),B:1891.0(1.33%),P:1e-4	Tpos:47.8,Tstd:22.3,Bpos:49.4,Bstd:26.7,StrandBias:2.0,Multiplicity:1.00
0.170	0.001	0.001	0.828
0.001	0.001	0.141	0.857
0.001	0.001	0.001	0.997
0.001	0.001	0.997	0.001
0.001	0.204	0.794	0.001
0.001	0.997	0.001	0.001
0.001	0.997	0.001	0.001
0.997	0.001	0.001	0.001
>TGTGGCCT	4-TGTGGCCT	8.236954	-8.676391	0	T:4.0(17.39%),B:1750.0(1.23%),P:1e-3	Tpos:62.7,Tstd:25.0,Bpos:51.1,Bstd:25.8,StrandBias:-2.6,Multiplicity:1.75
0.100	0.100	0.100	0.700
0.100	0.100	0.700	0.100
0.100	0.100	0.100	0.700
0.100	0.100	0.700	0.100
0.100	0.100	0.700	0.100
0.100	0.700	0.100	0.100
0.100	0.700	0.100	0.100
0.100	0.100	0.100	0.700
>CGCGCGGC	5-CGCGCGGC	7.896306	-3.660956	0	T:2.0(8.70%),B:1541.0(1.09%),P:1e-1	Tpos:54.0,Tstd:22.0,Bpos:49.4,Bstd:26.3,StrandBias:10.0,Multiplicity:1.50
0.001	0.931	0.067	0.001
0.156	0.050	0.793	0.001
0.001	0.841	0.157	0.001
0.098	0.098	0.803	0.001
0.001	0.785	0.131	0.083
0.001	0.166	0.832	0.001
0.195	0.158	0.401	0.246
0.082	0.797	0.112	0.009
