>GAATCGGG	1-GAATCGGG	8.484080	-16.261721	0	T:6.0(25.00%),B:1418.0(0.95%),P:1e-7	Tpos:47.5,Tstd:23.8,Bpos:49.3,Bstd:27.4,StrandBias:0.0,Multiplicity:1.00
0.001	0.001	0.997	0.001
0.997	0.001	0.001	0.001
0.821	0.177	0.001	0.001
0.202	0.001	0.001	0.796
0.001	0.847	0.151	0.001
0.001	0.001	0.997	0.001
0.001	0.001	0.997	0.001
0.241	0.001	0.757	0.001
>CAATGACT	2-CAATGACT	7.873352	-10.109334	0	T:5.0(20.83%),B:2466.0(1.66%),P:1e-4	Tpos:41.0,Tstd:24.6,Bpos:49.6,Bstd:26.7,StrandBias:-2.3,Multiplicity:1.20
0.001	0.997	0.001	0.001
0.997	0.001	0.001	0.001
0.997	0.001	0.001	0.001
0.001	0.001	0.001	0.997
0.001	0.001	0.997	0.001
0.725	0.072	0.202	0.001
0.001	0.796	0.202	0.001
0.001	0.001	0.001	0.997
>RMWTWAAG	3-RMWTWAAG	5.535828	-6.981751	0	T:3.0(12.50%),B:1198.0(0.80%),P:1e-3	Tpos:68.7,Tstd:19.7,Bpos:49.6,Bstd:28.0,StrandBias:-1.0,Multiplicity:1.00
0.501	0.016	0.374	0.109
0.372	0.491	0.001	0.136
0.420	0.073	0.001	0.506
0.001	0.210	0.266	0.523
0.326	0.172	0.057	0.445
0.529	0.272	0.046	0.153
0.662	0.136	0.057	0.145
0.136	0.216	0.511	0.137
>GCGCACAC	4-GCGCACAC	9.397101	-3.477382	0	T:2.0(8.33%),B:1713.0(1.15%),P:1e-1	Tpos:19.4,Tstd:9.4,Bpos:49.0,Bstd:26.9,StrandBias:2.0,Multiplicity:1.50
0.187	0.001	0.771	0.041
0.001	0.997	0.001	0.001
0.265	0.001	0.688	0.046
0.001	0.997	0.001	0.001
0.952	0.001	0.001	0.046
0.001	0.997	0.001	0.001
0.997	0.001	0.001	0.001
0.001	0.957	0.001	0.041
>CCCCCCCC	5-CCCCCCCC	8.236954	-2.446369	0	T:1.0(4.17%),B:561.0(0.38%),P:1e-1	Tpos:41.0,Tstd:2.0,Bpos:50.2,Bstd:26.3,StrandBias:-10.0,Multiplicity:1.00
0.100	0.700	0.100	0.100
0.100	0.700	0.100	0.100
0.100	0.700	0.100	0.100
0.100	0.700	0.100	0.100
0.100	0.700	0.100	0.100
0.100	0.700	0.100	0.100
0.100	0.700	0.100	0.100
0.100	0.700	0.100	0.100
