>CAACGGGA	1-CAACGGGA	7.202685	-8.461550	0	T:5.0(23.81%),B:3976.0(2.72%),P:1e-3	Tpos:60.3,Tstd:22.9,Bpos:49.7,Bstd:27.1,StrandBias:-0.4,Multiplicity:1.40
0.201	0.610	0.188	0.001
0.997	0.001	0.001	0.001
0.853	0.001	0.145	0.001
0.001	0.861	0.137	0.001
0.115	0.001	0.883	0.001
0.001	0.001	0.997	0.001
0.001	0.001	0.997	0.001
0.997	0.001	0.001	0.001
>AAACCCTA	2-AAACCCTA	4.311611	-7.543966	0	T:15.0(71.43%),B:49748.0(34.07%),P:1e-3	Tpos:46.4,Tstd:28.9,Bpos:50.0,Bstd:27.4,StrandBias:-0.9,Multiplicity:1.33
0.749	0.001	0.249	0.001
0.837	0.001	0.072	0.090
0.840	0.069	0.001	0.090
0.001	0.763	0.075	0.161
0.126	0.549	0.075	0.250
0.001	0.914	0.084	0.001
0.190	0.068	0.001	0.741
0.661	0.212	0.126	0.001
>RCACACTC	3-RCACACTC	9.724954	-7.199547	0	T:3.0(14.29%),B:1252.0(0.86%),P:1e-3	Tpos:28.7,Tstd:15.8,Bpos:49.5,Bstd:27.4,StrandBias:1.0,Multiplicity:1.00
0.518	0.001	0.480	0.001
0.001	0.997	0.001	0.001
0.660	0.001	0.001	0.338
0.001	0.997	0.001	0.001
0.997	0.001	0.001	0.001
0.001	0.997	0.001	0.001
0.180	0.001	0.001	0.818
0.001	0.997	0.001	0.001
>ATAGCTTC	4-ATAGCTTC	6.291044	-6.496538	0	T:6.0(28.57%),B:9225.0(6.32%),P:1e-2	Tpos:59.7,Tstd:18.9,Bpos:50.3,Bstd:27.2,StrandBias:0.4,Multiplicity:1.17
0.700	0.100	0.100	0.100
0.100	0.100	0.100	0.700
0.700	0.100	0.100	0.100
0.100	0.100	0.700	0.100
0.100	0.700	0.100	0.100
0.100	0.100	0.100	0.700
0.100	0.100	0.100	0.700
0.100	0.700	0.100	0.100
>CACACACA	5-CACACACA	8.949059	-4.890834	0	T:3.0(14.29%),B:2838.0(1.94%),P:1e-2	Tpos:44.1,Tstd:8.2,Bpos:49.0,Bstd:28.6,StrandBias:3.7,Multiplicity:1.00
0.001	0.878	0.001	0.120
0.997	0.001	0.001	0.001
0.001	0.997	0.001	0.001
0.997	0.001	0.001	0.001
0.001	0.997	0.001	0.001
0.997	0.001	0.001	0.001
0.001	0.997	0.001	0.001
0.997	0.001	0.001	0.001
