>ACCTATAG	1-ACCTATAG	8.102580	-17.944247	0	T:7.0(33.33%),B:2182.0(1.49%),P:1e-7	Tpos:36.1,Tstd:7.7,Bpos:49.4,Bstd:27.1,StrandBias:0.0,Multiplicity:1.00
0.853	0.001	0.145	0.001
0.001	0.997	0.001	0.001
0.176	0.822	0.001	0.001
0.001	0.001	0.001	0.997
0.737	0.001	0.124	0.138
0.001	0.001	0.119	0.879
0.997	0.001	0.001	0.001
0.171	0.001	0.827	0.001
>TKGTKAGA	2-TKGTKAGA	5.321213	-8.445962	0	T:14.0(66.67%),B:40251.0(27.57%),P:1e-3	Tpos:54.1,Tstd:25.4,Bpos:50.1,Bstd:27.1,StrandBias:-0.7,Multiplicity:1.33
0.001	0.001	0.361	0.637
0.001	0.001	0.425	0.573
0.001	0.182	0.629	0.188
0.001	0.129	0.250	0.620
0.127	0.182	0.362	0.328
0.672	0.001	0.326	0.001
0.182	0.129	0.688	0.001
0.997	0.001	0.001	0.001
>GAGAGGGG	3-GAGAGGGG	9.481265	-7.385956	0	T:4.0(19.05%),B:2796.0(1.91%),P:1e-3	Tpos:23.8,Tstd:19.5,Bpos:50.3,Bstd:28.0,StrandBias:1.6,Multiplicity:1.00
0.001	0.001	0.997	0.001
0.884	0.001	0.114	0.001
0.001	0.001	0.997	0.001
0.997	0.001	0.001	0.001
0.420	0.001	0.578	0.001
0.328	0.001	0.670	0.001
0.001	0.001	0.997	0.001
0.115	0.070	0.814	0.001
>GCCACACC	4-GCCACACC	6.698688	-6.680157	0	T:5.0(23.81%),B:5882.0(4.03%),P:1e-2	Tpos:57.3,Tstd:26.2,Bpos:50.1,Bstd:26.6,StrandBias:0.3,Multiplicity:2.20
0.001	0.107	0.891	0.001
0.141	0.857	0.001	0.001
0.001	0.833	0.001	0.165
0.997	0.001	0.001	0.001
0.001	0.997	0.001	0.001
0.997	0.001	0.001	0.001
0.001	0.997	0.001	0.001
0.001	0.997	0.001	0.001
>AATCGCGA	5-AATCGCGA	8.236954	-5.712982	0	T:1.0(4.76%),B:23.0(0.02%),P:1e-2	Tpos:29.0,Tstd:0.0,Bpos:54.9,Bstd:24.1,StrandBias:-10.0,Multiplicity:1.00
0.700	0.100	0.100	0.100
0.700	0.100	0.100	0.100
0.100	0.100	0.100	0.700
0.100	0.700	0.100	0.100
0.100	0.100	0.700	0.100
0.100	0.700	0.100	0.100
0.100	0.100	0.700	0.100
0.700	0.100	0.100	0.100
