>ATGGTCWTRRYC	1-ATGGTCWTRRYC	9.768891	-22.204245	0	T:5.0(14.71%),B:3.0(0.10%),P:1e-9	Tpos:47.9,Tstd:32.0,Bpos:49.0,Bstd:3.6,StrandBias:2.6,Multiplicity:1.40
0.525	0.237	0.001	0.237
0.001	0.001	0.001	0.997
0.289	0.237	0.474	0.001
0.236	0.001	0.762	0.001
0.001	0.001	0.236	0.762
0.001	0.997	0.001	0.001
0.473	0.001	0.001	0.525
0.001	0.001	0.001	0.997
0.525	0.001	0.473	0.001
0.525	0.001	0.473	0.001
0.001	0.525	0.001	0.473
0.236	0.762	0.001	0.001
>HTGGAGTACAGA	2-HTGGAGTACAGA	10.679943	-15.770038	0	T:5.0(14.71%),B:11.0(0.35%),P:1e-6	Tpos:47.2,Tstd:16.4,Bpos:52.1,Bstd:25.6,StrandBias:-1.0,Multiplicity:1.20
0.379	0.310	0.001	0.310
0.001	0.001	0.310	0.688
0.001	0.001	0.997	0.001
0.001	0.001	0.997	0.001
0.688	0.001	0.310	0.001
0.332	0.001	0.666	0.001
0.310	0.001	0.001	0.688
0.666	0.001	0.332	0.001
0.001	0.997	0.001	0.001
0.688	0.001	0.001	0.310
0.001	0.310	0.688	0.001
0.997	0.001	0.001	0.001
>TVTTABTCAHAG	3-TVTTABTCAHAG	12.415911	-15.436802	0	T:3.0(8.82%),B:0.0(0.00%),P:1e-6	Tpos:72.0,Tstd:29.7,Bpos:0.0,Bstd:0.0,StrandBias:10.0,Multiplicity:1.00
0.001	0.001	0.001	0.997
0.327	0.310	0.362	0.001
0.001	0.001	0.001	0.997
0.001	0.001	0.361	0.637
0.997	0.001	0.001	0.001
0.001	0.310	0.379	0.310
0.001	0.016	0.001	0.982
0.001	0.997	0.001	0.001
0.997	0.001	0.001	0.001
0.310	0.310	0.001	0.379
0.997	0.001	0.001	0.001
0.001	0.310	0.688	0.001
>CAATCAGAGCCN	4-CAATCAGAGCCN	9.323094	-13.935462	0	T:5.0(14.71%),B:16.0(0.51%),P:1e-6	Tpos:61.5,Tstd:20.0,Bpos:49.1,Bstd:25.3,StrandBias:0.0,Multiplicity:1.20
0.001	0.997	0.001	0.001
0.497	0.251	0.001	0.251
0.997	0.001	0.001	0.001
0.001	0.250	0.001	0.748
0.001	0.479	0.251	0.269
0.997	0.001	0.001	0.001
0.001	0.018	0.980	0.001
0.808	0.001	0.190	0.001
0.001	0.001	0.748	0.250
0.001	0.748	0.250	0.001
0.001	0.808	0.190	0.001
0.307	0.251	0.191	0.251
>TGTMTCTCACWM	5-TGTMTCTCACWM	10.276202	-12.175398	0	T:5.0(14.71%),B:23.0(0.74%),P:1e-5	Tpos:32.9,Tstd:14.2,Bpos:50.5,Bstd:29.6,StrandBias:3.7,Multiplicity:1.00
0.260	0.260	0.001	0.479
0.002	0.263	0.734	0.001
0.001	0.001	0.001	0.997
0.496	0.502	0.001	0.001
0.001	0.001	0.001	0.997
0.001	0.762	0.236	0.001
0.241	0.001	0.001	0.757
0.001	0.739	0.259	0.001
0.712	0.001	0.001	0.286
0.001	0.997	0.001	0.001
0.501	0.001	0.001	0.497
0.475	0.523	0.001	0.001
>SWCAYASCTKWC	6-SWCAYASCTKWC	12.386974	-8.381813	0	T:2.0(5.88%),B:2.0(0.06%),P:1e-3	Tpos:38.5,Tstd:13.5,Bpos:54.3,Bstd:18.8,StrandBias:0.0,Multiplicity:1.00
0.001	0.449	0.549	0.001
0.450	0.033	0.001	0.516
0.001	0.997	0.001	0.001
0.997	0.001	0.001	0.001
0.001	0.449	0.001	0.549
0.997	0.001	0.001	0.001
0.001	0.449	0.549	0.001
0.001	0.966	0.001	0.032
0.001	0.001	0.001	0.997
0.001	0.001	0.549	0.449
0.549	0.001	0.001	0.449
0.001	0.997	0.001	0.001
>CCACACCTACTC	7-CCACACCTACTC	13.655036	-6.211967	0	T:2.0(5.88%),B:6.0(0.19%),P:1e-2	Tpos:64.2,Tstd:23.4,Bpos:41.8,Bstd:24.7,StrandBias:1.6,Multiplicity:2.00
0.075	0.923	0.001	0.001
0.001	0.997	0.001	0.001
0.997	0.001	0.001	0.001
0.001	0.997	0.001	0.001
0.997	0.001	0.001	0.001
0.001	0.578	0.076	0.345
0.001	0.997	0.001	0.001
0.075	0.001	0.001	0.923
0.578	0.001	0.420	0.001
0.001	0.997	0.001	0.001
0.001	0.001	0.001	0.997
0.420	0.578	0.001	0.001
>TATSTATCTATC	8-TATSTATCTATC	15.077753	-4.520999	0	T:1.0(2.94%),B:1.0(0.03%),P:1e-1	Tpos:61.3,Tstd:13.2,Bpos:59.0,Bstd:0.0,StrandBias:10.0,Multiplicity:3.00
0.001	0.001	0.001	0.997
0.997	0.001	0.001	0.001
0.001	0.001	0.001	0.997
0.001	0.568	0.430	0.001
0.001	0.001	0.001	0.997
0.997	0.001	0.001	0.001
0.001	0.001	0.001	0.997
0.001	0.629	0.369	0.001
0.001	0.001	0.001	0.997
0.997	0.001	0.001	0.001
0.001	0.001	0.001	0.997
0.001	0.800	0.198	0.001
