>GTGTARCCAG	1-GTGTARCCAG	6.237405	-17.325325	0	T:11.0(32.35%),B:118.0(3.80%),P:1e-7	Tpos:51.8,Tstd:29.1,Bpos:49.6,Bstd:24.2,StrandBias:1.2,Multiplicity:1.18
0.001	0.001	0.598	0.400
0.337	0.001	0.001	0.661
0.001	0.001	0.997	0.001
0.001	0.001	0.009	0.989
0.767	0.010	0.001	0.222
0.555	0.001	0.443	0.001
0.006	0.992	0.001	0.001
0.001	0.997	0.001	0.001
0.997	0.001	0.001	0.001
0.285	0.222	0.493	0.001
>CTCTCCCGTC	2-CTCTCCCGTC	11.449771	-16.757837	0	T:5.0(14.71%),B:9.0(0.29%),P:1e-7	Tpos:38.8,Tstd:23.8,Bpos:47.9,Bstd:28.2,StrandBias:-0.6,Multiplicity:1.00
0.001	0.997	0.001	0.001
0.001	0.001	0.001	0.997
0.001	0.786	0.212	0.001
0.001	0.001	0.001	0.997
0.001	0.997	0.001	0.001
0.001	0.997	0.001	0.001
0.148	0.638	0.001	0.213
0.001	0.001	0.997	0.001
0.001	0.212	0.001	0.786
0.001	0.997	0.001	0.001
>ACAGCGARAC	3-ACAGCGARAC	10.756755	-9.761252	0	T:2.0(5.88%),B:1.0(0.03%),P:1e-4	Tpos:56.0,Tstd:40.0,Bpos:59.0,Bstd:0.0,StrandBias:10.0,Multiplicity:1.00
0.762	0.001	0.236	0.001
0.001	0.997	0.001	0.001
0.997	0.001	0.001	0.001
0.001	0.001	0.997	0.001
0.251	0.492	0.256	0.001
0.236	0.001	0.762	0.001
0.997	0.001	0.001	0.001
0.473	0.001	0.525	0.001
0.762	0.001	0.001	0.236
0.236	0.762	0.001	0.001
>TGCTATVCTC	4-TGCTATVCTC	8.180469	-9.407607	0	T:4.0(11.76%),B:21.0(0.68%),P:1e-4	Tpos:46.9,Tstd:26.1,Bpos:51.6,Bstd:21.2,StrandBias:-2.2,Multiplicity:4.25
0.001	0.001	0.001	0.997
0.001	0.063	0.935	0.001
0.001	0.997	0.001	0.001
0.001	0.001	0.001	0.997
0.621	0.357	0.001	0.021
0.310	0.001	0.001	0.688
0.331	0.310	0.357	0.001
0.001	0.978	0.001	0.020
0.001	0.001	0.001	0.997
0.001	0.688	0.001	0.310
>CTGTCTGTCT	5-CTGTCTGTCT	10.296193	-2.478447	0	T:1.0(2.94%),B:8.0(0.26%),P:1e-1	Tpos:19.7,Tstd:12.4,Bpos:44.5,Bstd:26.0,StrandBias:-10.0,Multiplicity:2.00
0.100	0.700	0.100	0.100
0.100	0.100	0.100	0.700
0.100	0.100	0.700	0.100
0.100	0.100	0.100	0.700
0.100	0.700	0.100	0.100
0.100	0.100	0.100	0.700
0.100	0.100	0.700	0.100
0.100	0.100	0.100	0.700
0.100	0.700	0.100	0.100
0.100	0.100	0.100	0.700
