>CGTGGGTTGC	1-CGTGGGTTGC	9.527739	-13.364836	0	T:3.0(8.82%),B:2.0(0.06%),P:1e-5	Tpos:75.0,Tstd:18.5,Bpos:58.5,Bstd:35.5,StrandBias:1.0,Multiplicity:1.00
0.001	0.997	0.001	0.001
0.001	0.001	0.997	0.001
0.001	0.001	0.001	0.997
0.044	0.001	0.954	0.001
0.001	0.001	0.997	0.001
0.001	0.001	0.997	0.001
0.001	0.135	0.001	0.863
0.001	0.001	0.090	0.908
0.001	0.001	0.997	0.001
0.180	0.818	0.001	0.001
>AGCAGCAGCA	2-AGCAGCAGCA	11.078259	-10.707230	0	T:4.0(11.76%),B:15.0(0.48%),P:1e-4	Tpos:41.7,Tstd:27.1,Bpos:47.5,Bstd:28.2,StrandBias:-1.0,Multiplicity:1.00
0.884	0.001	0.001	0.114
0.001	0.151	0.847	0.001
0.001	0.997	0.001	0.001
0.997	0.001	0.001	0.001
0.059	0.001	0.939	0.001
0.001	0.997	0.001	0.001
0.997	0.001	0.001	0.001
0.001	0.001	0.847	0.151
0.151	0.847	0.001	0.001
0.695	0.152	0.152	0.001
>ATCAATGGAH	3-ATCAATGGAH	8.421767	-10.001079	0	T:4.0(11.76%),B:18.0(0.58%),P:1e-4	Tpos:52.0,Tstd:28.7,Bpos:44.9,Bstd:26.8,StrandBias:-0.7,Multiplicity:2.00
0.688	0.001	0.310	0.001
0.001	0.001	0.001	0.997
0.310	0.688	0.001	0.001
0.988	0.001	0.001	0.010
0.941	0.057	0.001	0.001
0.001	0.001	0.001	0.997
0.001	0.001	0.997	0.001
0.321	0.001	0.668	0.010
0.688	0.001	0.310	0.001
0.321	0.357	0.001	0.321
>THAAVTTGAA	4-THAAVTTGAA	8.333214	-9.229236	0	T:4.0(11.76%),B:22.0(0.71%),P:1e-4	Tpos:58.0,Tstd:19.4,Bpos:54.1,Bstd:27.8,StrandBias:1.0,Multiplicity:1.25
0.001	0.001	0.001	0.997
0.310	0.379	0.001	0.310
0.688	0.001	0.310	0.001
0.997	0.001	0.001	0.001
0.356	0.311	0.311	0.023
0.001	0.001	0.001	0.997
0.001	0.001	0.001	0.997
0.001	0.310	0.688	0.001
0.997	0.001	0.001	0.001
0.976	0.001	0.022	0.001
>GGTTGAGGCA	5-GGTTGAGGCA	11.873576	-6.569772	0	T:2.0(5.88%),B:5.0(0.16%),P:1e-2	Tpos:43.0,Tstd:25.0,Bpos:23.6,Bstd:25.4,StrandBias:10.0,Multiplicity:2.50
0.001	0.001	0.997	0.001
0.001	0.001	0.997	0.001
0.249	0.001	0.001	0.749
0.001	0.249	0.001	0.749
0.249	0.001	0.749	0.001
0.997	0.001	0.001	0.001
0.001	0.001	0.997	0.001
0.001	0.001	0.997	0.001
0.001	0.997	0.001	0.001
0.997	0.001	0.001	0.001
