>TTGGAAYAGGTC	1-TTGGAAYAGGTC	8.581520	-19.022912	0	T:7.0(20.59%),B:23.0(0.74%),P:1e-8	Tpos:38.5,Tstd:16.4,Bpos:54.5,Bstd:28.6,StrandBias:-1.6,Multiplicity:1.00
0.001	0.410	0.001	0.588
0.001	0.001	0.001	0.997
0.001	0.001	0.997	0.001
0.001	0.001	0.765	0.233
0.794	0.191	0.001	0.014
0.807	0.001	0.191	0.001
0.191	0.425	0.001	0.383
0.603	0.001	0.191	0.205
0.001	0.001	0.793	0.205
0.001	0.001	0.602	0.396
0.001	0.191	0.001	0.807
0.396	0.602	0.001	0.001
>AGGGCAGAAAGA	2-AGGGCAGAAAGA	9.760763	-18.761834	0	T:5.0(14.71%),B:6.0(0.19%),P:1e-8	Tpos:64.0,Tstd:25.1,Bpos:39.5,Bstd:27.5,StrandBias:2.0,Multiplicity:1.00
0.997	0.001	0.001	0.001
0.367	0.001	0.631	0.001
0.001	0.001	0.997	0.001
0.001	0.313	0.685	0.001
0.001	0.997	0.001	0.001
0.997	0.001	0.001	0.001
0.342	0.001	0.656	0.001
0.997	0.001	0.001	0.001
0.997	0.001	0.001	0.001
0.686	0.025	0.264	0.025
0.001	0.238	0.760	0.001
0.735	0.025	0.001	0.239
>MKCATTGTWAGA	3-MKCATTGTWAGA	7.391990	-16.238811	0	T:5.0(14.71%),B:10.0(0.32%),P:1e-7	Tpos:55.7,Tstd:8.0,Bpos:39.6,Bstd:18.2,StrandBias:1.0,Multiplicity:1.20
0.450	0.450	0.001	0.099
0.001	0.001	0.549	0.449
0.001	0.997	0.001	0.001
0.997	0.001	0.001	0.001
0.001	0.001	0.001	0.997
0.001	0.001	0.001	0.997
0.001	0.044	0.954	0.001
0.001	0.044	0.001	0.954
0.449	0.001	0.001	0.549
0.997	0.001	0.001	0.001
0.001	0.094	0.904	0.001
0.994	0.001	0.001	0.004
>AAGCCTTCGTAG	4-AAGCCTTCGTAG	6.800502	-13.364836	0	T:3.0(8.82%),B:2.0(0.06%),P:1e-5	Tpos:67.0,Tstd:23.0,Bpos:13.0,Bstd:4.0,StrandBias:0.6,Multiplicity:1.33
0.997	0.001	0.001	0.001
0.997	0.001	0.001	0.001
0.001	0.001	0.997	0.001
0.001	0.908	0.090	0.001
0.001	0.997	0.001	0.001
0.001	0.001	0.001	0.997
0.001	0.001	0.001	0.997
0.180	0.818	0.001	0.001
0.001	0.090	0.908	0.001
0.001	0.001	0.001	0.997
0.997	0.001	0.001	0.001
0.180	0.001	0.818	0.001
>TTTGTTTGGGTT	5-TTTGTTTGGGTT	12.849789	-6.569772	0	T:2.0(5.88%),B:5.0(0.16%),P:1e-2	Tpos:43.5,Tstd:25.0,Bpos:42.1,Bstd:16.2,StrandBias:3.3,Multiplicity:5.50
0.001	0.001	0.001	0.997
0.001	0.001	0.001	0.997
0.001	0.001	0.180	0.818
0.001	0.001	0.997	0.001
0.001	0.001	0.001	0.997
0.151	0.001	0.001	0.847
0.001	0.001	0.001	0.997
0.001	0.001	0.818	0.180
0.001	0.001	0.997	0.001
0.001	0.001	0.997	0.001
0.001	0.001	0.001	0.997
0.151	0.001	0.001	0.847
