>KTGGGAMRAC	1-KTGGGAMRAC	7.753076	-16.757837	0	T:5.0(14.71%),B:9.0(0.29%),P:1e-7	Tpos:69.4,Tstd:16.6,Bpos:49.7,Bstd:24.2,StrandBias:0.6,Multiplicity:1.00
0.001	0.001	0.457	0.541
0.001	0.001	0.001	0.997
0.001	0.001	0.997	0.001
0.001	0.001	0.997	0.001
0.001	0.001	0.997	0.001
0.997	0.001	0.001	0.001
0.539	0.459	0.001	0.001
0.450	0.001	0.540	0.009
0.997	0.001	0.001	0.001
0.017	0.981	0.001	0.001
>ATATGACGTG	2-ATATGACGTG	11.046250	-15.436802	0	T:3.0(8.82%),B:1.0(0.03%),P:1e-6	Tpos:51.7,Tstd:19.0,Bpos:45.5,Bstd:23.5,StrandBias:-1.0,Multiplicity:1.00
0.688	0.001	0.310	0.001
0.310	0.001	0.001	0.688
0.997	0.001	0.001	0.001
0.001	0.001	0.001	0.997
0.001	0.001	0.997	0.001
0.967	0.001	0.031	0.001
0.310	0.688	0.001	0.001
0.001	0.001	0.688	0.310
0.378	0.001	0.001	0.620
0.001	0.001	0.997	0.001
>GTCCTAAAGT	3-GTCCTAAAGT	11.873576	-13.364836	0	T:3.0(8.82%),B:2.0(0.06%),P:1e-5	Tpos:74.2,Tstd:22.9,Bpos:24.0,Bstd:17.0,StrandBias:1.6,Multiplicity:1.33
0.001	0.001	0.997	0.001
0.001	0.001	0.001	0.997
0.001	0.997	0.001	0.001
0.001	0.997	0.001	0.001
0.001	0.001	0.001	0.997
0.997	0.001	0.001	0.001
0.749	0.249	0.001	0.001
0.997	0.001	0.001	0.001
0.249	0.001	0.749	0.001
0.001	0.249	0.001	0.749
>GCTTTGTTRG	4-GCTTTGTTRG	8.203576	-11.972878	0	T:7.0(20.59%),B:66.0(2.12%),P:1e-5	Tpos:59.7,Tstd:22.5,Bpos:50.8,Bstd:24.4,StrandBias:2.0,Multiplicity:1.43
0.001	0.001	0.997	0.001
0.240	0.758	0.001	0.001
0.001	0.106	0.241	0.652
0.001	0.001	0.167	0.831
0.001	0.001	0.001	0.997
0.001	0.204	0.794	0.001
0.001	0.001	0.001	0.997
0.240	0.001	0.001	0.758
0.475	0.001	0.347	0.177
0.001	0.001	0.794	0.204
>TATCWWTSTR	5-TATCWWTSTR	11.010412	-8.904881	0	T:3.0(8.82%),B:9.0(0.29%),P:1e-3	Tpos:54.4,Tstd:13.6,Bpos:61.8,Bstd:19.1,StrandBias:10.0,Multiplicity:2.00
0.001	0.001	0.001	0.997
0.997	0.001	0.001	0.001
0.001	0.001	0.001	0.997
0.001	0.971	0.027	0.001
0.449	0.001	0.001	0.549
0.549	0.001	0.001	0.449
0.001	0.001	0.001	0.997
0.001	0.524	0.474	0.001
0.001	0.001	0.001	0.997
0.515	0.001	0.467	0.017
