>CAGCTTTTGGAA	1-CAGCTTTTGGAA	9.585966	-15.436802	0	T:3.0(8.82%),B:0.0(0.00%),P:1e-6	Tpos:54.2,Tstd:19.2,Bpos:0.0,Bstd:0.0,StrandBias:1.6,Multiplicity:1.33
0.044	0.954	0.001	0.001
0.997	0.001	0.001	0.001
0.180	0.001	0.818	0.001
0.001	0.863	0.135	0.001
0.044	0.001	0.001	0.954
0.001	0.001	0.001	0.997
0.001	0.001	0.001	0.997
0.001	0.001	0.001	0.997
0.001	0.001	0.908	0.090
0.044	0.001	0.954	0.001
0.997	0.001	0.001	0.001
0.997	0.001	0.001	0.001
>SRGGGGKGAGTC	2-SRGGGGKGAGTC	9.867105	-15.342758	0	T:5.0(14.71%),B:12.0(0.39%),P:1e-6	Tpos:61.9,Tstd:21.9,Bpos:47.5,Bstd:24.0,StrandBias:10.0,Multiplicity:1.60
0.001	0.475	0.523	0.001
0.474	0.001	0.523	0.002
0.259	0.001	0.739	0.001
0.001	0.237	0.761	0.001
0.001	0.001	0.997	0.001
0.288	0.001	0.710	0.001
0.001	0.001	0.525	0.473
0.001	0.002	0.996	0.001
0.739	0.001	0.259	0.001
0.001	0.236	0.762	0.001
0.001	0.001	0.023	0.975
0.260	0.738	0.001	0.001
>CTTTTGCACCCC	3-CTTTTGCACCCC	7.816948	-14.302960	0	T:4.0(11.76%),B:6.0(0.19%),P:1e-6	Tpos:48.7,Tstd:20.5,Bpos:46.0,Bstd:28.4,StrandBias:10.0,Multiplicity:1.50
0.001	0.997	0.001	0.001
0.001	0.001	0.001	0.997
0.001	0.001	0.001	0.997
0.172	0.001	0.008	0.819
0.001	0.001	0.180	0.818
0.001	0.163	0.835	0.001
0.001	0.997	0.001	0.001
0.997	0.001	0.001	0.001
0.007	0.991	0.001	0.001
0.163	0.835	0.001	0.001
0.001	0.997	0.001	0.001
0.001	0.997	0.001	0.001
>GTTGCTGAGGTA	4-GTTGCTGAGGTA	10.962486	-13.364836	0	T:3.0(8.82%),B:2.0(0.06%),P:1e-5	Tpos:38.0,Tstd:24.1,Bpos:53.6,Bstd:22.0,StrandBias:2.0,Multiplicity:1.67
0.001	0.001	0.818	0.180
0.001	0.001	0.001	0.997
0.001	0.001	0.001	0.997
0.001	0.001	0.889	0.109
0.001	0.997	0.001	0.001
0.001	0.001	0.001	0.997
0.001	0.001	0.997	0.001
0.997	0.001	0.001	0.001
0.001	0.001	0.997	0.001
0.001	0.001	0.997	0.001
0.001	0.180	0.001	0.818
0.997	0.001	0.001	0.001
>AACCTGTGAGTC	5-AACCTGTGAGTC	7.515243	-11.300340	0	T:3.0(8.82%),B:4.0(0.13%),P:1e-4	Tpos:65.8,Tstd:24.5,Bpos:39.5,Bstd:27.6,StrandBias:0.6,Multiplicity:1.67
0.829	0.001	0.001	0.169
0.997	0.001	0.001	0.001
0.180	0.818	0.001	0.001
0.001	0.819	0.170	0.010
0.001	0.001	0.001	0.997
0.001	0.001	0.997	0.001
0.001	0.001	0.001	0.997
0.147	0.001	0.851	0.001
0.997	0.001	0.001	0.001
0.001	0.001	0.851	0.147
0.001	0.001	0.001	0.997
0.001	0.997	0.001	0.001
