>GGAGGGGAAG	1-GGAGGGGAAG	11.205340	-13.099550	0	T:5.0(14.71%),B:19.0(0.61%),P:1e-5	Tpos:46.7,Tstd:30.0,Bpos:35.1,Bstd:20.3,StrandBias:1.3,Multiplicity:1.40
0.162	0.001	0.836	0.001
0.191	0.001	0.807	0.001
0.836	0.001	0.001	0.162
0.001	0.001	0.997	0.001
0.001	0.001	0.807	0.191
0.001	0.001	0.997	0.001
0.001	0.001	0.997	0.001
0.997	0.001	0.001	0.001
0.997	0.001	0.001	0.001
0.191	0.001	0.807	0.001
>TTYAYYTTWW	2-TTYAYYTTWW	5.527756	-11.074430	0	T:13.0(38.24%),B:318.0(10.23%),P:1e-4	Tpos:57.4,Tstd:26.8,Bpos:50.8,Bstd:26.5,StrandBias:-0.2,Multiplicity:1.46
0.004	0.104	0.104	0.788
0.199	0.207	0.099	0.495
0.215	0.383	0.001	0.401
0.501	0.198	0.001	0.300
0.004	0.501	0.100	0.395
0.099	0.490	0.001	0.410
0.099	0.291	0.001	0.609
0.207	0.183	0.001	0.609
0.505	0.084	0.001	0.410
0.410	0.199	0.001	0.391
>GACTCATGAT	3-GACTCATGAT	12.163596	-9.761252	0	T:2.0(5.88%),B:1.0(0.03%),P:1e-4	Tpos:40.4,Tstd:18.2,Bpos:53.0,Bstd:0.0,StrandBias:10.0,Multiplicity:2.50
0.001	0.001	0.997	0.001
0.997	0.001	0.001	0.001
0.001	0.997	0.001	0.001
0.001	0.001	0.001	0.997
0.001	0.997	0.001	0.001
0.997	0.001	0.001	0.001
0.001	0.001	0.001	0.997
0.249	0.001	0.749	0.001
0.500	0.001	0.250	0.250
0.001	0.001	0.001	0.997
>GTCCTAACAA	4-GTCCTAACAA	12.329821	-9.761252	0	T:2.0(5.88%),B:0.0(0.00%),P:1e-4	Tpos:34.5,Tstd:17.2,Bpos:0.0,Bstd:0.0,StrandBias:10.0,Multiplicity:2.00
0.001	0.001	0.997	0.001
0.001	0.001	0.001	0.997
0.001	0.997	0.001	0.001
0.332	0.666	0.001	0.001
0.001	0.001	0.001	0.997
0.997	0.001	0.001	0.001
0.997	0.001	0.001	0.001
0.001	0.997	0.001	0.001
0.997	0.001	0.001	0.001
0.666	0.001	0.332	0.001
>GGGACAADTT	5-GGGACAADTT	8.277502	-7.040560	0	T:5.0(14.71%),B:69.0(2.22%),P:1e-3	Tpos:51.9,Tstd:21.2,Bpos:51.6,Bstd:23.7,StrandBias:1.3,Multiplicity:1.40
0.031	0.001	0.967	0.001
0.319	0.001	0.679	0.001
0.001	0.306	0.677	0.016
0.661	0.306	0.001	0.032
0.001	0.997	0.001	0.001
0.983	0.015	0.001	0.001
0.967	0.001	0.001	0.031
0.306	0.001	0.387	0.306
0.001	0.001	0.321	0.677
0.306	0.016	0.032	0.646
