>KTTKGCATCC	1-KTTKGCATCC	7.773336	-18.851241	0	T:6.0(17.65%),B:13.0(0.42%),P:1e-8	Tpos:69.5,Tstd:24.4,Bpos:47.1,Bstd:26.8,StrandBias:0.0,Multiplicity:1.00
0.001	0.001	0.449	0.549
0.001	0.087	0.001	0.911
0.001	0.001	0.001	0.997
0.001	0.001	0.449	0.549
0.001	0.001	0.997	0.001
0.001	0.997	0.001	0.001
0.997	0.001	0.001	0.001
0.001	0.001	0.001	0.997
0.001	0.997	0.001	0.001
0.088	0.900	0.001	0.011
>CTTAAGASTT	2-CTTAAGASTT	9.483305	-18.008100	0	T:6.0(17.65%),B:15.0(0.48%),P:1e-7	Tpos:77.7,Tstd:16.9,Bpos:44.5,Bstd:27.5,StrandBias:1.0,Multiplicity:1.00
0.236	0.762	0.001	0.001
0.013	0.001	0.001	0.985
0.001	0.001	0.001	0.997
0.762	0.001	0.236	0.001
0.512	0.001	0.237	0.250
0.001	0.001	0.762	0.236
0.985	0.001	0.013	0.001
0.001	0.525	0.473	0.001
0.001	0.236	0.001	0.762
0.001	0.001	0.001	0.997
>GATCCTGTAG	3-GATCCTGTAG	9.962011	-15.024529	0	T:4.0(11.76%),B:5.0(0.16%),P:1e-6	Tpos:34.8,Tstd:23.9,Bpos:58.8,Bstd:19.8,StrandBias:-2.0,Multiplicity:1.25
0.001	0.001	0.997	0.001
0.688	0.310	0.001	0.001
0.001	0.001	0.310	0.688
0.001	0.997	0.001	0.001
0.310	0.688	0.001	0.001
0.001	0.001	0.344	0.654
0.001	0.001	0.997	0.001
0.001	0.001	0.001	0.997
0.688	0.310	0.001	0.001
0.310	0.001	0.688	0.001
>CACAMACACA	4-CACAMACACA	-3.106394	-5.079769	0	T:22.0(64.71%),B:1304.0(41.94%),P:1e-2	Tpos:45.2,Tstd:25.6,Bpos:49.1,Bstd:26.7,StrandBias:0.9,Multiplicity:1.27
0.121	0.877	0.001	0.001
0.997	0.001	0.001	0.001
0.197	0.797	0.001	0.005
0.997	0.001	0.001	0.001
0.431	0.561	0.001	0.007
0.997	0.001	0.001	0.001
0.001	0.801	0.001	0.197
0.997	0.001	0.001	0.001
0.001	0.994	0.001	0.004
0.997	0.001	0.001	0.001
>TATCTATCTA	5-TATCTATCTA	12.436616	-3.432968	0	T:1.0(2.94%),B:3.0(0.10%),P:1e-1	Tpos:51.0,Tstd:16.0,Bpos:71.7,Bstd:16.0,StrandBias:10.0,Multiplicity:2.00
0.001	0.001	0.001	0.997
0.823	0.001	0.001	0.175
0.001	0.001	0.001	0.997
0.001	0.648	0.350	0.001
0.001	0.001	0.001	0.997
0.823	0.001	0.001	0.175
0.001	0.001	0.001	0.997
0.001	0.675	0.323	0.001
0.001	0.001	0.001	0.997
0.823	0.001	0.001	0.175
