>TTTAGAGGTG	1-TTTAGAGGTG	6.121225	-20.172383	0	T:5.0(10.64%),B:3.6(0.13%),P:1e-8,FDR:0.6	Tpos:51.8,Tstd:25.7,Bpos:48.3,Bstd:19.7,StrandBias:-2.0,Multiplicity:1.00
0.001	0.001	0.001	0.997
0.001	0.001	0.001	0.997
0.001	0.001	0.001	0.997
0.997	0.001	0.001	0.001
0.001	0.001	0.997	0.001
0.666	0.001	0.332	0.001
0.001	0.001	0.997	0.001
0.001	0.332	0.666	0.001
0.332	0.001	0.001	0.666
0.001	0.001	0.997	0.001
>MGTGWGCYAC	2-MGTGWGCYAC	6.041578	-19.029605	0	T:10.0(21.28%),B:49.3(1.69%),P:1e-8,FDR:0.6	Tpos:47.3,Tstd:28.7,Bpos:57.0,Bstd:28.1,StrandBias:0.0,Multiplicity:1.00
0.463	0.446	0.001	0.091
0.001	0.001	0.997	0.001
0.001	0.001	0.001	0.997
0.001	0.001	0.997	0.001
0.466	0.001	0.001	0.532
0.001	0.001	0.997	0.001
0.001	0.997	0.001	0.001
0.090	0.463	0.001	0.446
0.891	0.107	0.001	0.001
0.001	0.997	0.001	0.001
>GGGTTGCTGG	3-GGGTTGCTGG	7.240987	-15.674117	0	T:11.0(23.40%),B:90.2(3.10%),P:1e-6,FDR:0.6	Tpos:56.3,Tstd:22.3,Bpos:51.1,Bstd:31.6,StrandBias:1.4,Multiplicity:1.00
0.001	0.235	0.749	0.015
0.001	0.001	0.997	0.001
0.001	0.001	0.763	0.235
0.010	0.236	0.016	0.738
0.235	0.001	0.235	0.529
0.235	0.001	0.763	0.001
0.235	0.763	0.001	0.001
0.001	0.001	0.001	0.997
0.235	0.001	0.763	0.001
0.001	0.001	0.997	0.001
>GCATTTCGAG	4-GCATTTCGAG	8.350283	-12.173166	0	T:3.0(6.38%),B:2.8(0.09%),P:1e-5,FDR:0.9	Tpos:67.7,Tstd:39.4,Bpos:54.8,Bstd:23.5,StrandBias:10.0,Multiplicity:1.00
0.100	0.100	0.700	0.100
0.100	0.700	0.100	0.100
0.700	0.100	0.100	0.100
0.100	0.100	0.100	0.700
0.100	0.100	0.100	0.700
0.100	0.100	0.100	0.700
0.100	0.700	0.100	0.100
0.100	0.100	0.700	0.100
0.700	0.100	0.100	0.100
0.100	0.100	0.700	0.100
>AAACACACAC	5-AAACACACAC	12.017228	-2.255265	0	T:2.0(4.26%),B:34.4(1.18%),P:1e0,FDR:1	Tpos:53.9,Tstd:9.5,Bpos:41.1,Bstd:39.7,StrandBias:10.0,Multiplicity:1.00
0.997	0.001	0.001	0.001
0.605	0.393	0.001	0.001
0.997	0.001	0.001	0.001
0.272	0.726	0.001	0.001
0.997	0.001	0.001	0.001
0.001	0.997	0.001	0.001
0.997	0.001	0.001	0.001
0.001	0.997	0.001	0.001
0.997	0.001	0.001	0.001
0.018	0.980	0.001	0.001
>CAGATAGGMAAT	1-CAGATAGGMAAT	10.543508	-25.641358	0	T:5.0(10.64%),B:1.9(0.07%),P:1e-11,FDR:0.4	Tpos:59.8,Tstd:32.8,Bpos:66.3,Bstd:18.7,StrandBias:2.0,Multiplicity:1.00
0.001	0.763	0.001	0.235
0.997	0.001	0.001	0.001
0.001	0.001	0.997	0.001
0.745	0.001	0.019	0.235
0.235	0.001	0.001	0.763
0.997	0.001	0.001	0.001
0.235	0.001	0.763	0.001
0.001	0.001	0.763	0.235
0.471	0.527	0.001	0.001
0.763	0.001	0.235	0.001
0.472	0.057	0.236	0.236
0.001	0.001	0.018	0.980
>CTTGTGAGCCCC	2-CTTGTGAGCCCC	11.161388	-19.818380	0	T:4.0(8.51%),B:1.9(0.07%),P:1e-8,FDR:0.6	Tpos:51.8,Tstd:21.7,Bpos:79.2,Bstd:2.8,StrandBias:2.0,Multiplicity:1.25
0.235	0.707	0.057	0.001
0.235	0.001	0.235	0.529
0.235	0.001	0.235	0.529
0.001	0.001	0.763	0.235
0.235	0.001	0.001	0.763
0.001	0.001	0.997	0.001
0.997	0.001	0.001	0.001
0.001	0.001	0.997	0.001
0.001	0.997	0.001	0.001
0.235	0.763	0.001	0.001
0.033	0.965	0.001	0.001
0.001	0.763	0.001	0.235
>KTGARYCAMCWY	3-KTGARYCAMCWY	9.426283	-16.425696	0	T:8.0(17.02%),B:35.0(1.20%),P:1e-7,FDR:0.6	Tpos:46.2,Tstd:24.4,Bpos:58.1,Bstd:28.9,StrandBias:-0.7,Multiplicity:1.00
0.001	0.001	0.553	0.445
0.001	0.001	0.001	0.997
0.001	0.001	0.997	0.001
0.970	0.001	0.001	0.028
0.445	0.001	0.553	0.001
0.001	0.553	0.001	0.445
0.001	0.970	0.001	0.028
0.997	0.001	0.001	0.001
0.445	0.553	0.001	0.001
0.001	0.997	0.001	0.001
0.553	0.001	0.001	0.445
0.001	0.533	0.001	0.465
>CCAGRRKCWGCA	4-CCAGRRKCWGCA	11.138300	-15.447597	0	T:4.0(8.51%),B:4.0(0.14%),P:1e-6,FDR:0.6	Tpos:51.5,Tstd:15.4,Bpos:41.6,Bstd:24.6,StrandBias:0.0,Multiplicity:1.00
0.001	0.927	0.001	0.071
0.001	0.997	0.001	0.001
0.632	0.001	0.366	0.001
0.001	0.001	0.927	0.071
0.439	0.178	0.381	0.001
0.561	0.001	0.437	0.001
0.191	0.002	0.367	0.440
0.085	0.913	0.001	0.001
0.439	0.180	0.014	0.367
0.177	0.087	0.735	0.001
0.366	0.632	0.001	0.001
0.997	0.001	0.001	0.001
>ACACACACACAC	5-ACACACACACAC	4.515679	-2.846454	0	T:5.0(10.64%),B:130.2(4.48%),P:1e-1,FDR:1	Tpos:49.0,Tstd:17.6,Bpos:44.0,Bstd:36.3,StrandBias:3.6,Multiplicity:1.40
0.997	0.001	0.001	0.001
0.051	0.947	0.001	0.001
0.997	0.001	0.001	0.001
0.397	0.601	0.001	0.001
0.997	0.001	0.001	0.001
0.035	0.963	0.001	0.001
0.997	0.001	0.001	0.001
0.001	0.997	0.001	0.001
0.997	0.001	0.001	0.001
0.001	0.997	0.001	0.001
0.997	0.001	0.001	0.001
0.423	0.575	0.001	0.001
>CATAAAGA	1-CATAAAGA	8.274222	-16.492803	0	T:7.0(14.89%),B:22.9(0.79%),P:1e-7,FDR:0.2	Tpos:52.5,Tstd:24.9,Bpos:49.3,Bstd:29.6,StrandBias:0.7,Multiplicity:1.14
0.001	0.997	0.001	0.001
0.997	0.001	0.001	0.001
0.001	0.001	0.001	0.997
0.997	0.001	0.001	0.001
0.686	0.312	0.001	0.001
0.624	0.001	0.374	0.001
0.001	0.001	0.997	0.001
0.686	0.001	0.001	0.312
>GGCTCGHA	2-GGCTCGHA	7.260174	-15.324645	0	T:10.0(21.28%),B:73.6(2.53%),P:1e-6,FDR:0.2	Tpos:26.5,Tstd:20.8,Bpos:49.3,Bstd:35.7,StrandBias:-0.6,Multiplicity:1.00
0.001	0.001	0.997	0.001
0.076	0.138	0.500	0.286
0.001	0.997	0.001	0.001
0.001	0.001	0.001	0.997
0.027	0.971	0.001	0.001
0.227	0.001	0.771	0.001
0.318	0.396	0.001	0.285
0.529	0.184	0.001	0.286
>CCCTTTTG	3-CCCTTTTG	6.494844	-11.127023	0	T:10.0(21.28%),B:117.4(4.04%),P:1e-4,FDR:0.933333333333333	Tpos:62.9,Tstd:28.5,Bpos:49.7,Bstd:34.3,StrandBias:0.3,Multiplicity:1.10
0.001	0.997	0.001	0.001
0.001	0.997	0.001	0.001
0.346	0.652	0.001	0.001
0.001	0.001	0.161	0.837
0.001	0.001	0.001	0.997
0.001	0.001	0.001	0.997
0.001	0.001	0.001	0.997
0.260	0.184	0.555	0.001
>CTGGAACT	4-CTGGAACT	7.308259	-10.583633	0	T:13.0(27.66%),B:215.2(7.41%),P:1e-4,FDR:0.933333333333333	Tpos:51.1,Tstd:28.6,Bpos:51.5,Bstd:33.0,StrandBias:0.9,Multiplicity:1.31
0.001	0.997	0.001	0.001
0.001	0.001	0.001	0.997
0.001	0.112	0.810	0.077
0.001	0.001	0.997	0.001
0.665	0.155	0.062	0.118
0.855	0.055	0.089	0.001
0.001	0.929	0.069	0.001
0.106	0.058	0.001	0.835
>AAACACRT	5-AAACACRT	6.967376	-6.344844	0	T:7.0(14.89%),B:109.6(3.77%),P:1e-2,FDR:0.933333333333333	Tpos:59.6,Tstd:24.2,Bpos:50.4,Bstd:30.1,StrandBias:-0.7,Multiplicity:1.14
0.997	0.001	0.001	0.001
0.941	0.057	0.001	0.001
0.674	0.324	0.001	0.001
0.063	0.935	0.001	0.001
0.997	0.001	0.001	0.001
0.001	0.997	0.001	0.001
0.455	0.001	0.543	0.001
0.005	0.126	0.001	0.868
