>ARTAATCAAC	1-ARTAATCAAC	9.078537	-29.729223	0	T:26.0(7.76%),B:1742.0(1.20%),P:1e-12,FDR:0.2	Tpos:48.7,Tstd:26.4,Bpos:50.1,Bstd:42.3,StrandBias:-0.4,Multiplicity:1.23
0.997	0.001	0.001	0.001
0.538	0.001	0.460	0.001
0.001	0.085	0.151	0.763
0.830	0.001	0.001	0.168
0.997	0.001	0.001	0.001
0.240	0.133	0.094	0.533
0.299	0.586	0.114	0.001
0.911	0.087	0.001	0.001
0.997	0.001	0.001	0.001
0.088	0.781	0.001	0.130
>ATTTCAGCCC	2-ATTTCAGCCC	11.078333	-22.548306	0	T:13.0(3.88%),B:477.3(0.33%),P:1e-9,FDR:0.3	Tpos:52.5,Tstd:15.5,Bpos:48.7,Bstd:34.6,StrandBias:0.2,Multiplicity:1.00
0.997	0.001	0.001	0.001
0.001	0.083	0.079	0.837
0.001	0.098	0.001	0.900
0.001	0.001	0.001	0.997
0.001	0.997	0.001	0.001
0.997	0.001	0.001	0.001
0.111	0.001	0.887	0.001
0.001	0.997	0.001	0.001
0.001	0.997	0.001	0.001
0.001	0.997	0.001	0.001
>TTCCTGTTTA	3-TTCCTGTTTA	7.490845	-19.916769	0	T:32.0(9.55%),B:4046.5(2.78%),P:1e-8,FDR:0.4	Tpos:53.9,Tstd:26.6,Bpos:49.9,Bstd:37.5,StrandBias:0.0,Multiplicity:1.06
0.182	0.001	0.305	0.512
0.001	0.001	0.001	0.997
0.103	0.880	0.010	0.007
0.111	0.810	0.001	0.078
0.001	0.304	0.020	0.675
0.136	0.001	0.862	0.001
0.001	0.070	0.001	0.928
0.001	0.001	0.077	0.921
0.077	0.081	0.001	0.841
0.739	0.074	0.138	0.049
>TTTCCACTTG	4-TTTCCACTTG	11.413102	-19.705942	0	T:10.0(2.99%),B:295.0(0.20%),P:1e-8,FDR:0.4	Tpos:44.5,Tstd:24.0,Bpos:50.1,Bstd:37.1,StrandBias:0.6,Multiplicity:1.00
0.001	0.001	0.001	0.997
0.001	0.001	0.001	0.997
0.001	0.099	0.001	0.899
0.001	0.997	0.001	0.001
0.001	0.997	0.001	0.001
0.997	0.001	0.001	0.001
0.001	0.997	0.001	0.001
0.001	0.001	0.001	0.997
0.105	0.001	0.001	0.893
0.001	0.001	0.997	0.001
>ATTGGHCAGK	5-ATTGGHCAGK	8.144216	-16.468919	0	T:22.0(6.57%),B:2407.9(1.65%),P:1e-7,FDR:0.48	Tpos:50.1,Tstd:25.4,Bpos:50.3,Bstd:33.1,StrandBias:1.1,Multiplicity:1.14
0.854	0.064	0.081	0.001
0.001	0.002	0.210	0.787
0.098	0.001	0.001	0.900
0.001	0.001	0.731	0.267
0.149	0.073	0.777	0.001
0.254	0.281	0.155	0.310
0.344	0.649	0.001	0.006
0.997	0.001	0.001	0.001
0.098	0.001	0.775	0.126
0.116	0.001	0.382	0.501
>CAAMAACAAC	6-CAAMAACAAC	8.283851	-9.374751	0	T:28.0(8.36%),B:5467.3(3.76%),P:1e-4,FDR:0.8	Tpos:51.7,Tstd:28.6,Bpos:50.3,Bstd:39.2,StrandBias:0.0,Multiplicity:1.25
0.079	0.893	0.003	0.025
0.969	0.029	0.001	0.001
0.824	0.001	0.174	0.001
0.337	0.430	0.167	0.066
0.997	0.001	0.001	0.001
0.827	0.003	0.169	0.001
0.130	0.667	0.202	0.001
0.997	0.001	0.001	0.001
0.641	0.102	0.180	0.077
0.001	0.813	0.036	0.150
>ACCCYTWGCC	7-ACCCYTWGCC	11.637970	-8.551803	0	T:3.0(0.90%),B:47.2(0.03%),P:1e-3,FDR:0.8	Tpos:68.0,Tstd:15.0,Bpos:44.9,Bstd:40.5,StrandBias:10.0,Multiplicity:1.33
0.783	0.215	0.001	0.001
0.001	0.783	0.215	0.001
0.001	0.997	0.001	0.001
0.001	0.997	0.001	0.001
0.001	0.472	0.001	0.526
0.001	0.001	0.001	0.997
0.526	0.001	0.001	0.472
0.001	0.001	0.997	0.001
0.001	0.803	0.001	0.195
0.195	0.803	0.001	0.001
>AGGGCAAGGG	8-AGGGCAAGGG	12.104296	-6.293104	0	T:3.0(0.90%),B:103.0(0.07%),P:1e-2,FDR:0.8	Tpos:61.0,Tstd:19.1,Bpos:45.6,Bstd:28.3,StrandBias:2.3,Multiplicity:2.00
0.997	0.001	0.001	0.001
0.001	0.001	0.997	0.001
0.001	0.001	0.997	0.001
0.001	0.001	0.997	0.001
0.001	0.997	0.001	0.001
0.997	0.001	0.001	0.001
0.821	0.001	0.001	0.177
0.001	0.001	0.997	0.001
0.001	0.001	0.997	0.001
0.001	0.001	0.997	0.001
