>ACTTCCTG	1-ACTTCCTG	7.048444	-24.792174	0	T:84.0(25.07%),B:17194.5(11.82%),P:1e-10,FDR:0.2	Tpos:49.4,Tstd:26.5,Bpos:50.1,Bstd:35.9,StrandBias:-0.3,Multiplicity:1.20
0.901	0.001	0.057	0.041
0.001	0.659	0.066	0.274
0.099	0.001	0.001	0.899
0.001	0.001	0.001	0.997
0.001	0.997	0.001	0.001
0.001	0.941	0.001	0.057
0.041	0.001	0.001	0.957
0.001	0.098	0.858	0.043
>AAGCTCAG	2-AAGCTCAG	7.820800	-21.295829	0	T:38.0(11.34%),B:5199.0(3.57%),P:1e-9,FDR:0.2	Tpos:46.4,Tstd:26.3,Bpos:49.5,Bstd:34.2,StrandBias:-0.4,Multiplicity:1.03
0.584	0.001	0.414	0.001
0.997	0.001	0.001	0.001
0.118	0.001	0.880	0.001
0.001	0.997	0.001	0.001
0.001	0.001	0.001	0.997
0.001	0.938	0.001	0.060
0.829	0.001	0.169	0.001
0.001	0.001	0.716	0.282
>TTGTTGAT	3-TTGTTGAT	9.493775	-17.876474	0	T:21.0(6.27%),B:2024.4(1.39%),P:1e-7,FDR:0.2	Tpos:46.4,Tstd:28.9,Bpos:49.2,Bstd:41.8,StrandBias:0.1,Multiplicity:1.29
0.001	0.018	0.001	0.980
0.001	0.001	0.341	0.657
0.001	0.017	0.981	0.001
0.001	0.001	0.001	0.997
0.014	0.001	0.001	0.984
0.062	0.001	0.936	0.001
0.675	0.141	0.001	0.183
0.001	0.001	0.001	0.997
>AAATATAC	4-AAATATAC	4.951575	-14.626826	0	T:85.0(25.37%),B:21724.3(14.93%),P:1e-6,FDR:0.3	Tpos:48.2,Tstd:26.6,Bpos:49.9,Bstd:38.1,StrandBias:-0.1,Multiplicity:1.15
0.734	0.052	0.102	0.112
0.865	0.067	0.031	0.037
0.733	0.052	0.119	0.096
0.104	0.147	0.079	0.670
0.788	0.062	0.088	0.062
0.056	0.066	0.097	0.781
0.729	0.106	0.137	0.028
0.095	0.715	0.055	0.135
>CCAATCAC	5-CCAATCAC	6.706397	-14.305088	0	T:42.0(12.54%),B:7957.6(5.47%),P:1e-6,FDR:0.3	Tpos:49.7,Tstd:26.2,Bpos:50.8,Bstd:33.6,StrandBias:0.0,Multiplicity:1.32
0.066	0.932	0.001	0.001
0.056	0.850	0.001	0.093
0.906	0.001	0.001	0.092
0.883	0.115	0.001	0.001
0.001	0.001	0.001	0.997
0.037	0.764	0.025	0.174
0.866	0.079	0.001	0.054
0.001	0.912	0.086	0.001
>CACCCACC	6-CACCCACC	7.469476	-14.210802	0	T:21.0(6.27%),B:2534.6(1.74%),P:1e-6,FDR:0.3	Tpos:48.3,Tstd:25.6,Bpos:50.0,Bstd:31.5,StrandBias:0.9,Multiplicity:1.24
0.077	0.888	0.001	0.034
0.997	0.001	0.001	0.001
0.001	0.997	0.001	0.001
0.001	0.997	0.001	0.001
0.001	0.911	0.001	0.087
0.877	0.001	0.121	0.001
0.001	0.997	0.001	0.001
0.001	0.997	0.001	0.001
>GAGGGAGG	7-GAGGGAGG	7.744939	-7.573212	0	T:45.0(13.43%),B:11687.7(8.03%),P:1e-3,FDR:0.628571428571429	Tpos:54.0,Tstd:28.7,Bpos:49.7,Bstd:34.4,StrandBias:0.3,Multiplicity:1.38
0.158	0.068	0.773	0.001
0.876	0.001	0.122	0.001
0.001	0.001	0.974	0.024
0.001	0.001	0.997	0.001
0.001	0.001	0.837	0.161
0.997	0.001	0.001	0.001
0.001	0.001	0.962	0.036
0.103	0.001	0.759	0.137
>CAACAACA	8-CAACAACA	7.191903	-6.885662	0	T:27.0(8.06%),B:6087.7(4.18%),P:1e-2,FDR:0.628571428571429	Tpos:53.2,Tstd:28.2,Bpos:48.8,Bstd:39.5,StrandBias:-0.1,Multiplicity:1.30
0.196	0.802	0.001	0.001
0.841	0.055	0.087	0.017
0.997	0.001	0.001	0.001
0.001	0.965	0.001	0.033
0.902	0.001	0.096	0.001
0.965	0.033	0.001	0.001
0.001	0.997	0.001	0.001
0.962	0.036	0.001	0.001
