>CAKCRSWCAT	1-CAKCRSWCAT	8.722346	-17.498121	0	T:3.0(75.00%),B:4.0(0.18%),P:1e-7	Tpos:44.7,Tstd:34.5,Bpos:59.5,Bstd:18.5,StrandBias:-1.0,Multiplicity:1.00
0.001	0.926	0.001	0.072
0.997	0.001	0.001	0.001
0.001	0.001	0.462	0.536
0.001	0.997	0.001	0.001
0.536	0.001	0.462	0.001
0.001	0.462	0.536	0.001
0.462	0.001	0.001	0.536
0.001	0.997	0.001	0.001
0.997	0.001	0.001	0.001
0.001	0.001	0.001	0.997
>GTGTBGAGGC	2-GTGTBGAGGC	8.021560	-12.301869	0	T:4.0(100.00%),B:100.0(4.62%),P:1e-5	Tpos:37.6,Tstd:17.8,Bpos:51.2,Bstd:26.4,StrandBias:-0.6,Multiplicity:1.25
0.001	0.316	0.682	0.001
0.001	0.001	0.316	0.682
0.001	0.316	0.682	0.001
0.001	0.001	0.001	0.997
0.001	0.316	0.316	0.366
0.366	0.001	0.632	0.001
0.997	0.001	0.001	0.001
0.001	0.001	0.997	0.001
0.001	0.316	0.682	0.001
0.001	0.682	0.316	0.001
>AGGCTAGGCC	3-AGGCTAGGCC	10.296193	-6.295036	0	T:1.0(25.00%),B:1.0(0.05%),P:1e-2	Tpos:92.0,Tstd:0.0,Bpos:73.0,Bstd:0.0,StrandBias:10.0,Multiplicity:1.00
0.700	0.100	0.100	0.100
0.100	0.100	0.700	0.100
0.100	0.100	0.700	0.100
0.100	0.700	0.100	0.100
0.100	0.100	0.100	0.700
0.700	0.100	0.100	0.100
0.100	0.100	0.700	0.100
0.100	0.100	0.700	0.100
0.100	0.700	0.100	0.100
0.100	0.700	0.100	0.100
>TTTGGAGGAG	4-TTTGGAGGAG	10.296193	-6.295036	0	T:1.0(25.00%),B:1.0(0.05%),P:1e-2	Tpos:15.0,Tstd:0.0,Bpos:53.0,Bstd:0.0,StrandBias:-10.0,Multiplicity:1.00
0.100	0.100	0.100	0.700
0.100	0.100	0.100	0.700
0.100	0.100	0.100	0.700
0.100	0.100	0.700	0.100
0.100	0.100	0.700	0.100
0.700	0.100	0.100	0.100
0.100	0.100	0.700	0.100
0.100	0.100	0.700	0.100
0.700	0.100	0.100	0.100
0.100	0.100	0.700	0.100
>GGAATAAGAG	5-GGAATAAGAG	10.296193	-5.602581	0	T:1.0(25.00%),B:2.0(0.09%),P:1e-2	Tpos:17.0,Tstd:0.0,Bpos:53.5,Bstd:28.5,StrandBias:10.0,Multiplicity:1.00
0.100	0.100	0.700	0.100
0.100	0.100	0.700	0.100
0.700	0.100	0.100	0.100
0.700	0.100	0.100	0.100
0.100	0.100	0.100	0.700
0.700	0.100	0.100	0.100
0.700	0.100	0.100	0.100
0.100	0.100	0.700	0.100
0.700	0.100	0.100	0.100
0.100	0.100	0.700	0.100
