>AGWGMYYCATKG	1-AGWGMYYCATKG	13.052849	-13.570131	0	T:2.0(50.00%),B:0.0(0.00%),P:1e-5	Tpos:21.0,Tstd:7.0,Bpos:0.0,Bstd:0.0,StrandBias:-10.0,Multiplicity:1.00
0.997	0.001	0.001	0.001
0.001	0.001	0.997	0.001
0.536	0.001	0.001	0.462
0.001	0.001	0.997	0.001
0.463	0.463	0.073	0.001
0.001	0.536	0.001	0.462
0.001	0.536	0.001	0.462
0.001	0.997	0.001	0.001
0.997	0.001	0.001	0.001
0.001	0.001	0.001	0.997
0.001	0.001	0.462	0.536
0.001	0.001	0.997	0.001
>CTCTRGCTCCTT	2-CTCTRGCTCCTT	9.539227	-13.343407	0	T:3.0(75.00%),B:16.0(0.74%),P:1e-5	Tpos:37.7,Tstd:20.5,Bpos:53.7,Bstd:24.7,StrandBias:-1.0,Multiplicity:1.00
0.001	0.997	0.001	0.001
0.240	0.001	0.001	0.758
0.240	0.758	0.001	0.001
0.001	0.001	0.240	0.758
0.518	0.001	0.480	0.001
0.240	0.001	0.758	0.001
0.240	0.519	0.240	0.001
0.240	0.001	0.240	0.519
0.278	0.481	0.001	0.240
0.001	0.997	0.001	0.001
0.278	0.240	0.001	0.481
0.001	0.001	0.001	0.997
>KCASAGTYWGGW	3-KCASAGTYWGGW	12.723408	-12.184453	0	T:2.0(50.00%),B:2.0(0.09%),P:1e-5	Tpos:72.5,Tstd:16.5,Bpos:58.0,Bstd:23.0,StrandBias:0.0,Multiplicity:1.00
0.001	0.001	0.462	0.536
0.001	0.997	0.001	0.001
0.935	0.001	0.001	0.063
0.001	0.526	0.472	0.001
0.926	0.001	0.072	0.001
0.001	0.001	0.997	0.001
0.001	0.001	0.001	0.997
0.001	0.536	0.001	0.462
0.462	0.001	0.001	0.536
0.063	0.001	0.935	0.001
0.001	0.001	0.997	0.001
0.463	0.073	0.001	0.463
>AGTGATGGCCGA	4-AGTGATGGCCGA	12.355432	-5.602581	0	T:1.0(25.00%),B:2.0(0.09%),P:1e-2	Tpos:76.0,Tstd:0.0,Bpos:7.0,Bstd:0.0,StrandBias:-10.0,Multiplicity:1.00
0.700	0.100	0.100	0.100
0.100	0.100	0.700	0.100
0.100	0.100	0.100	0.700
0.100	0.100	0.700	0.100
0.700	0.100	0.100	0.100
0.100	0.100	0.100	0.700
0.100	0.100	0.700	0.100
0.100	0.100	0.700	0.100
0.100	0.700	0.100	0.100
0.100	0.700	0.100	0.100
0.100	0.100	0.700	0.100
0.700	0.100	0.100	0.100
>CTHTHTTCTCTG	5-CTHTHTTCTCTG	11.008502	-5.602581	0	T:1.0(25.00%),B:2.0(0.09%),P:1e-2	Tpos:70.0,Tstd:0.0,Bpos:25.5,Bstd:5.5,StrandBias:-10.0,Multiplicity:1.00
0.001	0.632	0.001	0.366
0.001	0.007	0.360	0.632
0.317	0.323	0.043	0.317
0.001	0.001	0.042	0.956
0.316	0.366	0.001	0.316
0.001	0.366	0.001	0.632
0.001	0.001	0.001	0.997
0.001	0.682	0.316	0.001
0.001	0.001	0.001	0.997
0.001	0.997	0.001	0.001
0.316	0.001	0.001	0.682
0.001	0.323	0.633	0.043
