>TGGCTYTKAC	1-TGGCTYTKAC	10.146941	-15.527160	0	T:5.0(18.52%),B:15.0(0.48%),P:1e-6	Tpos:45.8,Tstd:35.8,Bpos:56.1,Bstd:24.0,StrandBias:2.0,Multiplicity:1.00
0.001	0.001	0.001	0.997
0.001	0.001	0.997	0.001
0.001	0.237	0.761	0.001
0.001	0.986	0.001	0.012
0.001	0.001	0.001	0.997
0.013	0.511	0.001	0.475
0.001	0.237	0.001	0.761
0.001	0.001	0.474	0.524
0.749	0.013	0.237	0.001
0.237	0.761	0.001	0.001
>TGGTAATCTC	2-TGGTAATCTC	7.398878	-12.907619	0	T:3.0(11.11%),B:3.0(0.10%),P:1e-5	Tpos:61.2,Tstd:23.4,Bpos:22.3,Bstd:20.4,StrandBias:2.0,Multiplicity:1.67
0.001	0.001	0.001	0.997
0.172	0.001	0.826	0.001
0.001	0.001	0.997	0.001
0.001	0.001	0.001	0.997
0.941	0.001	0.001	0.057
0.997	0.001	0.001	0.001
0.001	0.001	0.001	0.997
0.001	0.826	0.172	0.001
0.001	0.057	0.001	0.941
0.001	0.997	0.001	0.001
>CACTGCCAGT	3-CACTGCCAGT	11.639699	-10.256085	0	T:2.0(7.41%),B:0.0(0.00%),P:1e-4	Tpos:51.4,Tstd:34.2,Bpos:0.0,Bstd:0.0,StrandBias:0.4,Multiplicity:2.00
0.001	0.997	0.001	0.001
0.997	0.001	0.001	0.001
0.001	0.811	0.187	0.001
0.001	0.001	0.001	0.997
0.001	0.001	0.997	0.001
0.001	0.593	0.405	0.001
0.001	0.997	0.001	0.001
0.997	0.001	0.001	0.001
0.001	0.001	0.997	0.001
0.001	0.001	0.001	0.997
>TCCAATAAGG	4-TCCAATAAGG	13.017204	-4.764078	0	T:1.0(3.70%),B:1.0(0.03%),P:1e-2	Tpos:25.0,Tstd:0.0,Bpos:19.0,Bstd:0.0,StrandBias:10.0,Multiplicity:1.00
0.001	0.001	0.001	0.997
0.001	0.703	0.001	0.295
0.001	0.997	0.001	0.001
0.997	0.001	0.001	0.001
0.703	0.001	0.295	0.001
0.001	0.111	0.001	0.887
0.997	0.001	0.001	0.001
0.997	0.001	0.001	0.001
0.001	0.001	0.997	0.001
0.001	0.001	0.997	0.001
>CTCTCTCTCT	5-CTCTCTCTCT	10.296193	-1.893008	0	T:1.0(3.70%),B:19.0(0.60%),P:1e0	Tpos:80.0,Tstd:22.8,Bpos:37.7,Bstd:17.8,StrandBias:10.0,Multiplicity:2.00
0.100	0.700	0.100	0.100
0.100	0.100	0.100	0.700
0.100	0.700	0.100	0.100
0.100	0.100	0.100	0.700
0.100	0.700	0.100	0.100
0.100	0.100	0.100	0.700
0.100	0.700	0.100	0.100
0.100	0.100	0.100	0.700
0.100	0.700	0.100	0.100
0.100	0.100	0.100	0.700
