>GCCAGGTMAYTG	1-GCCAGGTMAYTG	5.948832	-18.117389	0	T:14.0(66.67%),B:383.0(12.69%),P:1e-7	Tpos:51.7,Tstd:20.0,Bpos:50.4,Bstd:24.9,StrandBias:0.7,Multiplicity:1.15
0.082	0.164	0.672	0.082
0.001	0.753	0.164	0.082
0.171	0.665	0.082	0.082
0.746	0.001	0.001	0.252
0.001	0.163	0.835	0.001
0.001	0.245	0.753	0.001
0.007	0.001	0.171	0.821
0.344	0.409	0.246	0.001
0.501	0.082	0.164	0.253
0.082	0.409	0.001	0.508
0.164	0.082	0.171	0.583
0.082	0.001	0.835	0.082
>TCCCTCGCTATG	2-TCCCTCGCTATG	7.163372	-15.600300	0	T:4.0(19.05%),B:7.0(0.23%),P:1e-6	Tpos:19.0,Tstd:16.5,Bpos:65.3,Bstd:22.3,StrandBias:0.0,Multiplicity:1.00
0.001	0.001	0.001	0.997
0.090	0.908	0.001	0.001
0.001	0.997	0.001	0.001
0.075	0.923	0.001	0.001
0.075	0.001	0.001	0.923
0.001	0.832	0.166	0.001
0.001	0.001	0.997	0.001
0.001	0.997	0.001	0.001
0.001	0.001	0.001	0.997
0.997	0.001	0.001	0.001
0.001	0.001	0.001	0.997
0.001	0.076	0.832	0.091
>YTGSKGCCRWGK	3-YTGSKGCCRWGK	9.604798	-11.495672	0	T:3.0(14.29%),B:6.0(0.20%),P:1e-4	Tpos:64.8,Tstd:25.9,Bpos:36.2,Bstd:23.9,StrandBias:1.6,Multiplicity:1.33
0.001	0.453	0.001	0.545
0.041	0.001	0.003	0.955
0.001	0.001	0.997	0.001
0.001	0.543	0.454	0.002
0.001	0.001	0.453	0.545
0.040	0.001	0.958	0.001
0.001	0.997	0.001	0.001
0.040	0.958	0.001	0.001
0.545	0.001	0.453	0.001
0.453	0.001	0.001	0.545
0.001	0.001	0.997	0.001
0.001	0.001	0.503	0.495
>TTGGGGGGAGAG	4-TTGGGGGGAGAG	7.280635	-11.037693	0	T:3.0(14.29%),B:7.0(0.23%),P:1e-4	Tpos:49.0,Tstd:30.5,Bpos:41.3,Bstd:21.5,StrandBias:1.0,Multiplicity:1.00
0.001	0.001	0.139	0.859
0.001	0.001	0.001	0.997
0.001	0.001	0.997	0.001
0.001	0.001	0.997	0.001
0.001	0.001	0.997	0.001
0.001	0.001	0.832	0.166
0.001	0.001	0.997	0.001
0.001	0.001	0.997	0.001
0.997	0.001	0.001	0.001
0.139	0.001	0.859	0.001
0.832	0.166	0.001	0.001
0.001	0.166	0.832	0.001
>YRGWAGGKATKT	5-YRGWAGGKATKT	11.789726	-10.681788	0	T:2.0(9.52%),B:0.0(0.00%),P:1e-4	Tpos:62.7,Tstd:19.1,Bpos:0.0,Bstd:0.0,StrandBias:1.0,Multiplicity:1.50
0.001	0.453	0.001	0.545
0.545	0.001	0.453	0.001
0.001	0.001	0.997	0.001
0.545	0.001	0.001	0.453
0.997	0.001	0.001	0.001
0.001	0.001	0.997	0.001
0.001	0.001	0.997	0.001
0.091	0.001	0.454	0.454
0.997	0.001	0.001	0.001
0.001	0.001	0.001	0.997
0.001	0.001	0.545	0.453
0.001	0.001	0.001	0.997
