>CTAWTYAA	1-CTAWTYAA	8.180855	-16.805598	0	T:6.0(22.22%),B:24.0(0.76%),P:1e-7	Tpos:53.7,Tstd:24.8,Bpos:53.7,Bstd:29.8,StrandBias:-1.0,Multiplicity:1.00
0.001	0.806	0.001	0.192
0.001	0.001	0.001	0.997
0.972	0.001	0.026	0.001
0.432	0.001	0.001	0.566
0.272	0.001	0.001	0.726
0.001	0.486	0.001	0.512
0.956	0.001	0.042	0.001
0.926	0.004	0.043	0.027
>GCCTCAAC	2-GCCTCAAC	10.555966	-8.875075	0	T:2.0(7.41%),B:2.0(0.06%),P:1e-3	Tpos:24.0,Tstd:22.1,Bpos:35.5,Bstd:23.5,StrandBias:-10.0,Multiplicity:1.50
0.001	0.001	0.997	0.001
0.001	0.997	0.001	0.001
0.001	0.997	0.001	0.001
0.001	0.001	0.001	0.997
0.001	0.802	0.001	0.196
0.744	0.001	0.254	0.001
0.997	0.001	0.001	0.001
0.001	0.997	0.001	0.001
>CAGGGCCC	3-CAGGGCCC	8.236954	-7.617882	0	T:3.0(11.11%),B:18.0(0.57%),P:1e-3	Tpos:34.0,Tstd:8.5,Bpos:44.9,Bstd:28.3,StrandBias:1.6,Multiplicity:1.00
0.100	0.700	0.100	0.100
0.700	0.100	0.100	0.100
0.100	0.100	0.700	0.100
0.100	0.100	0.700	0.100
0.100	0.100	0.700	0.100
0.100	0.700	0.100	0.100
0.100	0.700	0.100	0.100
0.100	0.700	0.100	0.100
>CCGCGGCG	4-CCGCGGCG	4.752361	-4.832829	0	T:5.0(18.52%),B:149.0(4.73%),P:1e-2	Tpos:64.0,Tstd:25.6,Bpos:48.8,Bstd:26.6,StrandBias:-0.5,Multiplicity:1.40
0.001	0.799	0.199	0.001
0.059	0.829	0.111	0.001
0.154	0.130	0.715	0.001
0.001	0.859	0.069	0.071
0.059	0.203	0.645	0.093
0.001	0.147	0.769	0.083
0.063	0.676	0.178	0.083
0.083	0.139	0.728	0.050
>CTGCAGTG	5-CTGCAGTG	4.555859	-4.436966	0	T:17.0(62.96%),B:1247.0(39.56%),P:1e-1	Tpos:53.4,Tstd:29.6,Bpos:49.1,Bstd:26.9,StrandBias:-0.2,Multiplicity:1.76
0.221	0.502	0.228	0.049
0.069	0.097	0.083	0.751
0.221	0.167	0.559	0.053
0.049	0.741	0.123	0.087
0.741	0.001	0.069	0.189
0.094	0.001	0.904	0.001
0.047	0.001	0.001	0.951
0.053	0.061	0.885	0.001
