>GCDTCACGAT	1-GCDTCACGAT	9.569180	-14.773619	0	T:3.0(14.29%),B:2.0(0.07%),P:1e-6	Tpos:32.8,Tstd:23.6,Bpos:12.0,Bstd:2.0,StrandBias:0.0,Multiplicity:1.00
0.001	0.051	0.947	0.001
0.001	0.686	0.312	0.001
0.323	0.001	0.364	0.312
0.001	0.001	0.312	0.686
0.001	0.997	0.001	0.001
0.634	0.364	0.001	0.001
0.001	0.624	0.001	0.374
0.001	0.312	0.686	0.001
0.686	0.001	0.312	0.001
0.001	0.001	0.001	0.997
>CTGCGCAGTT	2-CTGCGCAGTT	9.554224	-13.561697	0	T:3.0(14.29%),B:3.0(0.10%),P:1e-5	Tpos:44.3,Tstd:19.3,Bpos:67.0,Bstd:25.5,StrandBias:1.0,Multiplicity:1.00
0.001	0.997	0.001	0.001
0.001	0.001	0.001	0.997
0.001	0.001	0.997	0.001
0.001	0.997	0.001	0.001
0.001	0.001	0.997	0.001
0.001	0.997	0.001	0.001
0.997	0.001	0.001	0.001
0.001	0.001	0.997	0.001
0.166	0.001	0.001	0.832
0.001	0.083	0.001	0.915
>TTWTCCTCTC	3-TTWTCCTCTC	6.548376	-12.570364	0	T:9.0(42.86%),B:200.0(6.63%),P:1e-5	Tpos:55.2,Tstd:27.5,Bpos:49.6,Bstd:27.5,StrandBias:0.2,Multiplicity:1.44
0.118	0.043	0.059	0.780
0.001	0.161	0.059	0.779
0.477	0.062	0.001	0.460
0.086	0.123	0.001	0.790
0.001	0.735	0.263	0.001
0.144	0.769	0.001	0.086
0.097	0.203	0.001	0.699
0.059	0.829	0.028	0.084
0.202	0.118	0.059	0.621
0.178	0.547	0.157	0.118
>ACCRSCAGCA	4-ACCRSCAGCA	9.888658	-10.641570	0	T:3.0(14.29%),B:8.0(0.27%),P:1e-4	Tpos:30.7,Tstd:15.5,Bpos:63.6,Bstd:25.9,StrandBias:-1.0,Multiplicity:1.00
0.997	0.001	0.001	0.001
0.013	0.985	0.001	0.001
0.001	0.997	0.001	0.001
0.545	0.001	0.453	0.001
0.076	0.469	0.454	0.001
0.001	0.997	0.001	0.001
0.997	0.001	0.001	0.001
0.076	0.002	0.921	0.001
0.001	0.997	0.001	0.001
0.997	0.001	0.001	0.001
>TAAMTGAGGT	5-TAAMTGAGGT	6.039037	-7.670256	0	T:9.0(42.86%),B:371.0(12.29%),P:1e-3	Tpos:61.4,Tstd:24.6,Bpos:49.1,Bstd:26.2,StrandBias:1.8,Multiplicity:1.00
0.090	0.106	0.279	0.525
0.800	0.001	0.194	0.005
0.612	0.104	0.194	0.090
0.513	0.416	0.070	0.001
0.104	0.104	0.090	0.702
0.001	0.174	0.824	0.001
0.783	0.104	0.009	0.104
0.208	0.001	0.687	0.104
0.104	0.001	0.791	0.104
0.193	0.001	0.001	0.805
