>RCCAGCACTS	1-RCCAGCACTS	6.532570	-20.300792	0	T:7.0(25.93%),B:25.0(0.79%),P:1e-8	Tpos:66.1,Tstd:27.9,Bpos:53.8,Bstd:28.5,StrandBias:-0.7,Multiplicity:1.14
0.452	0.001	0.546	0.001
0.001	0.997	0.001	0.001
0.001	0.997	0.001	0.001
0.973	0.025	0.001	0.001
0.001	0.001	0.904	0.094
0.001	0.997	0.001	0.001
0.973	0.025	0.001	0.001
0.001	0.973	0.001	0.025
0.001	0.001	0.001	0.997
0.001	0.452	0.546	0.001
>GAATGDGGTC	2-GAATGDGGTC	9.790858	-19.982300	0	T:6.0(22.22%),B:14.0(0.44%),P:1e-8	Tpos:42.8,Tstd:29.5,Bpos:48.1,Bstd:28.0,StrandBias:-1.0,Multiplicity:1.00
0.001	0.001	0.997	0.001
0.687	0.001	0.311	0.001
0.666	0.332	0.001	0.001
0.001	0.001	0.001	0.997
0.001	0.001	0.997	0.001
0.333	0.001	0.355	0.311
0.311	0.001	0.687	0.001
0.001	0.001	0.997	0.001
0.001	0.311	0.001	0.687
0.001	0.997	0.001	0.001
>ATAGAGTTCC	3-ATAGAGTTCC	10.176364	-8.069427	0	T:2.0(7.41%),B:3.0(0.10%),P:1e-3	Tpos:8.0,Tstd:3.0,Bpos:73.0,Bstd:21.2,StrandBias:0.0,Multiplicity:1.00
0.865	0.001	0.001	0.133
0.001	0.001	0.001	0.997
0.997	0.001	0.001	0.001
0.001	0.001	0.997	0.001
0.997	0.001	0.001	0.001
0.001	0.001	0.997	0.001
0.001	0.001	0.172	0.826
0.001	0.001	0.001	0.997
0.001	0.997	0.001	0.001
0.001	0.826	0.172	0.001
>TTAGAGGTCG	4-TTAGAGGTCG	10.296193	-4.764078	0	T:1.0(3.70%),B:0.0(0.00%),P:1e-2	Tpos:63.8,Tstd:23.8,Bpos:0.0,Bstd:0.0,StrandBias:10.0,Multiplicity:4.00
0.100	0.100	0.100	0.700
0.100	0.100	0.100	0.700
0.700	0.100	0.100	0.100
0.100	0.100	0.700	0.100
0.700	0.100	0.100	0.100
0.100	0.100	0.700	0.100
0.100	0.100	0.700	0.100
0.100	0.100	0.100	0.700
0.100	0.700	0.100	0.100
0.100	0.100	0.700	0.100
>GACTCTTACT	5-GACTCTTACT	10.296193	-4.764078	0	T:1.0(3.70%),B:1.0(0.03%),P:1e-2	Tpos:40.5,Tstd:19.0,Bpos:42.0,Bstd:0.0,StrandBias:10.0,Multiplicity:4.00
0.100	0.100	0.700	0.100
0.700	0.100	0.100	0.100
0.100	0.700	0.100	0.100
0.100	0.100	0.100	0.700
0.100	0.700	0.100	0.100
0.100	0.100	0.100	0.700
0.100	0.100	0.100	0.700
0.700	0.100	0.100	0.100
0.100	0.700	0.100	0.100
0.100	0.100	0.100	0.700
