>TGGGGGTT	1-TGGGGGTT	8.156146	-10.214642	0	T:4.0(14.81%),B:22.0(0.70%),P:1e-4	Tpos:74.5,Tstd:26.1,Bpos:45.3,Bstd:27.4,StrandBias:2.3,Multiplicity:1.50
0.001	0.001	0.001	0.997
0.001	0.001	0.745	0.253
0.053	0.353	0.593	0.001
0.001	0.001	0.814	0.184
0.001	0.001	0.997	0.001
0.166	0.001	0.832	0.001
0.189	0.001	0.001	0.809
0.221	0.001	0.001	0.777
>WCACCCCG	2-WCACCCCG	8.647366	-9.904121	0	T:6.0(22.22%),B:80.0(2.54%),P:1e-4	Tpos:71.4,Tstd:27.5,Bpos:47.4,Bstd:24.5,StrandBias:0.7,Multiplicity:1.33
0.437	0.001	0.001	0.561
0.001	0.997	0.001	0.001
0.997	0.001	0.001	0.001
0.001	0.997	0.001	0.001
0.001	0.997	0.001	0.001
0.001	0.997	0.001	0.001
0.326	0.672	0.001	0.001
0.234	0.001	0.764	0.001
>AGAGAGAA	3-AGAGAGAA	2.927960	-5.298449	0	T:12.0(44.44%),B:658.0(20.88%),P:1e-2	Tpos:55.8,Tstd:24.0,Bpos:47.2,Bstd:26.8,StrandBias:1.2,Multiplicity:1.25
0.997	0.001	0.001	0.001
0.216	0.001	0.782	0.001
0.997	0.001	0.001	0.001
0.001	0.001	0.997	0.001
0.997	0.001	0.001	0.001
0.001	0.001	0.997	0.001
0.632	0.220	0.001	0.147
0.584	0.001	0.414	0.001
>GGGTTAGG	4-GGGTTAGG	10.795842	-5.046489	0	T:2.0(7.41%),B:14.0(0.44%),P:1e-2	Tpos:39.6,Tstd:21.9,Bpos:45.5,Bstd:30.0,StrandBias:10.0,Multiplicity:5.50
0.141	0.001	0.857	0.001
0.001	0.001	0.997	0.001
0.001	0.001	0.997	0.001
0.001	0.001	0.001	0.997
0.001	0.001	0.001	0.997
0.885	0.001	0.113	0.001
0.001	0.001	0.997	0.001
0.001	0.001	0.997	0.001
>TACCTGGC	5-TACCTGGC	6.674063	-3.523676	0	T:4.0(14.81%),B:139.0(4.41%),P:1e-1	Tpos:32.4,Tstd:23.3,Bpos:52.4,Bstd:25.4,StrandBias:0.0,Multiplicity:2.00
0.214	0.047	0.094	0.645
0.916	0.036	0.001	0.047
0.001	0.933	0.065	0.001
0.058	0.775	0.001	0.166
0.271	0.001	0.001	0.727
0.001	0.061	0.713	0.225
0.067	0.187	0.745	0.001
0.124	0.592	0.216	0.068
