>TTTAGGAA	1-TTTAGGAA	7.951734	-15.380499	0	T:10.0(25.64%),B:4443.0(3.07%),P:1e-6	Tpos:55.1,Tstd:26.1,Bpos:49.7,Bstd:27.4,StrandBias:0.6,Multiplicity:1.00
0.001	0.113	0.126	0.760
0.001	0.001	0.115	0.883
0.001	0.080	0.108	0.811
0.895	0.001	0.103	0.001
0.001	0.001	0.997	0.001
0.107	0.001	0.891	0.001
0.997	0.001	0.001	0.001
0.873	0.001	0.125	0.001
>GGCGTGGC	2-GGCGTGGC	7.270494	-13.257637	0	T:13.0(33.33%),B:10342.0(7.15%),P:1e-5	Tpos:48.1,Tstd:22.5,Bpos:49.9,Bstd:26.5,StrandBias:-2.0,Multiplicity:1.25
0.001	0.001	0.852	0.146
0.001	0.001	0.805	0.193
0.082	0.863	0.001	0.054
0.101	0.066	0.832	0.001
0.001	0.001	0.103	0.895
0.001	0.001	0.997	0.001
0.001	0.001	0.997	0.001
0.001	0.800	0.112	0.087
>ATCGAGAT	3-ATCGAGAT	8.292835	-12.404605	0	T:5.0(12.82%),B:883.0(0.61%),P:1e-5	Tpos:42.5,Tstd:27.1,Bpos:48.7,Bstd:27.2,StrandBias:0.0,Multiplicity:1.20
0.795	0.001	0.001	0.203
0.180	0.001	0.001	0.818
0.001	0.997	0.001	0.001
0.131	0.115	0.753	0.001
0.825	0.001	0.173	0.001
0.001	0.001	0.997	0.001
0.997	0.001	0.001	0.001
0.001	0.001	0.001	0.997
>TACAATTG	4-TACAATTG	10.695356	-6.049709	0	T:2.0(5.13%),B:264.0(0.18%),P:1e-2	Tpos:60.3,Tstd:21.5,Bpos:50.7,Bstd:25.0,StrandBias:-1.0,Multiplicity:1.00
0.001	0.001	0.001	0.997
0.688	0.310	0.001	0.001
0.001	0.997	0.001	0.001
0.997	0.001	0.001	0.001
0.997	0.001	0.001	0.001
0.001	0.001	0.001	0.997
0.001	0.001	0.001	0.997
0.001	0.001	0.997	0.001
>CCACACAC	5-CCACACAC	7.805230	-5.803449	0	T:8.0(20.51%),B:9328.0(6.45%),P:1e-2	Tpos:66.8,Tstd:25.1,Bpos:49.7,Bstd:27.6,StrandBias:-1.1,Multiplicity:1.25
0.267	0.612	0.001	0.120
0.001	0.997	0.001	0.001
0.779	0.219	0.001	0.001
0.001	0.997	0.001	0.001
0.768	0.230	0.001	0.001
0.001	0.997	0.001	0.001
0.735	0.150	0.001	0.114
0.001	0.905	0.093	0.001
