>RAGCCGTCTY	1-RAGCCGTCTY	6.839492	-28.961742	0	T:35.0(17.95%),B:124.0(4.12%),P:1e-12	Tpos:51.2,Tstd:23.3,Bpos:48.5,Bstd:25.1,StrandBias:-0.1,Multiplicity:1.03
0.444	0.001	0.366	0.189
0.471	0.264	0.001	0.264
0.175	0.001	0.823	0.001
0.013	0.898	0.001	0.088
0.176	0.735	0.001	0.088
0.001	0.190	0.796	0.013
0.001	0.001	0.087	0.911
0.001	0.823	0.001	0.175
0.267	0.001	0.001	0.731
0.001	0.353	0.176	0.471
>CTTCATTAAT	2-CTTCATTAAT	11.091263	-27.840960	0	T:7.0(3.59%),B:0.0(0.00%),P:1e-12	Tpos:53.7,Tstd:30.9,Bpos:0.0,Bstd:0.0,StrandBias:-0.4,Multiplicity:1.00
0.001	0.997	0.001	0.001
0.001	0.142	0.001	0.856
0.001	0.142	0.001	0.856
0.001	0.997	0.001	0.001
0.856	0.142	0.001	0.001
0.001	0.001	0.001	0.997
0.001	0.001	0.001	0.997
0.713	0.001	0.143	0.143
0.856	0.142	0.001	0.001
0.001	0.001	0.001	0.997
>GAGTCACTGC	3-GAGTCACTGC	7.362685	-18.185595	0	T:25.0(12.82%),B:101.0(3.36%),P:1e-7	Tpos:46.4,Tstd:25.4,Bpos:45.0,Bstd:25.1,StrandBias:-0.4,Multiplicity:1.20
0.127	0.055	0.711	0.107
0.812	0.063	0.094	0.031
0.031	0.118	0.788	0.063
0.063	0.072	0.149	0.716
0.001	0.968	0.030	0.001
0.812	0.136	0.001	0.051
0.063	0.780	0.094	0.063
0.063	0.055	0.001	0.881
0.001	0.130	0.867	0.002
0.113	0.674	0.086	0.127
>AGCACCCTCT	4-AGCACCCTCT	10.253371	-14.639512	0	T:9.0(4.62%),B:14.0(0.47%),P:1e-6	Tpos:47.0,Tstd:25.8,Bpos:50.9,Bstd:24.9,StrandBias:0.8,Multiplicity:1.22
0.761	0.001	0.119	0.119
0.001	0.001	0.997	0.001
0.001	0.997	0.001	0.001
0.924	0.001	0.074	0.001
0.001	0.761	0.119	0.119
0.001	0.997	0.001	0.001
0.001	0.997	0.001	0.001
0.119	0.119	0.119	0.643
0.001	0.997	0.001	0.001
0.001	0.001	0.001	0.997
>GGAAGGCCAG	5-GGAAGGCCAG	7.730775	-11.899992	0	T:23.0(11.79%),B:124.0(4.12%),P:1e-5	Tpos:47.0,Tstd:26.6,Bpos:53.8,Bstd:26.9,StrandBias:-0.4,Multiplicity:1.13
0.135	0.001	0.797	0.067
0.070	0.001	0.809	0.120
0.669	0.191	0.137	0.003
0.924	0.004	0.003	0.069
0.004	0.067	0.862	0.067
0.121	0.001	0.742	0.136
0.188	0.542	0.136	0.134
0.004	0.791	0.001	0.204
0.975	0.001	0.001	0.023
0.001	0.134	0.864	0.001
>GTRTACRGTA	6-GTRTACRGTA	6.600288	-6.475503	0	T:8.0(4.10%),B:33.0(1.10%),P:1e-2	Tpos:59.7,Tstd:26.4,Bpos:50.0,Bstd:27.8,StrandBias:0.9,Multiplicity:1.62
0.001	0.131	0.867	0.001
0.001	0.001	0.001	0.997
0.441	0.001	0.557	0.001
0.131	0.001	0.001	0.867
0.867	0.131	0.001	0.001
0.001	0.736	0.262	0.001
0.295	0.132	0.405	0.169
0.001	0.001	0.997	0.001
0.131	0.001	0.001	0.867
0.997	0.001	0.001	0.001
>CCAAAACCAA	7-CCAAAACCAA	-6.881355	-3.581871	0	T:62.0(31.79%),B:766.0(25.47%),P:1e-1	Tpos:52.5,Tstd:26.4,Bpos:49.5,Bstd:26.1,StrandBias:-0.3,Multiplicity:1.61
0.001	0.997	0.001	0.001
0.001	0.997	0.001	0.001
0.997	0.001	0.001	0.001
0.914	0.001	0.001	0.084
0.914	0.001	0.001	0.084
0.997	0.001	0.001	0.001
0.001	0.997	0.001	0.001
0.001	0.997	0.001	0.001
0.997	0.001	0.001	0.001
0.997	0.001	0.001	0.001
>TTTTTTTTTT	8-TTTTTTTTTT	10.225685	-1.836669	0	T:9.0(4.62%),B:94.0(3.12%),P:1e0	Tpos:34.4,Tstd:17.9,Bpos:51.7,Bstd:26.8,StrandBias:-2.8,Multiplicity:1.14
0.001	0.001	0.001	0.997
0.001	0.055	0.001	0.943
0.173	0.074	0.001	0.752
0.001	0.001	0.001	0.997
0.284	0.001	0.121	0.594
0.002	0.001	0.231	0.766
0.001	0.001	0.001	0.997
0.001	0.001	0.121	0.877
0.001	0.001	0.001	0.997
0.001	0.001	0.142	0.856
