>ATAAAGAG	1-ATAAAGAG	8.606846	-14.639512	0	T:9.0(4.62%),B:14.0(0.47%),P:1e-6	Tpos:57.0,Tstd:28.7,Bpos:38.5,Bstd:23.1,StrandBias:3.0,Multiplicity:1.00
0.997	0.001	0.001	0.001
0.001	0.001	0.001	0.997
0.997	0.001	0.001	0.001
0.997	0.001	0.001	0.001
0.997	0.001	0.001	0.001
0.001	0.001	0.997	0.001
0.817	0.001	0.181	0.001
0.001	0.104	0.894	0.001
>CSCCCTCS	2-CSCCCTCS	6.736250	-11.032094	0	T:25.0(12.82%),B:150.0(4.99%),P:1e-4	Tpos:50.2,Tstd:26.0,Bpos:52.3,Bstd:26.5,StrandBias:-0.4,Multiplicity:1.32
0.006	0.795	0.144	0.055
0.016	0.426	0.414	0.145
0.001	0.855	0.143	0.001
0.001	0.997	0.001	0.001
0.143	0.855	0.001	0.001
0.001	0.066	0.058	0.875
0.196	0.640	0.112	0.052
0.001	0.442	0.556	0.001
>GTGTGTCC	3-GTGTGTCC	8.236954	-9.875166	0	T:5.0(2.56%),B:6.0(0.20%),P:1e-4	Tpos:48.2,Tstd:26.0,Bpos:52.4,Bstd:26.2,StrandBias:2.3,Multiplicity:1.20
0.100	0.100	0.700	0.100
0.100	0.100	0.100	0.700
0.100	0.100	0.700	0.100
0.100	0.100	0.100	0.700
0.100	0.100	0.700	0.100
0.100	0.100	0.100	0.700
0.100	0.700	0.100	0.100
0.100	0.700	0.100	0.100
>TATGGCGC	4-TATGGCGC	7.877145	-8.818783	0	T:8.0(4.10%),B:23.0(0.76%),P:1e-3	Tpos:49.8,Tstd:23.0,Bpos:50.6,Bstd:28.4,StrandBias:0.2,Multiplicity:1.62
0.001	0.001	0.001	0.997
0.739	0.001	0.259	0.001
0.001	0.001	0.001	0.997
0.001	0.001	0.997	0.001
0.001	0.001	0.997	0.001
0.001	0.787	0.122	0.090
0.001	0.062	0.936	0.001
0.344	0.654	0.001	0.001
>ACTGGTCA	5-ACTGGTCA	7.821831	-8.158572	0	T:12.0(6.15%),B:55.0(1.83%),P:1e-3	Tpos:48.3,Tstd:27.8,Bpos:51.6,Bstd:27.3,StrandBias:-1.3,Multiplicity:1.42
0.782	0.216	0.001	0.001
0.216	0.782	0.001	0.001
0.001	0.001	0.001	0.997
0.001	0.001	0.997	0.001
0.001	0.285	0.713	0.001
0.151	0.001	0.015	0.833
0.038	0.933	0.001	0.028
0.819	0.067	0.001	0.113
>GTATACAT	6-GTATACAT	6.311338	-7.598592	0	T:25.0(12.82%),B:187.0(6.22%),P:1e-3	Tpos:55.5,Tstd:25.9,Bpos:49.5,Bstd:28.6,StrandBias:-0.3,Multiplicity:1.44
0.001	0.001	0.997	0.001
0.191	0.001	0.217	0.591
0.756	0.001	0.242	0.001
0.001	0.216	0.001	0.782
0.720	0.001	0.278	0.001
0.001	0.997	0.001	0.001
0.595	0.001	0.262	0.142
0.001	0.001	0.385	0.613
>GTATGACT	7-GTATGACT	8.236954	-4.869167	0	T:2.0(1.03%),B:2.0(0.07%),P:1e-2	Tpos:23.0,Tstd:11.5,Bpos:23.0,Bstd:18.0,StrandBias:10.0,Multiplicity:2.00
0.100	0.100	0.700	0.100
0.100	0.100	0.100	0.700
0.700	0.100	0.100	0.100
0.100	0.100	0.100	0.700
0.100	0.100	0.700	0.100
0.700	0.100	0.100	0.100
0.100	0.700	0.100	0.100
0.100	0.100	0.100	0.700
