>CCCAAGACCCTA	1-CCCAAGACCCTA	8.722300	-24.179970	0	T:7.0(4.22%),B:2.0(0.07%),P:1e-10	Tpos:48.4,Tstd:18.6,Bpos:6.0,Bstd:0.0,StrandBias:0.4,Multiplicity:1.00
0.001	0.997	0.001	0.001
0.001	0.997	0.001	0.001
0.001	0.997	0.001	0.001
0.997	0.001	0.001	0.001
0.997	0.001	0.001	0.001
0.042	0.001	0.915	0.042
0.956	0.042	0.001	0.001
0.001	0.915	0.042	0.042
0.001	0.997	0.001	0.001
0.001	0.997	0.001	0.001
0.042	0.001	0.042	0.915
0.745	0.001	0.253	0.001
>STCAWCWGAGTC	2-STCAWCWGAGTC	9.455277	-20.734670	0	T:12.0(7.23%),B:19.0(0.63%),P:1e-9	Tpos:44.8,Tstd:27.3,Bpos:52.2,Bstd:22.6,StrandBias:0.4,Multiplicity:1.17
0.001	0.464	0.428	0.107
0.001	0.001	0.001	0.997
0.001	0.785	0.001	0.213
0.758	0.240	0.001	0.001
0.428	0.001	0.107	0.464
0.001	0.892	0.106	0.001
0.461	0.001	0.001	0.537
0.107	0.214	0.678	0.001
0.892	0.001	0.001	0.106
0.001	0.133	0.865	0.001
0.001	0.001	0.001	0.997
0.001	0.571	0.321	0.107
>CCACCTCHYCCA	3-CCACCTCHYCCA	10.487159	-16.812572	0	T:13.0(7.83%),B:33.0(1.10%),P:1e-7	Tpos:61.2,Tstd:17.2,Bpos:52.0,Bstd:25.3,StrandBias:-0.2,Multiplicity:1.00
0.001	0.884	0.109	0.006
0.001	0.993	0.001	0.005
0.694	0.001	0.001	0.304
0.109	0.781	0.001	0.109
0.001	0.884	0.006	0.109
0.115	0.348	0.001	0.536
0.109	0.889	0.001	0.001
0.347	0.310	0.001	0.341
0.001	0.444	0.001	0.554
0.001	0.883	0.001	0.115
0.001	0.889	0.001	0.109
0.568	0.310	0.001	0.121
>GTCAGGTGATVR	4-GTCAGGTGATVR	11.368580	-14.849623	0	T:4.0(2.41%),B:1.0(0.03%),P:1e-6	Tpos:63.3,Tstd:26.2,Bpos:62.0,Bstd:0.0,StrandBias:10.0,Multiplicity:1.50
0.120	0.120	0.759	0.001
0.001	0.239	0.239	0.521
0.001	0.879	0.119	0.001
0.879	0.001	0.001	0.119
0.001	0.001	0.879	0.119
0.119	0.001	0.879	0.001
0.239	0.001	0.001	0.759
0.001	0.119	0.879	0.001
0.759	0.001	0.120	0.120
0.001	0.001	0.001	0.997
0.387	0.240	0.253	0.120
0.373	0.001	0.506	0.120
>RASAGAGAGTTT	5-RASAGAGAGTTT	7.755333	-12.627275	0	T:24.0(14.46%),B:151.0(5.01%),P:1e-5	Tpos:56.6,Tstd:28.9,Bpos:49.7,Bstd:27.3,StrandBias:0.1,Multiplicity:1.09
0.433	0.001	0.565	0.001
0.877	0.121	0.001	0.001
0.122	0.370	0.318	0.189
0.996	0.001	0.001	0.002
0.122	0.320	0.557	0.001
0.997	0.001	0.001	0.001
0.001	0.249	0.749	0.001
0.691	0.001	0.125	0.183
0.064	0.306	0.629	0.001
0.373	0.001	0.001	0.625
0.001	0.122	0.193	0.684
0.315	0.003	0.186	0.496
>GTCCAGACAGCA	6-GTCCAGACAGCA	10.834508	-7.329558	0	T:3.0(1.81%),B:3.0(0.10%),P:1e-3	Tpos:54.6,Tstd:27.3,Bpos:64.7,Bstd:34.6,StrandBias:1.6,Multiplicity:2.67
0.001	0.253	0.745	0.001
0.001	0.220	0.001	0.778
0.001	0.997	0.001	0.001
0.001	0.997	0.001	0.001
0.745	0.001	0.001	0.253
0.001	0.001	0.997	0.001
0.997	0.001	0.001	0.001
0.001	0.997	0.001	0.001
0.997	0.001	0.001	0.001
0.220	0.001	0.778	0.001
0.001	0.997	0.001	0.001
0.997	0.001	0.001	0.001
>ACACACACACAC	7-ACACACACACAC	-4.148678	-1.176142	0	T:66.0(39.76%),B:1132.0(37.60%),P:1e0	Tpos:49.5,Tstd:24.0,Bpos:49.8,Bstd:26.0,StrandBias:0.5,Multiplicity:1.44
0.997	0.001	0.001	0.001
0.045	0.884	0.001	0.070
0.997	0.001	0.001	0.001
0.070	0.859	0.001	0.070
0.997	0.001	0.001	0.001
0.070	0.859	0.001	0.070
0.997	0.001	0.001	0.001
0.070	0.859	0.001	0.070
0.997	0.001	0.001	0.001
0.070	0.790	0.070	0.070
0.997	0.001	0.001	0.001
0.045	0.840	0.070	0.045
