>TGCAGACAGT	1-TGCAGACAGT	10.369153	-16.793258	0	T:7.0(3.59%),B:5.0(0.17%),P:1e-7	Tpos:38.7,Tstd:28.0,Bpos:57.6,Bstd:21.2,StrandBias:-0.3,Multiplicity:1.29
0.297	0.001	0.001	0.701
0.014	0.001	0.984	0.001
0.001	0.701	0.001	0.297
0.701	0.001	0.001	0.297
0.001	0.001	0.997	0.001
0.997	0.001	0.001	0.001
0.001	0.997	0.001	0.001
0.997	0.001	0.001	0.001
0.001	0.091	0.907	0.001
0.001	0.001	0.001	0.997
>ATCACTAGCC	2-ATCACTAGCC	11.276337	-16.642785	0	T:6.0(3.08%),B:3.0(0.10%),P:1e-7	Tpos:33.7,Tstd:20.2,Bpos:72.0,Bstd:22.0,StrandBias:0.0,Multiplicity:1.00
0.997	0.001	0.001	0.001
0.001	0.166	0.166	0.667
0.001	0.997	0.001	0.001
0.832	0.166	0.001	0.001
0.001	0.997	0.001	0.001
0.001	0.001	0.001	0.997
0.832	0.001	0.166	0.001
0.001	0.001	0.997	0.001
0.001	0.997	0.001	0.001
0.001	0.832	0.001	0.166
>CAGTGTAAGC	3-CAGTGTAAGC	10.592116	-15.158738	0	T:5.0(2.56%),B:2.0(0.07%),P:1e-6	Tpos:55.6,Tstd:25.9,Bpos:60.5,Bstd:4.5,StrandBias:3.7,Multiplicity:2.80
0.001	0.997	0.001	0.001
0.997	0.001	0.001	0.001
0.001	0.001	0.924	0.074
0.001	0.001	0.001	0.997
0.001	0.001	0.997	0.001
0.001	0.386	0.001	0.612
0.924	0.001	0.001	0.074
0.924	0.001	0.001	0.074
0.001	0.001	0.997	0.001
0.001	0.997	0.001	0.001
>AGTCTTAACC	4-AGTCTTAACC	11.544337	-14.203884	0	T:4.0(2.05%),B:1.0(0.03%),P:1e-6	Tpos:65.2,Tstd:32.4,Bpos:81.0,Bstd:0.0,StrandBias:2.3,Multiplicity:1.50
0.997	0.001	0.001	0.001
0.001	0.126	0.872	0.001
0.001	0.001	0.001	0.997
0.001	0.997	0.001	0.001
0.001	0.001	0.001	0.997
0.001	0.166	0.001	0.832
0.832	0.001	0.001	0.166
0.997	0.001	0.001	0.001
0.001	0.997	0.001	0.001
0.001	0.832	0.001	0.166
>GGAKGATTCA	5-GGAKGATTCA	8.530210	-13.548527	0	T:9.0(4.62%),B:16.0(0.53%),P:1e-5	Tpos:52.1,Tstd:25.9,Bpos:35.6,Bstd:23.3,StrandBias:0.3,Multiplicity:1.00
0.136	0.009	0.854	0.001
0.015	0.005	0.975	0.005
0.989	0.005	0.005	0.001
0.140	0.001	0.421	0.438
0.136	0.272	0.582	0.010
0.991	0.003	0.005	0.001
0.001	0.047	0.001	0.951
0.140	0.001	0.001	0.858
0.136	0.452	0.277	0.136
0.859	0.004	0.001	0.136
>CTCTGTGTCT	6-CTCTGTGTCT	7.290018	-6.475503	0	T:8.0(4.10%),B:33.0(1.10%),P:1e-2	Tpos:46.5,Tstd:21.9,Bpos:59.0,Bstd:24.7,StrandBias:-3.1,Multiplicity:2.00
0.145	0.537	0.217	0.101
0.130	0.127	0.102	0.641
0.115	0.603	0.157	0.125
0.147	0.063	0.116	0.674
0.124	0.163	0.569	0.144
0.136	0.124	0.168	0.572
0.114	0.178	0.567	0.141
0.134	0.142	0.126	0.598
0.118	0.564	0.168	0.150
0.093	0.155	0.076	0.676
