>TCCGAGCG	1-TCCGAGCG	8.266197	-20.259922	0	T:7.0(3.59%),B:3.0(0.10%),P:1e-8	Tpos:41.8,Tstd:22.0,Bpos:61.0,Bstd:26.9,StrandBias:-0.7,Multiplicity:1.14
0.125	0.125	0.001	0.749
0.001	0.997	0.001	0.001
0.001	0.870	0.001	0.128
0.001	0.057	0.941	0.001
0.997	0.001	0.001	0.001
0.001	0.001	0.997	0.001
0.126	0.622	0.126	0.126
0.001	0.001	0.941	0.057
>CTGTAGTA	2-CTGTAGTA	8.236954	-14.203884	0	T:4.0(2.05%),B:0.0(0.00%),P:1e-6	Tpos:54.5,Tstd:37.2,Bpos:0.0,Bstd:0.0,StrandBias:10.0,Multiplicity:1.00
0.100	0.700	0.100	0.100
0.100	0.100	0.100	0.700
0.100	0.100	0.700	0.100
0.100	0.100	0.100	0.700
0.700	0.100	0.100	0.100
0.100	0.100	0.700	0.100
0.100	0.100	0.100	0.700
0.700	0.100	0.100	0.100
>CCTGCCAG	3-CCTGCCAG	7.027752	-12.826634	0	T:25.0(12.82%),B:135.0(4.49%),P:1e-5	Tpos:42.5,Tstd:26.6,Bpos:50.3,Bstd:29.1,StrandBias:-0.1,Multiplicity:1.20
0.039	0.944	0.016	0.001
0.001	0.819	0.001	0.179
0.040	0.064	0.001	0.895
0.001	0.026	0.816	0.157
0.037	0.805	0.076	0.082
0.033	0.965	0.001	0.001
0.961	0.001	0.037	0.001
0.001	0.025	0.888	0.086
>TCTTTTGT	4-TCTTTTGT	6.354814	-12.454012	0	T:47.0(24.10%),B:369.0(12.27%),P:1e-5	Tpos:50.4,Tstd:26.8,Bpos:47.1,Bstd:25.6,StrandBias:-0.2,Multiplicity:1.62
0.071	0.001	0.001	0.927
0.001	0.698	0.200	0.101
0.017	0.180	0.001	0.802
0.025	0.077	0.049	0.849
0.001	0.001	0.001	0.997
0.001	0.001	0.042	0.956
0.001	0.011	0.883	0.105
0.069	0.025	0.019	0.887
>GCCTATCA	5-GCCTATCA	8.236954	-8.031324	0	T:3.0(1.54%),B:2.0(0.07%),P:1e-3	Tpos:36.0,Tstd:26.0,Bpos:59.0,Bstd:18.0,StrandBias:-1.6,Multiplicity:1.33
0.100	0.100	0.700	0.100
0.100	0.700	0.100	0.100
0.100	0.700	0.100	0.100
0.100	0.100	0.100	0.700
0.700	0.100	0.100	0.100
0.100	0.100	0.100	0.700
0.100	0.700	0.100	0.100
0.700	0.100	0.100	0.100
>GTATGTAT	6-GTATGTAT	8.707781	-6.165908	0	T:6.0(3.08%),B:20.0(0.66%),P:1e-2	Tpos:44.8,Tstd:21.9,Bpos:50.4,Bstd:27.9,StrandBias:1.6,Multiplicity:2.00
0.001	0.001	0.997	0.001
0.001	0.001	0.124	0.874
0.997	0.001	0.001	0.001
0.001	0.001	0.001	0.997
0.001	0.240	0.758	0.001
0.001	0.001	0.001	0.997
0.997	0.001	0.001	0.001
0.001	0.001	0.001	0.997
>CGATCGAT	7-CGATCGAT	4.991375	-4.815965	0	T:4.0(2.05%),B:12.0(0.40%),P:1e-2	Tpos:56.5,Tstd:22.6,Bpos:52.3,Bstd:25.6,StrandBias:3.9,Multiplicity:3.75
0.001	0.997	0.001	0.001
0.009	0.001	0.735	0.255
0.997	0.001	0.001	0.001
0.001	0.001	0.001	0.997
0.001	0.997	0.001	0.001
0.001	0.001	0.744	0.254
0.997	0.001	0.001	0.001
0.001	0.001	0.001	0.997
>ACACACAC	8-ACACACAC	7.898029	-4.363973	0	T:10.0(5.13%),B:67.0(2.23%),P:1e-1	Tpos:25.9,Tstd:17.3,Bpos:52.4,Bstd:28.6,StrandBias:0.4,Multiplicity:1.30
0.938	0.001	0.001	0.060
0.001	0.997	0.001	0.001
0.939	0.001	0.059	0.001
0.001	0.997	0.001	0.001
0.997	0.001	0.001	0.001
0.001	0.997	0.001	0.001
0.948	0.001	0.050	0.001
0.054	0.944	0.001	0.001
