>CCTATGAGGT	1-CCTATGAGGT	8.994014	-28.644557	0	T:11.0(6.63%),B:7.0(0.23%),P:1e-12	Tpos:31.5,Tstd:22.2,Bpos:53.2,Bstd:23.9,StrandBias:-0.3,Multiplicity:1.11
0.001	0.997	0.001	0.001
0.001	0.984	0.001	0.014
0.001	0.001	0.001	0.997
0.581	0.001	0.374	0.044
0.374	0.001	0.018	0.607
0.001	0.001	0.624	0.374
0.812	0.001	0.001	0.186
0.187	0.187	0.611	0.015
0.001	0.001	0.997	0.001
0.001	0.187	0.014	0.798
>GGCCTCACAG	2-GGCCTCACAG	10.207390	-19.991017	0	T:6.0(3.61%),B:2.0(0.07%),P:1e-8	Tpos:51.0,Tstd:23.7,Bpos:34.5,Bstd:26.5,StrandBias:-0.4,Multiplicity:1.17
0.137	0.001	0.546	0.316
0.001	0.001	0.997	0.001
0.014	0.699	0.001	0.286
0.272	0.726	0.001	0.001
0.001	0.136	0.136	0.727
0.004	0.818	0.136	0.042
0.985	0.001	0.001	0.013
0.136	0.859	0.001	0.004
0.997	0.001	0.001	0.001
0.001	0.001	0.997	0.001
>TGAGAGMCAA	3-TGAGAGMCAA	10.786640	-19.751832	0	T:9.0(5.42%),B:9.0(0.30%),P:1e-8	Tpos:54.7,Tstd:29.0,Bpos:41.0,Bstd:27.0,StrandBias:-0.3,Multiplicity:1.22
0.001	0.001	0.001	0.997
0.001	0.001	0.997	0.001
0.907	0.001	0.091	0.001
0.001	0.001	0.997	0.001
0.880	0.001	0.118	0.001
0.001	0.001	0.880	0.118
0.433	0.565	0.001	0.001
0.001	0.997	0.001	0.001
0.880	0.118	0.001	0.001
0.997	0.001	0.001	0.001
>ATAGCGCATT	4-ATAGCGCATT	8.754824	-14.045759	0	T:8.0(4.82%),B:13.0(0.43%),P:1e-6	Tpos:40.4,Tstd:20.4,Bpos:35.6,Bstd:26.6,StrandBias:1.6,Multiplicity:1.00
0.997	0.001	0.001	0.001
0.187	0.001	0.187	0.625
0.624	0.001	0.374	0.001
0.001	0.186	0.812	0.001
0.187	0.593	0.001	0.219
0.001	0.001	0.784	0.214
0.001	0.997	0.001	0.001
0.997	0.001	0.001	0.001
0.001	0.186	0.001	0.812
0.187	0.001	0.027	0.785
>AACCACCAAA	5-AACCACCAAA	6.308287	-12.944364	0	T:19.0(11.45%),B:98.0(3.25%),P:1e-5	Tpos:49.5,Tstd:27.4,Bpos:49.8,Bstd:25.6,StrandBias:0.0,Multiplicity:1.47
0.811	0.001	0.187	0.001
0.597	0.208	0.007	0.188
0.001	0.804	0.001	0.194
0.408	0.590	0.001	0.001
0.997	0.001	0.001	0.001
0.001	0.997	0.001	0.001
0.006	0.992	0.001	0.001
0.997	0.001	0.001	0.001
0.997	0.001	0.001	0.001
0.806	0.001	0.001	0.192
>TGASACAYAG	6-TGASACAYAG	10.126886	-10.540994	0	T:4.0(2.41%),B:3.0(0.10%),P:1e-4	Tpos:42.5,Tstd:27.4,Bpos:49.0,Bstd:13.1,StrandBias:1.0,Multiplicity:1.50
0.022	0.001	0.079	0.898
0.001	0.001	0.997	0.001
0.997	0.001	0.001	0.001
0.001	0.572	0.426	0.001
0.997	0.001	0.001	0.001
0.001	0.997	0.001	0.001
0.997	0.001	0.001	0.001
0.001	0.427	0.022	0.550
0.997	0.001	0.001	0.001
0.001	0.021	0.977	0.001
>ATCASCTARC	7-ATCASCTARC	9.268979	-7.896625	0	T:4.0(2.41%),B:6.0(0.20%),P:1e-3	Tpos:47.5,Tstd:27.6,Bpos:53.5,Bstd:22.8,StrandBias:0.2,Multiplicity:3.25
0.765	0.116	0.118	0.001
0.001	0.233	0.116	0.650
0.116	0.746	0.001	0.137
0.882	0.001	0.001	0.116
0.001	0.510	0.488	0.001
0.001	0.764	0.001	0.234
0.118	0.034	0.001	0.847
0.739	0.001	0.259	0.001
0.494	0.001	0.504	0.001
0.001	0.732	0.266	0.001
>CACACACACA	8-CACACACACA	9.810180	-3.826439	0	T:6.0(3.61%),B:39.0(1.30%),P:1e-1	Tpos:45.8,Tstd:22.8,Bpos:46.7,Bstd:27.4,StrandBias:2.8,Multiplicity:1.50
0.022	0.951	0.001	0.026
0.955	0.001	0.001	0.043
0.053	0.913	0.001	0.033
0.955	0.001	0.001	0.043
0.122	0.808	0.001	0.069
0.997	0.001	0.001	0.001
0.053	0.749	0.044	0.154
0.930	0.068	0.001	0.001
0.038	0.871	0.053	0.038
0.997	0.001	0.001	0.001
