>ATTATGKGGACY	1-ATTATGKGGACY	11.005575	-28.985825	0	T:7.0(4.22%),B:0.0(0.00%),P:1e-12	Tpos:55.5,Tstd:24.8,Bpos:0.0,Bstd:0.0,StrandBias:-0.7,Multiplicity:1.14
0.480	0.001	0.230	0.289
0.001	0.001	0.229	0.769
0.001	0.001	0.001	0.997
0.997	0.001	0.001	0.001
0.001	0.001	0.001	0.997
0.001	0.001	0.997	0.001
0.001	0.001	0.460	0.538
0.250	0.230	0.519	0.001
0.001	0.001	0.769	0.229
0.749	0.001	0.249	0.001
0.001	0.769	0.001	0.229
0.001	0.519	0.001	0.479
>KGCAGCAGTGAG	2-KGCAGCAGTGAG	12.025237	-24.104398	0	T:6.0(3.61%),B:1.0(0.03%),P:1e-10	Tpos:42.6,Tstd:27.5,Bpos:43.0,Bstd:0.0,StrandBias:1.3,Multiplicity:1.17
0.019	0.001	0.460	0.520
0.001	0.001	0.769	0.229
0.249	0.749	0.001	0.001
0.769	0.001	0.001	0.229
0.001	0.001	0.997	0.001
0.001	0.769	0.001	0.229
0.749	0.001	0.001	0.249
0.001	0.229	0.769	0.001
0.001	0.001	0.001	0.997
0.001	0.001	0.997	0.001
0.997	0.001	0.001	0.001
0.001	0.001	0.997	0.001
>TBAAGGCAGAGT	3-TBAAGGCAGAGT	10.485909	-12.584888	0	T:5.0(3.01%),B:4.0(0.13%),P:1e-5	Tpos:44.6,Tstd:29.9,Bpos:58.7,Bstd:24.9,StrandBias:1.6,Multiplicity:1.60
0.001	0.001	0.298	0.700
0.025	0.299	0.299	0.376
0.674	0.001	0.324	0.001
0.997	0.001	0.001	0.001
0.001	0.001	0.997	0.001
0.025	0.001	0.973	0.001
0.001	0.700	0.298	0.001
0.997	0.001	0.001	0.001
0.001	0.001	0.997	0.001
0.700	0.298	0.001	0.001
0.001	0.001	0.997	0.001
0.001	0.001	0.001	0.997
>CCAATCAGTGGA	4-CCAATCAGTGGA	4.636717	-12.322993	0	T:77.0(46.39%),B:895.0(29.72%),P:1e-5	Tpos:53.5,Tstd:25.9,Bpos:50.3,Bstd:26.3,StrandBias:-0.2,Multiplicity:1.31
0.179	0.479	0.179	0.163
0.163	0.554	0.109	0.174
0.598	0.179	0.087	0.136
0.521	0.196	0.147	0.136
0.163	0.114	0.190	0.533
0.098	0.636	0.174	0.092
0.707	0.071	0.119	0.103
0.082	0.114	0.761	0.043
0.239	0.076	0.098	0.587
0.125	0.076	0.690	0.109
0.217	0.158	0.479	0.147
0.457	0.201	0.179	0.163
>CTGCCCYAGCCT	5-CTGCCCYAGCCT	11.656444	-10.544594	0	T:3.0(1.81%),B:1.0(0.03%),P:1e-4	Tpos:36.2,Tstd:17.2,Bpos:50.0,Bstd:0.0,StrandBias:2.8,Multiplicity:2.67
0.001	0.997	0.001	0.001
0.001	0.001	0.001	0.997
0.256	0.001	0.513	0.230
0.230	0.500	0.001	0.269
0.001	0.756	0.001	0.242
0.001	0.973	0.001	0.025
0.001	0.525	0.001	0.473
0.769	0.001	0.001	0.229
0.001	0.001	0.769	0.229
0.001	0.742	0.001	0.256
0.001	0.997	0.001	0.001
0.001	0.001	0.001	0.997
>TTTTTTTTTTTT	6-TTTTTTTTTTTT	8.864855	-4.579852	0	T:16.0(9.64%),B:152.0(5.05%),P:1e-1	Tpos:49.6,Tstd:26.3,Bpos:47.6,Bstd:22.8,StrandBias:0.0,Multiplicity:1.00
0.001	0.115	0.103	0.781
0.001	0.152	0.060	0.787
0.001	0.077	0.064	0.858
0.001	0.115	0.156	0.728
0.001	0.135	0.078	0.786
0.001	0.076	0.040	0.883
0.001	0.114	0.068	0.817
0.001	0.017	0.055	0.927
0.001	0.001	0.110	0.888
0.001	0.001	0.075	0.923
0.001	0.030	0.128	0.841
0.029	0.001	0.182	0.788
