>GGATCCCT	1-GGATCCCT	7.530835	-15.926019	0	T:13.0(9.15%),B:42.7(1.42%),P:1e-6,FDR:1	Tpos:46.8,Tstd:27.2,Bpos:47.0,Bstd:23.3,StrandBias:1.2,Multiplicity:1.00
0.001	0.001	0.997	0.001
0.110	0.001	0.848	0.041
0.963	0.035	0.001	0.001
0.053	0.049	0.203	0.695
0.041	0.865	0.053	0.041
0.093	0.861	0.001	0.045
0.001	0.888	0.001	0.110
0.001	0.001	0.001	0.997
>GACACGGT	2-GACACGGT	7.306713	-15.111156	0	T:17.0(11.97%),B:80.1(2.66%),P:1e-6,FDR:1	Tpos:52.0,Tstd:25.5,Bpos:48.0,Bstd:27.7,StrandBias:-0.2,Multiplicity:1.06
0.001	0.001	0.997	0.001
0.750	0.055	0.001	0.194
0.001	0.997	0.001	0.001
0.783	0.001	0.108	0.108
0.083	0.843	0.073	0.001
0.050	0.109	0.803	0.038
0.001	0.001	0.997	0.001
0.071	0.001	0.001	0.927
>TGGCCAGG	3-TGGCCAGG	8.441583	-13.657786	0	T:16.0(11.27%),B:79.3(2.63%),P:1e-5,FDR:1	Tpos:52.6,Tstd:28.7,Bpos:47.3,Bstd:25.8,StrandBias:0.3,Multiplicity:1.06
0.001	0.001	0.001	0.997
0.001	0.001	0.997	0.001
0.001	0.121	0.877	0.001
0.001	0.890	0.108	0.001
0.092	0.804	0.103	0.001
0.997	0.001	0.001	0.001
0.001	0.001	0.997	0.001
0.001	0.001	0.997	0.001
>ATCTTAAA	4-ATCTTAAA	7.836737	-13.657786	0	T:16.0(11.27%),B:79.1(2.62%),P:1e-5,FDR:1	Tpos:42.1,Tstd:26.2,Bpos:45.3,Bstd:30.6,StrandBias:0.2,Multiplicity:1.06
0.776	0.001	0.095	0.128
0.001	0.114	0.001	0.884
0.001	0.838	0.001	0.160
0.001	0.001	0.001	0.997
0.128	0.206	0.001	0.665
0.833	0.165	0.001	0.001
0.997	0.001	0.001	0.001
0.997	0.001	0.001	0.001
>GGGCAYCT	5-GGGCAYCT	8.360585	-9.948524	0	T:8.0(5.63%),B:27.4(0.91%),P:1e-4,FDR:1	Tpos:39.7,Tstd:21.7,Bpos:46.6,Bstd:23.4,StrandBias:0.3,Multiplicity:1.12
0.001	0.001	0.997	0.001
0.001	0.001	0.997	0.001
0.001	0.001	0.871	0.127
0.001	0.997	0.001	0.001
0.997	0.001	0.001	0.001
0.001	0.475	0.001	0.523
0.001	0.997	0.001	0.001
0.001	0.001	0.001	0.997
>CATGTAAC	6-CATGTAAC	8.123459	-8.508859	0	T:7.0(4.93%),B:25.8(0.86%),P:1e-3,FDR:1	Tpos:50.5,Tstd:28.0,Bpos:42.2,Bstd:25.8,StrandBias:0.8,Multiplicity:1.57
0.001	0.997	0.001	0.001
0.997	0.001	0.001	0.001
0.001	0.001	0.001	0.997
0.139	0.001	0.859	0.001
0.001	0.001	0.001	0.997
0.997	0.001	0.001	0.001
0.997	0.001	0.001	0.001
0.001	0.937	0.061	0.001
>ATCAGCCA	7-ATCAGCCA	8.236954	-4.162224	0	T:2.0(1.41%),B:4.8(0.16%),P:1e-1,FDR:1	Tpos:44.8,Tstd:25.5,Bpos:44.3,Bstd:18.2,StrandBias:-2.0,Multiplicity:2.50
0.700	0.100	0.100	0.100
0.100	0.100	0.100	0.700
0.100	0.700	0.100	0.100
0.700	0.100	0.100	0.100
0.100	0.100	0.700	0.100
0.100	0.700	0.100	0.100
0.100	0.700	0.100	0.100
0.700	0.100	0.100	0.100
>CTCKCTST	8-CTCKCTST	5.557493	-4.091680	0	T:16.0(11.27%),B:189.2(6.27%),P:1e-1,FDR:1	Tpos:58.4,Tstd:28.9,Bpos:47.5,Bstd:29.3,StrandBias:1.6,Multiplicity:1.12
0.001	0.983	0.001	0.015
0.001	0.001	0.001	0.997
0.001	0.997	0.001	0.001
0.001	0.001	0.515	0.483
0.001	0.983	0.015	0.001
0.001	0.001	0.001	0.997
0.001	0.436	0.562	0.001
0.001	0.001	0.001	0.997
