>CCTGAAGGTC	1-CCTGAAGGTC	10.177212	-47.159345	0	T:22.0(2.56%),B:3.9(0.17%),P:1e-20,FDR:0.4	Tpos:57.8,Tstd:23.9,Bpos:80.5,Bstd:6.4,StrandBias:-0.3,Multiplicity:1.00
0.001	0.997	0.001	0.001
0.001	0.997	0.001	0.001
0.028	0.028	0.001	0.943
0.001	0.001	0.997	0.001
0.997	0.001	0.001	0.001
0.997	0.001	0.001	0.001
0.001	0.001	0.997	0.001
0.028	0.001	0.970	0.001
0.001	0.001	0.001	0.997
0.028	0.970	0.001	0.001
>AACCAATCGG	2-AACCAATCGG	5.831264	-46.009952	0	T:113.0(13.14%),B:113.4(4.95%),P:1e-19,FDR:0.4	Tpos:50.3,Tstd:27.9,Bpos:48.4,Bstd:35.5,StrandBias:-0.4,Multiplicity:1.42
0.921	0.077	0.001	0.001
0.939	0.001	0.059	0.001
0.001	0.997	0.001	0.001
0.168	0.602	0.168	0.062
0.997	0.001	0.001	0.001
0.997	0.001	0.001	0.001
0.001	0.077	0.001	0.921
0.005	0.993	0.001	0.001
0.312	0.001	0.686	0.001
0.001	0.001	0.997	0.001
>GTTGTCGTCA	3-GTTGTCGTCA	8.216706	-41.779948	0	T:30.0(3.49%),B:9.6(0.42%),P:1e-18,FDR:0.4	Tpos:51.2,Tstd:21.5,Bpos:48.3,Bstd:29.1,StrandBias:1.1,Multiplicity:1.03
0.128	0.032	0.744	0.096
0.065	0.001	0.065	0.869
0.032	0.001	0.064	0.903
0.001	0.063	0.935	0.001
0.001	0.001	0.127	0.871
0.130	0.570	0.096	0.204
0.082	0.128	0.501	0.289
0.032	0.203	0.032	0.733
0.001	0.935	0.001	0.063
0.967	0.001	0.031	0.001
>CATCACCCCA	4-CATCACCCCA	10.319869	-38.312701	0	T:19.0(2.21%),B:3.2(0.14%),P:1e-16,FDR:0.4	Tpos:49.0,Tstd:25.2,Bpos:33.3,Bstd:29.6,StrandBias:1.2,Multiplicity:1.05
0.001	0.964	0.001	0.034
0.997	0.001	0.001	0.001
0.001	0.001	0.001	0.997
0.001	0.997	0.001	0.001
0.964	0.001	0.034	0.001
0.001	0.964	0.034	0.001
0.001	0.997	0.001	0.001
0.001	0.997	0.001	0.001
0.001	0.964	0.001	0.034
0.964	0.001	0.001	0.034
>TGCCWGGYAA	5-TGCCWGGYAA	8.080032	-36.623708	0	T:74.0(8.60%),B:65.4(2.85%),P:1e-15,FDR:0.4	Tpos:54.4,Tstd:22.7,Bpos:50.4,Bstd:22.5,StrandBias:-0.1,Multiplicity:1.11
0.111	0.001	0.002	0.886
0.218	0.166	0.615	0.001
0.108	0.618	0.238	0.036
0.001	0.847	0.001	0.151
0.425	0.074	0.001	0.500
0.310	0.001	0.653	0.036
0.001	0.035	0.963	0.001
0.036	0.410	0.221	0.333
0.833	0.164	0.001	0.002
0.817	0.001	0.181	0.001
>TTGCACCTGC	6-TTGCACCTGC	10.300336	-35.309698	0	T:23.0(2.67%),B:6.2(0.27%),P:1e-15,FDR:0.4	Tpos:49.0,Tstd:27.5,Bpos:53.4,Bstd:30.2,StrandBias:-0.3,Multiplicity:1.09
0.030	0.001	0.075	0.894
0.001	0.129	0.001	0.869
0.001	0.001	0.969	0.029
0.001	0.997	0.001	0.001
0.997	0.001	0.001	0.001
0.001	0.969	0.029	0.001
0.030	0.894	0.001	0.075
0.029	0.001	0.001	0.969
0.331	0.001	0.667	0.001
0.191	0.807	0.001	0.001
>TACTTTCACT	7-TACTTTCACT	10.656827	-25.680291	0	T:16.0(1.86%),B:4.7(0.20%),P:1e-11,FDR:0.514285714285714	Tpos:58.9,Tstd:25.4,Bpos:61.3,Bstd:6.2,StrandBias:0.0,Multiplicity:1.25
0.001	0.001	0.001	0.997
0.793	0.001	0.205	0.001
0.001	0.997	0.001	0.001
0.001	0.205	0.001	0.793
0.001	0.205	0.001	0.793
0.001	0.001	0.001	0.997
0.001	0.997	0.001	0.001
0.894	0.001	0.001	0.104
0.001	0.793	0.205	0.001
0.001	0.001	0.001	0.997
>GGTTCAGGGT	8-GGTTCAGGGT	10.555563	-18.688313	0	T:10.0(1.16%),B:2.7(0.12%),P:1e-8,FDR:0.8	Tpos:46.3,Tstd:27.9,Bpos:7.6,Bstd:2.3,StrandBias:3.2,Multiplicity:4.20
0.001	0.001	0.997	0.001
0.001	0.001	0.649	0.349
0.001	0.001	0.299	0.699
0.001	0.001	0.001	0.997
0.001	0.702	0.001	0.296
0.997	0.001	0.001	0.001
0.001	0.001	0.997	0.001
0.001	0.001	0.997	0.001
0.349	0.001	0.649	0.001
0.001	0.001	0.001	0.997
