>GTAVACAAAGAT	1-GTAVACAAAGAT	12.006355	-22.604801	0	T:6.0(10.53%),B:4.0(0.13%),P:1e-9	Tpos:50.7,Tstd:21.7,Bpos:39.8,Bstd:9.8,StrandBias:2.3,Multiplicity:1.00
0.001	0.001	0.691	0.307
0.001	0.001	0.001	0.997
0.997	0.001	0.001	0.001
0.359	0.333	0.308	0.001
0.997	0.001	0.001	0.001
0.001	0.691	0.001	0.307
0.997	0.001	0.001	0.001
0.640	0.001	0.358	0.001
0.691	0.001	0.307	0.001
0.001	0.001	0.997	0.001
0.997	0.001	0.001	0.001
0.001	0.001	0.383	0.615
>CCATTTCTATTC	2-CCATTTCTATTC	12.141230	-21.542459	0	T:5.0(8.77%),B:2.0(0.06%),P:1e-9	Tpos:57.2,Tstd:22.8,Bpos:65.0,Bstd:24.0,StrandBias:0.6,Multiplicity:1.00
0.199	0.799	0.001	0.001
0.001	0.997	0.001	0.001
0.599	0.001	0.200	0.200
0.001	0.199	0.001	0.799
0.001	0.001	0.001	0.997
0.001	0.001	0.001	0.997
0.200	0.599	0.200	0.001
0.001	0.001	0.001	0.997
0.599	0.200	0.200	0.001
0.001	0.001	0.001	0.997
0.001	0.001	0.001	0.997
0.001	0.997	0.001	0.001
>AGACCTGACTAG	3-AGACCTGACTAG	6.334042	-21.279950	0	T:6.0(10.53%),B:5.0(0.16%),P:1e-9	Tpos:37.8,Tstd:23.2,Bpos:45.2,Bstd:28.6,StrandBias:0.0,Multiplicity:1.00
0.949	0.001	0.049	0.001
0.001	0.049	0.801	0.149
0.997	0.001	0.001	0.001
0.001	0.997	0.001	0.001
0.001	0.997	0.001	0.001
0.001	0.001	0.001	0.997
0.001	0.001	0.997	0.001
0.949	0.001	0.049	0.001
0.050	0.850	0.050	0.050
0.001	0.050	0.099	0.850
0.997	0.001	0.001	0.001
0.001	0.001	0.997	0.001
>ATCTGAATTTAC	4-ATCTGAATTTAC	7.343174	-8.727666	0	T:2.0(3.51%),B:0.0(0.00%),P:1e-3	Tpos:26.0,Tstd:22.5,Bpos:0.0,Bstd:0.0,StrandBias:-0.6,Multiplicity:1.50
0.997	0.001	0.001	0.001
0.007	0.001	0.007	0.985
0.001	0.910	0.001	0.088
0.001	0.088	0.001	0.910
0.198	0.001	0.800	0.001
0.814	0.001	0.184	0.001
0.997	0.001	0.001	0.001
0.001	0.001	0.001	0.997
0.001	0.001	0.001	0.997
0.001	0.001	0.001	0.997
0.910	0.088	0.001	0.001
0.001	0.888	0.110	0.001
>TTACATTGTATS	5-TTACATTGTATS	9.725515	-7.786750	0	T:6.0(10.53%),B:53.0(1.70%),P:1e-3	Tpos:57.7,Tstd:17.3,Bpos:50.3,Bstd:21.2,StrandBias:-0.4,Multiplicity:1.17
0.108	0.108	0.108	0.676
0.215	0.001	0.001	0.783
0.891	0.001	0.107	0.001
0.001	0.891	0.001	0.107
0.891	0.107	0.001	0.001
0.216	0.108	0.001	0.675
0.216	0.108	0.001	0.675
0.001	0.001	0.891	0.107
0.001	0.001	0.001	0.997
0.567	0.216	0.216	0.001
0.216	0.108	0.001	0.675
0.108	0.441	0.441	0.009
