>GWMYTKGGAGRG	1-GWMYTKGGAGRG	7.800550	-25.206907	0	T:11.0(19.30%),B:31.0(0.99%),P:1e-10	Tpos:44.1,Tstd:19.9,Bpos:51.8,Bstd:22.4,StrandBias:0.8,Multiplicity:1.00
0.247	0.001	0.506	0.246
0.517	0.011	0.001	0.471
0.505	0.483	0.001	0.011
0.001	0.516	0.001	0.482
0.001	0.247	0.001	0.751
0.001	0.011	0.470	0.518
0.001	0.001	0.997	0.001
0.001	0.001	0.997	0.001
0.997	0.001	0.001	0.001
0.001	0.001	0.997	0.001
0.483	0.001	0.505	0.011
0.237	0.281	0.471	0.011
>AAGGGCAAGGGG	2-AAGGGCAAGGGG	12.762068	-16.550269	0	T:4.0(7.02%),B:2.0(0.06%),P:1e-7	Tpos:57.4,Tstd:22.7,Bpos:80.5,Bstd:6.5,StrandBias:1.3,Multiplicity:1.75
0.691	0.001	0.307	0.001
0.997	0.001	0.001	0.001
0.001	0.001	0.997	0.001
0.307	0.001	0.691	0.001
0.001	0.001	0.997	0.001
0.001	0.691	0.307	0.001
0.691	0.001	0.307	0.001
0.691	0.001	0.307	0.001
0.016	0.001	0.982	0.001
0.307	0.001	0.691	0.001
0.001	0.001	0.997	0.001
0.001	0.001	0.997	0.001
>GGGTGACTCACA	3-GGGTGACTCACA	14.640156	-16.550269	0	T:4.0(7.02%),B:2.0(0.06%),P:1e-7	Tpos:68.0,Tstd:11.7,Bpos:71.0,Bstd:7.0,StrandBias:0.0,Multiplicity:1.00
0.001	0.001	0.749	0.249
0.001	0.001	0.997	0.001
0.249	0.001	0.749	0.001
0.001	0.001	0.001	0.997
0.001	0.001	0.997	0.001
0.997	0.001	0.001	0.001
0.001	0.997	0.001	0.001
0.001	0.001	0.001	0.997
0.001	0.997	0.001	0.001
0.997	0.001	0.001	0.001
0.001	0.749	0.001	0.249
0.997	0.001	0.001	0.001
>TCWSCTRWMKTA	4-TCWSCTRWMKTA	7.702781	-14.119227	0	T:5.0(8.77%),B:9.0(0.29%),P:1e-6	Tpos:49.8,Tstd:24.1,Bpos:66.6,Bstd:16.1,StrandBias:0.0,Multiplicity:1.00
0.001	0.001	0.001	0.997
0.001	0.997	0.001	0.001
0.444	0.001	0.001	0.554
0.001	0.554	0.444	0.001
0.001	0.997	0.001	0.001
0.001	0.001	0.001	0.997
0.500	0.028	0.445	0.028
0.444	0.001	0.001	0.554
0.471	0.527	0.001	0.001
0.001	0.055	0.500	0.444
0.001	0.027	0.001	0.971
0.997	0.001	0.001	0.001
>TATGTACTGAGA	5-TATGTACTGAGA	12.355432	-4.011499	0	T:1.0(1.75%),B:0.0(0.00%),P:1e-1	Tpos:47.5,Tstd:35.5,Bpos:0.0,Bstd:0.0,StrandBias:10.0,Multiplicity:2.00
0.100	0.100	0.100	0.700
0.700	0.100	0.100	0.100
0.100	0.100	0.100	0.700
0.100	0.100	0.700	0.100
0.100	0.100	0.100	0.700
0.700	0.100	0.100	0.100
0.100	0.700	0.100	0.100
0.100	0.100	0.100	0.700
0.100	0.100	0.700	0.100
0.700	0.100	0.100	0.100
0.100	0.100	0.700	0.100
0.700	0.100	0.100	0.100
