>CCTTHTGTGBCA	1-CCTTHTGTGBCA	7.925145	-27.337010	0	T:14.0(24.56%),B:56.0(1.79%),P:1e-11	Tpos:55.4,Tstd:26.0,Bpos:56.7,Bstd:25.4,StrandBias:0.0,Multiplicity:1.00
0.178	0.553	0.089	0.180
0.180	0.456	0.089	0.275
0.089	0.093	0.001	0.817
0.184	0.001	0.182	0.633
0.362	0.267	0.001	0.370
0.001	0.001	0.001	0.997
0.001	0.001	0.719	0.279
0.001	0.001	0.001	0.997
0.001	0.004	0.813	0.182
0.001	0.273	0.360	0.366
0.180	0.547	0.089	0.184
0.732	0.001	0.266	0.001
>GACAACCAYCAC	2-GACAACCAYCAC	11.799130	-19.309274	0	T:4.0(7.02%),B:0.0(0.00%),P:1e-8	Tpos:38.6,Tstd:33.9,Bpos:0.0,Bstd:0.0,StrandBias:2.0,Multiplicity:1.25
0.199	0.001	0.799	0.001
0.997	0.001	0.001	0.001
0.001	0.997	0.001	0.001
0.997	0.001	0.001	0.001
0.799	0.001	0.199	0.001
0.001	0.799	0.001	0.199
0.001	0.997	0.001	0.001
0.799	0.199	0.001	0.001
0.200	0.400	0.001	0.400
0.001	0.799	0.001	0.199
0.997	0.001	0.001	0.001
0.001	0.997	0.001	0.001
>GTATGCACCATA	3-GTATGCACCATA	7.806869	-16.633261	0	T:6.0(10.53%),B:11.0(0.35%),P:1e-7	Tpos:54.4,Tstd:28.5,Bpos:52.0,Bstd:24.0,StrandBias:0.3,Multiplicity:1.00
0.116	0.058	0.710	0.116
0.174	0.058	0.116	0.652
0.761	0.058	0.123	0.058
0.061	0.116	0.058	0.765
0.058	0.058	0.710	0.174
0.061	0.468	0.293	0.177
0.533	0.116	0.058	0.293
0.232	0.478	0.232	0.058
0.061	0.880	0.001	0.058
0.652	0.116	0.058	0.174
0.061	0.293	0.058	0.588
0.820	0.003	0.116	0.061
>GRGTCAYAGYYG	4-GRGTCAYAGYYG	11.129773	-16.550269	0	T:4.0(7.02%),B:2.0(0.06%),P:1e-7	Tpos:67.5,Tstd:20.5,Bpos:39.7,Bstd:12.5,StrandBias:2.3,Multiplicity:1.50
0.001	0.001	0.997	0.001
0.554	0.001	0.444	0.001
0.001	0.001	0.997	0.001
0.001	0.001	0.001	0.997
0.001	0.997	0.001	0.001
0.997	0.001	0.001	0.001
0.001	0.527	0.001	0.471
0.997	0.001	0.001	0.001
0.001	0.001	0.997	0.001
0.027	0.528	0.001	0.444
0.027	0.444	0.001	0.528
0.001	0.001	0.997	0.001
>ACTCTTACTCAG	5-ACTCTTACTCAG	10.409522	-8.727666	0	T:2.0(3.51%),B:0.0(0.00%),P:1e-3	Tpos:44.6,Tstd:17.5,Bpos:0.0,Bstd:0.0,StrandBias:10.0,Multiplicity:2.50
0.700	0.100	0.100	0.100
0.100	0.700	0.100	0.100
0.100	0.100	0.100	0.700
0.100	0.700	0.100	0.100
0.100	0.100	0.100	0.700
0.100	0.100	0.100	0.700
0.700	0.100	0.100	0.100
0.100	0.700	0.100	0.100
0.100	0.100	0.100	0.700
0.100	0.700	0.100	0.100
0.700	0.100	0.100	0.100
0.100	0.100	0.700	0.100
