>CTGGGCCAGG	1-CTGGGCCAGG	8.489288	-19.042678	0	T:11.0(19.30%),B:56.0(1.79%),P:1e-8	Tpos:64.6,Tstd:18.9,Bpos:51.5,Bstd:24.6,StrandBias:-1.0,Multiplicity:1.00
0.001	0.906	0.092	0.001
0.001	0.001	0.267	0.731
0.001	0.001	0.997	0.001
0.001	0.001	0.997	0.001
0.001	0.248	0.750	0.001
0.001	0.679	0.098	0.222
0.001	0.865	0.133	0.001
0.501	0.267	0.001	0.231
0.001	0.001	0.865	0.133
0.141	0.118	0.734	0.007
>CCAACCAGCC	2-CCAACCAGCC	7.325096	-10.560235	0	T:10.0(17.54%),B:109.0(3.49%),P:1e-4	Tpos:38.9,Tstd:29.8,Bpos:52.6,Bstd:29.3,StrandBias:0.5,Multiplicity:1.00
0.001	0.737	0.261	0.001
0.335	0.663	0.001	0.001
0.646	0.001	0.352	0.001
0.646	0.001	0.352	0.001
0.001	0.754	0.244	0.001
0.001	0.997	0.001	0.001
0.663	0.001	0.335	0.001
0.049	0.352	0.598	0.001
0.001	0.982	0.016	0.001
0.001	0.997	0.001	0.001
>GRMTMCCATR	3-GRMTMCCATR	11.039873	-9.089279	0	T:3.0(5.26%),B:5.0(0.16%),P:1e-3	Tpos:51.5,Tstd:27.0,Bpos:34.6,Bstd:18.3,StrandBias:-2.3,Multiplicity:2.00
0.001	0.001	0.997	0.001
0.444	0.001	0.554	0.001
0.444	0.554	0.001	0.001
0.001	0.001	0.001	0.997
0.444	0.554	0.001	0.001
0.001	0.997	0.001	0.001
0.001	0.997	0.001	0.001
0.997	0.001	0.001	0.001
0.001	0.001	0.001	0.997
0.444	0.001	0.554	0.001
>TGTGTGTGTA	4-TGTGTGTGTA	8.429829	-8.808955	0	T:7.0(12.28%),B:63.0(2.02%),P:1e-3	Tpos:45.0,Tstd:37.4,Bpos:46.7,Bstd:26.2,StrandBias:0.6,Multiplicity:1.00
0.190	0.001	0.190	0.619
0.001	0.001	0.808	0.190
0.001	0.001	0.001	0.997
0.190	0.001	0.619	0.190
0.190	0.001	0.190	0.619
0.001	0.001	0.997	0.001
0.001	0.001	0.001	0.997
0.001	0.190	0.808	0.001
0.190	0.190	0.001	0.619
0.952	0.001	0.046	0.001
>CGCGCGCGCG	5-CGCGCGCGCG	13.619277	-4.011499	0	T:1.0(1.75%),B:1.0(0.03%),P:1e-1	Tpos:72.5,Tstd:4.0,Bpos:93.5,Bstd:1.1,StrandBias:0.0,Multiplicity:1.00
0.001	0.997	0.001	0.001
0.102	0.001	0.896	0.001
0.001	0.997	0.001	0.001
0.001	0.001	0.997	0.001
0.001	0.997	0.001	0.001
0.001	0.001	0.997	0.001
0.001	0.997	0.001	0.001
0.001	0.001	0.997	0.001
0.001	0.997	0.001	0.001
0.102	0.001	0.896	0.001
