>CTGVGTGGTG	1-CTGVGTGGTG	9.938161	-9.518835	0	T:4.0(7.02%),B:12.0(0.38%),P:1e-4	Tpos:57.8,Tstd:27.6,Bpos:61.5,Bstd:15.5,StrandBias:-2.3,Multiplicity:1.50
0.001	0.997	0.001	0.001
0.001	0.001	0.001	0.997
0.001	0.001	0.997	0.001
0.384	0.308	0.308	0.001
0.076	0.308	0.615	0.001
0.001	0.001	0.307	0.691
0.001	0.001	0.997	0.001
0.001	0.001	0.997	0.001
0.001	0.001	0.001	0.997
0.001	0.001	0.997	0.001
>TCTATCTATC	2-TCTATCTATC	11.232212	-8.727666	0	T:2.0(3.51%),B:0.0(0.00%),P:1e-3	Tpos:66.3,Tstd:11.0,Bpos:0.0,Bstd:0.0,StrandBias:3.3,Multiplicity:1.00
0.001	0.001	0.001	0.997
0.001	0.997	0.001	0.001
0.001	0.001	0.001	0.997
0.997	0.001	0.001	0.001
0.001	0.001	0.001	0.997
0.001	0.997	0.001	0.001
0.001	0.001	0.001	0.997
0.924	0.074	0.001	0.001
0.001	0.001	0.001	0.997
0.001	0.997	0.001	0.001
>CAGTCACCAC	3-CAGTCACCAC	9.134148	-7.561557	0	T:5.0(8.77%),B:36.0(1.15%),P:1e-3	Tpos:65.7,Tstd:32.9,Bpos:52.2,Bstd:22.1,StrandBias:0.4,Multiplicity:1.40
0.001	0.764	0.234	0.001
0.997	0.001	0.001	0.001
0.001	0.001	0.764	0.234
0.001	0.001	0.001	0.997
0.001	0.997	0.001	0.001
0.764	0.001	0.001	0.234
0.235	0.529	0.235	0.001
0.235	0.529	0.235	0.001
0.997	0.001	0.001	0.001
0.001	0.764	0.001	0.234
>TACATACATA	4-TACATACATA	5.073741	-6.873639	0	T:5.0(8.77%),B:42.0(1.35%),P:1e-2	Tpos:36.2,Tstd:25.2,Bpos:48.1,Bstd:26.5,StrandBias:-1.9,Multiplicity:1.20
0.001	0.001	0.001	0.997
0.997	0.001	0.001	0.001
0.001	0.735	0.212	0.052
0.734	0.001	0.001	0.264
0.001	0.001	0.001	0.997
0.734	0.264	0.001	0.001
0.001	0.997	0.001	0.001
0.997	0.001	0.001	0.001
0.001	0.001	0.001	0.997
0.997	0.001	0.001	0.001
>GTTGYTGCTG	5-GTTGYTGCTG	6.636585	-6.219833	0	T:14.0(24.56%),B:329.0(10.54%),P:1e-2	Tpos:51.7,Tstd:31.7,Bpos:52.6,Bstd:25.4,StrandBias:0.9,Multiplicity:1.71
0.300	0.033	0.489	0.178
0.001	0.082	0.255	0.662
0.134	0.047	0.047	0.772
0.001	0.095	0.856	0.048
0.001	0.414	0.161	0.425
0.141	0.047	0.067	0.745
0.048	0.001	0.710	0.241
0.001	0.549	0.118	0.332
0.166	0.046	0.001	0.787
0.024	0.001	0.929	0.046
>CGCGCGCGCG	6-CGCGCGCGCG	13.619277	-4.011499	0	T:1.0(1.75%),B:1.0(0.03%),P:1e-1	Tpos:72.5,Tstd:4.0,Bpos:93.5,Bstd:1.1,StrandBias:0.0,Multiplicity:1.00
0.001	0.997	0.001	0.001
0.102	0.001	0.896	0.001
0.001	0.997	0.001	0.001
0.001	0.001	0.997	0.001
0.001	0.997	0.001	0.001
0.001	0.001	0.997	0.001
0.001	0.997	0.001	0.001
0.001	0.001	0.997	0.001
0.001	0.997	0.001	0.001
0.102	0.001	0.896	0.001
