>AAGKGATGCC	1-AAGKGATGCC	8.121418	-11.291757	0	T:4.0(40.00%),B:73.2(1.60%),P:1e-4,FDR:0.8	Tpos:53.0,Tstd:29.0,Bpos:49.8,Bstd:36.5,StrandBias:0.0,Multiplicity:1.00
0.997	0.001	0.001	0.001
0.519	0.001	0.240	0.240
0.239	0.001	0.759	0.001
0.001	0.001	0.519	0.479
0.239	0.001	0.759	0.001
0.759	0.001	0.239	0.001
0.279	0.001	0.240	0.480
0.001	0.001	0.997	0.001
0.001	0.759	0.001	0.239
0.001	0.759	0.239	0.001
>HTRGGAYTCC	2-HTRGGAYTCC	7.771909	-11.133833	0	T:4.0(40.00%),B:76.8(1.67%),P:1e-4,FDR:0.8	Tpos:51.8,Tstd:25.1,Bpos:60.8,Bstd:47.5,StrandBias:-1.0,Multiplicity:1.00
0.297	0.262	0.147	0.294
0.001	0.147	0.001	0.851
0.440	0.001	0.294	0.265
0.001	0.001	0.852	0.146
0.001	0.001	0.997	0.001
0.905	0.093	0.001	0.001
0.148	0.294	0.147	0.411
0.001	0.094	0.167	0.738
0.146	0.852	0.001	0.001
0.146	0.852	0.001	0.001
>TAGACCTTGG	3-TAGACCTTGG	7.922067	-8.905720	0	T:2.0(20.00%),B:8.1(0.18%),P:1e-3,FDR:0.8	Tpos:45.3,Tstd:16.9,Bpos:49.3,Bstd:19.4,StrandBias:-1.0,Multiplicity:1.50
0.001	0.001	0.001	0.997
0.859	0.001	0.001	0.139
0.139	0.001	0.859	0.001
0.859	0.001	0.139	0.001
0.001	0.997	0.001	0.001
0.001	0.997	0.001	0.001
0.001	0.001	0.001	0.997
0.001	0.001	0.001	0.997
0.001	0.001	0.997	0.001
0.001	0.001	0.997	0.001
>AGCAGTACAG	4-AGCAGTACAG	5.055140	-8.390695	0	T:3.0(30.00%),B:58.3(1.27%),P:1e-3,FDR:0.8	Tpos:62.6,Tstd:26.3,Bpos:41.0,Bstd:35.9,StrandBias:-2.0,Multiplicity:1.67
0.825	0.001	0.173	0.001
0.001	0.001	0.997	0.001
0.001	0.919	0.001	0.079
0.919	0.001	0.001	0.079
0.001	0.001	0.997	0.001
0.166	0.001	0.001	0.832
0.919	0.001	0.001	0.079
0.001	0.919	0.001	0.079
0.997	0.001	0.001	0.001
0.001	0.001	0.997	0.001
>ATGTCTGTGG	5-ATGTCTGTGG	10.296193	-6.129377	0	T:1.0(10.00%),B:0.7(0.02%),P:1e-2,FDR:0.8	Tpos:72.0,Tstd:0.0,Bpos:13.0,Bstd:0.0,StrandBias:10.0,Multiplicity:1.00
0.700	0.100	0.100	0.100
0.100	0.100	0.100	0.700
0.100	0.100	0.700	0.100
0.100	0.100	0.100	0.700
0.100	0.700	0.100	0.100
0.100	0.100	0.100	0.700
0.100	0.100	0.700	0.100
0.100	0.100	0.100	0.700
0.100	0.100	0.700	0.100
0.100	0.100	0.700	0.100
>ARGWGYCMWGGT	1-ARGWGYCMWGGT	11.537204	-20.506597	0	T:3.0(30.00%),B:1.5(0.03%),P:1e-8,FDR:0.4	Tpos:40.0,Tstd:10.2,Bpos:15.0,Bstd:0.0,StrandBias:-1.0,Multiplicity:1.00
0.997	0.001	0.001	0.001
0.537	0.001	0.461	0.001
0.001	0.001	0.997	0.001
0.461	0.001	0.001	0.537
0.001	0.001	0.997	0.001
0.001	0.537	0.001	0.461
0.001	0.997	0.001	0.001
0.462	0.462	0.001	0.075
0.537	0.001	0.001	0.461
0.001	0.001	0.997	0.001
0.001	0.001	0.997	0.001
0.001	0.001	0.001	0.997
>GCRWSYAAKCMA	2-GCRWSYAAKCMA	8.949941	-17.213050	0	T:3.0(30.00%),B:3.1(0.07%),P:1e-7,FDR:0.4	Tpos:58.3,Tstd:32.1,Bpos:80.0,Bstd:0.0,StrandBias:1.0,Multiplicity:1.00
0.001	0.001	0.997	0.001
0.001	0.997	0.001	0.001
0.462	0.001	0.462	0.075
0.537	0.001	0.001	0.461
0.001	0.461	0.537	0.001
0.001	0.462	0.075	0.462
0.997	0.001	0.001	0.001
0.997	0.001	0.001	0.001
0.001	0.001	0.461	0.537
0.001	0.997	0.001	0.001
0.461	0.537	0.001	0.001
0.997	0.001	0.001	0.001
>DAATTTGGAATG	3-DAATTTGGAATG	11.180121	-13.056463	0	T:2.0(20.00%),B:1.4(0.03%),P:1e-5,FDR:0.533333333333333	Tpos:51.5,Tstd:43.5,Bpos:26.0,Bstd:0.0,StrandBias:0.0,Multiplicity:1.00
0.316	0.001	0.367	0.316
0.683	0.001	0.001	0.315
0.655	0.001	0.024	0.320
0.023	0.001	0.344	0.632
0.023	0.344	0.001	0.632
0.001	0.001	0.001	0.997
0.316	0.003	0.680	0.001
0.340	0.001	0.632	0.027
0.635	0.001	0.340	0.024
0.975	0.001	0.001	0.023
0.001	0.001	0.023	0.975
0.001	0.002	0.996	0.001
>ATGCTGAGATGC	4-ATGCTGAGATGC	6.579970	-11.542355	0	T:6.0(60.00%),B:285.2(6.22%),P:1e-5,FDR:0.6	Tpos:55.3,Tstd:22.3,Bpos:54.4,Bstd:43.7,StrandBias:1.3,Multiplicity:1.40
0.513	0.324	0.001	0.162
0.162	0.001	0.162	0.675
0.162	0.001	0.513	0.324
0.162	0.675	0.001	0.162
0.161	0.001	0.001	0.837
0.162	0.001	0.675	0.162
0.514	0.162	0.162	0.162
0.162	0.162	0.675	0.001
0.674	0.001	0.324	0.001
0.161	0.001	0.001	0.837
0.001	0.161	0.837	0.001
0.162	0.675	0.162	0.001
>ACATTAGGACTC	5-ACATTAGGACTC	14.985633	-6.129377	0	T:1.0(10.00%),B:0.0(0.00%),P:1e-2,FDR:0.68	Tpos:32.0,Tstd:0.0,Bpos:0.0,Bstd:0.0,StrandBias:10.0,Multiplicity:1.00
0.997	0.001	0.001	0.001
0.332	0.666	0.001	0.001
0.997	0.001	0.001	0.001
0.332	0.001	0.001	0.666
0.001	0.001	0.001	0.997
0.666	0.001	0.332	0.001
0.001	0.001	0.997	0.001
0.001	0.001	0.997	0.001
0.997	0.001	0.001	0.001
0.001	0.666	0.332	0.001
0.001	0.001	0.001	0.997
0.001	0.997	0.001	0.001
>CCTTGGCT	1-CCTTGGCT	8.738448	-11.125324	0	T:3.0(30.00%),B:23.9(0.52%),P:1e-4,FDR:0.2	Tpos:57.7,Tstd:4.2,Bpos:48.1,Bstd:38.0,StrandBias:1.0,Multiplicity:1.00
0.154	0.741	0.104	0.001
0.001	0.997	0.001	0.001
0.364	0.086	0.001	0.549
0.161	0.001	0.075	0.763
0.259	0.001	0.739	0.001
0.001	0.066	0.841	0.092
0.104	0.742	0.153	0.001
0.094	0.156	0.083	0.667
>TAACATGG	2-TAACATGG	8.236954	-6.129377	0	T:1.0(10.00%),B:1.4(0.03%),P:1e-2,FDR:0.7	Tpos:83.0,Tstd:0.0,Bpos:69.6,Bstd:27.7,StrandBias:-10.0,Multiplicity:1.00
0.100	0.100	0.100	0.700
0.700	0.100	0.100	0.100
0.700	0.100	0.100	0.100
0.100	0.700	0.100	0.100
0.700	0.100	0.100	0.100
0.100	0.100	0.100	0.700
0.100	0.100	0.700	0.100
0.100	0.100	0.700	0.100
>ATTACGGG	3-ATTACGGG	8.236954	-6.129377	0	T:1.0(10.00%),B:0.7(0.02%),P:1e-2,FDR:0.7	Tpos:13.0,Tstd:0.0,Bpos:24.5,Bstd:0.9,StrandBias:10.0,Multiplicity:1.00
0.700	0.100	0.100	0.100
0.100	0.100	0.100	0.700
0.100	0.100	0.100	0.700
0.700	0.100	0.100	0.100
0.100	0.700	0.100	0.100
0.100	0.100	0.700	0.100
0.100	0.100	0.700	0.100
0.100	0.100	0.700	0.100
>GTAAGGAC	4-GTAAGGAC	8.236954	-5.437211	0	T:1.0(10.00%),B:2.8(0.06%),P:1e-2,FDR:0.7	Tpos:36.0,Tstd:0.0,Bpos:52.8,Bstd:34.7,StrandBias:10.0,Multiplicity:1.00
0.100	0.100	0.700	0.100
0.100	0.100	0.100	0.700
0.700	0.100	0.100	0.100
0.700	0.100	0.100	0.100
0.100	0.100	0.700	0.100
0.100	0.100	0.700	0.100
0.700	0.100	0.100	0.100
0.100	0.700	0.100	0.100
>ACTTAAGC	5-ACTTAAGC	8.236954	-5.437211	0	T:1.0(10.00%),B:2.7(0.06%),P:1e-2,FDR:0.7	Tpos:68.0,Tstd:0.0,Bpos:57.0,Bstd:34.2,StrandBias:-10.0,Multiplicity:1.00
0.700	0.100	0.100	0.100
0.100	0.700	0.100	0.100
0.100	0.100	0.100	0.700
0.100	0.100	0.100	0.700
0.700	0.100	0.100	0.100
0.700	0.100	0.100	0.100
0.100	0.100	0.700	0.100
0.100	0.700	0.100	0.100
