>ARGWGYCMWGGT	1-ARGWGYCMWGGT	11.537204	-20.506597	0	T:3.0(30.00%),B:1.5(0.03%),P:1e-8,FDR:0.4	Tpos:40.0,Tstd:10.2,Bpos:15.0,Bstd:0.0,StrandBias:-1.0,Multiplicity:1.00
0.997	0.001	0.001	0.001
0.537	0.001	0.461	0.001
0.001	0.001	0.997	0.001
0.461	0.001	0.001	0.537
0.001	0.001	0.997	0.001
0.001	0.537	0.001	0.461
0.001	0.997	0.001	0.001
0.462	0.462	0.001	0.075
0.537	0.001	0.001	0.461
0.001	0.001	0.997	0.001
0.001	0.001	0.997	0.001
0.001	0.001	0.001	0.997
>GCRWSYAAKCMA	2-GCRWSYAAKCMA	8.949941	-17.213050	0	T:3.0(30.00%),B:3.1(0.07%),P:1e-7,FDR:0.4	Tpos:58.3,Tstd:32.1,Bpos:80.0,Bstd:0.0,StrandBias:1.0,Multiplicity:1.00
0.001	0.001	0.997	0.001
0.001	0.997	0.001	0.001
0.462	0.001	0.462	0.075
0.537	0.001	0.001	0.461
0.001	0.461	0.537	0.001
0.001	0.462	0.075	0.462
0.997	0.001	0.001	0.001
0.997	0.001	0.001	0.001
0.001	0.001	0.461	0.537
0.001	0.997	0.001	0.001
0.461	0.537	0.001	0.001
0.997	0.001	0.001	0.001
>DAATTTGGAATG	3-DAATTTGGAATG	11.180121	-13.056463	0	T:2.0(20.00%),B:1.4(0.03%),P:1e-5,FDR:0.533333333333333	Tpos:51.5,Tstd:43.5,Bpos:26.0,Bstd:0.0,StrandBias:0.0,Multiplicity:1.00
0.316	0.001	0.367	0.316
0.683	0.001	0.001	0.315
0.655	0.001	0.024	0.320
0.023	0.001	0.344	0.632
0.023	0.344	0.001	0.632
0.001	0.001	0.001	0.997
0.316	0.003	0.680	0.001
0.340	0.001	0.632	0.027
0.635	0.001	0.340	0.024
0.975	0.001	0.001	0.023
0.001	0.001	0.023	0.975
0.001	0.002	0.996	0.001
>ATGCTGAGATGC	4-ATGCTGAGATGC	6.579970	-11.542355	0	T:6.0(60.00%),B:285.2(6.22%),P:1e-5,FDR:0.6	Tpos:55.3,Tstd:22.3,Bpos:54.4,Bstd:43.7,StrandBias:1.3,Multiplicity:1.40
0.513	0.324	0.001	0.162
0.162	0.001	0.162	0.675
0.162	0.001	0.513	0.324
0.162	0.675	0.001	0.162
0.161	0.001	0.001	0.837
0.162	0.001	0.675	0.162
0.514	0.162	0.162	0.162
0.162	0.162	0.675	0.001
0.674	0.001	0.324	0.001
0.161	0.001	0.001	0.837
0.001	0.161	0.837	0.001
0.162	0.675	0.162	0.001
>ACATTAGGACTC	5-ACATTAGGACTC	14.985633	-6.129377	0	T:1.0(10.00%),B:0.0(0.00%),P:1e-2,FDR:0.68	Tpos:32.0,Tstd:0.0,Bpos:0.0,Bstd:0.0,StrandBias:10.0,Multiplicity:1.00
0.997	0.001	0.001	0.001
0.332	0.666	0.001	0.001
0.997	0.001	0.001	0.001
0.332	0.001	0.001	0.666
0.001	0.001	0.001	0.997
0.666	0.001	0.332	0.001
0.001	0.001	0.997	0.001
0.001	0.001	0.997	0.001
0.997	0.001	0.001	0.001
0.001	0.666	0.332	0.001
0.001	0.001	0.001	0.997
0.001	0.997	0.001	0.001
