>CCACTATTATAG	1-CCACTATTATAG	7.636969	-178.390498	0	T:64.0(3.32%),B:2.0(0.16%),P:1e-77,FDR:0.2	Tpos:50.1,Tstd:28.1,Bpos:77.0,Bstd:8.8,StrandBias:0.1,Multiplicity:1.02
0.134	0.667	0.048	0.151
0.057	0.837	0.019	0.087
0.746	0.139	0.048	0.067
0.048	0.828	0.048	0.076
0.048	0.127	0.029	0.796
0.611	0.156	0.105	0.128
0.010	0.086	0.029	0.875
0.193	0.105	0.048	0.654
0.837	0.067	0.048	0.048
0.185	0.101	0.104	0.610
0.796	0.029	0.099	0.076
0.067	0.091	0.785	0.057
>ACCTTCTGRCYA	2-ACCTTCTGRCYA	9.524111	-124.227458	0	T:49.0(2.54%),B:1.7(0.14%),P:1e-53,FDR:0.2	Tpos:52.9,Tstd:26.0,Bpos:30.7,Bstd:16.3,StrandBias:0.4,Multiplicity:1.49
0.524	0.110	0.311	0.055
0.013	0.708	0.278	0.001
0.001	0.997	0.001	0.001
0.001	0.064	0.001	0.934
0.055	0.001	0.006	0.938
0.001	0.997	0.001	0.001
0.321	0.001	0.001	0.677
0.001	0.001	0.997	0.001
0.375	0.055	0.473	0.097
0.191	0.702	0.106	0.001
0.052	0.387	0.130	0.432
0.659	0.055	0.007	0.279
>GGGTTAGGGTTA	3-GGGTTAGGGTTA	4.168516	-103.037793	0	T:53.0(2.75%),B:2.8(0.23%),P:1e-44,FDR:0.2	Tpos:44.4,Tstd:26.3,Bpos:48.7,Bstd:28.5,StrandBias:1.5,Multiplicity:1.81
0.057	0.001	0.695	0.247
0.001	0.001	0.997	0.001
0.001	0.001	0.997	0.001
0.001	0.001	0.001	0.997
0.001	0.136	0.001	0.862
0.997	0.001	0.001	0.001
0.001	0.001	0.862	0.136
0.001	0.001	0.997	0.001
0.001	0.137	0.861	0.001
0.001	0.001	0.001	0.997
0.001	0.001	0.001	0.997
0.997	0.001	0.001	0.001
>TGAGAGATATGT	4-TGAGAGATATGT	8.463612	-100.192230	0	T:52.0(2.70%),B:2.6(0.21%),P:1e-43,FDR:0.2	Tpos:51.1,Tstd:27.2,Bpos:26.5,Bstd:23.0,StrandBias:-0.2,Multiplicity:1.29
0.100	0.100	0.100	0.700
0.100	0.100	0.700	0.100
0.700	0.100	0.100	0.100
0.100	0.100	0.700	0.100
0.700	0.100	0.100	0.100
0.100	0.100	0.700	0.100
0.700	0.100	0.100	0.100
0.100	0.100	0.100	0.700
0.700	0.100	0.100	0.100
0.100	0.100	0.100	0.700
0.100	0.100	0.700	0.100
0.100	0.100	0.100	0.700
>KRGGAGCATGGS	5-KRGGAGCATGGS	6.030738	-93.900845	0	T:40.0(2.07%),B:1.9(0.15%),P:1e-40,FDR:0.2	Tpos:48.8,Tstd:26.3,Bpos:79.0,Bstd:0.0,StrandBias:0.6,Multiplicity:1.15
0.199	0.185	0.380	0.237
0.391	0.140	0.261	0.209
0.199	0.114	0.510	0.177
0.140	0.145	0.583	0.132
0.568	0.103	0.146	0.183
0.160	0.159	0.544	0.137
0.150	0.577	0.142	0.131
0.586	0.161	0.100	0.153
0.168	0.105	0.157	0.570
0.173	0.149	0.513	0.165
0.192	0.180	0.409	0.219
0.211	0.371	0.224	0.195
>CCAGGTAACTGK	6-CCAGGTAACTGK	10.013511	-91.774231	0	T:49.0(2.54%),B:2.7(0.22%),P:1e-39,FDR:0.2	Tpos:49.4,Tstd:20.7,Bpos:52.0,Bstd:0.0,StrandBias:0.3,Multiplicity:1.22
0.093	0.671	0.117	0.119
0.205	0.677	0.024	0.094
0.695	0.008	0.023	0.274
0.086	0.001	0.864	0.049
0.063	0.015	0.914	0.008
0.141	0.175	0.211	0.473
0.693	0.147	0.081	0.079
0.758	0.008	0.154	0.080
0.024	0.912	0.048	0.016
0.254	0.049	0.008	0.689
0.128	0.026	0.768	0.078
0.198	0.158	0.393	0.251
>CATATACATATA	7-CATATACATATA	8.498905	-55.158900	0	T:35.0(1.82%),B:2.4(0.19%),P:1e-23,FDR:0.371428571428571	Tpos:42.9,Tstd:27.1,Bpos:27.5,Bstd:8.6,StrandBias:-0.2,Multiplicity:1.28
0.001	0.997	0.001	0.001
0.977	0.001	0.001	0.021
0.043	0.043	0.021	0.893
0.626	0.001	0.021	0.352
0.043	0.085	0.001	0.871
0.957	0.021	0.021	0.001
0.086	0.829	0.021	0.064
0.977	0.001	0.021	0.001
0.021	0.064	0.021	0.894
0.850	0.021	0.086	0.043
0.150	0.086	0.068	0.696
0.562	0.373	0.064	0.001
>TTTTTTTTTTTT	8-TTTTTTTTTTTT	9.347619	-30.480384	0	T:33.0(1.71%),B:5.0(0.41%),P:1e-13,FDR:0.875	Tpos:40.3,Tstd:23.7,Bpos:48.4,Bstd:17.4,StrandBias:-1.3,Multiplicity:1.03
0.137	0.075	0.228	0.560
0.104	0.086	0.225	0.585
0.109	0.091	0.157	0.643
0.092	0.108	0.134	0.666
0.109	0.115	0.148	0.628
0.093	0.088	0.225	0.594
0.071	0.077	0.227	0.625
0.064	0.086	0.139	0.711
0.078	0.079	0.124	0.719
0.112	0.069	0.149	0.670
0.123	0.074	0.208	0.595
0.122	0.094	0.193	0.591
