>CCCACTATTA	1-CCCACTATTA	7.929568	-127.706591	0	T:50.0(2.59%),B:1.9(0.16%),P:1e-55,FDR:0.2	Tpos:52.3,Tstd:27.1,Bpos:67.3,Bstd:15.2,StrandBias:0.4,Multiplicity:1.02
0.017	0.773	0.169	0.041
0.074	0.669	0.144	0.113
0.035	0.907	0.008	0.050
0.902	0.049	0.008	0.041
0.041	0.771	0.066	0.122
0.087	0.052	0.017	0.844
0.755	0.069	0.110	0.066
0.025	0.097	0.049	0.829
0.182	0.044	0.049	0.725
0.877	0.033	0.049	0.041
>GCACCTGCGC	2-GCACCTGCGC	7.780658	-120.502486	0	T:59.0(3.06%),B:2.9(0.24%),P:1e-52,FDR:0.2	Tpos:59.7,Tstd:23.6,Bpos:61.7,Bstd:13.9,StrandBias:0.6,Multiplicity:1.12
0.024	0.122	0.784	0.070
0.045	0.911	0.022	0.022
0.680	0.052	0.246	0.022
0.001	0.621	0.001	0.377
0.338	0.534	0.122	0.006
0.096	0.002	0.001	0.901
0.001	0.001	0.977	0.021
0.122	0.600	0.227	0.051
0.027	0.037	0.749	0.187
0.001	0.666	0.001	0.332
>TGAAGATCAG	3-TGAAGATCAG	8.901191	-113.915985	0	T:46.0(2.39%),B:1.9(0.16%),P:1e-49,FDR:0.2	Tpos:56.2,Tstd:26.5,Bpos:65.9,Bstd:6.8,StrandBias:-0.5,Multiplicity:1.00
0.063	0.034	0.101	0.802
0.078	0.101	0.780	0.041
0.614	0.178	0.145	0.063
0.912	0.007	0.047	0.034
0.061	0.027	0.878	0.034
0.680	0.187	0.086	0.047
0.105	0.178	0.054	0.663
0.040	0.886	0.040	0.034
0.911	0.013	0.013	0.063
0.041	0.020	0.905	0.034
>CAGTTACCTA	4-CAGTTACCTA	9.706625	-98.950747	0	T:72.0(3.73%),B:5.9(0.48%),P:1e-42,FDR:0.2	Tpos:49.9,Tstd:21.6,Bpos:49.7,Bstd:11.7,StrandBias:-0.3,Multiplicity:1.19
0.001	0.755	0.188	0.056
0.909	0.001	0.001	0.089
0.019	0.019	0.961	0.001
0.230	0.019	0.001	0.750
0.001	0.001	0.001	0.997
0.891	0.089	0.001	0.019
0.070	0.859	0.070	0.001
0.019	0.961	0.001	0.019
0.001	0.001	0.001	0.997
0.584	0.014	0.201	0.201
>ATTGGTTAAG	5-ATTGGTTAAG	6.309998	-85.503867	0	T:76.0(3.94%),B:7.7(0.63%),P:1e-37,FDR:0.2	Tpos:48.6,Tstd:27.2,Bpos:34.3,Bstd:33.8,StrandBias:-0.0,Multiplicity:1.67
0.516	0.147	0.095	0.242
0.107	0.185	0.167	0.541
0.200	0.001	0.309	0.490
0.001	0.001	0.783	0.215
0.111	0.082	0.611	0.196
0.002	0.269	0.208	0.521
0.218	0.102	0.170	0.510
0.525	0.152	0.197	0.126
0.563	0.002	0.230	0.205
0.183	0.134	0.585	0.098
>GAGTCTAGCC	6-GAGTCTAGCC	8.738378	-77.910285	0	T:35.0(1.82%),B:1.0(0.08%),P:1e-33,FDR:0.2	Tpos:53.7,Tstd:24.0,Bpos:88.0,Bstd:0.0,StrandBias:-0.8,Multiplicity:1.03
0.010	0.010	0.979	0.001
0.989	0.009	0.001	0.001
0.010	0.010	0.979	0.001
0.001	0.032	0.001	0.966
0.001	0.770	0.001	0.228
0.010	0.010	0.001	0.979
0.989	0.001	0.001	0.009
0.001	0.001	0.989	0.009
0.009	0.989	0.001	0.001
0.010	0.979	0.001	0.010
>AGRGTTAGGT	7-AGRGTTAGGT	8.720744	-62.637614	0	T:30.0(1.56%),B:1.2(0.10%),P:1e-27,FDR:0.457142857142857	Tpos:49.3,Tstd:28.3,Bpos:61.5,Bstd:13.1,StrandBias:1.9,Multiplicity:2.37
0.812	0.001	0.186	0.001
0.001	0.001	0.997	0.001
0.341	0.001	0.450	0.208
0.001	0.108	0.824	0.067
0.001	0.238	0.088	0.673
0.001	0.252	0.276	0.471
0.875	0.001	0.123	0.001
0.001	0.001	0.947	0.051
0.001	0.051	0.947	0.001
0.099	0.001	0.289	0.611
>AAAAAAAAAA	8-AAAAAAAAAA	10.490137	-43.347963	0	T:30.0(1.56%),B:2.4(0.20%),P:1e-18,FDR:0.7	Tpos:42.3,Tstd:24.3,Bpos:62.4,Bstd:15.0,StrandBias:1.2,Multiplicity:1.00
0.743	0.127	0.056	0.074
0.747	0.142	0.062	0.049
0.761	0.130	0.064	0.045
0.693	0.158	0.077	0.072
0.827	0.071	0.055	0.047
0.701	0.175	0.078	0.046
0.736	0.165	0.053	0.046
0.725	0.145	0.051	0.079
0.759	0.131	0.061	0.049
0.499	0.080	0.113	0.308
