>CCCCACCCAHAA	1-CCCCACCCAHAA	7.791196	-17.742762	0	T:4.0(22.22%),B:5.0(0.16%),P:1e-7	Tpos:33.8,Tstd:17.9,Bpos:46.2,Bstd:26.9,StrandBias:0.0,Multiplicity:1.00
0.001	0.997	0.001	0.001
0.001	0.997	0.001	0.001
0.001	0.997	0.001	0.001
0.001	0.997	0.001	0.001
0.666	0.001	0.001	0.332
0.001	0.997	0.001	0.001
0.001	0.666	0.001	0.332
0.001	0.997	0.001	0.001
0.666	0.001	0.001	0.332
0.333	0.333	0.001	0.333
0.997	0.001	0.001	0.001
0.997	0.001	0.001	0.001
>TTYCHAADRCTT	2-TTYCHAADRCTT	8.265617	-10.838378	0	T:5.0(27.78%),B:61.0(1.95%),P:1e-4	Tpos:47.4,Tstd:24.5,Bpos:48.5,Bstd:25.4,StrandBias:-1.3,Multiplicity:1.20
0.001	0.161	0.001	0.837
0.001	0.001	0.001	0.997
0.001	0.515	0.001	0.483
0.001	0.997	0.001	0.001
0.323	0.323	0.001	0.354
0.837	0.001	0.161	0.001
0.997	0.001	0.001	0.001
0.354	0.001	0.323	0.323
0.323	0.161	0.354	0.161
0.323	0.515	0.001	0.161
0.001	0.161	0.161	0.677
0.001	0.161	0.161	0.677
>GMTGTTGTAACA	3-GMTGTTGTAACA	10.297792	-10.025638	0	T:3.0(16.67%),B:12.0(0.38%),P:1e-4	Tpos:58.6,Tstd:26.3,Bpos:59.1,Bstd:19.0,StrandBias:0.6,Multiplicity:1.67
0.238	0.001	0.760	0.001
0.476	0.522	0.001	0.001
0.238	0.001	0.001	0.760
0.001	0.001	0.760	0.238
0.001	0.001	0.001	0.997
0.001	0.001	0.001	0.997
0.001	0.238	0.523	0.238
0.238	0.001	0.001	0.760
0.997	0.001	0.001	0.001
0.760	0.001	0.001	0.238
0.238	0.523	0.238	0.001
0.760	0.001	0.238	0.001
>GAVTCBCGVGHD	4-GAVTCBCGVGHD	6.220180	-9.725679	0	T:6.0(33.33%),B:129.0(4.13%),P:1e-4	Tpos:54.0,Tstd:24.5,Bpos:44.4,Bstd:25.7,StrandBias:0.4,Multiplicity:1.00
0.020	0.020	0.633	0.327
0.634	0.013	0.013	0.340
0.339	0.334	0.326	0.001
0.007	0.020	0.320	0.653
0.001	0.639	0.340	0.020
0.020	0.327	0.333	0.320
0.320	0.666	0.007	0.007
0.001	0.013	0.626	0.360
0.327	0.354	0.313	0.007
0.340	0.014	0.639	0.007
0.327	0.327	0.020	0.327
0.340	0.007	0.326	0.327
>AGAGAAACAAAG	5-AGAGAAACAAAG	12.355432	-4.469107	0	T:1.0(5.56%),B:2.0(0.06%),P:1e-1	Tpos:46.0,Tstd:0.0,Bpos:40.5,Bstd:19.5,StrandBias:10.0,Multiplicity:1.00
0.700	0.100	0.100	0.100
0.100	0.100	0.700	0.100
0.700	0.100	0.100	0.100
0.100	0.100	0.700	0.100
0.700	0.100	0.100	0.100
0.700	0.100	0.100	0.100
0.700	0.100	0.100	0.100
0.100	0.700	0.100	0.100
0.700	0.100	0.100	0.100
0.700	0.100	0.100	0.100
0.700	0.100	0.100	0.100
0.100	0.100	0.700	0.100
