>TAAGAGSTAAKT	1-TAAGAGSTAAKT	8.990827	-20.810703	0	T:5.0(27.78%),B:8.0(0.26%),P:1e-9	Tpos:46.2,Tstd:22.4,Bpos:50.1,Bstd:16.7,StrandBias:-0.6,Multiplicity:1.00
0.192	0.001	0.031	0.776
0.806	0.001	0.001	0.192
0.614	0.384	0.001	0.001
0.192	0.001	0.806	0.001
0.775	0.001	0.001	0.223
0.001	0.001	0.997	0.001
0.001	0.385	0.416	0.198
0.192	0.001	0.001	0.806
0.806	0.192	0.001	0.001
0.806	0.192	0.001	0.001
0.192	0.001	0.422	0.385
0.192	0.223	0.001	0.584
>YCYTWMYCCKAT	2-YCYTWMYCCKAT	10.514786	-17.440754	0	T:3.0(16.67%),B:0.0(0.00%),P:1e-7	Tpos:63.0,Tstd:23.8,Bpos:0.0,Bstd:0.0,StrandBias:-1.0,Multiplicity:1.00
0.001	0.543	0.001	0.455
0.001	0.997	0.001	0.001
0.001	0.455	0.001	0.543
0.001	0.001	0.001	0.997
0.543	0.001	0.001	0.455
0.455	0.543	0.001	0.001
0.001	0.543	0.001	0.455
0.001	0.997	0.001	0.001
0.001	0.911	0.001	0.087
0.001	0.001	0.543	0.455
0.997	0.001	0.001	0.001
0.001	0.001	0.001	0.997
>RKTWWCCYKGTR	3-RKTWWCCYKGTR	6.631471	-13.387756	0	T:5.0(27.78%),B:36.0(1.15%),P:1e-5	Tpos:62.0,Tstd:25.1,Bpos:48.3,Bstd:24.3,StrandBias:0.6,Multiplicity:1.00
0.457	0.001	0.502	0.040
0.001	0.001	0.543	0.455
0.001	0.001	0.001	0.997
0.543	0.001	0.001	0.455
0.502	0.001	0.041	0.456
0.001	0.959	0.039	0.001
0.006	0.992	0.001	0.001
0.001	0.537	0.001	0.461
0.001	0.001	0.455	0.543
0.001	0.001	0.997	0.001
0.080	0.001	0.001	0.918
0.496	0.040	0.463	0.001
>AACAWWMAKSCC	4-AACAWWMAKSCC	9.575182	-12.083477	0	T:3.0(16.67%),B:6.0(0.19%),P:1e-5	Tpos:25.8,Tstd:2.5,Bpos:53.5,Bstd:29.3,StrandBias:0.0,Multiplicity:1.33
0.997	0.001	0.001	0.001
0.997	0.001	0.001	0.001
0.001	0.997	0.001	0.001
0.997	0.001	0.001	0.001
0.456	0.014	0.074	0.456
0.470	0.074	0.001	0.456
0.543	0.455	0.001	0.001
0.997	0.001	0.001	0.001
0.001	0.001	0.543	0.455
0.001	0.455	0.543	0.001
0.001	0.997	0.001	0.001
0.001	0.997	0.001	0.001
>CCGAGGCAGCAG	5-CCGAGGCAGCAG	12.355432	-5.159537	0	T:1.0(5.56%),B:0.0(0.00%),P:1e-2	Tpos:6.0,Tstd:0.0,Bpos:0.0,Bstd:0.0,StrandBias:10.0,Multiplicity:1.00
0.100	0.700	0.100	0.100
0.100	0.700	0.100	0.100
0.100	0.100	0.700	0.100
0.700	0.100	0.100	0.100
0.100	0.100	0.700	0.100
0.100	0.100	0.700	0.100
0.100	0.700	0.100	0.100
0.700	0.100	0.100	0.100
0.100	0.100	0.700	0.100
0.100	0.700	0.100	0.100
0.700	0.100	0.100	0.100
0.100	0.100	0.700	0.100
