>AAAGCTACTGTA	1-AAAGCTACTGTA	13.593323	-17.440754	0	T:3.0(16.67%),B:0.0(0.00%),P:1e-7	Tpos:50.7,Tstd:28.6,Bpos:0.0,Bstd:0.0,StrandBias:-1.0,Multiplicity:1.00
0.997	0.001	0.001	0.001
0.666	0.001	0.332	0.001
0.997	0.001	0.001	0.001
0.001	0.001	0.997	0.001
0.001	0.666	0.001	0.332
0.001	0.001	0.001	0.997
0.997	0.001	0.001	0.001
0.001	0.997	0.001	0.001
0.001	0.001	0.001	0.997
0.332	0.001	0.666	0.001
0.001	0.001	0.332	0.666
0.997	0.001	0.001	0.001
>CTTGTTRCTRCT	2-CTTGTTRCTRCT	9.524350	-17.237696	0	T:6.0(33.33%),B:35.0(1.12%),P:1e-7	Tpos:52.0,Tstd:29.8,Bpos:51.2,Bstd:24.7,StrandBias:2.3,Multiplicity:1.00
0.001	0.968	0.030	0.001
0.384	0.001	0.001	0.614
0.001	0.001	0.421	0.577
0.001	0.001	0.806	0.192
0.001	0.001	0.001	0.997
0.001	0.001	0.421	0.577
0.390	0.001	0.385	0.224
0.199	0.577	0.193	0.031
0.001	0.001	0.004	0.994
0.385	0.001	0.422	0.192
0.001	0.997	0.001	0.001
0.001	0.001	0.001	0.997
>GGDGCTGAGADC	3-GGDGCTGAGADC	9.967130	-9.176995	0	T:3.0(16.67%),B:16.0(0.51%),P:1e-3	Tpos:46.0,Tstd:23.3,Bpos:53.1,Bstd:26.0,StrandBias:1.6,Multiplicity:1.33
0.001	0.001	0.969	0.029
0.014	0.328	0.644	0.014
0.344	0.001	0.327	0.327
0.001	0.001	0.997	0.001
0.001	0.670	0.328	0.001
0.031	0.001	0.313	0.655
0.030	0.001	0.655	0.314
0.984	0.001	0.014	0.001
0.001	0.001	0.686	0.312
0.658	0.014	0.015	0.313
0.359	0.001	0.313	0.327
0.015	0.658	0.014	0.313
>GWTASTTTSTTT	4-GWTASTTTSTTT	11.684086	-6.375380	0	T:3.0(16.67%),B:42.0(1.34%),P:1e-2	Tpos:45.3,Tstd:21.0,Bpos:47.9,Bstd:26.2,StrandBias:10.0,Multiplicity:1.00
0.001	0.238	0.760	0.001
0.476	0.001	0.001	0.522
0.001	0.238	0.001	0.760
0.760	0.001	0.001	0.238
0.001	0.476	0.522	0.001
0.001	0.001	0.001	0.997
0.001	0.001	0.001	0.997
0.238	0.001	0.001	0.760
0.001	0.476	0.522	0.001
0.001	0.001	0.001	0.997
0.001	0.001	0.238	0.760
0.001	0.238	0.001	0.760
>CTTTGTTTTGTT	5-CTTTGTTTTGTT	12.355432	-4.469107	0	T:1.0(5.56%),B:2.0(0.06%),P:1e-1	Tpos:25.0,Tstd:0.0,Bpos:71.0,Bstd:2.0,StrandBias:10.0,Multiplicity:1.00
0.100	0.700	0.100	0.100
0.100	0.100	0.100	0.700
0.100	0.100	0.100	0.700
0.100	0.100	0.100	0.700
0.100	0.100	0.700	0.100
0.100	0.100	0.100	0.700
0.100	0.100	0.100	0.700
0.100	0.100	0.100	0.700
0.100	0.100	0.100	0.700
0.100	0.100	0.700	0.100
0.100	0.100	0.100	0.700
0.100	0.100	0.100	0.700
