>RTTGAGRVCCAS	1-RTTGAGRVCCAS	7.435171	-35.214590	0	T:19.0(11.45%),B:25.4(0.86%),P:1e-15,FDR:0.4	Tpos:44.7,Tstd:26.9,Bpos:48.2,Bstd:24.9,StrandBias:1.5,Multiplicity:1.00
0.365	0.189	0.421	0.024
0.304	0.116	0.087	0.493
0.234	0.024	0.094	0.648
0.023	0.281	0.649	0.047
0.509	0.023	0.281	0.187
0.048	0.093	0.602	0.257
0.374	0.117	0.305	0.204
0.327	0.211	0.328	0.134
0.024	0.626	0.327	0.023
0.047	0.905	0.024	0.024
0.602	0.071	0.047	0.280
0.164	0.351	0.345	0.140
>ACTGCCAGGACA	2-ACTGCCAGGACA	8.376524	-31.713389	0	T:22.0(13.25%),B:45.1(1.52%),P:1e-13,FDR:0.4	Tpos:53.5,Tstd:27.8,Bpos:49.7,Bstd:24.3,StrandBias:-0.4,Multiplicity:1.05
0.575	0.122	0.060	0.243
0.001	0.750	0.127	0.122
0.138	0.060	0.001	0.801
0.001	0.182	0.629	0.188
0.001	0.817	0.122	0.060
0.119	0.879	0.001	0.001
0.939	0.001	0.001	0.059
0.060	0.001	0.819	0.120
0.122	0.060	0.698	0.120
0.740	0.122	0.078	0.060
0.301	0.515	0.060	0.124
0.860	0.002	0.060	0.078
>GTCACAGTACCC	3-GTCACAGTACCC	10.394106	-29.227686	0	T:9.0(5.42%),B:3.9(0.13%),P:1e-12,FDR:0.4	Tpos:58.3,Tstd:22.7,Bpos:33.4,Bstd:20.4,StrandBias:1.0,Multiplicity:1.00
0.110	0.001	0.888	0.001
0.001	0.001	0.001	0.997
0.110	0.888	0.001	0.001
0.777	0.221	0.001	0.001
0.001	0.555	0.222	0.222
0.888	0.110	0.001	0.001
0.110	0.001	0.888	0.001
0.001	0.111	0.111	0.777
0.888	0.110	0.001	0.001
0.221	0.777	0.001	0.001
0.001	0.997	0.001	0.001
0.110	0.888	0.001	0.001
>AGCAGCAGTGGT	4-AGCAGCAGTGGT	10.284378	-24.078292	0	T:7.0(4.22%),B:2.9(0.10%),P:1e-10,FDR:0.4	Tpos:74.6,Tstd:23.9,Bpos:41.7,Bstd:16.8,StrandBias:2.6,Multiplicity:1.00
0.997	0.001	0.001	0.001
0.219	0.001	0.779	0.001
0.001	0.815	0.183	0.001
0.997	0.001	0.001	0.001
0.001	0.001	0.997	0.001
0.001	0.997	0.001	0.001
0.997	0.001	0.001	0.001
0.001	0.001	0.997	0.001
0.001	0.001	0.001	0.997
0.001	0.219	0.779	0.001
0.036	0.036	0.927	0.001
0.036	0.001	0.219	0.744
>CTTTGACACAGT	5-CTTTGACACAGT	11.002956	-21.665904	0	T:10.0(6.02%),B:10.4(0.35%),P:1e-9,FDR:0.4	Tpos:43.2,Tstd:15.3,Bpos:52.7,Bstd:21.1,StrandBias:0.8,Multiplicity:1.10
0.001	0.719	0.001	0.279
0.088	0.088	0.001	0.823
0.001	0.001	0.001	0.997
0.001	0.001	0.087	0.911
0.001	0.001	0.997	0.001
0.997	0.001	0.001	0.001
0.176	0.471	0.176	0.176
0.997	0.001	0.001	0.001
0.088	0.823	0.088	0.001
0.911	0.001	0.087	0.001
0.001	0.088	0.735	0.176
0.088	0.088	0.176	0.648
>CTGGACCTTCGG	6-CTGGACCTTCGG	14.521373	-19.904040	0	T:6.0(3.61%),B:2.6(0.09%),P:1e-8,FDR:0.466666666666667	Tpos:68.0,Tstd:13.4,Bpos:61.6,Bstd:1.7,StrandBias:10.0,Multiplicity:1.00
0.001	0.997	0.001	0.001
0.001	0.190	0.001	0.808
0.001	0.001	0.997	0.001
0.001	0.190	0.808	0.001
0.997	0.001	0.001	0.001
0.001	0.997	0.001	0.001
0.001	0.997	0.001	0.001
0.001	0.001	0.001	0.997
0.001	0.001	0.001	0.997
0.001	0.808	0.001	0.190
0.001	0.001	0.997	0.001
0.001	0.001	0.997	0.001
>VCCTGGTTGCTG	7-VCCTGGTTGCTG	9.005148	-19.245843	0	T:17.0(10.24%),B:50.5(1.70%),P:1e-8,FDR:0.466666666666667	Tpos:51.0,Tstd:25.4,Bpos:56.3,Bstd:27.6,StrandBias:0.5,Multiplicity:1.12
0.303	0.272	0.273	0.152
0.001	0.439	0.273	0.287
0.014	0.546	0.166	0.274
0.287	0.001	0.136	0.576
0.001	0.001	0.997	0.001
0.150	0.001	0.848	0.001
0.001	0.410	0.001	0.588
0.163	0.001	0.001	0.835
0.273	0.137	0.453	0.137
0.001	0.997	0.001	0.001
0.272	0.001	0.001	0.726
0.273	0.164	0.562	0.001
>TCTCTCTCTCAC	8-TCTCTCTCTCAC	13.387538	-6.502596	0	T:2.0(1.20%),B:0.6(0.02%),P:1e-2,FDR:0.75	Tpos:28.3,Tstd:13.7,Bpos:34.0,Bstd:0.0,StrandBias:1.0,Multiplicity:1.00
0.129	0.001	0.001	0.869
0.001	0.997	0.001	0.001
0.001	0.001	0.001	0.997
0.001	0.997	0.001	0.001
0.001	0.001	0.001	0.997
0.001	0.997	0.001	0.001
0.371	0.001	0.001	0.627
0.001	0.997	0.001	0.001
0.391	0.001	0.001	0.607
0.001	0.627	0.001	0.371
0.543	0.001	0.371	0.085
0.001	0.869	0.129	0.001
