>GTTGAGAGCCAC	1-GTTGAGAGCCAC	8.112407	-32.704593	0	T:20.0(10.26%),B:28.4(0.96%),P:1e-14,FDR:0.2	Tpos:48.8,Tstd:25.8,Bpos:51.2,Bstd:25.1,StrandBias:0.6,Multiplicity:1.00
0.180	0.001	0.818	0.001
0.320	0.001	0.001	0.678
0.158	0.001	0.001	0.840
0.001	0.001	0.997	0.001
0.788	0.001	0.030	0.181
0.001	0.157	0.528	0.314
0.526	0.001	0.157	0.316
0.024	0.024	0.795	0.157
0.001	0.685	0.313	0.001
0.001	0.997	0.001	0.001
0.685	0.157	0.157	0.001
0.001	0.842	0.156	0.001
>TGTTGCCTTAGA	2-TGTTGCCTTAGA	11.042092	-31.355445	0	T:9.0(4.62%),B:2.2(0.08%),P:1e-13,FDR:0.2	Tpos:58.3,Tstd:21.3,Bpos:28.2,Bstd:23.2,StrandBias:1.0,Multiplicity:1.00
0.001	0.001	0.001	0.997
0.001	0.001	0.997	0.001
0.157	0.157	0.157	0.529
0.181	0.001	0.157	0.661
0.157	0.157	0.685	0.001
0.001	0.997	0.001	0.001
0.001	0.818	0.001	0.180
0.001	0.001	0.001	0.997
0.180	0.001	0.001	0.818
0.657	0.001	0.028	0.314
0.001	0.001	0.842	0.156
0.997	0.001	0.001	0.001
>GTTGTCATGGCG	3-GTTGTCATGGCG	9.515058	-28.974447	0	T:13.0(6.67%),B:10.8(0.36%),P:1e-12,FDR:0.2	Tpos:53.1,Tstd:28.5,Bpos:53.4,Bstd:24.8,StrandBias:1.2,Multiplicity:1.00
0.112	0.001	0.886	0.001
0.001	0.256	0.001	0.742
0.001	0.001	0.001	0.997
0.001	0.001	0.969	0.029
0.001	0.001	0.001	0.997
0.001	0.997	0.001	0.001
0.850	0.148	0.001	0.001
0.001	0.001	0.112	0.886
0.001	0.001	0.997	0.001
0.001	0.001	0.997	0.001
0.148	0.850	0.001	0.001
0.265	0.001	0.733	0.001
>CTTTGACACAGT	4-CTTTGACACAGT	10.857046	-24.840117	0	T:12.0(6.15%),B:11.2(0.38%),P:1e-10,FDR:0.2	Tpos:41.2,Tstd:14.8,Bpos:49.9,Bstd:19.8,StrandBias:0.2,Multiplicity:1.08
0.081	0.661	0.001	0.257
0.081	0.081	0.001	0.837
0.001	0.001	0.001	0.997
0.001	0.001	0.080	0.918
0.001	0.001	0.997	0.001
0.997	0.001	0.001	0.001
0.243	0.434	0.162	0.162
0.997	0.001	0.001	0.001
0.081	0.837	0.081	0.001
0.918	0.001	0.080	0.001
0.001	0.081	0.757	0.161
0.081	0.081	0.162	0.676
>CTAGCTYTGTAG	5-CTAGCTYTGTAG	9.136427	-21.346091	0	T:12.0(6.15%),B:15.7(0.53%),P:1e-9,FDR:0.2	Tpos:69.2,Tstd:23.1,Bpos:59.1,Bstd:26.1,StrandBias:1.3,Multiplicity:1.17
0.001	0.755	0.122	0.122
0.244	0.122	0.061	0.573
0.797	0.080	0.122	0.001
0.081	0.061	0.735	0.123
0.001	0.877	0.061	0.061
0.061	0.122	0.001	0.816
0.001	0.450	0.244	0.305
0.121	0.001	0.001	0.877
0.001	0.001	0.997	0.001
0.062	0.061	0.061	0.816
0.632	0.001	0.366	0.001
0.001	0.061	0.694	0.244
>CTGGACCTTCGG	6-CTGGACCTTCGG	14.521373	-18.935016	0	T:6.0(3.08%),B:2.5(0.09%),P:1e-8,FDR:0.3	Tpos:68.0,Tstd:13.4,Bpos:61.6,Bstd:1.7,StrandBias:10.0,Multiplicity:1.00
0.001	0.997	0.001	0.001
0.001	0.190	0.001	0.808
0.001	0.001	0.997	0.001
0.001	0.190	0.808	0.001
0.997	0.001	0.001	0.001
0.001	0.997	0.001	0.001
0.001	0.997	0.001	0.001
0.001	0.001	0.001	0.997
0.001	0.001	0.001	0.997
0.001	0.808	0.001	0.190
0.001	0.001	0.997	0.001
0.001	0.001	0.997	0.001
>AAGAGCAGTCGG	7-AAGAGCAGTCGG	12.355432	-15.086618	0	T:5.0(2.56%),B:2.9(0.10%),P:1e-6,FDR:0.485714285714286	Tpos:81.8,Tstd:13.9,Bpos:42.1,Bstd:16.4,StrandBias:10.0,Multiplicity:1.00
0.700	0.100	0.100	0.100
0.700	0.100	0.100	0.100
0.100	0.100	0.700	0.100
0.700	0.100	0.100	0.100
0.100	0.100	0.700	0.100
0.100	0.700	0.100	0.100
0.700	0.100	0.100	0.100
0.100	0.100	0.700	0.100
0.100	0.100	0.100	0.700
0.100	0.700	0.100	0.100
0.100	0.100	0.700	0.100
0.100	0.100	0.700	0.100
>TCTCTCACWYRC	8-TCTCTCACWYRC	11.246976	-6.820351	0	T:3.0(1.54%),B:3.4(0.11%),P:1e-2,FDR:0.85	Tpos:39.0,Tstd:16.3,Bpos:42.2,Bstd:27.2,StrandBias:2.3,Multiplicity:1.00
0.001	0.001	0.422	0.576
0.001	0.997	0.001	0.001
0.001	0.001	0.001	0.997
0.001	0.997	0.001	0.001
0.422	0.001	0.001	0.576
0.001	0.997	0.001	0.001
0.864	0.001	0.001	0.134
0.001	0.997	0.001	0.001
0.460	0.001	0.001	0.538
0.001	0.557	0.001	0.441
0.479	0.001	0.441	0.079
0.001	0.997	0.001	0.001
