>GTTGWGAWCC	1-GTTGWGAWCC	9.772173	-26.187041	0	T:15.0(7.69%),B:19.8(0.67%),P:1e-11,FDR:0.8	Tpos:41.0,Tstd:26.5,Bpos:46.8,Bstd:22.2,StrandBias:1.5,Multiplicity:1.00
0.001	0.003	0.995	0.001
0.001	0.001	0.001	0.997
0.001	0.001	0.001	0.997
0.001	0.064	0.934	0.001
0.493	0.001	0.065	0.441
0.001	0.001	0.997	0.001
0.576	0.001	0.422	0.001
0.488	0.001	0.088	0.423
0.001	0.997	0.001	0.001
0.001	0.997	0.001	0.001
>ASAGTTCAAA	2-ASAGTTCAAA	10.723633	-25.229983	0	T:9.0(4.62%),B:4.5(0.15%),P:1e-10,FDR:0.8	Tpos:44.1,Tstd:22.0,Bpos:54.3,Bstd:29.3,StrandBias:-1.8,Multiplicity:1.00
0.997	0.001	0.001	0.001
0.131	0.392	0.476	0.001
0.997	0.001	0.001	0.001
0.001	0.001	0.997	0.001
0.001	0.001	0.001	0.997
0.130	0.001	0.001	0.868
0.001	0.997	0.001	0.001
0.997	0.001	0.001	0.001
0.868	0.001	0.130	0.001
0.997	0.001	0.001	0.001
>TTGACACAGT	3-TTGACACAGT	8.307479	-22.353973	0	T:20.0(10.26%),B:51.0(1.72%),P:1e-9,FDR:0.8	Tpos:44.8,Tstd:24.6,Bpos:57.1,Bstd:24.7,StrandBias:-0.3,Multiplicity:1.05
0.038	0.100	0.050	0.812
0.201	0.001	0.126	0.672
0.051	0.100	0.848	0.001
0.761	0.200	0.001	0.038
0.052	0.752	0.157	0.039
0.899	0.099	0.001	0.001
0.050	0.849	0.100	0.001
0.848	0.001	0.050	0.101
0.001	0.001	0.997	0.001
0.250	0.102	0.070	0.578
>TTCGGAAGAG	4-TTCGGAAGAG	12.190837	-20.159203	0	T:7.0(3.59%),B:3.7(0.13%),P:1e-8,FDR:0.8	Tpos:62.6,Tstd:18.8,Bpos:45.2,Bstd:16.8,StrandBias:2.6,Multiplicity:1.00
0.001	0.001	0.001	0.997
0.001	0.001	0.001	0.997
0.193	0.805	0.001	0.001
0.001	0.001	0.997	0.001
0.001	0.001	0.997	0.001
0.997	0.001	0.001	0.001
0.997	0.001	0.001	0.001
0.001	0.001	0.997	0.001
0.997	0.001	0.001	0.001
0.001	0.001	0.997	0.001
>GGGTTGCTGG	5-GGGTTGCTGG	10.872105	-19.528265	0	T:15.0(7.69%),B:31.7(1.07%),P:1e-8,FDR:0.8	Tpos:62.7,Tstd:23.3,Bpos:54.9,Bstd:30.1,StrandBias:3.8,Multiplicity:1.00
0.001	0.001	0.619	0.379
0.123	0.001	0.875	0.001
0.001	0.001	0.997	0.001
0.001	0.001	0.123	0.875
0.001	0.001	0.001	0.997
0.001	0.001	0.997	0.001
0.001	0.997	0.001	0.001
0.001	0.123	0.001	0.875
0.001	0.001	0.997	0.001
0.001	0.001	0.875	0.123
>CTCTGTWGGC	6-CTCTGTWGGC	10.408017	-18.788167	0	T:11.0(5.64%),B:15.6(0.53%),P:1e-8,FDR:0.8	Tpos:75.1,Tstd:24.8,Bpos:57.6,Bstd:24.7,StrandBias:0.3,Multiplicity:1.00
0.001	0.997	0.001	0.001
0.001	0.001	0.001	0.997
0.001	0.997	0.001	0.001
0.186	0.001	0.001	0.812
0.001	0.001	0.997	0.001
0.001	0.001	0.001	0.997
0.415	0.001	0.025	0.559
0.001	0.001	0.601	0.397
0.195	0.036	0.582	0.187
0.001	0.812	0.001	0.186
>GTTGTCCTGG	7-GTTGTCCTGG	8.978409	-18.101111	0	T:16.0(8.21%),B:40.6(1.37%),P:1e-7,FDR:0.8	Tpos:50.2,Tstd:24.9,Bpos:55.8,Bstd:27.8,StrandBias:1.0,Multiplicity:1.12
0.037	0.309	0.536	0.118
0.001	0.140	0.059	0.800
0.119	0.001	0.002	0.878
0.059	0.061	0.762	0.118
0.059	0.164	0.038	0.739
0.058	0.940	0.001	0.001
0.001	0.954	0.001	0.044
0.117	0.001	0.001	0.881
0.176	0.001	0.822	0.001
0.118	0.118	0.703	0.061
>TCTCTCTTAT	8-TCTCTCTTAT	8.448225	-10.538032	0	T:15.0(7.69%),B:64.7(2.18%),P:1e-4,FDR:0.8	Tpos:39.4,Tstd:21.8,Bpos:48.6,Bstd:23.5,StrandBias:0.8,Multiplicity:1.13
0.110	0.219	0.111	0.560
0.001	0.997	0.001	0.001
0.001	0.001	0.001	0.997
0.002	0.694	0.111	0.193
0.001	0.110	0.001	0.888
0.001	0.997	0.001	0.001
0.001	0.109	0.001	0.889
0.001	0.334	0.001	0.664
0.660	0.029	0.001	0.310
0.001	0.335	0.001	0.663
