>TTCCCATTGC	1-TTCCCATTGC	11.873576	-26.786152	0	T:5.0(12.82%),B:0.0(0.00%),P:1e-11	Tpos:34.6,Tstd:23.4,Bpos:0.0,Bstd:0.0,StrandBias:2.0,Multiplicity:1.00
0.001	0.001	0.001	0.997
0.001	0.001	0.001	0.997
0.001	0.749	0.001	0.249
0.001	0.997	0.001	0.001
0.001	0.997	0.001	0.001
0.997	0.001	0.001	0.001
0.001	0.249	0.001	0.749
0.001	0.001	0.249	0.749
0.001	0.001	0.997	0.001
0.001	0.997	0.001	0.001
>TTTGTTAACA	2-TTTGTTAACA	9.072618	-12.048033	0	T:6.0(15.38%),B:35.0(1.16%),P:1e-5	Tpos:60.1,Tstd:24.8,Bpos:55.5,Bstd:26.8,StrandBias:1.0,Multiplicity:1.00
0.206	0.103	0.087	0.604
0.103	0.169	0.107	0.621
0.102	0.001	0.001	0.896
0.001	0.001	0.997	0.001
0.001	0.001	0.001	0.997
0.106	0.206	0.103	0.585
0.737	0.001	0.004	0.258
0.892	0.103	0.001	0.004
0.001	0.793	0.205	0.001
0.896	0.001	0.001	0.102
>TGTWAWAYTT	3-TGTWAWAYTT	10.305440	-10.120366	0	T:3.0(7.69%),B:5.0(0.17%),P:1e-4	Tpos:36.4,Tstd:18.7,Bpos:69.4,Bstd:28.5,StrandBias:0.6,Multiplicity:1.67
0.001	0.001	0.001	0.997
0.001	0.001	0.997	0.001
0.001	0.001	0.001	0.997
0.448	0.001	0.102	0.448
0.997	0.001	0.001	0.001
0.448	0.032	0.001	0.519
0.997	0.001	0.001	0.001
0.001	0.550	0.001	0.448
0.001	0.001	0.001	0.997
0.001	0.001	0.001	0.997
>CAAMGAAAAC	4-CAAMGAAAAC	8.986312	-9.833263	0	T:6.0(15.38%),B:52.0(1.73%),P:1e-4	Tpos:42.0,Tstd:27.1,Bpos:53.9,Bstd:26.6,StrandBias:0.7,Multiplicity:1.33
0.171	0.827	0.001	0.001
0.741	0.124	0.001	0.134
0.875	0.001	0.123	0.001
0.310	0.441	0.248	0.001
0.172	0.178	0.526	0.124
0.997	0.001	0.001	0.001
0.751	0.124	0.124	0.001
0.997	0.001	0.001	0.001
0.997	0.001	0.001	0.001
0.123	0.875	0.001	0.001
>TATTTATTTA	5-TATTTATTTA	12.100157	-6.230152	0	T:2.0(5.13%),B:5.0(0.17%),P:1e-2	Tpos:51.2,Tstd:19.0,Bpos:68.5,Bstd:26.8,StrandBias:2.3,Multiplicity:1.00
0.001	0.001	0.001	0.997
0.997	0.001	0.001	0.001
0.001	0.202	0.001	0.796
0.001	0.001	0.001	0.997
0.001	0.001	0.001	0.997
0.997	0.001	0.001	0.001
0.001	0.001	0.001	0.997
0.001	0.001	0.001	0.997
0.001	0.001	0.001	0.997
0.870	0.001	0.001	0.128
