>GGGGCGAT	1-GGGGCGAT	3.584468	-13.152490	0	T:10.0(25.64%),B:118.0(3.93%),P:1e-5	Tpos:44.5,Tstd:29.8,Bpos:50.5,Bstd:25.7,StrandBias:-0.8,Multiplicity:1.10
0.001	0.001	0.997	0.001
0.001	0.001	0.812	0.186
0.154	0.001	0.844	0.001
0.001	0.001	0.997	0.001
0.001	0.997	0.001	0.001
0.186	0.001	0.812	0.001
0.812	0.001	0.001	0.186
0.001	0.001	0.001	0.997
>TAGTGAMT	2-TAGTGAMT	6.013975	-11.123947	0	T:8.0(20.51%),B:88.0(2.93%),P:1e-4	Tpos:47.0,Tstd:26.1,Bpos:47.3,Bstd:26.1,StrandBias:0.5,Multiplicity:1.50
0.001	0.001	0.184	0.814
0.997	0.001	0.001	0.001
0.001	0.001	0.997	0.001
0.001	0.001	0.001	0.997
0.051	0.001	0.615	0.333
0.997	0.001	0.001	0.001
0.517	0.426	0.001	0.056
0.001	0.001	0.001	0.997
>TCATGGGT	3-TCATGGGT	9.413840	-10.379737	0	T:5.0(12.82%),B:28.0(0.93%),P:1e-4	Tpos:70.3,Tstd:24.0,Bpos:50.8,Bstd:28.6,StrandBias:-2.3,Multiplicity:1.20
0.001	0.001	0.001	0.997
0.001	0.997	0.001	0.001
0.997	0.001	0.001	0.001
0.001	0.001	0.001	0.997
0.001	0.001	0.997	0.001
0.001	0.001	0.997	0.001
0.001	0.191	0.552	0.256
0.001	0.001	0.001	0.997
>TAGGCTGA	4-TAGGCTGA	7.317474	-9.279132	0	T:7.0(17.95%),B:84.0(2.80%),P:1e-4	Tpos:52.6,Tstd:27.6,Bpos:50.9,Bstd:27.1,StrandBias:-3.2,Multiplicity:1.43
0.001	0.001	0.001	0.997
0.844	0.001	0.154	0.001
0.199	0.001	0.799	0.001
0.001	0.001	0.997	0.001
0.001	0.775	0.001	0.223
0.064	0.001	0.001	0.934
0.001	0.160	0.838	0.001
0.825	0.173	0.001	0.001
>GGATGAGT	5-GGATGAGT	8.236954	-5.087232	0	T:2.0(5.13%),B:9.0(0.30%),P:1e-2	Tpos:69.8,Tstd:25.7,Bpos:40.7,Bstd:25.0,StrandBias:1.6,Multiplicity:2.00
0.100	0.100	0.700	0.100
0.100	0.100	0.700	0.100
0.700	0.100	0.100	0.100
0.100	0.100	0.100	0.700
0.100	0.100	0.700	0.100
0.700	0.100	0.100	0.100
0.100	0.100	0.700	0.100
0.100	0.100	0.100	0.700
