>AGACCACT	1-AGACCACT	6.756511	-16.949970	0	T:12.0(30.77%),B:127.0(4.23%),P:1e-7	Tpos:58.0,Tstd:30.4,Bpos:49.4,Bstd:27.9,StrandBias:0.2,Multiplicity:1.08
0.997	0.001	0.001	0.001
0.108	0.001	0.890	0.001
0.921	0.001	0.077	0.001
0.077	0.921	0.001	0.001
0.088	0.910	0.001	0.001
0.910	0.001	0.001	0.088
0.115	0.883	0.001	0.001
0.066	0.089	0.183	0.662
>GTGGATAT	2-GTGGATAT	8.014719	-13.972490	0	T:6.0(15.38%),B:25.0(0.83%),P:1e-6	Tpos:38.7,Tstd:19.5,Bpos:57.0,Bstd:26.9,StrandBias:0.0,Multiplicity:1.00
0.001	0.001	0.997	0.001
0.001	0.001	0.001	0.997
0.001	0.001	0.997	0.001
0.001	0.001	0.997	0.001
0.810	0.001	0.188	0.001
0.001	0.001	0.001	0.997
0.997	0.001	0.001	0.001
0.250	0.001	0.001	0.748
>ATTTGCAG	3-ATTTGCAG	8.340249	-9.061765	0	T:7.0(17.95%),B:87.0(2.90%),P:1e-3	Tpos:49.5,Tstd:17.2,Bpos:49.8,Bstd:28.9,StrandBias:1.6,Multiplicity:1.33
0.997	0.001	0.001	0.001
0.001	0.001	0.167	0.831
0.132	0.142	0.115	0.611
0.001	0.001	0.001	0.997
0.001	0.001	0.997	0.001
0.001	0.997	0.001	0.001
0.997	0.001	0.001	0.001
0.001	0.197	0.679	0.123
>AGGGAAAA	4-AGGGAAAA	4.889653	-5.281249	0	T:20.0(51.28%),B:913.0(30.38%),P:1e-2	Tpos:46.9,Tstd:28.9,Bpos:51.3,Bstd:27.9,StrandBias:1.0,Multiplicity:1.50
0.789	0.029	0.057	0.125
0.103	0.001	0.867	0.029
0.107	0.108	0.617	0.168
0.136	0.030	0.623	0.211
0.777	0.133	0.001	0.089
0.837	0.096	0.001	0.066
0.678	0.083	0.159	0.080
0.849	0.111	0.039	0.001
>TGATTCCC	5-TGATTCCC	6.291044	-4.505031	0	T:8.0(20.51%),B:241.0(8.02%),P:1e-1	Tpos:47.8,Tstd:26.1,Bpos:48.9,Bstd:27.3,StrandBias:-0.3,Multiplicity:1.29
0.100	0.100	0.100	0.700
0.100	0.100	0.700	0.100
0.700	0.100	0.100	0.100
0.100	0.100	0.100	0.700
0.100	0.100	0.100	0.700
0.100	0.700	0.100	0.100
0.100	0.700	0.100	0.100
0.100	0.700	0.100	0.100
