>AACTAAAGAGAC	1-AACTAAAGAGAC	7.240901	-26.348329	0	T:5.0(11.36%),B:1.0(0.03%),P:1e-11	Tpos:52.6,Tstd:23.8,Bpos:86.0,Bstd:0.0,StrandBias:-0.6,Multiplicity:1.00
0.936	0.062	0.001	0.001
0.997	0.001	0.001	0.001
0.126	0.810	0.001	0.063
0.001	0.001	0.001	0.997
0.997	0.001	0.001	0.001
0.997	0.001	0.001	0.001
0.997	0.001	0.001	0.001
0.001	0.001	0.936	0.062
0.936	0.062	0.001	0.001
0.001	0.063	0.873	0.063
0.997	0.001	0.001	0.001
0.001	0.936	0.001	0.062
>KTAGCTCCTTGG	2-KTAGCTCCTTGG	9.658971	-19.294917	0	T:8.0(18.18%),B:27.0(0.86%),P:1e-8	Tpos:44.6,Tstd:21.1,Bpos:55.8,Bstd:24.2,StrandBias:-0.7,Multiplicity:1.00
0.001	0.001	0.480	0.518
0.001	0.160	0.160	0.679
0.679	0.001	0.160	0.160
0.001	0.159	0.839	0.001
0.001	0.997	0.001	0.001
0.001	0.159	0.001	0.839
0.001	0.997	0.001	0.001
0.160	0.679	0.001	0.160
0.001	0.159	0.001	0.839
0.321	0.001	0.160	0.518
0.001	0.001	0.839	0.159
0.001	0.320	0.678	0.001
>AGTCGGYMTGGY	3-AGTCGGYMTGGY	9.269836	-17.618069	0	T:4.0(9.09%),B:2.0(0.06%),P:1e-7	Tpos:49.5,Tstd:26.1,Bpos:45.0,Bstd:28.0,StrandBias:1.6,Multiplicity:1.00
0.997	0.001	0.001	0.001
0.001	0.068	0.930	0.001
0.001	0.001	0.001	0.997
0.068	0.895	0.036	0.001
0.001	0.001	0.997	0.001
0.001	0.001	0.997	0.001
0.001	0.447	0.001	0.551
0.516	0.447	0.036	0.001
0.001	0.001	0.001	0.997
0.001	0.001	0.997	0.001
0.001	0.001	0.997	0.001
0.001	0.483	0.001	0.515
>MCTRAAGAAAGY	4-MCTRAAGAAAGY	10.718885	-17.441527	0	T:5.0(11.36%),B:6.0(0.19%),P:1e-7	Tpos:44.2,Tstd:34.0,Bpos:66.5,Bstd:21.0,StrandBias:2.0,Multiplicity:1.00
0.447	0.447	0.104	0.001
0.001	0.997	0.001	0.001
0.001	0.001	0.001	0.997
0.551	0.001	0.447	0.001
0.894	0.001	0.104	0.001
0.997	0.001	0.001	0.001
0.001	0.084	0.914	0.001
0.997	0.001	0.001	0.001
0.997	0.001	0.001	0.001
0.914	0.001	0.001	0.084
0.001	0.001	0.997	0.001
0.001	0.447	0.001	0.551
>CGTTTATGCACA	5-CGTTTATGCACA	14.692939	-14.660107	0	T:3.0(6.82%),B:0.0(0.00%),P:1e-6	Tpos:34.3,Tstd:16.5,Bpos:0.0,Bstd:0.0,StrandBias:10.0,Multiplicity:1.00
0.001	0.666	0.001	0.332
0.001	0.001	0.997	0.001
0.001	0.001	0.001	0.997
0.332	0.001	0.001	0.666
0.001	0.001	0.001	0.997
0.997	0.001	0.001	0.001
0.001	0.001	0.001	0.997
0.001	0.001	0.997	0.001
0.332	0.666	0.001	0.001
0.997	0.001	0.001	0.001
0.001	0.997	0.001	0.001
0.997	0.001	0.001	0.001
