>TTGCAGTCCAAA	1-TTGCAGTCCAAA	11.245398	-22.261751	0	T:6.0(2.91%),B:0.0(0.00%),P:1e-9,FDR:1	Tpos:47.6,Tstd:25.7,Bpos:0.0,Bstd:0.0,StrandBias:1.3,Multiplicity:1.17
0.143	0.001	0.143	0.713
0.142	0.001	0.001	0.856
0.001	0.001	0.997	0.001
0.001	0.856	0.001	0.142
0.856	0.001	0.001	0.142
0.285	0.001	0.713	0.001
0.001	0.143	0.143	0.713
0.143	0.713	0.001	0.143
0.142	0.856	0.001	0.001
0.997	0.001	0.001	0.001
0.997	0.001	0.001	0.001
0.997	0.001	0.001	0.001
>CTGAGTGGGTGG	2-CTGAGTGGGTGG	9.361437	-21.635601	0	T:18.0(8.74%),B:36.0(1.31%),P:1e-9,FDR:1	Tpos:54.9,Tstd:27.2,Bpos:46.4,Bstd:30.6,StrandBias:1.3,Multiplicity:1.00
0.081	0.676	0.162	0.081
0.007	0.001	0.080	0.912
0.080	0.080	0.839	0.001
0.911	0.001	0.001	0.087
0.001	0.001	0.918	0.080
0.001	0.161	0.161	0.677
0.161	0.001	0.837	0.001
0.001	0.001	0.991	0.007
0.001	0.080	0.839	0.080
0.241	0.001	0.001	0.757
0.161	0.001	0.758	0.080
0.001	0.080	0.918	0.001
>CMKGAGGCAGCT	3-CMKGAGGCAGCT	11.412982	-18.165135	0	T:6.0(2.91%),B:2.2(0.08%),P:1e-7,FDR:1	Tpos:51.6,Tstd:25.9,Bpos:47.6,Bstd:21.7,StrandBias:1.3,Multiplicity:1.17
0.001	0.997	0.001	0.001
0.515	0.452	0.032	0.001
0.032	0.001	0.452	0.515
0.001	0.001	0.997	0.001
0.997	0.001	0.001	0.001
0.001	0.001	0.997	0.001
0.001	0.001	0.997	0.001
0.001	0.997	0.001	0.001
0.579	0.001	0.001	0.419
0.001	0.001	0.997	0.001
0.001	0.997	0.001	0.001
0.419	0.001	0.001	0.579
>AGATGGAGGGGG	4-AGATGGAGGGGG	10.409522	-17.852862	0	T:5.0(2.43%),B:0.9(0.03%),P:1e-7,FDR:1	Tpos:43.8,Tstd:19.7,Bpos:54.6,Bstd:8.1,StrandBias:-2.0,Multiplicity:1.00
0.700	0.100	0.100	0.100
0.100	0.100	0.700	0.100
0.700	0.100	0.100	0.100
0.100	0.100	0.100	0.700
0.100	0.100	0.700	0.100
0.100	0.100	0.700	0.100
0.700	0.100	0.100	0.100
0.100	0.100	0.700	0.100
0.100	0.100	0.700	0.100
0.100	0.100	0.700	0.100
0.100	0.100	0.700	0.100
0.100	0.100	0.700	0.100
>TGGTTTTGCTTG	5-TGGTTTTGCTTG	10.108007	-17.310703	0	T:12.0(5.83%),B:19.7(0.72%),P:1e-7,FDR:1	Tpos:43.1,Tstd:24.0,Bpos:44.3,Bstd:33.7,StrandBias:0.9,Multiplicity:1.67
0.186	0.001	0.186	0.627
0.001	0.001	0.997	0.001
0.001	0.185	0.813	0.001
0.001	0.001	0.185	0.813
0.001	0.001	0.185	0.813
0.001	0.001	0.001	0.997
0.001	0.001	0.001	0.997
0.001	0.001	0.997	0.001
0.001	0.557	0.068	0.374
0.001	0.001	0.001	0.997
0.001	0.001	0.001	0.997
0.001	0.001	0.933	0.065
>AATCAGCTAGCC	6-AATCAGCTAGCC	8.155741	-14.407512	0	T:12.0(5.83%),B:25.5(0.93%),P:1e-6,FDR:1	Tpos:50.6,Tstd:26.7,Bpos:53.5,Bstd:32.9,StrandBias:1.5,Multiplicity:1.33
0.771	0.004	0.001	0.224
0.552	0.224	0.149	0.075
0.075	0.224	0.149	0.552
0.001	0.755	0.020	0.224
0.924	0.074	0.001	0.001
0.001	0.074	0.851	0.074
0.075	0.701	0.149	0.075
0.001	0.373	0.074	0.552
0.849	0.001	0.001	0.149
0.001	0.074	0.905	0.020
0.001	0.849	0.001	0.149
0.149	0.774	0.001	0.076
>RTTGGTTKTGGT	7-RTTGGTTKTGGT	14.520837	-9.635020	0	T:3.0(1.46%),B:0.0(0.00%),P:1e-4,FDR:1	Tpos:45.3,Tstd:7.6,Bpos:0.0,Bstd:0.0,StrandBias:1.0,Multiplicity:1.00
0.467	0.001	0.456	0.075
0.001	0.001	0.001	0.997
0.001	0.001	0.001	0.997
0.001	0.001	0.997	0.001
0.001	0.001	0.771	0.227
0.001	0.001	0.001	0.997
0.227	0.001	0.001	0.771
0.001	0.001	0.456	0.542
0.001	0.001	0.001	0.997
0.001	0.001	0.997	0.001
0.001	0.001	0.997	0.001
0.001	0.001	0.001	0.997
>GCTGGTCCTGCT	8-GCTGGTCCTGCT	10.409522	-5.929572	0	T:2.0(0.97%),B:1.8(0.07%),P:1e-2,FDR:1	Tpos:73.0,Tstd:9.4,Bpos:38.0,Bstd:18.9,StrandBias:-1.6,Multiplicity:2.00
0.100	0.100	0.700	0.100
0.100	0.700	0.100	0.100
0.100	0.100	0.100	0.700
0.100	0.100	0.700	0.100
0.100	0.100	0.700	0.100
0.100	0.100	0.100	0.700
0.100	0.700	0.100	0.100
0.100	0.700	0.100	0.100
0.100	0.100	0.100	0.700
0.100	0.100	0.700	0.100
0.100	0.700	0.100	0.100
0.100	0.100	0.100	0.700
