>GACTGAGTGG	1-GACTGAGTGG	11.052767	-26.053944	0	T:8.0(3.88%),B:2.8(0.10%),P:1e-11,FDR:0.2	Tpos:40.8,Tstd:21.6,Bpos:39.8,Bstd:19.8,StrandBias:1.6,Multiplicity:1.00
0.001	0.001	0.997	0.001
0.749	0.125	0.125	0.001
0.125	0.749	0.125	0.001
0.001	0.001	0.001	0.997
0.001	0.001	0.997	0.001
0.749	0.001	0.125	0.125
0.001	0.001	0.997	0.001
0.001	0.001	0.001	0.997
0.001	0.001	0.874	0.124
0.001	0.001	0.997	0.001
>TACATTGTTT	2-TACATTGTTT	11.351099	-26.053944	0	T:8.0(3.88%),B:3.0(0.11%),P:1e-11,FDR:0.2	Tpos:45.5,Tstd:31.4,Bpos:51.0,Bstd:19.5,StrandBias:-2.8,Multiplicity:1.00
0.001	0.001	0.001	0.997
0.869	0.001	0.001	0.129
0.001	0.997	0.001	0.001
0.869	0.129	0.001	0.001
0.001	0.001	0.001	0.997
0.001	0.001	0.001	0.997
0.001	0.130	0.739	0.130
0.001	0.001	0.001	0.997
0.001	0.001	0.001	0.997
0.001	0.001	0.001	0.997
>TTGAGGGAGC	3-TTGAGGGAGC	10.890021	-20.559838	0	T:9.0(4.37%),B:6.5(0.23%),P:1e-8,FDR:0.666666666666667	Tpos:58.6,Tstd:27.6,Bpos:54.9,Bstd:31.6,StrandBias:-0.6,Multiplicity:1.11
0.001	0.001	0.001	0.997
0.120	0.001	0.001	0.878
0.001	0.120	0.878	0.001
0.878	0.120	0.001	0.001
0.001	0.001	0.997	0.001
0.120	0.001	0.878	0.001
0.001	0.120	0.878	0.001
0.997	0.001	0.001	0.001
0.001	0.001	0.997	0.001
0.272	0.726	0.001	0.001
>GGGCAGGAAG	4-GGGCAGGAAG	10.370320	-19.583998	0	T:13.0(6.31%),B:19.7(0.72%),P:1e-8,FDR:0.666666666666667	Tpos:38.1,Tstd:22.3,Bpos:47.1,Bstd:34.6,StrandBias:-1.3,Multiplicity:1.08
0.071	0.001	0.927	0.001
0.049	0.001	0.949	0.001
0.096	0.096	0.712	0.096
0.095	0.903	0.001	0.001
0.997	0.001	0.001	0.001
0.001	0.001	0.997	0.001
0.095	0.001	0.903	0.001
0.869	0.072	0.058	0.001
0.997	0.001	0.001	0.001
0.001	0.095	0.903	0.001
>CATTGGCCAA	5-CATTGGCCAA	7.007258	-17.524620	0	T:23.0(11.17%),B:77.1(2.80%),P:1e-7,FDR:0.72	Tpos:47.3,Tstd:28.4,Bpos:50.1,Bstd:30.1,StrandBias:0.6,Multiplicity:1.13
0.001	0.840	0.158	0.001
0.732	0.067	0.067	0.134
0.033	0.169	0.100	0.698
0.033	0.001	0.035	0.931
0.067	0.001	0.865	0.067
0.033	0.059	0.773	0.135
0.102	0.772	0.001	0.125
0.033	0.799	0.033	0.135
0.865	0.035	0.067	0.033
0.739	0.167	0.093	0.001
>AAACAGGAAG	6-AAACAGGAAG	10.120722	-17.002398	0	T:16.0(7.77%),B:38.9(1.42%),P:1e-7,FDR:0.72	Tpos:56.8,Tstd:24.1,Bpos:40.5,Bstd:31.6,StrandBias:-1.0,Multiplicity:1.12
0.802	0.101	0.001	0.096
0.845	0.058	0.001	0.096
0.997	0.001	0.001	0.001
0.001	0.807	0.096	0.096
0.927	0.001	0.001	0.071
0.001	0.001	0.903	0.095
0.001	0.001	0.903	0.095
0.997	0.001	0.001	0.001
0.861	0.096	0.001	0.042
0.022	0.001	0.976	0.001
>CCACAACCAA	7-CCACAACCAA	10.464800	-12.715194	0	T:7.0(3.40%),B:8.8(0.32%),P:1e-5,FDR:0.742857142857143	Tpos:41.3,Tstd:21.8,Bpos:45.7,Bstd:29.2,StrandBias:-2.2,Multiplicity:2.43
0.001	0.997	0.001	0.001
0.001	0.997	0.001	0.001
0.997	0.001	0.001	0.001
0.130	0.868	0.001	0.001
0.882	0.001	0.001	0.116
0.579	0.419	0.001	0.001
0.115	0.883	0.001	0.001
0.001	0.997	0.001	0.001
0.579	0.419	0.001	0.001
0.997	0.001	0.001	0.001
>ATYAGCTAGC	8-ATYAGCTAGC	8.364613	-10.247475	0	T:9.0(4.37%),B:21.3(0.78%),P:1e-4,FDR:0.775	Tpos:45.2,Tstd:29.7,Bpos:39.3,Bstd:27.7,StrandBias:0.4,Multiplicity:1.56
0.782	0.111	0.106	0.001
0.001	0.001	0.106	0.892
0.001	0.467	0.106	0.426
0.997	0.001	0.001	0.001
0.001	0.001	0.997	0.001
0.001	0.787	0.106	0.106
0.001	0.001	0.001	0.997
0.786	0.001	0.212	0.001
0.106	0.001	0.573	0.320
0.001	0.786	0.212	0.001
>TTGCAGTCCAAA	1-TTGCAGTCCAAA	11.245398	-22.261751	0	T:6.0(2.91%),B:0.0(0.00%),P:1e-9,FDR:1	Tpos:47.6,Tstd:25.7,Bpos:0.0,Bstd:0.0,StrandBias:1.3,Multiplicity:1.17
0.143	0.001	0.143	0.713
0.142	0.001	0.001	0.856
0.001	0.001	0.997	0.001
0.001	0.856	0.001	0.142
0.856	0.001	0.001	0.142
0.285	0.001	0.713	0.001
0.001	0.143	0.143	0.713
0.143	0.713	0.001	0.143
0.142	0.856	0.001	0.001
0.997	0.001	0.001	0.001
0.997	0.001	0.001	0.001
0.997	0.001	0.001	0.001
>CTGAGTGGGTGG	2-CTGAGTGGGTGG	9.361437	-21.635601	0	T:18.0(8.74%),B:36.0(1.31%),P:1e-9,FDR:1	Tpos:54.9,Tstd:27.2,Bpos:46.4,Bstd:30.6,StrandBias:1.3,Multiplicity:1.00
0.081	0.676	0.162	0.081
0.007	0.001	0.080	0.912
0.080	0.080	0.839	0.001
0.911	0.001	0.001	0.087
0.001	0.001	0.918	0.080
0.001	0.161	0.161	0.677
0.161	0.001	0.837	0.001
0.001	0.001	0.991	0.007
0.001	0.080	0.839	0.080
0.241	0.001	0.001	0.757
0.161	0.001	0.758	0.080
0.001	0.080	0.918	0.001
>CMKGAGGCAGCT	3-CMKGAGGCAGCT	11.412982	-18.165135	0	T:6.0(2.91%),B:2.2(0.08%),P:1e-7,FDR:1	Tpos:51.6,Tstd:25.9,Bpos:47.6,Bstd:21.7,StrandBias:1.3,Multiplicity:1.17
0.001	0.997	0.001	0.001
0.515	0.452	0.032	0.001
0.032	0.001	0.452	0.515
0.001	0.001	0.997	0.001
0.997	0.001	0.001	0.001
0.001	0.001	0.997	0.001
0.001	0.001	0.997	0.001
0.001	0.997	0.001	0.001
0.579	0.001	0.001	0.419
0.001	0.001	0.997	0.001
0.001	0.997	0.001	0.001
0.419	0.001	0.001	0.579
>AGATGGAGGGGG	4-AGATGGAGGGGG	10.409522	-17.852862	0	T:5.0(2.43%),B:0.9(0.03%),P:1e-7,FDR:1	Tpos:43.8,Tstd:19.7,Bpos:54.6,Bstd:8.1,StrandBias:-2.0,Multiplicity:1.00
0.700	0.100	0.100	0.100
0.100	0.100	0.700	0.100
0.700	0.100	0.100	0.100
0.100	0.100	0.100	0.700
0.100	0.100	0.700	0.100
0.100	0.100	0.700	0.100
0.700	0.100	0.100	0.100
0.100	0.100	0.700	0.100
0.100	0.100	0.700	0.100
0.100	0.100	0.700	0.100
0.100	0.100	0.700	0.100
0.100	0.100	0.700	0.100
>TGGTTTTGCTTG	5-TGGTTTTGCTTG	10.108007	-17.310703	0	T:12.0(5.83%),B:19.7(0.72%),P:1e-7,FDR:1	Tpos:43.1,Tstd:24.0,Bpos:44.3,Bstd:33.7,StrandBias:0.9,Multiplicity:1.67
0.186	0.001	0.186	0.627
0.001	0.001	0.997	0.001
0.001	0.185	0.813	0.001
0.001	0.001	0.185	0.813
0.001	0.001	0.185	0.813
0.001	0.001	0.001	0.997
0.001	0.001	0.001	0.997
0.001	0.001	0.997	0.001
0.001	0.557	0.068	0.374
0.001	0.001	0.001	0.997
0.001	0.001	0.001	0.997
0.001	0.001	0.933	0.065
>AATCAGCTAGCC	6-AATCAGCTAGCC	8.155741	-14.407512	0	T:12.0(5.83%),B:25.5(0.93%),P:1e-6,FDR:1	Tpos:50.6,Tstd:26.7,Bpos:53.5,Bstd:32.9,StrandBias:1.5,Multiplicity:1.33
0.771	0.004	0.001	0.224
0.552	0.224	0.149	0.075
0.075	0.224	0.149	0.552
0.001	0.755	0.020	0.224
0.924	0.074	0.001	0.001
0.001	0.074	0.851	0.074
0.075	0.701	0.149	0.075
0.001	0.373	0.074	0.552
0.849	0.001	0.001	0.149
0.001	0.074	0.905	0.020
0.001	0.849	0.001	0.149
0.149	0.774	0.001	0.076
>RTTGGTTKTGGT	7-RTTGGTTKTGGT	14.520837	-9.635020	0	T:3.0(1.46%),B:0.0(0.00%),P:1e-4,FDR:1	Tpos:45.3,Tstd:7.6,Bpos:0.0,Bstd:0.0,StrandBias:1.0,Multiplicity:1.00
0.467	0.001	0.456	0.075
0.001	0.001	0.001	0.997
0.001	0.001	0.001	0.997
0.001	0.001	0.997	0.001
0.001	0.001	0.771	0.227
0.001	0.001	0.001	0.997
0.227	0.001	0.001	0.771
0.001	0.001	0.456	0.542
0.001	0.001	0.001	0.997
0.001	0.001	0.997	0.001
0.001	0.001	0.997	0.001
0.001	0.001	0.001	0.997
>GCTGGTCCTGCT	8-GCTGGTCCTGCT	10.409522	-5.929572	0	T:2.0(0.97%),B:1.8(0.07%),P:1e-2,FDR:1	Tpos:73.0,Tstd:9.4,Bpos:38.0,Bstd:18.9,StrandBias:-1.6,Multiplicity:2.00
0.100	0.100	0.700	0.100
0.100	0.700	0.100	0.100
0.100	0.100	0.100	0.700
0.100	0.100	0.700	0.100
0.100	0.100	0.700	0.100
0.100	0.100	0.100	0.700
0.100	0.700	0.100	0.100
0.100	0.700	0.100	0.100
0.100	0.100	0.100	0.700
0.100	0.100	0.700	0.100
0.100	0.700	0.100	0.100
0.100	0.100	0.100	0.700
>TAGCAGGG	1-TAGCAGGG	10.101738	-22.040571	0	T:7.0(3.40%),B:2.8(0.10%),P:1e-9,FDR:0.4	Tpos:33.4,Tstd:21.9,Bpos:55.9,Bstd:25.8,StrandBias:2.6,Multiplicity:1.00
0.001	0.001	0.001	0.997
0.618	0.380	0.001	0.001
0.001	0.001	0.997	0.001
0.001	0.997	0.001	0.001
0.997	0.001	0.001	0.001
0.001	0.001	0.997	0.001
0.001	0.001	0.997	0.001
0.001	0.001	0.997	0.001
>TGAGTGGG	2-TGAGTGGG	7.649986	-21.245043	0	T:27.0(13.11%),B:87.1(3.17%),P:1e-9,FDR:0.4	Tpos:51.7,Tstd:26.4,Bpos:48.0,Bstd:25.6,StrandBias:0.5,Multiplicity:1.07
0.013	0.001	0.001	0.985
0.042	0.001	0.838	0.119
0.645	0.001	0.089	0.265
0.001	0.032	0.931	0.036
0.001	0.001	0.001	0.997
0.048	0.095	0.856	0.001
0.001	0.001	0.997	0.001
0.076	0.105	0.818	0.001
>CTTCCTGC	3-CTTCCTGC	7.184811	-20.364832	0	T:46.0(22.33%),B:235.3(8.56%),P:1e-8,FDR:0.4	Tpos:50.8,Tstd:27.4,Bpos:47.5,Bstd:32.0,StrandBias:0.5,Multiplicity:1.23
0.027	0.844	0.128	0.001
0.001	0.048	0.001	0.950
0.001	0.001	0.099	0.899
0.001	0.948	0.024	0.027
0.001	0.997	0.001	0.001
0.001	0.001	0.001	0.997
0.001	0.055	0.943	0.001
0.001	0.622	0.139	0.238
>AAACACGG	4-AAACACGG	7.848318	-17.686029	0	T:22.0(10.68%),B:70.7(2.57%),P:1e-7,FDR:0.4	Tpos:49.4,Tstd:29.2,Bpos:51.5,Bstd:36.6,StrandBias:1.0,Multiplicity:1.09
0.900	0.001	0.098	0.001
0.997	0.001	0.001	0.001
0.803	0.098	0.098	0.001
0.001	0.997	0.001	0.001
0.997	0.001	0.001	0.001
0.108	0.726	0.128	0.038
0.231	0.001	0.767	0.001
0.098	0.001	0.900	0.001
>GTATAAAC	5-GTATAAAC	7.334588	-17.239258	0	T:18.0(8.74%),B:48.1(1.75%),P:1e-7,FDR:0.4	Tpos:39.7,Tstd:28.5,Bpos:49.7,Bstd:31.1,StrandBias:0.8,Multiplicity:1.06
0.247	0.001	0.751	0.001
0.001	0.001	0.065	0.933
0.727	0.001	0.169	0.103
0.001	0.001	0.001	0.997
0.997	0.001	0.001	0.001
0.997	0.001	0.001	0.001
0.997	0.001	0.001	0.001
0.001	0.997	0.001	0.001
>CAATTTGG	6-CAATTTGG	7.176669	-14.821093	0	T:21.0(10.19%),B:76.6(2.79%),P:1e-6,FDR:0.4	Tpos:48.3,Tstd:30.1,Bpos:50.0,Bstd:34.6,StrandBias:0.4,Multiplicity:1.10
0.001	0.843	0.053	0.103
0.964	0.001	0.001	0.034
0.783	0.035	0.129	0.053
0.025	0.001	0.053	0.921
0.001	0.045	0.035	0.919
0.035	0.001	0.062	0.902
0.001	0.001	0.930	0.068
0.001	0.082	0.768	0.149
>ATCAGBTA	7-ATCAGBTA	6.867359	-9.640617	0	T:19.0(9.22%),B:92.0(3.34%),P:1e-4,FDR:0.714285714285714	Tpos:45.7,Tstd:28.3,Bpos:51.0,Bstd:33.2,StrandBias:-0.1,Multiplicity:1.42
0.955	0.001	0.001	0.043
0.001	0.001	0.098	0.900
0.074	0.729	0.001	0.196
0.714	0.001	0.112	0.173
0.060	0.074	0.865	0.001
0.074	0.227	0.371	0.329
0.258	0.005	0.001	0.736
0.997	0.001	0.001	0.001
>GGTTTTGG	8-GGTTTTGG	8.761145	-5.801674	0	T:7.0(3.40%),B:25.6(0.93%),P:1e-2,FDR:0.775	Tpos:44.6,Tstd:23.5,Bpos:56.0,Bstd:32.9,StrandBias:2.9,Multiplicity:2.43
0.001	0.001	0.997	0.001
0.001	0.001	0.997	0.001
0.001	0.001	0.001	0.997
0.080	0.001	0.001	0.918
0.108	0.001	0.143	0.748
0.001	0.001	0.001	0.997
0.001	0.001	0.997	0.001
0.001	0.001	0.997	0.001
