>CCTGACTATA	1-CCTGACTATA	9.167442	-15.467342	0	T:6.0(15.38%),B:841.5(0.64%),P:1e-6,FDR:1	Tpos:56.8,Tstd:29.4,Bpos:48.8,Bstd:36.5,StrandBias:0.0,Multiplicity:1.33
0.001	0.997	0.001	0.001
0.135	0.863	0.001	0.001
0.001	0.001	0.001	0.997
0.200	0.154	0.645	0.001
0.767	0.001	0.231	0.001
0.158	0.840	0.001	0.001
0.318	0.001	0.001	0.680
0.739	0.001	0.259	0.001
0.001	0.142	0.154	0.703
0.791	0.001	0.001	0.207
>CGTTACATGC	2-CGTTACATGC	10.296193	-8.118413	0	T:1.0(2.56%),B:1.0(0.00%),P:1e-3,FDR:1	Tpos:21.0,Tstd:0.0,Bpos:30.3,Bstd:17.0,StrandBias:-10.0,Multiplicity:1.00
0.100	0.700	0.100	0.100
0.100	0.100	0.700	0.100
0.100	0.100	0.100	0.700
0.100	0.100	0.100	0.700
0.700	0.100	0.100	0.100
0.100	0.700	0.100	0.100
0.700	0.100	0.100	0.100
0.100	0.100	0.100	0.700
0.100	0.100	0.700	0.100
0.100	0.700	0.100	0.100
>GCCCGATCAC	3-GCCCGATCAC	10.296193	-8.118413	0	T:1.0(2.56%),B:1.2(0.00%),P:1e-3,FDR:1	Tpos:85.0,Tstd:0.0,Bpos:32.6,Bstd:18.0,StrandBias:10.0,Multiplicity:1.00
0.100	0.100	0.700	0.100
0.100	0.700	0.100	0.100
0.100	0.700	0.100	0.100
0.100	0.700	0.100	0.100
0.100	0.100	0.700	0.100
0.700	0.100	0.100	0.100
0.100	0.100	0.100	0.700
0.100	0.700	0.100	0.100
0.700	0.100	0.100	0.100
0.100	0.700	0.100	0.100
>CCTGTACCGA	4-CCTGTACCGA	10.296193	-8.118413	0	T:1.0(2.56%),B:1.8(0.00%),P:1e-3,FDR:1	Tpos:47.0,Tstd:0.0,Bpos:28.3,Bstd:8.5,StrandBias:10.0,Multiplicity:1.00
0.100	0.700	0.100	0.100
0.100	0.700	0.100	0.100
0.100	0.100	0.100	0.700
0.100	0.100	0.700	0.100
0.100	0.100	0.100	0.700
0.700	0.100	0.100	0.100
0.100	0.700	0.100	0.100
0.100	0.700	0.100	0.100
0.100	0.100	0.700	0.100
0.700	0.100	0.100	0.100
>TTTCATAACG	5-TTTCATAACG	10.296193	-7.425411	0	T:1.0(2.56%),B:2.6(0.00%),P:1e-3,FDR:1	Tpos:74.0,Tstd:0.0,Bpos:50.1,Bstd:13.5,StrandBias:-10.0,Multiplicity:1.00
0.100	0.100	0.100	0.700
0.100	0.100	0.100	0.700
0.100	0.100	0.100	0.700
0.100	0.700	0.100	0.100
0.700	0.100	0.100	0.100
0.100	0.100	0.100	0.700
0.700	0.100	0.100	0.100
0.700	0.100	0.100	0.100
0.100	0.700	0.100	0.100
0.100	0.100	0.700	0.100
>CGCCTCGCGA	6-CGCCTCGCGA	10.296193	-7.425411	0	T:1.0(2.56%),B:2.6(0.00%),P:1e-3,FDR:1	Tpos:95.0,Tstd:0.0,Bpos:37.0,Bstd:17.0,StrandBias:-10.0,Multiplicity:1.00
0.100	0.700	0.100	0.100
0.100	0.100	0.700	0.100
0.100	0.700	0.100	0.100
0.100	0.700	0.100	0.100
0.100	0.100	0.100	0.700
0.100	0.700	0.100	0.100
0.100	0.100	0.700	0.100
0.100	0.700	0.100	0.100
0.100	0.100	0.700	0.100
0.700	0.100	0.100	0.100
>CCTCGCACAA	7-CCTCGCACAA	12.297292	-6.509556	0	T:1.0(2.56%),B:5.4(0.00%),P:1e-2,FDR:1	Tpos:51.5,Tstd:23.5,Bpos:62.3,Bstd:27.7,StrandBias:-10.0,Multiplicity:2.00
0.108	0.890	0.001	0.001
0.001	0.997	0.001	0.001
0.264	0.001	0.001	0.734
0.001	0.997	0.001	0.001
0.264	0.001	0.734	0.001
0.001	0.843	0.155	0.001
0.843	0.001	0.001	0.155
0.001	0.843	0.001	0.155
0.997	0.001	0.001	0.001
0.734	0.264	0.001	0.001
>RAMAYKCMCM	8-RAMAYKCMCM	9.269880	-6.363943	0	T:4.0(10.26%),B:1726.6(1.32%),P:1e-2,FDR:1	Tpos:47.6,Tstd:36.4,Bpos:49.0,Bstd:44.7,StrandBias:0.6,Multiplicity:1.25
0.437	0.093	0.468	0.001
0.997	0.001	0.001	0.001
0.468	0.530	0.001	0.001
0.997	0.001	0.001	0.001
0.001	0.530	0.001	0.468
0.093	0.001	0.468	0.437
0.001	0.997	0.001	0.001
0.561	0.437	0.001	0.001
0.001	0.997	0.001	0.001
0.561	0.437	0.001	0.001
>TTGCHCTGATAA	1-TTGCHCTGATAA	10.800341	-15.568188	0	T:4.0(10.26%),B:159.4(0.12%),P:1e-6,FDR:1	Tpos:51.8,Tstd:24.4,Bpos:51.7,Bstd:29.2,StrandBias:1.6,Multiplicity:1.00
0.001	0.001	0.001	0.997
0.319	0.001	0.001	0.679
0.001	0.001	0.997	0.001
0.001	0.997	0.001	0.001
0.359	0.320	0.001	0.320
0.001	0.640	0.039	0.320
0.001	0.001	0.001	0.997
0.001	0.001	0.997	0.001
0.679	0.001	0.319	0.001
0.319	0.001	0.001	0.679
0.997	0.001	0.001	0.001
0.679	0.319	0.001	0.001
>AAADGGGDAGTG	2-AAADGGGDAGTG	11.010111	-14.106672	0	T:4.0(10.26%),B:230.5(0.18%),P:1e-6,FDR:1	Tpos:44.8,Tstd:28.3,Bpos:49.8,Bstd:30.1,StrandBias:10.0,Multiplicity:1.00
0.679	0.001	0.001	0.319
0.997	0.001	0.001	0.001
0.679	0.319	0.001	0.001
0.359	0.001	0.320	0.320
0.001	0.001	0.997	0.001
0.001	0.001	0.997	0.001
0.001	0.001	0.997	0.001
0.320	0.001	0.359	0.320
0.679	0.001	0.319	0.001
0.319	0.001	0.679	0.001
0.001	0.001	0.001	0.997
0.001	0.001	0.679	0.319
>ACAAAGGGGCAR	3-ACAAAGGGGCAR	6.475031	-11.738372	0	T:13.0(33.33%),B:10734.2(8.20%),P:1e-5,FDR:1	Tpos:47.7,Tstd:29.0,Bpos:50.9,Bstd:35.2,StrandBias:0.8,Multiplicity:1.08
0.890	0.011	0.001	0.098
0.295	0.703	0.001	0.001
0.803	0.098	0.098	0.001
0.704	0.098	0.197	0.001
0.900	0.001	0.001	0.098
0.197	0.001	0.704	0.098
0.099	0.099	0.506	0.296
0.098	0.001	0.704	0.197
0.098	0.098	0.803	0.001
0.001	0.704	0.197	0.098
0.406	0.198	0.199	0.198
0.396	0.208	0.395	0.001
>CCCCCGACCCTG	4-CCCCCGACCCTG	12.355432	-8.118413	0	T:1.0(2.56%),B:1.5(0.00%),P:1e-3,FDR:1	Tpos:49.0,Tstd:0.0,Bpos:51.0,Bstd:11.7,StrandBias:-10.0,Multiplicity:1.00
0.100	0.700	0.100	0.100
0.100	0.700	0.100	0.100
0.100	0.700	0.100	0.100
0.100	0.700	0.100	0.100
0.100	0.700	0.100	0.100
0.100	0.100	0.700	0.100
0.700	0.100	0.100	0.100
0.100	0.700	0.100	0.100
0.100	0.700	0.100	0.100
0.100	0.700	0.100	0.100
0.100	0.100	0.100	0.700
0.100	0.100	0.700	0.100
>GTGAGCAAGCTG	5-GTGAGCAAGCTG	12.355432	-7.425411	0	T:1.0(2.56%),B:3.0(0.00%),P:1e-3,FDR:1	Tpos:83.0,Tstd:0.0,Bpos:38.0,Bstd:7.1,StrandBias:10.0,Multiplicity:1.00
0.100	0.100	0.700	0.100
0.100	0.100	0.100	0.700
0.100	0.100	0.700	0.100
0.700	0.100	0.100	0.100
0.100	0.100	0.700	0.100
0.100	0.700	0.100	0.100
0.700	0.100	0.100	0.100
0.700	0.100	0.100	0.100
0.100	0.100	0.700	0.100
0.100	0.700	0.100	0.100
0.100	0.100	0.100	0.700
0.100	0.100	0.700	0.100
>AAAGGGCTCAGA	6-AAAGGGCTCAGA	12.355432	-7.425411	0	T:1.0(2.56%),B:2.3(0.00%),P:1e-3,FDR:1	Tpos:65.0,Tstd:0.0,Bpos:53.1,Bstd:20.0,StrandBias:10.0,Multiplicity:1.00
0.700	0.100	0.100	0.100
0.700	0.100	0.100	0.100
0.700	0.100	0.100	0.100
0.100	0.100	0.700	0.100
0.100	0.100	0.700	0.100
0.100	0.100	0.700	0.100
0.100	0.700	0.100	0.100
0.100	0.100	0.100	0.700
0.100	0.700	0.100	0.100
0.700	0.100	0.100	0.100
0.100	0.100	0.700	0.100
0.700	0.100	0.100	0.100
>GCCTGCCTTGGC	7-GCCTGCCTTGGC	12.355432	-7.425411	0	T:1.0(2.56%),B:2.5(0.00%),P:1e-3,FDR:1	Tpos:90.0,Tstd:0.0,Bpos:37.8,Bstd:10.3,StrandBias:10.0,Multiplicity:1.00
0.100	0.100	0.700	0.100
0.100	0.700	0.100	0.100
0.100	0.700	0.100	0.100
0.100	0.100	0.100	0.700
0.100	0.100	0.700	0.100
0.100	0.700	0.100	0.100
0.100	0.700	0.100	0.100
0.100	0.100	0.100	0.700
0.100	0.100	0.100	0.700
0.100	0.100	0.700	0.100
0.100	0.100	0.700	0.100
0.100	0.700	0.100	0.100
>AMACAMACAMAM	8-AMACAMACAMAM	14.146971	-0.986128	0	T:1.0(2.56%),B:1557.2(1.19%),P:1e0,FDR:1	Tpos:55.0,Tstd:8.6,Bpos:49.2,Bstd:50.5,StrandBias:10.0,Multiplicity:1.00
0.997	0.001	0.001	0.001
0.477	0.521	0.001	0.001
0.997	0.001	0.001	0.001
0.021	0.977	0.001	0.001
0.997	0.001	0.001	0.001
0.460	0.538	0.001	0.001
0.997	0.001	0.001	0.001
0.001	0.997	0.001	0.001
0.997	0.001	0.001	0.001
0.434	0.564	0.001	0.001
0.997	0.001	0.001	0.001
0.449	0.549	0.001	0.001
>CSGAGKTC	1-CSGAGKTC	8.591113	-9.037571	0	T:4.0(10.26%),B:844.1(0.65%),P:1e-3,FDR:1	Tpos:49.0,Tstd:24.3,Bpos:51.1,Bstd:28.7,StrandBias:10.0,Multiplicity:1.25
0.001	0.887	0.111	0.001
0.047	0.467	0.484	0.001
0.001	0.355	0.643	0.001
0.997	0.001	0.001	0.001
0.001	0.001	0.997	0.001
0.001	0.001	0.514	0.484
0.001	0.184	0.172	0.643
0.001	0.997	0.001	0.001
>GTGMCTTG	2-GTGMCTTG	7.747979	-8.427876	0	T:6.0(15.38%),B:2932.4(2.24%),P:1e-3,FDR:1	Tpos:52.9,Tstd:23.1,Bpos:48.6,Bstd:36.0,StrandBias:10.0,Multiplicity:1.33
0.117	0.001	0.881	0.001
0.001	0.001	0.001	0.997
0.001	0.001	0.997	0.001
0.429	0.306	0.264	0.001
0.001	0.715	0.283	0.001
0.001	0.001	0.001	0.997
0.001	0.001	0.001	0.997
0.001	0.001	0.997	0.001
>AAAAARGG	3-AAAAARGG	6.963857	-7.073791	0	T:8.0(20.51%),B:6905.8(5.28%),P:1e-3,FDR:1	Tpos:49.5,Tstd:26.6,Bpos:49.9,Bstd:45.8,StrandBias:0.5,Multiplicity:1.12
0.837	0.152	0.001	0.010
0.778	0.107	0.008	0.107
0.859	0.001	0.139	0.001
0.997	0.001	0.001	0.001
0.819	0.001	0.179	0.001
0.569	0.001	0.429	0.001
0.180	0.001	0.679	0.140
0.333	0.001	0.665	0.001
>GTHTGGCA	4-GTHTGGCA	7.086549	-5.992659	0	T:9.0(23.08%),B:10133.5(7.74%),P:1e-2,FDR:1	Tpos:44.6,Tstd:22.9,Bpos:49.6,Bstd:32.5,StrandBias:0.5,Multiplicity:1.50
0.001	0.001	0.997	0.001
0.001	0.383	0.001	0.615
0.309	0.383	0.001	0.307
0.402	0.001	0.001	0.596
0.001	0.001	0.997	0.001
0.001	0.001	0.997	0.001
0.001	0.512	0.152	0.335
0.932	0.066	0.001	0.001
>ACACACAC	5-ACACACAC	8.236954	-0.396636	0	T:1.0(2.56%),B:3693.8(2.82%),P:1e0,FDR:1	Tpos:54.0,Tstd:9.2,Bpos:49.0,Bstd:51.9,StrandBias:10.0,Multiplicity:1.00
0.700	0.100	0.100	0.100
0.100	0.700	0.100	0.100
0.700	0.100	0.100	0.100
0.100	0.700	0.100	0.100
0.700	0.100	0.100	0.100
0.100	0.700	0.100	0.100
0.700	0.100	0.100	0.100
0.100	0.700	0.100	0.100
