>CCTGACTATA	1-CCTGACTATA	9.167442	-15.467342	0	T:6.0(15.38%),B:841.5(0.64%),P:1e-6,FDR:1	Tpos:56.8,Tstd:29.4,Bpos:48.8,Bstd:36.5,StrandBias:0.0,Multiplicity:1.33
0.001	0.997	0.001	0.001
0.135	0.863	0.001	0.001
0.001	0.001	0.001	0.997
0.200	0.154	0.645	0.001
0.767	0.001	0.231	0.001
0.158	0.840	0.001	0.001
0.318	0.001	0.001	0.680
0.739	0.001	0.259	0.001
0.001	0.142	0.154	0.703
0.791	0.001	0.001	0.207
>CGTTACATGC	2-CGTTACATGC	10.296193	-8.118413	0	T:1.0(2.56%),B:1.0(0.00%),P:1e-3,FDR:1	Tpos:21.0,Tstd:0.0,Bpos:30.3,Bstd:17.0,StrandBias:-10.0,Multiplicity:1.00
0.100	0.700	0.100	0.100
0.100	0.100	0.700	0.100
0.100	0.100	0.100	0.700
0.100	0.100	0.100	0.700
0.700	0.100	0.100	0.100
0.100	0.700	0.100	0.100
0.700	0.100	0.100	0.100
0.100	0.100	0.100	0.700
0.100	0.100	0.700	0.100
0.100	0.700	0.100	0.100
>GCCCGATCAC	3-GCCCGATCAC	10.296193	-8.118413	0	T:1.0(2.56%),B:1.2(0.00%),P:1e-3,FDR:1	Tpos:85.0,Tstd:0.0,Bpos:32.6,Bstd:18.0,StrandBias:10.0,Multiplicity:1.00
0.100	0.100	0.700	0.100
0.100	0.700	0.100	0.100
0.100	0.700	0.100	0.100
0.100	0.700	0.100	0.100
0.100	0.100	0.700	0.100
0.700	0.100	0.100	0.100
0.100	0.100	0.100	0.700
0.100	0.700	0.100	0.100
0.700	0.100	0.100	0.100
0.100	0.700	0.100	0.100
>CCTGTACCGA	4-CCTGTACCGA	10.296193	-8.118413	0	T:1.0(2.56%),B:1.8(0.00%),P:1e-3,FDR:1	Tpos:47.0,Tstd:0.0,Bpos:28.3,Bstd:8.5,StrandBias:10.0,Multiplicity:1.00
0.100	0.700	0.100	0.100
0.100	0.700	0.100	0.100
0.100	0.100	0.100	0.700
0.100	0.100	0.700	0.100
0.100	0.100	0.100	0.700
0.700	0.100	0.100	0.100
0.100	0.700	0.100	0.100
0.100	0.700	0.100	0.100
0.100	0.100	0.700	0.100
0.700	0.100	0.100	0.100
>TTTCATAACG	5-TTTCATAACG	10.296193	-7.425411	0	T:1.0(2.56%),B:2.6(0.00%),P:1e-3,FDR:1	Tpos:74.0,Tstd:0.0,Bpos:50.1,Bstd:13.5,StrandBias:-10.0,Multiplicity:1.00
0.100	0.100	0.100	0.700
0.100	0.100	0.100	0.700
0.100	0.100	0.100	0.700
0.100	0.700	0.100	0.100
0.700	0.100	0.100	0.100
0.100	0.100	0.100	0.700
0.700	0.100	0.100	0.100
0.700	0.100	0.100	0.100
0.100	0.700	0.100	0.100
0.100	0.100	0.700	0.100
>CGCCTCGCGA	6-CGCCTCGCGA	10.296193	-7.425411	0	T:1.0(2.56%),B:2.6(0.00%),P:1e-3,FDR:1	Tpos:95.0,Tstd:0.0,Bpos:37.0,Bstd:17.0,StrandBias:-10.0,Multiplicity:1.00
0.100	0.700	0.100	0.100
0.100	0.100	0.700	0.100
0.100	0.700	0.100	0.100
0.100	0.700	0.100	0.100
0.100	0.100	0.100	0.700
0.100	0.700	0.100	0.100
0.100	0.100	0.700	0.100
0.100	0.700	0.100	0.100
0.100	0.100	0.700	0.100
0.700	0.100	0.100	0.100
>CCTCGCACAA	7-CCTCGCACAA	12.297292	-6.509556	0	T:1.0(2.56%),B:5.4(0.00%),P:1e-2,FDR:1	Tpos:51.5,Tstd:23.5,Bpos:62.3,Bstd:27.7,StrandBias:-10.0,Multiplicity:2.00
0.108	0.890	0.001	0.001
0.001	0.997	0.001	0.001
0.264	0.001	0.001	0.734
0.001	0.997	0.001	0.001
0.264	0.001	0.734	0.001
0.001	0.843	0.155	0.001
0.843	0.001	0.001	0.155
0.001	0.843	0.001	0.155
0.997	0.001	0.001	0.001
0.734	0.264	0.001	0.001
>RAMAYKCMCM	8-RAMAYKCMCM	9.269880	-6.363943	0	T:4.0(10.26%),B:1726.6(1.32%),P:1e-2,FDR:1	Tpos:47.6,Tstd:36.4,Bpos:49.0,Bstd:44.7,StrandBias:0.6,Multiplicity:1.25
0.437	0.093	0.468	0.001
0.997	0.001	0.001	0.001
0.468	0.530	0.001	0.001
0.997	0.001	0.001	0.001
0.001	0.530	0.001	0.468
0.093	0.001	0.468	0.437
0.001	0.997	0.001	0.001
0.561	0.437	0.001	0.001
0.001	0.997	0.001	0.001
0.561	0.437	0.001	0.001
