>TTGCHCTGATAA	1-TTGCHCTGATAA	10.800341	-15.568188	0	T:4.0(10.26%),B:159.4(0.12%),P:1e-6,FDR:1	Tpos:51.8,Tstd:24.4,Bpos:51.7,Bstd:29.2,StrandBias:1.6,Multiplicity:1.00
0.001	0.001	0.001	0.997
0.319	0.001	0.001	0.679
0.001	0.001	0.997	0.001
0.001	0.997	0.001	0.001
0.359	0.320	0.001	0.320
0.001	0.640	0.039	0.320
0.001	0.001	0.001	0.997
0.001	0.001	0.997	0.001
0.679	0.001	0.319	0.001
0.319	0.001	0.001	0.679
0.997	0.001	0.001	0.001
0.679	0.319	0.001	0.001
>AAADGGGDAGTG	2-AAADGGGDAGTG	11.010111	-14.106672	0	T:4.0(10.26%),B:230.5(0.18%),P:1e-6,FDR:1	Tpos:44.8,Tstd:28.3,Bpos:49.8,Bstd:30.1,StrandBias:10.0,Multiplicity:1.00
0.679	0.001	0.001	0.319
0.997	0.001	0.001	0.001
0.679	0.319	0.001	0.001
0.359	0.001	0.320	0.320
0.001	0.001	0.997	0.001
0.001	0.001	0.997	0.001
0.001	0.001	0.997	0.001
0.320	0.001	0.359	0.320
0.679	0.001	0.319	0.001
0.319	0.001	0.679	0.001
0.001	0.001	0.001	0.997
0.001	0.001	0.679	0.319
>ACAAAGGGGCAR	3-ACAAAGGGGCAR	6.475031	-11.738372	0	T:13.0(33.33%),B:10734.2(8.20%),P:1e-5,FDR:1	Tpos:47.7,Tstd:29.0,Bpos:50.9,Bstd:35.2,StrandBias:0.8,Multiplicity:1.08
0.890	0.011	0.001	0.098
0.295	0.703	0.001	0.001
0.803	0.098	0.098	0.001
0.704	0.098	0.197	0.001
0.900	0.001	0.001	0.098
0.197	0.001	0.704	0.098
0.099	0.099	0.506	0.296
0.098	0.001	0.704	0.197
0.098	0.098	0.803	0.001
0.001	0.704	0.197	0.098
0.406	0.198	0.199	0.198
0.396	0.208	0.395	0.001
>CCCCCGACCCTG	4-CCCCCGACCCTG	12.355432	-8.118413	0	T:1.0(2.56%),B:1.5(0.00%),P:1e-3,FDR:1	Tpos:49.0,Tstd:0.0,Bpos:51.0,Bstd:11.7,StrandBias:-10.0,Multiplicity:1.00
0.100	0.700	0.100	0.100
0.100	0.700	0.100	0.100
0.100	0.700	0.100	0.100
0.100	0.700	0.100	0.100
0.100	0.700	0.100	0.100
0.100	0.100	0.700	0.100
0.700	0.100	0.100	0.100
0.100	0.700	0.100	0.100
0.100	0.700	0.100	0.100
0.100	0.700	0.100	0.100
0.100	0.100	0.100	0.700
0.100	0.100	0.700	0.100
>GTGAGCAAGCTG	5-GTGAGCAAGCTG	12.355432	-7.425411	0	T:1.0(2.56%),B:3.0(0.00%),P:1e-3,FDR:1	Tpos:83.0,Tstd:0.0,Bpos:38.0,Bstd:7.1,StrandBias:10.0,Multiplicity:1.00
0.100	0.100	0.700	0.100
0.100	0.100	0.100	0.700
0.100	0.100	0.700	0.100
0.700	0.100	0.100	0.100
0.100	0.100	0.700	0.100
0.100	0.700	0.100	0.100
0.700	0.100	0.100	0.100
0.700	0.100	0.100	0.100
0.100	0.100	0.700	0.100
0.100	0.700	0.100	0.100
0.100	0.100	0.100	0.700
0.100	0.100	0.700	0.100
>AAAGGGCTCAGA	6-AAAGGGCTCAGA	12.355432	-7.425411	0	T:1.0(2.56%),B:2.3(0.00%),P:1e-3,FDR:1	Tpos:65.0,Tstd:0.0,Bpos:53.1,Bstd:20.0,StrandBias:10.0,Multiplicity:1.00
0.700	0.100	0.100	0.100
0.700	0.100	0.100	0.100
0.700	0.100	0.100	0.100
0.100	0.100	0.700	0.100
0.100	0.100	0.700	0.100
0.100	0.100	0.700	0.100
0.100	0.700	0.100	0.100
0.100	0.100	0.100	0.700
0.100	0.700	0.100	0.100
0.700	0.100	0.100	0.100
0.100	0.100	0.700	0.100
0.700	0.100	0.100	0.100
>GCCTGCCTTGGC	7-GCCTGCCTTGGC	12.355432	-7.425411	0	T:1.0(2.56%),B:2.5(0.00%),P:1e-3,FDR:1	Tpos:90.0,Tstd:0.0,Bpos:37.8,Bstd:10.3,StrandBias:10.0,Multiplicity:1.00
0.100	0.100	0.700	0.100
0.100	0.700	0.100	0.100
0.100	0.700	0.100	0.100
0.100	0.100	0.100	0.700
0.100	0.100	0.700	0.100
0.100	0.700	0.100	0.100
0.100	0.700	0.100	0.100
0.100	0.100	0.100	0.700
0.100	0.100	0.100	0.700
0.100	0.100	0.700	0.100
0.100	0.100	0.700	0.100
0.100	0.700	0.100	0.100
>AMACAMACAMAM	8-AMACAMACAMAM	14.146971	-0.986128	0	T:1.0(2.56%),B:1557.2(1.19%),P:1e0,FDR:1	Tpos:55.0,Tstd:8.6,Bpos:49.2,Bstd:50.5,StrandBias:10.0,Multiplicity:1.00
0.997	0.001	0.001	0.001
0.477	0.521	0.001	0.001
0.997	0.001	0.001	0.001
0.021	0.977	0.001	0.001
0.997	0.001	0.001	0.001
0.460	0.538	0.001	0.001
0.997	0.001	0.001	0.001
0.001	0.997	0.001	0.001
0.997	0.001	0.001	0.001
0.434	0.564	0.001	0.001
0.997	0.001	0.001	0.001
0.449	0.549	0.001	0.001
