>WSWRWCCAKCCT	1-WSWRWCCAKCCT	6.711133	-17.628204	0	T:8.0(8.60%),B:15.0(0.49%),P:1e-7	Tpos:58.2,Tstd:18.1,Bpos:41.4,Bstd:22.8,StrandBias:1.6,Multiplicity:1.00
0.549	0.012	0.001	0.438
0.001	0.463	0.535	0.001
0.438	0.001	0.122	0.439
0.437	0.001	0.561	0.001
0.439	0.097	0.001	0.463
0.001	0.997	0.001	0.001
0.001	0.997	0.001	0.001
0.987	0.001	0.001	0.011
0.001	0.001	0.561	0.437
0.001	0.997	0.001	0.001
0.001	0.997	0.001	0.001
0.001	0.001	0.001	0.997
>RCCATGTAWCGA	2-RCCATGTAWCGA	7.983024	-14.522480	0	T:4.0(4.30%),B:2.0(0.06%),P:1e-6	Tpos:43.3,Tstd:19.1,Bpos:47.5,Bstd:24.5,StrandBias:0.0,Multiplicity:1.50
0.561	0.001	0.437	0.001
0.001	0.997	0.001	0.001
0.001	0.937	0.061	0.001
0.997	0.001	0.001	0.001
0.001	0.001	0.001	0.997
0.001	0.001	0.997	0.001
0.001	0.001	0.001	0.997
0.997	0.001	0.001	0.001
0.561	0.001	0.001	0.437
0.001	0.997	0.001	0.001
0.001	0.001	0.937	0.061
0.997	0.001	0.001	0.001
>AWATGAGGGATG	3-AWATGAGGGATG	8.784709	-11.833111	0	T:13.0(13.98%),B:97.0(3.15%),P:1e-5	Tpos:39.5,Tstd:24.5,Bpos:54.2,Bstd:23.8,StrandBias:-0.9,Multiplicity:1.23
0.448	0.276	0.274	0.001
0.448	0.001	0.137	0.414
0.588	0.001	0.274	0.137
0.276	0.001	0.274	0.448
0.001	0.136	0.862	0.001
0.982	0.001	0.016	0.001
0.001	0.001	0.862	0.136
0.001	0.001	0.997	0.001
0.001	0.001	0.827	0.171
0.860	0.137	0.002	0.001
0.274	0.001	0.274	0.450
0.153	0.001	0.845	0.001
>TGTAAACAATGA	4-TGTAAACAATGA	13.414181	-7.726374	0	T:2.0(2.15%),B:0.0(0.00%),P:1e-3	Tpos:32.0,Tstd:23.5,Bpos:0.0,Bstd:0.0,StrandBias:10.0,Multiplicity:1.50
0.001	0.001	0.001	0.997
0.001	0.001	0.997	0.001
0.001	0.001	0.001	0.997
0.997	0.001	0.001	0.001
0.997	0.001	0.001	0.001
0.778	0.220	0.001	0.001
0.001	0.847	0.151	0.001
0.997	0.001	0.001	0.001
0.778	0.001	0.220	0.001
0.001	0.001	0.001	0.997
0.001	0.001	0.997	0.001
0.997	0.001	0.001	0.001
>TCTCACACACAC	5-TCTCACACACAC	15.708310	-3.516263	0	T:1.0(1.08%),B:0.0(0.00%),P:1e-1	Tpos:43.0,Tstd:0.0,Bpos:0.0,Bstd:0.0,StrandBias:10.0,Multiplicity:1.00
0.001	0.001	0.001	0.997
0.001	0.997	0.001	0.001
0.001	0.001	0.001	0.997
0.001	0.997	0.001	0.001
0.778	0.001	0.001	0.220
0.001	0.997	0.001	0.001
0.784	0.001	0.001	0.214
0.001	0.997	0.001	0.001
0.791	0.001	0.001	0.207
0.001	0.997	0.001	0.001
0.840	0.001	0.001	0.158
0.001	0.997	0.001	0.001
