>TTTTGTATCC	1-TTTTGTATCC	10.939106	-17.391878	0	T:7.0(7.53%),B:10.0(0.32%),P:1e-7	Tpos:63.1,Tstd:27.1,Bpos:46.2,Bstd:21.6,StrandBias:-0.4,Multiplicity:1.00
0.001	0.109	0.001	0.889
0.001	0.001	0.001	0.997
0.001	0.157	0.001	0.841
0.001	0.001	0.001	0.997
0.001	0.001	0.997	0.001
0.001	0.001	0.001	0.997
0.841	0.157	0.001	0.001
0.127	0.001	0.001	0.871
0.001	0.997	0.001	0.001
0.158	0.683	0.001	0.158
>CAGTTGAACT	2-CAGTTGAACT	11.557282	-14.522480	0	T:4.0(4.30%),B:2.0(0.06%),P:1e-6	Tpos:52.5,Tstd:15.5,Bpos:43.5,Bstd:3.5,StrandBias:-1.0,Multiplicity:1.00
0.199	0.799	0.001	0.001
0.997	0.001	0.001	0.001
0.001	0.001	0.997	0.001
0.001	0.001	0.001	0.997
0.001	0.001	0.001	0.997
0.001	0.199	0.799	0.001
0.799	0.001	0.199	0.001
0.997	0.001	0.001	0.001
0.001	0.997	0.001	0.001
0.001	0.199	0.001	0.799
>TGAGTGCTGT	3-TGAGTGCTGT	8.366849	-14.440091	0	T:11.0(11.83%),B:52.0(1.69%),P:1e-6	Tpos:56.0,Tstd:30.6,Bpos:52.0,Bstd:27.6,StrandBias:3.8,Multiplicity:1.36
0.001	0.001	0.265	0.733
0.001	0.001	0.997	0.001
0.625	0.001	0.001	0.373
0.001	0.001	0.997	0.001
0.001	0.001	0.001	0.997
0.133	0.266	0.600	0.001
0.297	0.569	0.133	0.001
0.001	0.133	0.107	0.759
0.001	0.001	0.917	0.081
0.132	0.001	0.001	0.866
>GGCTCCCATG	4-GGCTCCCATG	11.627756	-10.926408	0	T:4.0(4.30%),B:5.0(0.16%),P:1e-4	Tpos:37.4,Tstd:26.7,Bpos:31.8,Bstd:29.0,StrandBias:-0.7,Multiplicity:2.00
0.001	0.001	0.997	0.001
0.001	0.001	0.997	0.001
0.001	0.997	0.001	0.001
0.001	0.001	0.001	0.997
0.001	0.845	0.153	0.001
0.001	0.845	0.001	0.153
0.001	0.997	0.001	0.001
0.997	0.001	0.001	0.001
0.001	0.001	0.153	0.845
0.001	0.001	0.997	0.001
>ATAGAGGTCG	5-ATAGAGGTCG	5.434027	-9.219011	0	T:5.0(5.38%),B:15.0(0.49%),P:1e-4	Tpos:41.0,Tstd:28.0,Bpos:66.5,Bstd:21.0,StrandBias:0.3,Multiplicity:1.80
0.778	0.001	0.001	0.220
0.001	0.001	0.001	0.997
0.997	0.001	0.001	0.001
0.001	0.001	0.997	0.001
0.997	0.001	0.001	0.001
0.033	0.001	0.965	0.001
0.001	0.001	0.997	0.001
0.034	0.034	0.001	0.931
0.034	0.931	0.001	0.034
0.001	0.033	0.965	0.001
>CCTCTTACTT	6-CCTCTTACTT	11.466479	-7.910305	0	T:4.0(4.30%),B:11.0(0.36%),P:1e-3	Tpos:43.3,Tstd:20.8,Bpos:55.0,Bstd:29.8,StrandBias:2.6,Multiplicity:1.75
0.001	0.777	0.001	0.221
0.001	0.997	0.001	0.001
0.001	0.001	0.001	0.997
0.001	0.997	0.001	0.001
0.001	0.221	0.001	0.777
0.001	0.001	0.001	0.997
0.666	0.154	0.001	0.179
0.001	0.997	0.001	0.001
0.001	0.001	0.001	0.997
0.001	0.001	0.001	0.997
>GAACAATTGT	7-GAACAATTGT	11.169074	-5.568317	0	T:2.0(2.15%),B:3.0(0.10%),P:1e-2	Tpos:28.8,Tstd:11.6,Bpos:54.5,Bstd:21.8,StrandBias:0.0,Multiplicity:2.00
0.167	0.167	0.500	0.167
0.997	0.001	0.001	0.001
0.997	0.001	0.001	0.001
0.001	0.832	0.166	0.001
0.997	0.001	0.001	0.001
0.997	0.001	0.001	0.001
0.001	0.001	0.001	0.997
0.001	0.001	0.001	0.997
0.001	0.001	0.832	0.166
0.001	0.001	0.001	0.997
>ACAMACACAC	8-ACAMACACAC	10.393490	-4.810989	0	T:4.0(4.30%),B:26.0(0.84%),P:1e-2	Tpos:55.2,Tstd:17.2,Bpos:44.7,Bstd:28.5,StrandBias:2.6,Multiplicity:1.25
0.997	0.001	0.001	0.001
0.001	0.997	0.001	0.001
0.997	0.001	0.001	0.001
0.394	0.504	0.001	0.101
0.997	0.001	0.001	0.001
0.001	0.997	0.001	0.001
0.997	0.001	0.001	0.001
0.067	0.807	0.125	0.001
0.997	0.001	0.001	0.001
0.001	0.898	0.001	0.100
