>ACATGTGT	1-ACATGTGT	7.618465	-12.904859	0	T:11.0(11.83%),B:61.0(1.98%),P:1e-5	Tpos:40.2,Tstd:27.4,Bpos:53.7,Bstd:26.1,StrandBias:-0.2,Multiplicity:1.00
0.928	0.001	0.001	0.070
0.046	0.887	0.001	0.066
0.997	0.001	0.001	0.001
0.001	0.001	0.001	0.997
0.049	0.070	0.880	0.001
0.111	0.001	0.001	0.887
0.090	0.157	0.691	0.062
0.001	0.065	0.001	0.933
>GTTACACA	2-GTTACACA	7.331326	-11.739007	0	T:10.0(10.75%),B:56.0(1.82%),P:1e-5	Tpos:47.9,Tstd:25.9,Bpos:45.2,Bstd:27.0,StrandBias:0.8,Multiplicity:1.40
0.113	0.134	0.752	0.001
0.001	0.001	0.379	0.619
0.063	0.253	0.001	0.683
0.861	0.069	0.001	0.069
0.001	0.876	0.122	0.001
0.901	0.097	0.001	0.001
0.033	0.894	0.072	0.001
0.803	0.126	0.001	0.070
>GTCCACCB	3-GTCCACCB	8.681402	-10.292740	0	T:3.0(3.23%),B:2.0(0.06%),P:1e-4	Tpos:51.7,Tstd:32.0,Bpos:35.0,Bstd:24.0,StrandBias:1.0,Multiplicity:1.00
0.068	0.001	0.930	0.001
0.001	0.316	0.001	0.682
0.126	0.872	0.001	0.001
0.190	0.652	0.001	0.157
0.930	0.001	0.001	0.068
0.127	0.715	0.157	0.001
0.001	0.872	0.001	0.126
0.001	0.284	0.284	0.430
>ACCAYMAC	4-ACCAYMAC	8.121801	-6.979443	0	T:11.0(11.83%),B:119.0(3.86%),P:1e-3	Tpos:51.2,Tstd:23.9,Bpos:53.4,Bstd:27.4,StrandBias:2.3,Multiplicity:1.36
0.640	0.001	0.358	0.001
0.358	0.640	0.001	0.001
0.001	0.997	0.001	0.001
0.997	0.001	0.001	0.001
0.001	0.534	0.001	0.464
0.425	0.573	0.001	0.001
0.997	0.001	0.001	0.001
0.001	0.997	0.001	0.001
>AAAMAAAD	5-AAAMAAAD	7.193154	-5.490278	0	T:14.0(15.05%),B:210.0(6.81%),P:1e-2	Tpos:61.1,Tstd:23.2,Bpos:48.5,Bstd:26.7,StrandBias:-1.9,Multiplicity:1.14
0.730	0.001	0.268	0.001
0.801	0.001	0.001	0.197
0.894	0.001	0.001	0.104
0.533	0.465	0.001	0.001
0.741	0.257	0.001	0.001
0.583	0.024	0.154	0.239
0.620	0.001	0.001	0.378
0.272	0.001	0.330	0.396
