>GTCAGAAGCTYS	1-GTCAGAAGCTYS	9.295945	-22.259753	0	T:11.0(11.83%),B:24.0(0.78%),P:1e-9	Tpos:50.0,Tstd:25.4,Bpos:51.5,Bstd:28.0,StrandBias:0.5,Multiplicity:1.09
0.001	0.001	0.997	0.001
0.352	0.001	0.001	0.646
0.001	0.997	0.001	0.001
0.931	0.067	0.001	0.001
0.359	0.067	0.573	0.001
0.997	0.001	0.001	0.001
0.647	0.176	0.176	0.001
0.001	0.001	0.997	0.001
0.001	0.822	0.176	0.001
0.176	0.001	0.001	0.822
0.001	0.359	0.176	0.463
0.001	0.427	0.389	0.183
>CCTGCTVCTSCT	2-CCTGCTVCTSCT	8.018338	-14.054572	0	T:9.0(9.68%),B:33.0(1.07%),P:1e-6	Tpos:58.6,Tstd:27.5,Bpos:55.1,Bstd:27.3,StrandBias:-0.7,Multiplicity:1.11
0.001	0.842	0.156	0.001
0.153	0.845	0.001	0.001
0.001	0.001	0.001	0.997
0.001	0.153	0.845	0.001
0.001	0.649	0.349	0.001
0.001	0.154	0.013	0.832
0.309	0.198	0.339	0.154
0.012	0.986	0.001	0.001
0.001	0.001	0.001	0.997
0.001	0.521	0.465	0.013
0.001	0.845	0.153	0.001
0.001	0.001	0.001	0.997
>STGCCAYGGYSA	3-STGCCAYGGYSA	11.443307	-12.923667	0	T:4.0(4.30%),B:3.0(0.10%),P:1e-5	Tpos:37.7,Tstd:27.7,Bpos:45.0,Bstd:26.5,StrandBias:1.0,Multiplicity:1.50
0.001	0.526	0.438	0.035
0.001	0.001	0.001	0.997
0.001	0.001	0.997	0.001
0.001	0.997	0.001	0.001
0.001	0.997	0.001	0.001
0.997	0.001	0.001	0.001
0.001	0.437	0.001	0.561
0.001	0.001	0.997	0.001
0.001	0.001	0.997	0.001
0.001	0.437	0.001	0.561
0.044	0.438	0.517	0.001
0.997	0.001	0.001	0.001
>TDCAGGAGGTGT	4-TDCAGGAGGTGT	13.269470	-10.292740	0	T:3.0(3.23%),B:2.0(0.06%),P:1e-4	Tpos:57.0,Tstd:27.1,Bpos:57.0,Bstd:30.0,StrandBias:-1.0,Multiplicity:1.00
0.001	0.001	0.001	0.997
0.304	0.001	0.390	0.304
0.021	0.608	0.305	0.066
0.997	0.001	0.001	0.001
0.001	0.001	0.997	0.001
0.001	0.001	0.997	0.001
0.997	0.001	0.001	0.001
0.001	0.001	0.997	0.001
0.001	0.001	0.997	0.001
0.304	0.001	0.001	0.694
0.020	0.001	0.978	0.001
0.001	0.001	0.001	0.997
>TTGTAGGAGGTG	5-TTGTAGGAGGTG	14.892669	-7.726374	0	T:2.0(2.15%),B:1.0(0.03%),P:1e-3	Tpos:48.4,Tstd:18.8,Bpos:50.0,Bstd:0.0,StrandBias:2.0,Multiplicity:2.50
0.001	0.001	0.001	0.997
0.001	0.001	0.001	0.997
0.001	0.001	0.997	0.001
0.237	0.001	0.001	0.761
0.997	0.001	0.001	0.001
0.001	0.001	0.997	0.001
0.001	0.001	0.997	0.001
0.997	0.001	0.001	0.001
0.001	0.001	0.997	0.001
0.001	0.001	0.997	0.001
0.001	0.001	0.001	0.997
0.237	0.001	0.761	0.001
