>CCCCACAGTTAC	1-CCCCACAGTTAC	10.659983	-21.649196	0	T:14.0(9.59%),B:1507.1(1.01%),P:1e-9,FDR:1	Tpos:50.6,Tstd:27.5,Bpos:50.0,Bstd:30.2,StrandBias:-0.4,Multiplicity:1.14
0.075	0.748	0.176	0.001
0.001	0.769	0.001	0.229
0.001	0.791	0.001	0.207
0.176	0.647	0.001	0.176
0.833	0.165	0.001	0.001
0.001	0.997	0.001	0.001
0.882	0.001	0.001	0.116
0.293	0.001	0.705	0.001
0.001	0.001	0.001	0.997
0.001	0.001	0.197	0.801
0.997	0.001	0.001	0.001
0.001	0.851	0.001	0.147
>GGGGCACWGAGA	2-GGGGCACWGAGA	10.892790	-17.868910	0	T:7.0(4.79%),B:284.6(0.19%),P:1e-7,FDR:1	Tpos:52.7,Tstd:29.3,Bpos:49.6,Bstd:26.4,StrandBias:2.0,Multiplicity:1.43
0.408	0.001	0.590	0.001
0.001	0.392	0.606	0.001
0.001	0.001	0.997	0.001
0.001	0.001	0.997	0.001
0.001	0.997	0.001	0.001
0.654	0.001	0.001	0.344
0.001	0.997	0.001	0.001
0.558	0.001	0.009	0.432
0.001	0.404	0.594	0.001
0.589	0.409	0.001	0.001
0.001	0.001	0.997	0.001
0.802	0.001	0.196	0.001
>TGATGBGGCSTG	3-TGATGBGGCSTG	9.987858	-14.285994	0	T:7.0(4.79%),B:485.8(0.33%),P:1e-6,FDR:1	Tpos:49.0,Tstd:17.9,Bpos:48.0,Bstd:38.4,StrandBias:0.0,Multiplicity:1.43
0.001	0.001	0.236	0.762
0.001	0.001	0.997	0.001
0.997	0.001	0.001	0.001
0.206	0.184	0.117	0.494
0.389	0.001	0.609	0.001
0.117	0.343	0.307	0.233
0.206	0.299	0.470	0.026
0.001	0.001	0.704	0.294
0.001	0.716	0.282	0.001
0.146	0.415	0.438	0.001
0.001	0.001	0.001	0.997
0.001	0.001	0.997	0.001
>TGGGWAGGCSTG	4-TGGGWAGGCSTG	14.122301	-9.290729	0	T:2.0(1.37%),B:14.1(0.01%),P:1e-4,FDR:1	Tpos:50.8,Tstd:29.4,Bpos:43.1,Bstd:29.8,StrandBias:-1.6,Multiplicity:2.00
0.001	0.001	0.001	0.997
0.001	0.001	0.997	0.001
0.001	0.001	0.997	0.001
0.001	0.001	0.997	0.001
0.473	0.001	0.001	0.525
0.997	0.001	0.001	0.001
0.001	0.001	0.997	0.001
0.389	0.001	0.609	0.001
0.001	0.609	0.389	0.001
0.001	0.473	0.525	0.001
0.001	0.001	0.001	0.997
0.001	0.001	0.997	0.001
>AGAGAGASAGAG	5-AGAGAGASAGAG	12.958246	-6.355471	0	T:3.0(2.05%),B:238.2(0.16%),P:1e-2,FDR:1	Tpos:21.6,Tstd:20.6,Bpos:49.1,Bstd:30.7,StrandBias:10.0,Multiplicity:1.00
0.893	0.001	0.105	0.001
0.001	0.086	0.797	0.116
0.997	0.001	0.001	0.001
0.001	0.141	0.857	0.001
0.997	0.001	0.001	0.001
0.001	0.165	0.653	0.181
0.997	0.001	0.001	0.001
0.001	0.564	0.420	0.015
0.997	0.001	0.001	0.001
0.001	0.118	0.880	0.001
0.997	0.001	0.001	0.001
0.082	0.277	0.514	0.127
>AGTGGATGAGGA	6-AGTGGATGAGGA	12.355432	-6.237736	0	T:1.0(0.68%),B:2.6(0.00%),P:1e-2,FDR:1	Tpos:52.0,Tstd:31.8,Bpos:59.9,Bstd:13.7,StrandBias:-10.0,Multiplicity:3.00
0.700	0.100	0.100	0.100
0.100	0.100	0.700	0.100
0.100	0.100	0.100	0.700
0.100	0.100	0.700	0.100
0.100	0.100	0.700	0.100
0.700	0.100	0.100	0.100
0.100	0.100	0.100	0.700
0.100	0.100	0.700	0.100
0.700	0.100	0.100	0.100
0.100	0.100	0.700	0.100
0.100	0.100	0.700	0.100
0.700	0.100	0.100	0.100
>AAAAAAAAAAAA	7-AAAAAAAAAAAA	10.366503	-4.400369	0	T:7.0(4.79%),B:2513.5(1.68%),P:1e-1,FDR:1	Tpos:47.8,Tstd:30.1,Bpos:50.9,Bstd:26.1,StrandBias:0.4,Multiplicity:1.29
0.715	0.283	0.001	0.001
0.836	0.162	0.001	0.001
0.752	0.246	0.001	0.001
0.793	0.180	0.026	0.001
0.670	0.240	0.001	0.089
0.850	0.148	0.001	0.001
0.604	0.351	0.001	0.044
0.832	0.166	0.001	0.001
0.743	0.194	0.044	0.019
0.788	0.165	0.046	0.001
0.750	0.165	0.084	0.001
0.714	0.168	0.117	0.001
>CCCCCCCCCCCC	8-CCCCCCCCCCCC	10.409522	-2.449391	0	T:3.0(2.05%),B:1059.3(0.71%),P:1e-1,FDR:1	Tpos:26.2,Tstd:20.9,Bpos:50.2,Bstd:29.7,StrandBias:-1.7,Multiplicity:1.00
0.100	0.700	0.100	0.100
0.100	0.700	0.100	0.100
0.100	0.700	0.100	0.100
0.100	0.700	0.100	0.100
0.100	0.700	0.100	0.100
0.100	0.700	0.100	0.100
0.100	0.700	0.100	0.100
0.100	0.700	0.100	0.100
0.100	0.700	0.100	0.100
0.100	0.700	0.100	0.100
0.100	0.700	0.100	0.100
0.100	0.700	0.100	0.100
