>ACCCATGCTC	1-ACCCATGCTC	8.395005	-82.663778	0	T:32.0(1.99%),B:1.0(0.06%),P:1e-35	Tpos:50.0,Tstd:26.3,Bpos:27.0,Bstd:0.0,StrandBias:0.6,Multiplicity:1.16
0.841	0.066	0.026	0.067
0.053	0.813	0.081	0.053
0.120	0.801	0.026	0.053
0.054	0.893	0.013	0.040
0.881	0.026	0.040	0.053
0.081	0.028	0.235	0.656
0.040	0.059	0.835	0.066
0.041	0.826	0.120	0.013
0.081	0.156	0.026	0.737
0.053	0.746	0.160	0.041
>GGACTGGTGG	2-GGACTGGTGG	8.947077	-62.286957	0	T:26.0(1.62%),B:1.0(0.06%),P:1e-27	Tpos:47.4,Tstd:27.2,Bpos:15.0,Bstd:0.0,StrandBias:0.0,Multiplicity:1.00
0.081	0.001	0.834	0.084
0.137	0.028	0.807	0.028
0.800	0.001	0.198	0.001
0.001	0.826	0.005	0.168
0.278	0.001	0.001	0.720
0.001	0.027	0.971	0.001
0.199	0.137	0.636	0.028
0.221	0.001	0.044	0.734
0.005	0.028	0.966	0.001
0.093	0.226	0.675	0.006
>ACSCTGACCT	3-ACSCTGACCT	9.571605	-49.453303	0	T:22.0(1.37%),B:1.0(0.06%),P:1e-21	Tpos:50.9,Tstd:26.0,Bpos:11.0,Bstd:0.0,StrandBias:-0.7,Multiplicity:1.52
0.818	0.001	0.145	0.036
0.082	0.447	0.283	0.188
0.036	0.429	0.392	0.142
0.001	0.997	0.001	0.001
0.035	0.001	0.001	0.963
0.001	0.001	0.997	0.001
0.583	0.001	0.115	0.301
0.001	0.989	0.009	0.001
0.035	0.963	0.001	0.001
0.072	0.171	0.001	0.756
>ACAGATCCCT	4-ACAGATCCCT	7.851449	-45.216158	0	T:26.0(1.62%),B:2.0(0.12%),P:1e-19	Tpos:46.4,Tstd:25.0,Bpos:73.5,Bstd:10.5,StrandBias:-0.7,Multiplicity:1.00
0.793	0.029	0.095	0.083
0.085	0.802	0.057	0.056
0.859	0.042	0.028	0.071
0.069	0.056	0.833	0.042
0.818	0.071	0.097	0.014
0.097	0.096	0.083	0.724
0.057	0.857	0.043	0.043
0.111	0.804	0.042	0.043
0.085	0.735	0.043	0.137
0.098	0.056	0.042	0.804
>AGGGGTGGTG	5-AGGGGTGGTG	8.467054	-32.817762	0	T:76.0(4.72%),B:27.0(1.69%),P:1e-14	Tpos:49.9,Tstd:25.8,Bpos:44.7,Bstd:29.3,StrandBias:0.0,Multiplicity:1.14
0.618	0.030	0.207	0.145
0.023	0.038	0.894	0.045
0.060	0.015	0.817	0.108
0.052	0.071	0.824	0.053
0.052	0.156	0.769	0.023
0.103	0.096	0.102	0.699
0.038	0.015	0.902	0.045
0.079	0.047	0.837	0.037
0.068	0.008	0.184	0.740
0.015	0.030	0.917	0.038
>DGATAATTTN	6-DGATAATTTN	5.393392	-32.741253	0	T:21.0(1.31%),B:2.0(0.12%),P:1e-14	Tpos:52.4,Tstd:18.8,Bpos:25.0,Bstd:0.0,StrandBias:0.1,Multiplicity:1.00
0.364	0.126	0.237	0.273
0.156	0.155	0.530	0.159
0.544	0.155	0.148	0.153
0.164	0.149	0.177	0.510
0.537	0.154	0.159	0.150
0.532	0.168	0.153	0.147
0.144	0.153	0.153	0.550
0.128	0.151	0.165	0.556
0.153	0.118	0.142	0.587
0.232	0.236	0.290	0.242
>TATCAAACTG	7-TATCAAACTG	7.208991	-30.908789	0	T:60.0(3.73%),B:19.0(1.19%),P:1e-13	Tpos:49.8,Tstd:26.4,Bpos:54.2,Bstd:16.8,StrandBias:0.2,Multiplicity:1.12
0.038	0.090	0.038	0.834
0.820	0.116	0.063	0.001
0.103	0.063	0.075	0.759
0.038	0.823	0.076	0.063
0.836	0.101	0.038	0.025
0.707	0.103	0.152	0.038
0.797	0.089	0.077	0.037
0.063	0.809	0.063	0.065
0.103	0.038	0.013	0.846
0.063	0.039	0.797	0.101
>TTTTTTTTTT	8-TTTTTTTTTT	8.622743	-22.207934	0	T:94.0(5.84%),B:46.0(2.87%),P:1e-9	Tpos:49.7,Tstd:26.9,Bpos:48.8,Bstd:23.5,StrandBias:-0.3,Multiplicity:1.30
0.004	0.001	0.007	0.988
0.001	0.030	0.004	0.965
0.010	0.054	0.004	0.932
0.010	0.118	0.015	0.857
0.030	0.004	0.113	0.853
0.030	0.004	0.080	0.886
0.030	0.002	0.105	0.863
0.004	0.008	0.040	0.948
0.004	0.005	0.019	0.972
0.021	0.009	0.002	0.968
