>ACCGCTGT	1-ACCGCTGT	7.379233	-47.635775	0	T:35.0(2.18%),B:4.0(0.25%),P:1e-20	Tpos:46.3,Tstd:28.8,Bpos:59.2,Bstd:17.8,StrandBias:0.8,Multiplicity:1.00
0.947	0.001	0.001	0.051
0.026	0.831	0.001	0.142
0.051	0.945	0.001	0.003
0.052	0.235	0.612	0.101
0.075	0.719	0.180	0.026
0.224	0.127	0.053	0.596
0.001	0.001	0.973	0.025
0.052	0.026	0.168	0.754
>CRTTGGTG	2-CRTTGGTG	8.375784	-33.451177	0	T:25.0(1.55%),B:3.0(0.19%),P:1e-14	Tpos:50.6,Tstd:27.8,Bpos:34.7,Bstd:16.8,StrandBias:0.0,Multiplicity:1.00
0.001	0.997	0.001	0.001
0.570	0.001	0.428	0.001
0.001	0.001	0.001	0.997
0.410	0.001	0.001	0.588
0.001	0.001	0.997	0.001
0.001	0.294	0.704	0.001
0.001	0.001	0.092	0.906
0.001	0.001	0.997	0.001
>GGASGCGA	3-GGASGCGA	6.907665	-31.743695	0	T:51.0(3.17%),B:14.0(0.87%),P:1e-13	Tpos:51.4,Tstd:29.6,Bpos:50.2,Bstd:25.1,StrandBias:-0.4,Multiplicity:1.00
0.111	0.018	0.847	0.024
0.042	0.036	0.916	0.006
0.851	0.070	0.042	0.037
0.196	0.444	0.306	0.054
0.017	0.163	0.819	0.001
0.037	0.915	0.006	0.042
0.233	0.097	0.506	0.164
0.716	0.111	0.125	0.048
>CATGCAGC	4-CATGCAGC	5.409225	-31.704973	0	T:262.0(16.28%),B:162.0(10.12%),P:1e-13	Tpos:51.7,Tstd:27.2,Bpos:46.7,Bstd:28.4,StrandBias:-0.3,Multiplicity:1.19
0.080	0.734	0.095	0.091
0.730	0.126	0.025	0.119
0.074	0.032	0.145	0.749
0.081	0.079	0.807	0.033
0.027	0.825	0.063	0.085
0.758	0.061	0.081	0.100
0.057	0.078	0.753	0.112
0.217	0.647	0.080	0.056
>CCCCCCCC	5-CCCCCCCC	9.063828	-26.106263	0	T:14.0(0.87%),B:1.0(0.06%),P:1e-11	Tpos:48.7,Tstd:31.3,Bpos:25.5,Bstd:1.1,StrandBias:-1.5,Multiplicity:1.07
0.142	0.856	0.001	0.001
0.001	0.997	0.001	0.001
0.001	0.997	0.001	0.001
0.001	0.997	0.001	0.001
0.001	0.997	0.001	0.001
0.001	0.997	0.001	0.001
0.001	0.997	0.001	0.001
0.001	0.945	0.005	0.049
>ATTTCAGC	6-ATTTCAGC	8.638904	-21.789284	0	T:22.0(1.37%),B:4.0(0.25%),P:1e-9	Tpos:53.9,Tstd:24.1,Bpos:46.0,Bstd:28.5,StrandBias:-0.1,Multiplicity:1.05
0.997	0.001	0.001	0.001
0.001	0.001	0.001	0.997
0.088	0.001	0.001	0.910
0.001	0.001	0.001	0.997
0.001	0.997	0.001	0.001
0.997	0.001	0.001	0.001
0.001	0.001	0.997	0.001
0.001	0.997	0.001	0.001
>GTCCAGTG	7-GTCCAGTG	6.646474	-17.326558	0	T:14.0(0.87%),B:2.0(0.12%),P:1e-7	Tpos:48.8,Tstd:31.1,Bpos:12.0,Bstd:1.0,StrandBias:1.1,Multiplicity:1.36
0.001	0.001	0.997	0.001
0.001	0.001	0.001	0.997
0.001	0.997	0.001	0.001
0.001	0.986	0.012	0.001
0.997	0.001	0.001	0.001
0.001	0.001	0.997	0.001
0.001	0.001	0.001	0.997
0.001	0.001	0.997	0.001
>TGTGGCTA	8-TGTGGCTA	8.236954	-14.196374	0	T:15.0(0.93%),B:3.0(0.19%),P:1e-6	Tpos:52.0,Tstd:27.1,Bpos:46.5,Bstd:15.5,StrandBias:0.4,Multiplicity:1.14
0.100	0.100	0.100	0.700
0.100	0.100	0.700	0.100
0.100	0.100	0.100	0.700
0.100	0.100	0.700	0.100
0.100	0.100	0.700	0.100
0.100	0.700	0.100	0.100
0.100	0.100	0.100	0.700
0.700	0.100	0.100	0.100
