>CTAATCTTCACA	1-CTAATCTTCACA	8.518335	-68.939649	0	T:28.0(1.74%),B:1.0(0.06%),P:1e-29	Tpos:46.2,Tstd:25.3,Bpos:92.0,Bstd:0.0,StrandBias:0.4,Multiplicity:1.00
0.047	0.857	0.001	0.095
0.047	0.047	0.001	0.905
0.667	0.048	0.190	0.095
0.809	0.047	0.001	0.143
0.095	0.095	0.001	0.809
0.001	0.951	0.047	0.001
0.047	0.047	0.001	0.905
0.143	0.001	0.047	0.809
0.095	0.809	0.001	0.095
0.856	0.142	0.001	0.001
0.095	0.857	0.001	0.047
0.857	0.047	0.001	0.095
>CCACGGTCTGCT	2-CCACGGTCTGCT	8.456355	-37.835319	0	T:27.0(1.68%),B:3.0(0.19%),P:1e-16	Tpos:42.7,Tstd:22.9,Bpos:27.3,Bstd:5.9,StrandBias:-0.7,Multiplicity:1.07
0.052	0.800	0.062	0.086
0.086	0.828	0.026	0.060
0.764	0.114	0.053	0.069
0.131	0.529	0.219	0.121
0.177	0.053	0.597	0.173
0.026	0.183	0.712	0.079
0.070	0.103	0.103	0.724
0.034	0.733	0.130	0.103
0.120	0.017	0.011	0.852
0.062	0.096	0.805	0.037
0.026	0.825	0.053	0.096
0.069	0.060	0.017	0.854
>GTGGGACTAATT	3-GTGGGACTAATT	8.274461	-37.604180	0	T:23.0(1.43%),B:2.0(0.12%),P:1e-16	Tpos:47.0,Tstd:27.0,Bpos:16.5,Bstd:7.5,StrandBias:-0.1,Multiplicity:1.00
0.001	0.001	0.997	0.001
0.082	0.001	0.082	0.835
0.001	0.001	0.917	0.081
0.001	0.001	0.997	0.001
0.081	0.001	0.917	0.001
0.835	0.001	0.001	0.163
0.082	0.610	0.164	0.144
0.001	0.163	0.001	0.835
0.698	0.138	0.082	0.082
0.835	0.163	0.001	0.001
0.163	0.001	0.001	0.835
0.001	0.001	0.199	0.799
>TGCCATGGCAAN	4-TGCCATGGCAAN	8.191215	-23.595217	0	T:17.0(1.06%),B:2.0(0.12%),P:1e-10	Tpos:51.4,Tstd:21.3,Bpos:38.5,Bstd:10.5,StrandBias:0.1,Multiplicity:1.00
0.277	0.001	0.155	0.567
0.088	0.079	0.671	0.162
0.088	0.686	0.124	0.102
0.155	0.767	0.001	0.077
0.488	0.303	0.001	0.208
0.284	0.001	0.249	0.466
0.037	0.001	0.822	0.140
0.117	0.083	0.700	0.100
0.187	0.500	0.219	0.095
0.536	0.238	0.018	0.208
0.450	0.144	0.217	0.190
0.189	0.267	0.247	0.297
>TTGGTTGGTTGG	5-TTGGTTGGTTGG	6.085813	-15.987218	0	T:10.0(0.62%),B:1.0(0.06%),P:1e-6	Tpos:51.0,Tstd:29.9,Bpos:51.0,Bstd:0.0,StrandBias:0.5,Multiplicity:1.60
0.001	0.001	0.001	0.997
0.001	0.001	0.001	0.997
0.001	0.001	0.997	0.001
0.001	0.001	0.997	0.001
0.001	0.027	0.001	0.971
0.001	0.001	0.001	0.997
0.001	0.001	0.997	0.001
0.001	0.001	0.997	0.001
0.001	0.001	0.001	0.997
0.001	0.001	0.001	0.997
0.001	0.001	0.997	0.001
0.001	0.001	0.997	0.001
>ATCAGTCATAGC	6-ATCAGTCATAGC	10.627540	-13.674795	0	T:9.0(0.56%),B:0.0(0.00%),P:1e-5	Tpos:44.5,Tstd:26.8,Bpos:0.0,Bstd:0.0,StrandBias:0.2,Multiplicity:1.67
0.846	0.001	0.152	0.001
0.263	0.001	0.001	0.735
0.001	0.694	0.229	0.076
0.997	0.001	0.001	0.001
0.001	0.001	0.922	0.076
0.001	0.222	0.118	0.659
0.001	0.847	0.076	0.076
0.997	0.001	0.001	0.001
0.001	0.153	0.118	0.728
0.922	0.001	0.001	0.076
0.001	0.001	0.997	0.001
0.001	0.846	0.001	0.152
>TGCWKGCASTGC	7-TGCWKGCASTGC	9.463815	-13.482431	0	T:12.0(0.75%),B:2.0(0.12%),P:1e-5	Tpos:49.9,Tstd:26.7,Bpos:10.0,Bstd:2.0,StrandBias:0.2,Multiplicity:2.67
0.053	0.001	0.001	0.945
0.001	0.001	0.997	0.001
0.001	0.858	0.001	0.140
0.529	0.001	0.001	0.469
0.205	0.001	0.373	0.421
0.141	0.001	0.717	0.141
0.001	0.997	0.001	0.001
0.997	0.001	0.001	0.001
0.001	0.562	0.436	0.001
0.001	0.001	0.001	0.997
0.001	0.001	0.997	0.001
0.001	0.997	0.001	0.001
>TGTKTSTVTGTG	8-TGTKTSTVTGTG	8.194669	-11.169606	0	T:60.0(3.73%),B:33.0(2.06%),P:1e-4	Tpos:45.6,Tstd:26.8,Bpos:49.1,Bstd:23.9,StrandBias:-1.0,Multiplicity:1.22
0.020	0.020	0.166	0.794
0.198	0.200	0.575	0.027
0.043	0.023	0.040	0.894
0.190	0.145	0.398	0.267
0.208	0.013	0.227	0.552
0.178	0.414	0.365	0.043
0.258	0.076	0.026	0.640
0.223	0.295	0.324	0.158
0.040	0.036	0.030	0.894
0.132	0.183	0.489	0.195
0.033	0.030	0.068	0.869
0.177	0.040	0.552	0.231
