>TTCCCTTTAGAT	1-TTCCCTTTAGAT	9.742856	-46.352664	0	T:21.0(1.31%),B:1.0(0.06%),P:1e-20	Tpos:47.6,Tstd:30.0,Bpos:50.0,Bstd:0.0,StrandBias:0.7,Multiplicity:1.14
0.109	0.001	0.001	0.889
0.001	0.109	0.001	0.889
0.001	0.969	0.001	0.029
0.109	0.889	0.001	0.001
0.001	0.889	0.001	0.109
0.054	0.001	0.001	0.944
0.001	0.001	0.109	0.889
0.110	0.055	0.055	0.780
0.749	0.055	0.001	0.195
0.165	0.001	0.724	0.110
0.750	0.085	0.110	0.055
0.001	0.165	0.055	0.779
>CCCGTTGCCATA	2-CCCGTTGCCATA	8.117791	-37.604180	0	T:23.0(1.43%),B:2.0(0.12%),P:1e-16	Tpos:50.0,Tstd:26.7,Bpos:40.5,Bstd:0.5,StrandBias:0.5,Multiplicity:1.17
0.102	0.678	0.103	0.117
0.092	0.745	0.052	0.111
0.159	0.523	0.081	0.237
0.180	0.144	0.501	0.175
0.071	0.140	0.107	0.682
0.119	0.077	0.130	0.674
0.061	0.125	0.674	0.140
0.056	0.777	0.069	0.098
0.065	0.801	0.023	0.111
0.710	0.144	0.027	0.119
0.106	0.136	0.138	0.620
0.619	0.140	0.174	0.067
>ACAGATCTTTTC	3-ACAGATCTTTTC	9.212032	-37.341624	0	T:18.0(1.12%),B:1.0(0.06%),P:1e-16	Tpos:42.8,Tstd:26.1,Bpos:71.0,Bstd:0.0,StrandBias:0.8,Multiplicity:1.00
0.812	0.001	0.062	0.125
0.062	0.875	0.062	0.001
0.997	0.001	0.001	0.001
0.062	0.187	0.750	0.001
0.875	0.062	0.062	0.001
0.001	0.125	0.125	0.749
0.125	0.749	0.125	0.001
0.001	0.186	0.001	0.812
0.001	0.062	0.250	0.687
0.001	0.001	0.001	0.997
0.062	0.001	0.062	0.875
0.061	0.937	0.001	0.001
>CATAAGCCTTGG	4-CATAAGCCTTGG	8.024722	-28.065411	0	T:19.0(1.18%),B:2.0(0.12%),P:1e-12	Tpos:41.6,Tstd:26.6,Bpos:60.0,Bstd:23.0,StrandBias:0.3,Multiplicity:1.05
0.112	0.677	0.102	0.109
0.682	0.123	0.077	0.118
0.140	0.126	0.229	0.505
0.572	0.157	0.165	0.106
0.679	0.058	0.162	0.101
0.104	0.104	0.683	0.109
0.099	0.722	0.097	0.082
0.116	0.729	0.039	0.116
0.119	0.169	0.046	0.666
0.099	0.043	0.135	0.723
0.060	0.056	0.737	0.147
0.126	0.111	0.626	0.137
>TGGTTGGTTGKT	5-TGGTTGGTTGKT	9.919899	-27.175003	0	T:22.0(1.37%),B:3.0(0.19%),P:1e-11	Tpos:43.4,Tstd:28.0,Bpos:51.7,Bstd:31.4,StrandBias:-0.3,Multiplicity:1.14
0.030	0.001	0.034	0.935
0.165	0.030	0.804	0.001
0.030	0.172	0.505	0.293
0.001	0.282	0.004	0.713
0.060	0.001	0.091	0.848
0.090	0.001	0.837	0.072
0.030	0.160	0.758	0.052
0.186	0.060	0.001	0.753
0.030	0.001	0.073	0.896
0.030	0.034	0.785	0.151
0.130	0.092	0.384	0.394
0.001	0.030	0.170	0.799
>CACGGAGGTCAA	6-CACGGAGGTCAA	8.463612	-25.803302	0	T:18.0(1.12%),B:2.0(0.12%),P:1e-11	Tpos:61.6,Tstd:24.2,Bpos:25.5,Bstd:9.5,StrandBias:0.0,Multiplicity:1.00
0.100	0.700	0.100	0.100
0.700	0.100	0.100	0.100
0.100	0.700	0.100	0.100
0.100	0.100	0.700	0.100
0.100	0.100	0.700	0.100
0.700	0.100	0.100	0.100
0.100	0.100	0.700	0.100
0.100	0.100	0.700	0.100
0.100	0.100	0.100	0.700
0.100	0.700	0.100	0.100
0.700	0.100	0.100	0.100
0.700	0.100	0.100	0.100
>AGACAGACAGAC	7-AGACAGACAGAC	10.522321	-19.353332	0	T:15.0(0.93%),B:2.0(0.12%),P:1e-8	Tpos:43.9,Tstd:25.3,Bpos:52.5,Bstd:3.5,StrandBias:2.0,Multiplicity:2.00
0.932	0.001	0.066	0.001
0.066	0.053	0.815	0.066
0.806	0.001	0.001	0.192
0.001	0.912	0.072	0.015
0.997	0.001	0.001	0.001
0.080	0.080	0.839	0.001
0.798	0.001	0.200	0.001
0.001	0.649	0.284	0.066
0.865	0.001	0.133	0.001
0.001	0.001	0.997	0.001
0.851	0.068	0.001	0.080
0.001	0.663	0.270	0.066
>GGGTTAGGGTCA	8-GGGTTAGGGTCA	10.973083	-13.674795	0	T:9.0(0.56%),B:1.0(0.06%),P:1e-5	Tpos:49.9,Tstd:27.0,Bpos:24.0,Bstd:0.0,StrandBias:3.7,Multiplicity:4.67
0.123	0.001	0.875	0.001
0.061	0.001	0.937	0.001
0.123	0.001	0.875	0.001
0.001	0.123	0.247	0.629
0.062	0.277	0.001	0.660
0.875	0.062	0.062	0.001
0.001	0.001	0.937	0.061
0.123	0.001	0.814	0.062
0.001	0.001	0.997	0.001
0.001	0.001	0.123	0.875
0.001	0.833	0.001	0.165
0.814	0.123	0.001	0.062
