>GACTGACCAA	1-GACTGACCAA	6.563469	-72.320083	0	T:29.0(1.80%),B:1.0(0.06%),P:1e-31	Tpos:54.8,Tstd:29.4,Bpos:52.0,Bstd:0.0,StrandBias:0.7,Multiplicity:1.00
0.204	0.207	0.507	0.082
0.473	0.227	0.129	0.171
0.140	0.642	0.191	0.027
0.198	0.020	0.020	0.762
0.124	0.179	0.584	0.113
0.546	0.149	0.158	0.147
0.132	0.561	0.203	0.104
0.171	0.650	0.018	0.161
0.592	0.217	0.021	0.170
0.545	0.106	0.205	0.144
>TGAATTTTGA	2-TGAATTTTGA	7.728362	-52.598848	0	T:23.0(1.43%),B:1.0(0.06%),P:1e-22	Tpos:50.3,Tstd:27.5,Bpos:30.0,Bstd:0.0,StrandBias:-0.1,Multiplicity:1.00
0.111	0.003	0.133	0.753
0.101	0.088	0.726	0.085
0.640	0.131	0.086	0.143
0.613	0.131	0.153	0.103
0.107	0.129	0.138	0.626
0.020	0.017	0.163	0.800
0.053	0.266	0.135	0.546
0.103	0.001	0.118	0.778
0.113	0.118	0.689	0.080
0.662	0.113	0.083	0.142
>GAGTTAGTAG	3-GAGTTAGTAG	8.775217	-47.831751	0	T:27.0(1.68%),B:2.0(0.12%),P:1e-20	Tpos:54.2,Tstd:28.7,Bpos:23.5,Bstd:11.5,StrandBias:1.2,Multiplicity:1.00
0.099	0.309	0.591	0.001
0.899	0.001	0.050	0.050
0.001	0.001	0.997	0.001
0.049	0.001	0.001	0.949
0.001	0.194	0.114	0.691
0.755	0.001	0.001	0.243
0.050	0.114	0.835	0.001
0.050	0.001	0.214	0.735
0.997	0.001	0.001	0.001
0.213	0.001	0.785	0.001
>TTCAAARCCC	4-TTCAAARCCC	9.863027	-45.216158	0	T:26.0(1.62%),B:2.0(0.12%),P:1e-19	Tpos:49.8,Tstd:27.9,Bpos:64.0,Bstd:2.0,StrandBias:-0.5,Multiplicity:1.04
0.043	0.050	0.043	0.864
0.081	0.001	0.001	0.917
0.001	0.997	0.001	0.001
0.835	0.082	0.001	0.082
0.917	0.001	0.081	0.001
0.917	0.081	0.001	0.001
0.410	0.001	0.526	0.063
0.001	0.835	0.082	0.082
0.001	0.917	0.081	0.001
0.163	0.835	0.001	0.001
>TGACCTGCAC	5-TGACCTGCAC	7.229942	-30.378869	0	T:20.0(1.24%),B:2.0(0.12%),P:1e-13	Tpos:51.1,Tstd:26.5,Bpos:61.5,Bstd:31.5,StrandBias:-1.1,Multiplicity:1.00
0.124	0.061	0.065	0.750
0.107	0.142	0.690	0.061
0.692	0.141	0.071	0.096
0.116	0.682	0.121	0.081
0.122	0.630	0.082	0.166
0.086	0.107	0.085	0.722
0.101	0.153	0.667	0.079
0.083	0.740	0.088	0.089
0.610	0.117	0.110	0.163
0.084	0.642	0.176	0.098
>ATTAGAAACT	6-ATTAGAAACT	8.350283	-21.444124	0	T:16.0(0.99%),B:2.0(0.12%),P:1e-9	Tpos:58.3,Tstd:28.9,Bpos:20.0,Bstd:2.0,StrandBias:0.7,Multiplicity:1.12
0.700	0.100	0.100	0.100
0.100	0.100	0.100	0.700
0.100	0.100	0.100	0.700
0.700	0.100	0.100	0.100
0.100	0.100	0.700	0.100
0.700	0.100	0.100	0.100
0.700	0.100	0.100	0.100
0.700	0.100	0.100	0.100
0.100	0.700	0.100	0.100
0.100	0.100	0.100	0.700
>ACCCTGACCT	7-ACCCTGACCT	9.151018	-9.953054	0	T:10.0(0.62%),B:2.0(0.12%),P:1e-4	Tpos:48.6,Tstd:25.2,Bpos:33.0,Bstd:15.0,StrandBias:-2.5,Multiplicity:2.60
0.758	0.045	0.088	0.109
0.062	0.673	0.077	0.188
0.001	0.737	0.011	0.251
0.044	0.866	0.012	0.078
0.065	0.001	0.011	0.923
0.239	0.177	0.562	0.022
0.639	0.175	0.066	0.120
0.077	0.813	0.088	0.022
0.110	0.723	0.001	0.166
0.175	0.194	0.214	0.416
>CACACACACA	8-CACACACACA	8.679523	-9.312547	0	T:32.0(1.99%),B:15.0(0.94%),P:1e-4	Tpos:39.5,Tstd:23.3,Bpos:60.1,Bstd:31.7,StrandBias:1.1,Multiplicity:1.22
0.001	0.858	0.001	0.140
0.968	0.001	0.001	0.030
0.048	0.836	0.001	0.115
0.997	0.001	0.001	0.001
0.030	0.939	0.001	0.030
0.993	0.001	0.001	0.005
0.030	0.921	0.001	0.048
0.997	0.001	0.001	0.001
0.031	0.869	0.031	0.069
0.997	0.001	0.001	0.001
