>CCGGTTGA	1-CCGGTTGA	7.741333	-42.638712	0	T:25.0(1.55%),B:2.0(0.12%),P:1e-18	Tpos:47.6,Tstd:22.6,Bpos:77.0,Bstd:13.0,StrandBias:0.1,Multiplicity:1.00
0.123	0.875	0.001	0.001
0.001	0.874	0.124	0.001
0.059	0.085	0.756	0.100
0.001	0.001	0.997	0.001
0.123	0.001	0.001	0.875
0.001	0.058	0.001	0.940
0.001	0.001	0.875	0.123
0.640	0.358	0.001	0.001
>TAGCGCAG	2-TAGCGCAG	8.431347	-40.100863	0	T:24.0(1.49%),B:2.0(0.12%),P:1e-17	Tpos:50.9,Tstd:22.9,Bpos:11.5,Bstd:5.5,StrandBias:1.3,Multiplicity:1.00
0.001	0.001	0.001	0.997
0.997	0.001	0.001	0.001
0.001	0.162	0.675	0.162
0.001	0.997	0.001	0.001
0.348	0.001	0.650	0.001
0.001	0.997	0.001	0.001
0.997	0.001	0.001	0.001
0.162	0.001	0.675	0.162
>AAGCAGGC	3-AAGCAGGC	6.444502	-35.150361	0	T:22.0(1.37%),B:2.0(0.12%),P:1e-15	Tpos:52.2,Tstd:30.8,Bpos:32.5,Bstd:21.5,StrandBias:0.5,Multiplicity:1.00
0.997	0.001	0.001	0.001
0.997	0.001	0.001	0.001
0.001	0.001	0.997	0.001
0.001	0.997	0.001	0.001
0.985	0.013	0.001	0.001
0.001	0.014	0.752	0.233
0.001	0.001	0.997	0.001
0.001	0.997	0.001	0.001
>GCTGAGTG	4-GCTGAGTG	8.389681	-29.811578	0	T:39.0(2.42%),B:9.0(0.56%),P:1e-12	Tpos:52.7,Tstd:28.2,Bpos:51.8,Bstd:27.0,StrandBias:0.1,Multiplicity:1.10
0.212	0.001	0.786	0.001
0.001	0.997	0.001	0.001
0.001	0.001	0.001	0.997
0.001	0.001	0.997	0.001
0.911	0.087	0.001	0.001
0.001	0.001	0.997	0.001
0.001	0.001	0.001	0.997
0.001	0.001	0.997	0.001
>TGGGGATG	5-TGGGGATG	8.077214	-28.821868	0	T:15.0(0.93%),B:1.0(0.06%),P:1e-12	Tpos:45.4,Tstd:30.2,Bpos:32.0,Bstd:0.0,StrandBias:0.5,Multiplicity:1.13
0.001	0.051	0.001	0.947
0.001	0.001	0.997	0.001
0.001	0.017	0.981	0.001
0.001	0.001	0.997	0.001
0.001	0.001	0.997	0.001
0.997	0.001	0.001	0.001
0.001	0.001	0.001	0.997
0.001	0.001	0.997	0.001
>TTTGTCAG	6-TTTGTCAG	9.658735	-25.359822	0	T:24.0(1.49%),B:4.0(0.25%),P:1e-11	Tpos:46.8,Tstd:21.8,Bpos:48.5,Bstd:27.1,StrandBias:1.3,Multiplicity:1.00
0.001	0.001	0.001	0.997
0.001	0.001	0.001	0.997
0.244	0.001	0.001	0.754
0.001	0.001	0.997	0.001
0.001	0.001	0.001	0.997
0.001	0.997	0.001	0.001
0.997	0.001	0.001	0.001
0.001	0.001	0.997	0.001
>CYABTGGR	7-CYABTGGR	5.249970	-21.296055	0	T:33.0(2.05%),B:9.0(0.56%),P:1e-9	Tpos:46.6,Tstd:26.4,Bpos:32.3,Bstd:22.6,StrandBias:0.2,Multiplicity:1.06
0.305	0.642	0.021	0.032
0.223	0.388	0.133	0.256
0.638	0.093	0.227	0.042
0.013	0.304	0.383	0.300
0.199	0.160	0.035	0.606
0.217	0.205	0.577	0.001
0.140	0.102	0.459	0.299
0.380	0.071	0.329	0.220
>TGTAAATG	8-TGTAAATG	8.236954	-13.482431	0	T:12.0(0.75%),B:2.0(0.12%),P:1e-5	Tpos:50.3,Tstd:30.0,Bpos:36.7,Bstd:17.5,StrandBias:0.7,Multiplicity:1.50
0.100	0.100	0.100	0.700
0.100	0.100	0.700	0.100
0.100	0.100	0.100	0.700
0.700	0.100	0.100	0.100
0.700	0.100	0.100	0.100
0.700	0.100	0.100	0.100
0.100	0.100	0.100	0.700
0.100	0.100	0.700	0.100
