>CCAGTGTTAA	1-CCAGTGTTAA	9.497993	-23.501910	0	T:9.0(3.83%),B:4.0(0.14%),P:1e-10	Tpos:54.2,Tstd:27.7,Bpos:37.2,Bstd:10.0,StrandBias:1.0,Multiplicity:1.00
0.118	0.880	0.001	0.001
0.237	0.761	0.001	0.001
0.997	0.001	0.001	0.001
0.001	0.001	0.758	0.240
0.118	0.001	0.001	0.880
0.001	0.244	0.636	0.119
0.119	0.001	0.119	0.761
0.001	0.001	0.118	0.880
0.725	0.241	0.001	0.033
0.605	0.241	0.001	0.153
>ACATCATGCC	2-ACATCATGCC	7.611676	-21.589660	0	T:7.0(2.98%),B:2.0(0.07%),P:1e-9	Tpos:51.3,Tstd:28.9,Bpos:48.0,Bstd:1.0,StrandBias:1.3,Multiplicity:1.00
0.699	0.150	0.046	0.105
0.093	0.732	0.117	0.058
0.745	0.104	0.104	0.047
0.082	0.093	0.116	0.709
0.105	0.778	0.081	0.036
0.652	0.186	0.046	0.116
0.139	0.012	0.186	0.663
0.058	0.104	0.675	0.163
0.023	0.687	0.163	0.127
0.139	0.664	0.046	0.151
>GCGTCTGTGG	3-GCGTCTGTGG	11.716975	-21.589660	0	T:7.0(2.98%),B:2.0(0.07%),P:1e-9	Tpos:36.3,Tstd:23.9,Bpos:85.5,Bstd:5.5,StrandBias:2.6,Multiplicity:1.00
0.001	0.001	0.997	0.001
0.200	0.599	0.200	0.001
0.001	0.200	0.599	0.200
0.001	0.001	0.001	0.997
0.001	0.997	0.001	0.001
0.001	0.001	0.001	0.997
0.001	0.001	0.997	0.001
0.001	0.001	0.001	0.997
0.001	0.001	0.997	0.001
0.001	0.001	0.997	0.001
>GTRGCAAGCT	4-GTRGCAAGCT	9.948436	-18.410050	0	T:8.0(3.40%),B:5.0(0.17%),P:1e-7	Tpos:53.2,Tstd:26.9,Bpos:72.2,Bstd:20.9,StrandBias:0.3,Multiplicity:1.12
0.001	0.180	0.577	0.242
0.199	0.298	0.001	0.502
0.502	0.001	0.496	0.001
0.001	0.001	0.997	0.001
0.001	0.997	0.001	0.001
0.739	0.001	0.242	0.018
0.997	0.001	0.001	0.001
0.001	0.001	0.757	0.241
0.001	0.997	0.001	0.001
0.001	0.001	0.001	0.997
>CAGCCCGCCA	5-CAGCCCGCCA	7.652900	-15.274098	0	T:21.0(8.94%),B:69.0(2.35%),P:1e-6	Tpos:52.2,Tstd:23.8,Bpos:47.0,Bstd:28.3,StrandBias:0.1,Multiplicity:1.19
0.048	0.924	0.001	0.027
0.807	0.027	0.055	0.111
0.101	0.082	0.790	0.027
0.001	0.972	0.026	0.001
0.055	0.874	0.027	0.044
0.270	0.615	0.027	0.088
0.075	0.082	0.636	0.207
0.017	0.789	0.084	0.110
0.082	0.864	0.027	0.027
0.744	0.121	0.027	0.108
>CAATGTGBAT	6-CAATGTGBAT	10.397978	-13.375492	0	T:4.0(1.70%),B:1.0(0.03%),P:1e-5	Tpos:54.2,Tstd:25.9,Bpos:42.0,Bstd:0.0,StrandBias:2.8,Multiplicity:2.00
0.001	0.997	0.001	0.001
0.997	0.001	0.001	0.001
0.997	0.001	0.001	0.001
0.313	0.001	0.001	0.685
0.001	0.114	0.884	0.001
0.001	0.001	0.001	0.997
0.001	0.001	0.997	0.001
0.001	0.295	0.295	0.409
0.997	0.001	0.001	0.001
0.001	0.001	0.001	0.997
>TAAACCAATC	7-TAAACCAATC	7.828874	-12.376946	0	T:21.0(8.94%),B:83.0(2.82%),P:1e-5	Tpos:49.5,Tstd:24.9,Bpos:48.6,Bstd:27.8,StrandBias:0.4,Multiplicity:1.58
0.001	0.086	0.281	0.632
0.420	0.170	0.213	0.198
0.913	0.001	0.085	0.001
0.778	0.138	0.001	0.083
0.001	0.913	0.001	0.085
0.004	0.904	0.091	0.001
0.997	0.001	0.001	0.001
0.909	0.086	0.001	0.004
0.086	0.172	0.052	0.690
0.086	0.876	0.037	0.001
>GTGATCCTGC	8-GTGATCCTGC	10.296193	-5.804561	0	T:2.0(0.85%),B:0.0(0.00%),P:1e-2	Tpos:58.8,Tstd:24.3,Bpos:0.0,Bstd:0.0,StrandBias:-2.0,Multiplicity:2.50
0.100	0.100	0.700	0.100
0.100	0.100	0.100	0.700
0.100	0.100	0.700	0.100
0.700	0.100	0.100	0.100
0.100	0.100	0.100	0.700
0.100	0.700	0.100	0.100
0.100	0.700	0.100	0.100
0.100	0.100	0.100	0.700
0.100	0.100	0.700	0.100
0.100	0.700	0.100	0.100
