>GGAAACTCTT	1-GGAAACTCTT	10.288228	-21.598228	0	T:10.0(4.26%),B:7.0(0.24%),P:1e-9	Tpos:51.2,Tstd:29.9,Bpos:42.4,Bstd:27.8,StrandBias:2.0,Multiplicity:1.00
0.001	0.001	0.905	0.093
0.093	0.001	0.905	0.001
0.905	0.001	0.001	0.093
0.813	0.001	0.093	0.093
0.929	0.001	0.069	0.001
0.001	0.997	0.001	0.001
0.001	0.093	0.001	0.905
0.001	0.912	0.031	0.056
0.093	0.001	0.001	0.905
0.001	0.001	0.093	0.905
>CTTAGCTTTC	2-CTTAGCTTTC	11.316461	-18.819081	0	T:7.0(2.98%),B:3.0(0.10%),P:1e-8	Tpos:62.6,Tstd:19.5,Bpos:30.0,Bstd:14.5,StrandBias:0.4,Multiplicity:1.00
0.001	0.997	0.001	0.001
0.001	0.166	0.001	0.832
0.001	0.001	0.001	0.997
0.997	0.001	0.001	0.001
0.001	0.166	0.832	0.001
0.001	0.997	0.001	0.001
0.001	0.001	0.166	0.832
0.001	0.001	0.166	0.832
0.001	0.166	0.001	0.832
0.001	0.997	0.001	0.001
>CTATCTATCT	3-CTATCTATCT	10.351155	-12.168532	0	T:5.0(2.13%),B:3.0(0.10%),P:1e-5	Tpos:62.2,Tstd:20.7,Bpos:41.2,Bstd:22.5,StrandBias:0.3,Multiplicity:1.80
0.041	0.957	0.001	0.001
0.001	0.001	0.001	0.997
0.957	0.001	0.041	0.001
0.001	0.042	0.042	0.915
0.041	0.957	0.001	0.001
0.001	0.001	0.001	0.997
0.957	0.001	0.041	0.001
0.001	0.041	0.001	0.957
0.041	0.957	0.001	0.001
0.001	0.001	0.001	0.997
>CGCGCGCGCG	4-CGCGCGCGCG	8.295918	-12.168532	0	T:5.0(2.13%),B:3.0(0.10%),P:1e-5	Tpos:64.0,Tstd:17.6,Bpos:80.6,Bstd:21.2,StrandBias:0.5,Multiplicity:1.00
0.001	0.997	0.001	0.001
0.001	0.227	0.771	0.001
0.001	0.771	0.227	0.001
0.001	0.001	0.997	0.001
0.001	0.997	0.001	0.001
0.001	0.001	0.997	0.001
0.001	0.543	0.228	0.228
0.001	0.001	0.771	0.227
0.001	0.763	0.001	0.235
0.236	0.001	0.535	0.228
>GGAACGGAAC	5-GGAACGGAAC	7.634022	-10.133986	0	T:16.0(6.81%),B:61.0(2.07%),P:1e-4	Tpos:65.9,Tstd:26.5,Bpos:49.7,Bstd:27.2,StrandBias:0.8,Multiplicity:1.19
0.074	0.001	0.776	0.149
0.074	0.001	0.924	0.001
0.776	0.149	0.074	0.001
0.851	0.074	0.001	0.074
0.154	0.537	0.229	0.080
0.001	0.001	0.850	0.148
0.074	0.074	0.851	0.001
0.924	0.074	0.001	0.001
0.920	0.074	0.001	0.005
0.149	0.622	0.154	0.075
>GTAACGAGTG	6-GTAACGAGTG	11.751990	-9.445383	0	T:3.0(1.28%),B:1.0(0.03%),P:1e-4	Tpos:41.1,Tstd:25.7,Bpos:50.0,Bstd:0.0,StrandBias:2.6,Multiplicity:2.33
0.001	0.001	0.997	0.001
0.189	0.001	0.001	0.809
0.997	0.001	0.001	0.001
0.997	0.001	0.001	0.001
0.001	0.997	0.001	0.001
0.001	0.189	0.809	0.001
0.997	0.001	0.001	0.001
0.001	0.001	0.997	0.001
0.001	0.001	0.001	0.997
0.001	0.001	0.809	0.189
>TTGCTGCTGT	7-TTGCTGCTGT	8.794184	-6.972868	0	T:7.0(2.98%),B:19.0(0.65%),P:1e-3	Tpos:55.2,Tstd:21.7,Bpos:52.2,Bstd:24.6,StrandBias:2.2,Multiplicity:1.86
0.189	0.188	0.025	0.598
0.038	0.018	0.047	0.897
0.095	0.045	0.836	0.024
0.071	0.551	0.036	0.342
0.048	0.024	0.024	0.904
0.223	0.081	0.620	0.076
0.001	0.663	0.024	0.312
0.065	0.024	0.024	0.887
0.125	0.265	0.575	0.035
0.071	0.235	0.269	0.425
>GTGCAGGCAG	8-GTGCAGGCAG	13.636231	-4.470558	0	T:2.0(0.85%),B:2.0(0.07%),P:1e-1	Tpos:58.0,Tstd:28.9,Bpos:44.0,Bstd:6.0,StrandBias:2.8,Multiplicity:4.00
0.001	0.001	0.997	0.001
0.001	0.001	0.001	0.997
0.001	0.001	0.997	0.001
0.001	0.997	0.001	0.001
0.997	0.001	0.001	0.001
0.001	0.001	0.997	0.001
0.001	0.001	0.819	0.179
0.001	0.997	0.001	0.001
0.997	0.001	0.001	0.001
0.001	0.001	0.997	0.001
