>TTAGSCAACATT	1-TTAGSCAACATT	11.107203	-26.373959	0	T:7.0(2.98%),B:0.0(0.00%),P:1e-11	Tpos:61.0,Tstd:29.2,Bpos:0.0,Bstd:0.0,StrandBias:0.4,Multiplicity:1.00
0.001	0.418	0.001	0.580
0.001	0.001	0.001	0.997
0.958	0.001	0.001	0.040
0.001	0.001	0.997	0.001
0.040	0.418	0.541	0.001
0.001	0.997	0.001	0.001
0.958	0.001	0.001	0.040
0.997	0.001	0.001	0.001
0.001	0.997	0.001	0.001
0.580	0.418	0.001	0.001
0.001	0.001	0.418	0.580
0.001	0.001	0.001	0.997
>AATTGTTACATA	2-AATTGTTACATA	8.675748	-17.781547	0	T:6.0(2.55%),B:2.0(0.07%),P:1e-7	Tpos:36.3,Tstd:23.1,Bpos:20.5,Bstd:0.5,StrandBias:1.0,Multiplicity:1.00
0.599	0.399	0.001	0.001
0.997	0.001	0.001	0.001
0.001	0.001	0.001	0.997
0.001	0.001	0.001	0.997
0.001	0.001	0.997	0.001
0.001	0.399	0.001	0.599
0.001	0.001	0.001	0.997
0.599	0.001	0.399	0.001
0.001	0.997	0.001	0.001
0.997	0.001	0.001	0.001
0.001	0.001	0.001	0.997
0.997	0.001	0.001	0.001
>MACACACACACA	3-MACACACACACA	8.935166	-14.762092	0	T:19.0(8.09%),B:59.0(2.01%),P:1e-6	Tpos:57.4,Tstd:24.2,Bpos:43.3,Bstd:24.8,StrandBias:1.6,Multiplicity:1.11
0.426	0.361	0.144	0.070
0.508	0.139	0.070	0.283
0.142	0.713	0.144	0.001
0.997	0.001	0.001	0.001
0.072	0.714	0.213	0.001
0.997	0.001	0.001	0.001
0.001	0.783	0.215	0.001
0.929	0.069	0.001	0.001
0.074	0.641	0.284	0.001
0.789	0.001	0.001	0.209
0.001	0.644	0.354	0.001
0.509	0.350	0.001	0.140
>ACAATGTAACCT	4-ACAATGTAACCT	14.083041	-12.168532	0	T:5.0(2.13%),B:3.0(0.10%),P:1e-5	Tpos:55.0,Tstd:23.5,Bpos:77.0,Bstd:11.6,StrandBias:-0.4,Multiplicity:1.40
0.997	0.001	0.001	0.001
0.001	0.997	0.001	0.001
0.832	0.001	0.001	0.166
0.832	0.001	0.001	0.166
0.166	0.001	0.001	0.832
0.001	0.001	0.997	0.001
0.001	0.001	0.001	0.997
0.997	0.001	0.001	0.001
0.997	0.001	0.001	0.001
0.001	0.997	0.001	0.001
0.166	0.832	0.001	0.001
0.001	0.166	0.001	0.832
>TTGTTGAAGTAG	5-TTGTTGAAGTAG	9.827372	-11.999970	0	T:10.0(4.26%),B:20.0(0.68%),P:1e-5	Tpos:45.8,Tstd:23.9,Bpos:52.7,Bstd:25.9,StrandBias:0.3,Multiplicity:1.80
0.092	0.092	0.001	0.815
0.001	0.001	0.184	0.814
0.001	0.001	0.997	0.001
0.001	0.091	0.001	0.907
0.001	0.001	0.091	0.907
0.092	0.001	0.815	0.092
0.756	0.001	0.151	0.092
0.907	0.001	0.091	0.001
0.001	0.092	0.815	0.092
0.092	0.001	0.277	0.630
0.775	0.092	0.132	0.001
0.091	0.001	0.907	0.001
>TTTTTTTTTTTT	6-TTTTTTTTTTTT	2.764581	-6.635858	0	T:27.0(11.49%),B:180.0(6.12%),P:1e-2	Tpos:41.2,Tstd:25.0,Bpos:50.1,Bstd:24.3,StrandBias:-0.6,Multiplicity:1.11
0.001	0.001	0.001	0.997
0.001	0.001	0.001	0.997
0.001	0.026	0.001	0.972
0.001	0.001	0.001	0.997
0.001	0.001	0.001	0.997
0.001	0.001	0.001	0.997
0.001	0.001	0.001	0.997
0.001	0.001	0.001	0.997
0.001	0.001	0.001	0.997
0.001	0.001	0.001	0.997
0.001	0.001	0.001	0.997
0.001	0.001	0.001	0.997
>CGCGCGCGTGTA	7-CGCGCGCGTGTA	-5.197199	-4.762800	0	T:10.0(4.26%),B:51.0(1.73%),P:1e-2	Tpos:71.2,Tstd:12.2,Bpos:59.4,Bstd:23.9,StrandBias:0.2,Multiplicity:1.20
0.001	0.997	0.001	0.001
0.004	0.001	0.994	0.001
0.001	0.997	0.001	0.001
0.001	0.001	0.997	0.001
0.001	0.997	0.001	0.001
0.001	0.001	0.997	0.001
0.001	0.997	0.001	0.001
0.116	0.001	0.882	0.001
0.001	0.279	0.001	0.719
0.234	0.001	0.764	0.001
0.001	0.279	0.001	0.719
0.958	0.001	0.040	0.001
>GGGTTAGGGTTA	8-GGGTTAGGGTTA	12.355432	-1.912613	0	T:1.0(0.43%),B:2.0(0.07%),P:1e0	Tpos:50.9,Tstd:28.1,Bpos:31.0,Bstd:19.6,StrandBias:10.0,Multiplicity:14.00
0.100	0.100	0.700	0.100
0.100	0.100	0.700	0.100
0.100	0.100	0.700	0.100
0.100	0.100	0.100	0.700
0.100	0.100	0.100	0.700
0.700	0.100	0.100	0.100
0.100	0.100	0.700	0.100
0.100	0.100	0.700	0.100
0.100	0.100	0.700	0.100
0.100	0.100	0.100	0.700
0.100	0.100	0.100	0.700
0.700	0.100	0.100	0.100
