>AAATAAAC	1-AAATAAAC	8.480733	-20.229141	0	T:23.0(9.79%),B:62.0(2.11%),P:1e-8	Tpos:51.6,Tstd:21.4,Bpos:51.7,Bstd:27.4,StrandBias:0.7,Multiplicity:1.24
0.997	0.001	0.001	0.001
0.806	0.001	0.001	0.192
0.997	0.001	0.001	0.001
0.001	0.001	0.001	0.997
0.997	0.001	0.001	0.001
0.850	0.148	0.001	0.001
0.997	0.001	0.001	0.001
0.001	0.889	0.001	0.109
>CTACAAGC	2-CTACAAGC	5.430501	-18.829333	0	T:49.0(20.85%),B:254.0(8.63%),P:1e-8	Tpos:52.9,Tstd:26.9,Bpos:51.1,Bstd:27.2,StrandBias:0.7,Multiplicity:1.15
0.097	0.676	0.154	0.073
0.174	0.085	0.018	0.723
0.779	0.104	0.038	0.079
0.075	0.661	0.069	0.195
0.729	0.157	0.001	0.113
0.884	0.030	0.035	0.051
0.045	0.020	0.795	0.140
0.042	0.765	0.115	0.078
>AGCTCGAG	3-AGCTCGAG	7.406215	-16.660225	0	T:31.0(13.19%),B:129.0(4.38%),P:1e-7	Tpos:54.0,Tstd:26.2,Bpos:50.5,Bstd:26.4,StrandBias:1.2,Multiplicity:1.10
0.997	0.001	0.001	0.001
0.001	0.001	0.925	0.073
0.074	0.901	0.001	0.024
0.074	0.001	0.074	0.851
0.071	0.791	0.094	0.044
0.083	0.178	0.689	0.050
0.971	0.001	0.001	0.027
0.001	0.001	0.925	0.073
>TCCATGCA	4-TCCATGCA	9.236741	-14.130970	0	T:5.0(2.13%),B:2.0(0.07%),P:1e-6	Tpos:57.0,Tstd:20.1,Bpos:36.0,Bstd:28.0,StrandBias:1.0,Multiplicity:1.00
0.001	0.001	0.001	0.997
0.001	0.997	0.001	0.001
0.001	0.997	0.001	0.001
0.997	0.001	0.001	0.001
0.001	0.001	0.001	0.997
0.001	0.001	0.997	0.001
0.001	0.997	0.001	0.001
0.838	0.001	0.160	0.001
>GCAAATTT	5-GCAAATTT	7.940307	-7.635399	0	T:9.0(3.83%),B:28.0(0.95%),P:1e-3	Tpos:45.8,Tstd:29.3,Bpos:48.9,Bstd:27.4,StrandBias:-0.5,Multiplicity:1.44
0.001	0.079	0.919	0.001
0.001	0.997	0.001	0.001
0.997	0.001	0.001	0.001
0.997	0.001	0.001	0.001
0.997	0.001	0.001	0.001
0.001	0.001	0.079	0.919
0.107	0.242	0.001	0.650
0.001	0.079	0.001	0.919
>AAAAAAAA	6-AAAAAAAA	6.502570	-6.057287	0	T:31.0(13.19%),B:226.0(7.68%),P:1e-2	Tpos:54.3,Tstd:30.1,Bpos:50.5,Bstd:27.4,StrandBias:0.1,Multiplicity:1.26
0.720	0.111	0.098	0.071
0.740	0.095	0.090	0.075
0.792	0.067	0.060	0.081
0.750	0.045	0.060	0.145
0.756	0.071	0.058	0.115
0.801	0.090	0.029	0.080
0.767	0.111	0.031	0.091
0.683	0.173	0.051	0.093
>GTTGGTTG	7-GTTGGTTG	8.460379	-5.172546	0	T:5.0(2.13%),B:14.0(0.48%),P:1e-2	Tpos:64.9,Tstd:28.5,Bpos:43.0,Bstd:33.1,StrandBias:2.5,Multiplicity:2.60
0.001	0.001	0.997	0.001
0.001	0.001	0.001	0.997
0.092	0.001	0.001	0.906
0.001	0.001	0.997	0.001
0.001	0.001	0.997	0.001
0.001	0.088	0.001	0.910
0.001	0.124	0.001	0.874
0.001	0.001	0.997	0.001
