>GACCACTG	1-GACCACTG	7.510430	-14.371218	0	T:21.0(8.94%),B:73.0(2.48%),P:1e-6	Tpos:54.0,Tstd:26.8,Bpos:53.5,Bstd:26.8,StrandBias:0.0,Multiplicity:1.20
0.044	0.092	0.585	0.279
0.997	0.001	0.001	0.001
0.085	0.913	0.001	0.001
0.001	0.997	0.001	0.001
0.887	0.001	0.111	0.001
0.001	0.919	0.032	0.048
0.001	0.001	0.001	0.997
0.194	0.001	0.694	0.111
>TAGACACT	2-TAGACACT	8.236954	-10.794901	0	T:5.0(2.13%),B:4.0(0.14%),P:1e-4	Tpos:53.0,Tstd:25.8,Bpos:44.3,Bstd:35.2,StrandBias:0.6,Multiplicity:1.00
0.100	0.100	0.100	0.700
0.700	0.100	0.100	0.100
0.100	0.100	0.700	0.100
0.700	0.100	0.100	0.100
0.100	0.700	0.100	0.100
0.700	0.100	0.100	0.100
0.100	0.700	0.100	0.100
0.100	0.100	0.100	0.700
>CTTCCGGG	3-CTTCCGGG	9.449834	-10.794901	0	T:5.0(2.13%),B:4.0(0.14%),P:1e-4	Tpos:46.7,Tstd:25.3,Bpos:48.5,Bstd:33.5,StrandBias:0.0,Multiplicity:1.20
0.001	0.997	0.001	0.001
0.001	0.001	0.001	0.997
0.198	0.100	0.001	0.701
0.001	0.997	0.001	0.001
0.001	0.997	0.001	0.001
0.001	0.001	0.997	0.001
0.001	0.001	0.997	0.001
0.001	0.001	0.997	0.001
>TGTGACAG	4-TGTGACAG	8.133882	-9.437261	0	T:8.0(3.40%),B:17.0(0.58%),P:1e-4	Tpos:43.2,Tstd:23.5,Bpos:48.9,Bstd:28.7,StrandBias:1.0,Multiplicity:1.50
0.001	0.001	0.001	0.997
0.001	0.062	0.936	0.001
0.001	0.001	0.001	0.997
0.001	0.001	0.997	0.001
0.997	0.001	0.001	0.001
0.001	0.997	0.001	0.001
0.854	0.144	0.001	0.001
0.001	0.001	0.997	0.001
>GTATACAG	5-GTATACAG	6.623959	-7.116762	0	T:17.0(7.23%),B:88.0(2.99%),P:1e-3	Tpos:51.6,Tstd:26.1,Bpos:54.5,Bstd:26.4,StrandBias:-0.3,Multiplicity:1.47
0.001	0.001	0.963	0.035
0.001	0.001	0.001	0.997
0.792	0.058	0.123	0.027
0.001	0.001	0.001	0.997
0.936	0.042	0.021	0.001
0.036	0.891	0.001	0.072
0.654	0.001	0.072	0.273
0.001	0.031	0.815	0.153
>GCTCCGCG	6-GCTCCGCG	6.979678	-5.606464	0	T:10.0(4.26%),B:45.0(1.53%),P:1e-2	Tpos:41.0,Tstd:25.9,Bpos:49.3,Bstd:28.9,StrandBias:-0.9,Multiplicity:2.00
0.001	0.001	0.997	0.001
0.001	0.997	0.001	0.001
0.001	0.001	0.001	0.997
0.033	0.645	0.321	0.001
0.001	0.607	0.001	0.391
0.001	0.001	0.997	0.001
0.001	0.997	0.001	0.001
0.001	0.001	0.932	0.066
>CAGTGCAG	7-CAGTGCAG	8.380027	-4.272455	0	T:8.0(3.40%),B:39.0(1.33%),P:1e-1	Tpos:43.2,Tstd:29.1,Bpos:51.8,Bstd:25.6,StrandBias:3.1,Multiplicity:2.38
0.001	0.997	0.001	0.001
0.903	0.095	0.001	0.001
0.001	0.001	0.997	0.001
0.001	0.001	0.001	0.997
0.001	0.001	0.923	0.075
0.001	0.997	0.001	0.001
0.997	0.001	0.001	0.001
0.001	0.001	0.997	0.001
>AAAAAAAA	8-AAAAAAAA	8.760109	-1.670197	0	T:18.0(7.66%),B:179.0(6.08%),P:1e0	Tpos:44.3,Tstd:19.5,Bpos:47.9,Bstd:25.9,StrandBias:0.5,Multiplicity:2.22
0.938	0.039	0.001	0.022
0.975	0.001	0.001	0.023
0.889	0.109	0.001	0.001
0.850	0.148	0.001	0.001
0.837	0.161	0.001	0.001
0.997	0.001	0.001	0.001
0.949	0.049	0.001	0.001
0.924	0.074	0.001	0.001
