>CTGCTCACTC	1-CTGCTCACTC	10.644152	-26.206070	0	T:12.0(5.11%),B:8.0(0.27%),P:1e-11	Tpos:37.6,Tstd:25.2,Bpos:54.6,Bstd:32.1,StrandBias:0.0,Multiplicity:1.00
0.001	0.997	0.001	0.001
0.001	0.001	0.120	0.878
0.120	0.001	0.878	0.001
0.001	0.878	0.001	0.120
0.121	0.121	0.001	0.757
0.001	0.997	0.001	0.001
0.848	0.061	0.001	0.090
0.001	0.997	0.001	0.001
0.001	0.120	0.001	0.878
0.001	0.997	0.001	0.001
>GCCAACTCTG	2-GCCAACTCTG	6.539788	-23.501910	0	T:9.0(3.83%),B:4.0(0.14%),P:1e-10	Tpos:48.2,Tstd:28.2,Bpos:51.2,Bstd:30.6,StrandBias:1.6,Multiplicity:1.33
0.005	0.001	0.741	0.253
0.001	0.997	0.001	0.001
0.001	0.997	0.001	0.001
0.916	0.001	0.001	0.082
0.997	0.001	0.001	0.001
0.001	0.997	0.001	0.001
0.001	0.001	0.082	0.916
0.001	0.801	0.197	0.001
0.001	0.001	0.001	0.997
0.001	0.001	0.997	0.001
>TGAGATAMAA	3-TGAGATAMAA	11.007352	-18.819081	0	T:7.0(2.98%),B:3.0(0.10%),P:1e-8	Tpos:41.1,Tstd:22.9,Bpos:55.0,Bstd:0.0,StrandBias:2.6,Multiplicity:1.00
0.001	0.001	0.001	0.997
0.130	0.001	0.739	0.130
0.997	0.001	0.001	0.001
0.001	0.001	0.997	0.001
0.997	0.001	0.001	0.001
0.001	0.001	0.001	0.997
0.869	0.001	0.001	0.129
0.520	0.478	0.001	0.001
0.997	0.001	0.001	0.001
0.997	0.001	0.001	0.001
>GTTCTAKGAT	4-GTTCTAKGAT	9.010652	-17.781547	0	T:6.0(2.55%),B:2.0(0.07%),P:1e-7	Tpos:61.1,Tstd:20.2,Bpos:48.0,Bstd:5.0,StrandBias:2.6,Multiplicity:1.17
0.001	0.001	0.997	0.001
0.001	0.001	0.001	0.997
0.001	0.001	0.001	0.997
0.001	0.580	0.001	0.418
0.001	0.034	0.001	0.964
0.997	0.001	0.001	0.001
0.001	0.001	0.535	0.463
0.001	0.001	0.997	0.001
0.871	0.001	0.001	0.127
0.001	0.001	0.001	0.997
>CAATAGTGAA	5-CAATAGTGAA	9.509791	-16.872927	0	T:7.0(2.98%),B:4.0(0.14%),P:1e-7	Tpos:47.1,Tstd:21.3,Bpos:41.2,Bstd:19.8,StrandBias:-1.4,Multiplicity:1.29
0.001	0.997	0.001	0.001
0.749	0.249	0.001	0.001
0.749	0.249	0.001	0.001
0.001	0.001	0.001	0.997
0.624	0.001	0.125	0.250
0.001	0.001	0.997	0.001
0.001	0.001	0.001	0.997
0.001	0.001	0.997	0.001
0.749	0.001	0.249	0.001
0.624	0.001	0.001	0.374
>AGTACCATAG	6-AGTACCATAG	11.751990	-13.375492	0	T:4.0(1.70%),B:0.0(0.00%),P:1e-5	Tpos:64.7,Tstd:18.8,Bpos:0.0,Bstd:0.0,StrandBias:0.0,Multiplicity:1.50
0.997	0.001	0.001	0.001
0.001	0.001	0.997	0.001
0.001	0.001	0.001	0.997
0.997	0.001	0.001	0.001
0.001	0.809	0.001	0.189
0.001	0.809	0.189	0.001
0.997	0.001	0.001	0.001
0.189	0.001	0.001	0.809
0.997	0.001	0.001	0.001
0.001	0.001	0.997	0.001
>ACACWRACAC	7-ACACWRACAC	8.631188	-6.091780	0	T:10.0(4.26%),B:42.0(1.43%),P:1e-2	Tpos:55.6,Tstd:26.0,Bpos:44.4,Bstd:26.6,StrandBias:0.4,Multiplicity:1.20
0.704	0.006	0.001	0.289
0.105	0.789	0.105	0.001
0.645	0.023	0.001	0.331
0.001	0.749	0.249	0.001
0.505	0.006	0.001	0.488
0.427	0.134	0.438	0.001
0.807	0.005	0.109	0.079
0.006	0.992	0.001	0.001
0.993	0.005	0.001	0.001
0.109	0.681	0.105	0.105
>TGTTTYKTTT	8-TGTTTYKTTT	7.424158	-4.932726	0	T:37.0(15.74%),B:306.0(10.40%),P:1e-2	Tpos:52.0,Tstd:22.8,Bpos:48.5,Bstd:25.8,StrandBias:0.7,Multiplicity:1.78
0.001	0.001	0.001	0.997
0.041	0.061	0.640	0.258
0.081	0.001	0.122	0.796
0.060	0.001	0.081	0.858
0.001	0.001	0.001	0.997
0.017	0.510	0.061	0.412
0.081	0.118	0.338	0.463
0.001	0.030	0.001	0.968
0.001	0.075	0.001	0.923
0.001	0.116	0.041	0.842
