>ACAGGAAT	1-ACAGGAAT	6.071898	-16.758091	0	T:41.0(28.87%),B:367.0(11.98%),P:1e-7	Tpos:41.6,Tstd:25.0,Bpos:49.5,Bstd:27.8,StrandBias:-0.2,Multiplicity:1.22
0.757	0.099	0.100	0.044
0.193	0.538	0.167	0.102
0.973	0.001	0.025	0.001
0.001	0.080	0.892	0.027
0.158	0.087	0.754	0.001
0.885	0.028	0.029	0.058
0.641	0.119	0.050	0.190
0.075	0.047	0.296	0.582
>AACGGCAA	2-AACGGCAA	6.867649	-15.450785	0	T:18.0(12.68%),B:89.0(2.91%),P:1e-6	Tpos:46.4,Tstd:24.9,Bpos:53.3,Bstd:26.6,StrandBias:-0.5,Multiplicity:1.06
0.927	0.071	0.001	0.001
0.842	0.001	0.156	0.001
0.201	0.667	0.001	0.131
0.135	0.001	0.863	0.001
0.001	0.297	0.701	0.001
0.174	0.824	0.001	0.001
0.824	0.174	0.001	0.001
0.895	0.001	0.103	0.001
>CTATAGTC	3-CTATAGTC	7.477098	-14.815712	0	T:11.0(7.75%),B:32.0(1.04%),P:1e-6	Tpos:53.8,Tstd:27.8,Bpos:44.6,Bstd:26.7,StrandBias:0.2,Multiplicity:1.00
0.001	0.858	0.140	0.001
0.058	0.053	0.001	0.888
0.897	0.001	0.053	0.049
0.080	0.001	0.001	0.918
0.997	0.001	0.001	0.001
0.001	0.001	0.918	0.080
0.064	0.049	0.001	0.886
0.111	0.743	0.053	0.093
>TAGGTATC	4-TAGGTATC	9.546062	-7.832939	0	T:3.0(2.11%),B:3.0(0.10%),P:1e-3	Tpos:46.8,Tstd:20.5,Bpos:69.0,Bstd:8.6,StrandBias:-2.0,Multiplicity:1.67
0.001	0.001	0.001	0.997
0.997	0.001	0.001	0.001
0.001	0.001	0.997	0.001
0.001	0.001	0.997	0.001
0.001	0.001	0.001	0.997
0.997	0.001	0.001	0.001
0.001	0.001	0.001	0.997
0.001	0.780	0.218	0.001
>GCAGGATC	5-GCAGGATC	8.236954	-3.440184	0	T:2.0(1.41%),B:6.0(0.20%),P:1e-1	Tpos:59.8,Tstd:24.6,Bpos:45.0,Bstd:24.4,StrandBias:10.0,Multiplicity:2.50
0.100	0.100	0.700	0.100
0.100	0.700	0.100	0.100
0.700	0.100	0.100	0.100
0.100	0.100	0.700	0.100
0.100	0.100	0.700	0.100
0.700	0.100	0.100	0.100
0.100	0.100	0.100	0.700
0.100	0.700	0.100	0.100
