>CTTACTTTCAGT	1-CTTACTTTCAGT	9.984006	-20.252543	0	T:5.0(3.52%),B:1.0(0.03%),P:1e-8	Tpos:53.7,Tstd:24.9,Bpos:59.7,Bstd:14.3,StrandBias:2.6,Multiplicity:1.40
0.001	0.997	0.001	0.001
0.001	0.110	0.001	0.888
0.001	0.001	0.001	0.997
0.872	0.001	0.116	0.011
0.001	0.997	0.001	0.001
0.001	0.001	0.001	0.997
0.001	0.001	0.001	0.997
0.001	0.001	0.001	0.997
0.001	0.997	0.001	0.001
0.783	0.105	0.001	0.111
0.001	0.133	0.755	0.111
0.001	0.005	0.001	0.993
>AGTCAGAGGGAA	2-AGTCAGAGGGAA	11.493173	-18.636626	0	T:6.0(4.23%),B:3.0(0.10%),P:1e-8	Tpos:42.3,Tstd:26.9,Bpos:51.3,Bstd:33.5,StrandBias:0.0,Multiplicity:1.00
0.997	0.001	0.001	0.001
0.001	0.012	0.675	0.312
0.001	0.001	0.306	0.692
0.001	0.997	0.001	0.001
0.997	0.001	0.001	0.001
0.001	0.001	0.997	0.001
0.619	0.001	0.001	0.379
0.397	0.001	0.601	0.001
0.001	0.001	0.997	0.001
0.001	0.001	0.997	0.001
0.606	0.001	0.392	0.001
0.698	0.300	0.001	0.001
>AGGCTSAGARGA	3-AGGCTSAGARGA	8.301369	-14.815400	0	T:18.0(12.68%),B:93.0(3.04%),P:1e-6	Tpos:46.5,Tstd:22.6,Bpos:51.0,Bstd:27.1,StrandBias:-0.8,Multiplicity:1.22
0.995	0.001	0.003	0.001
0.322	0.001	0.676	0.001
0.076	0.310	0.613	0.001
0.157	0.524	0.318	0.001
0.076	0.277	0.001	0.646
0.081	0.404	0.310	0.206
0.838	0.001	0.001	0.160
0.001	0.001	0.997	0.001
0.801	0.001	0.197	0.001
0.447	0.004	0.315	0.234
0.001	0.080	0.918	0.001
0.439	0.173	0.157	0.230
>CTCTGACTTGGA	4-CTCTGACTTGGA	8.885184	-12.805359	0	T:4.0(2.82%),B:2.0(0.07%),P:1e-5	Tpos:41.3,Tstd:29.0,Bpos:42.0,Bstd:4.0,StrandBias:2.6,Multiplicity:1.75
0.001	0.997	0.001	0.001
0.001	0.184	0.001	0.814
0.001	0.997	0.001	0.001
0.001	0.001	0.001	0.997
0.001	0.001	0.939	0.059
0.997	0.001	0.001	0.001
0.001	0.997	0.001	0.001
0.001	0.001	0.001	0.997
0.001	0.223	0.001	0.775
0.224	0.001	0.756	0.019
0.001	0.019	0.979	0.001
0.997	0.001	0.001	0.001
>ACACACACACAC	5-ACACACACACAC	7.551994	-5.185031	0	T:9.0(6.34%),B:70.0(2.29%),P:1e-2	Tpos:42.8,Tstd:23.3,Bpos:48.1,Bstd:26.7,StrandBias:2.0,Multiplicity:1.00
0.727	0.136	0.001	0.136
0.002	0.724	0.001	0.273
0.727	0.001	0.136	0.136
0.003	0.856	0.001	0.140
0.589	0.137	0.137	0.137
0.003	0.993	0.001	0.003
0.997	0.001	0.001	0.001
0.004	0.855	0.137	0.004
0.862	0.001	0.001	0.136
0.136	0.860	0.001	0.003
0.997	0.001	0.001	0.001
0.003	0.857	0.137	0.003
