>TGGAACAACC	1-TGGAACAACC	11.492691	-17.863464	0	T:7.0(4.93%),B:6.0(0.20%),P:1e-7	Tpos:32.7,Tstd:26.6,Bpos:51.7,Bstd:24.6,StrandBias:2.6,Multiplicity:1.00
0.001	0.001	0.001	0.997
0.001	0.001	0.997	0.001
0.001	0.001	0.807	0.191
0.807	0.001	0.191	0.001
0.997	0.001	0.001	0.001
0.001	0.997	0.001	0.001
0.997	0.001	0.001	0.001
0.997	0.001	0.001	0.001
0.001	0.807	0.191	0.001
0.233	0.765	0.001	0.001
>TTGGCATCAG	2-TTGGCATCAG	11.236213	-17.863464	0	T:7.0(4.93%),B:6.0(0.20%),P:1e-7	Tpos:66.9,Tstd:13.2,Bpos:47.5,Bstd:18.8,StrandBias:2.6,Multiplicity:1.00
0.001	0.166	0.001	0.832
0.001	0.001	0.001	0.997
0.001	0.001	0.997	0.001
0.166	0.001	0.667	0.166
0.001	0.997	0.001	0.001
0.997	0.001	0.001	0.001
0.001	0.166	0.166	0.667
0.001	0.997	0.001	0.001
0.997	0.001	0.001	0.001
0.001	0.001	0.997	0.001
>GTGCAGGCAG	3-GTGCAGGCAG	10.877576	-12.805359	0	T:4.0(2.82%),B:2.0(0.07%),P:1e-5	Tpos:49.9,Tstd:27.4,Bpos:44.0,Bstd:6.0,StrandBias:1.7,Multiplicity:3.25
0.001	0.001	0.997	0.001
0.001	0.001	0.001	0.997
0.001	0.001	0.997	0.001
0.001	0.997	0.001	0.001
0.929	0.069	0.001	0.001
0.001	0.001	0.997	0.001
0.001	0.001	0.750	0.248
0.001	0.997	0.001	0.001
0.997	0.001	0.001	0.001
0.001	0.001	0.997	0.001
>TCTSTCTGTC	4-TCTSTCTGTC	8.794519	-10.055979	0	T:8.0(5.63%),B:27.0(0.88%),P:1e-4	Tpos:51.7,Tstd:24.7,Bpos:46.0,Bstd:24.1,StrandBias:-1.7,Multiplicity:1.75
0.064	0.001	0.163	0.772
0.163	0.709	0.127	0.001
0.001	0.145	0.001	0.853
0.001	0.426	0.572	0.001
0.256	0.001	0.081	0.662
0.001	0.730	0.268	0.001
0.081	0.001	0.001	0.917
0.082	0.106	0.730	0.082
0.253	0.001	0.001	0.745
0.001	0.799	0.199	0.001
>TAGGGTTAGG	5-TAGGGTTAGG	8.359977	-8.889786	0	T:8.0(5.63%),B:32.0(1.04%),P:1e-3	Tpos:43.9,Tstd:26.4,Bpos:47.9,Bstd:28.2,StrandBias:1.6,Multiplicity:2.50
0.188	0.001	0.001	0.810
0.522	0.001	0.188	0.289
0.192	0.063	0.743	0.002
0.188	0.001	0.809	0.002
0.063	0.001	0.873	0.063
0.063	0.002	0.001	0.934
0.063	0.001	0.191	0.745
0.682	0.001	0.191	0.126
0.002	0.001	0.963	0.034
0.062	0.001	0.936	0.001
