>CTGAKTAT	1-CTGAKTAT	7.996146	-14.121418	0	T:9.0(6.34%),B:21.0(0.69%),P:1e-6	Tpos:47.8,Tstd:27.9,Bpos:63.8,Bstd:23.3,StrandBias:-0.5,Multiplicity:1.33
0.001	0.627	0.371	0.001
0.001	0.001	0.001	0.997
0.001	0.001	0.997	0.001
0.997	0.001	0.001	0.001
0.001	0.001	0.524	0.474
0.001	0.001	0.001	0.997
0.997	0.001	0.001	0.001
0.140	0.001	0.001	0.858
>AACAATAC	2-AACAATAC	6.746153	-13.413207	0	T:24.0(16.90%),B:173.0(5.65%),P:1e-5	Tpos:47.8,Tstd:25.8,Bpos:49.2,Bstd:26.3,StrandBias:-1.1,Multiplicity:1.52
0.879	0.047	0.073	0.001
0.859	0.001	0.047	0.093
0.039	0.867	0.001	0.093
0.926	0.072	0.001	0.001
0.891	0.001	0.061	0.047
0.160	0.018	0.082	0.740
0.940	0.001	0.024	0.035
0.018	0.928	0.001	0.053
>CGATCTCT	3-CGATCTCT	8.649852	-8.633961	0	T:5.0(3.52%),B:11.0(0.36%),P:1e-3	Tpos:56.6,Tstd:20.7,Bpos:51.8,Bstd:30.3,StrandBias:-0.6,Multiplicity:1.00
0.001	0.997	0.001	0.001
0.001	0.001	0.997	0.001
0.778	0.001	0.220	0.001
0.001	0.089	0.001	0.909
0.001	0.664	0.334	0.001
0.334	0.001	0.001	0.664
0.001	0.997	0.001	0.001
0.001	0.001	0.001	0.997
>TAGAGGTT	4-TAGAGGTT	7.837364	-8.166896	0	T:6.0(4.23%),B:19.0(0.62%),P:1e-3	Tpos:59.2,Tstd:27.2,Bpos:43.3,Bstd:26.4,StrandBias:1.2,Multiplicity:1.67
0.001	0.146	0.001	0.852
0.904	0.001	0.094	0.001
0.001	0.001	0.997	0.001
0.619	0.229	0.151	0.001
0.001	0.001	0.848	0.150
0.001	0.001	0.926	0.072
0.001	0.079	0.001	0.919
0.298	0.239	0.001	0.462
>CACACACA	5-CACACACA	8.351346	-7.576276	0	T:11.0(7.75%),B:71.0(2.32%),P:1e-3	Tpos:54.8,Tstd:19.7,Bpos:45.6,Bstd:28.8,StrandBias:2.0,Multiplicity:1.00
0.001	0.997	0.001	0.001
0.918	0.080	0.001	0.001
0.001	0.997	0.001	0.001
0.955	0.043	0.001	0.001
0.001	0.997	0.001	0.001
0.976	0.001	0.001	0.022
0.053	0.898	0.048	0.001
0.974	0.024	0.001	0.001
>GAGGCGCC	6-GAGGCGCC	8.236954	-4.191279	0	T:2.0(1.41%),B:4.0(0.13%),P:1e-1	Tpos:58.5,Tstd:14.0,Bpos:37.5,Bstd:33.5,StrandBias:0.0,Multiplicity:1.00
0.100	0.100	0.700	0.100
0.700	0.100	0.100	0.100
0.100	0.100	0.700	0.100
0.100	0.100	0.700	0.100
0.100	0.700	0.100	0.100
0.100	0.100	0.700	0.100
0.100	0.700	0.100	0.100
0.100	0.700	0.100	0.100
>CGCGCGCG	7-CGCGCGCG	2.399224	-4.176087	0	T:57.0(40.14%),B:957.0(31.24%),P:1e-1	Tpos:51.7,Tstd:27.9,Bpos:49.2,Bstd:26.8,StrandBias:0.0,Multiplicity:1.33
0.100	0.700	0.100	0.100
0.100	0.100	0.700	0.100
0.100	0.700	0.100	0.100
0.100	0.100	0.700	0.100
0.100	0.700	0.100	0.100
0.100	0.100	0.700	0.100
0.100	0.700	0.100	0.100
0.100	0.100	0.700	0.100
>CTCTGCTC	8-CTCTGCTC	8.226737	-1.158711	0	T:4.0(2.82%),B:61.0(1.99%),P:1e0	Tpos:48.0,Tstd:28.6,Bpos:53.6,Bstd:26.1,StrandBias:-3.8,Multiplicity:3.75
0.068	0.930	0.001	0.001
0.001	0.001	0.001	0.997
0.001	0.932	0.066	0.001
0.001	0.001	0.001	0.997
0.084	0.001	0.914	0.001
0.001	0.997	0.001	0.001
0.001	0.001	0.001	0.997
0.001	0.997	0.001	0.001
