>TTACTCTCCT	1-TTACTCTCCT	8.469264	-16.770203	0	T:12.0(17.14%),B:3158.7(2.25%),P:1e-7,FDR:1	Tpos:42.2,Tstd:23.8,Bpos:50.5,Bstd:34.3,StrandBias:-0.2,Multiplicity:1.08
0.183	0.162	0.001	0.654
0.001	0.206	0.084	0.709
0.650	0.063	0.100	0.187
0.110	0.805	0.084	0.001
0.001	0.001	0.001	0.997
0.001	0.997	0.001	0.001
0.001	0.001	0.001	0.997
0.180	0.567	0.252	0.001
0.001	0.897	0.001	0.101
0.063	0.175	0.001	0.761
>TTGGCMTTCC	2-TTGGCMTTCC	8.103726	-15.061058	0	T:10.0(14.29%),B:2367.9(1.68%),P:1e-6,FDR:1	Tpos:55.5,Tstd:26.3,Bpos:49.1,Bstd:33.9,StrandBias:-1.4,Multiplicity:1.00
0.001	0.111	0.001	0.887
0.001	0.305	0.001	0.693
0.001	0.403	0.595	0.001
0.144	0.037	0.722	0.097
0.106	0.548	0.001	0.345
0.412	0.426	0.001	0.162
0.001	0.001	0.105	0.893
0.001	0.001	0.144	0.854
0.032	0.966	0.001	0.001
0.145	0.821	0.033	0.001
>TTGGAGKAGG	3-TTGGAGKAGG	7.058275	-14.290723	0	T:8.0(11.43%),B:1432.5(1.02%),P:1e-6,FDR:1	Tpos:52.5,Tstd:27.2,Bpos:51.0,Bstd:28.0,StrandBias:-2.2,Multiplicity:1.38
0.001	0.001	0.068	0.930
0.001	0.001	0.001	0.997
0.016	0.001	0.982	0.001
0.001	0.001	0.997	0.001
0.997	0.001	0.001	0.001
0.001	0.001	0.997	0.001
0.001	0.001	0.551	0.447
0.997	0.001	0.001	0.001
0.373	0.001	0.625	0.001
0.001	0.082	0.916	0.001
>TGACTAACGA	4-TGACTAACGA	10.296193	-7.605744	0	T:1.0(1.43%),B:0.9(0.00%),P:1e-3,FDR:1	Tpos:74.0,Tstd:0.0,Bpos:58.3,Bstd:13.0,StrandBias:-10.0,Multiplicity:1.00
0.100	0.100	0.100	0.700
0.100	0.100	0.700	0.100
0.700	0.100	0.100	0.100
0.100	0.700	0.100	0.100
0.100	0.100	0.100	0.700
0.700	0.100	0.100	0.100
0.700	0.100	0.100	0.100
0.100	0.700	0.100	0.100
0.100	0.100	0.700	0.100
0.700	0.100	0.100	0.100
>TAAGTTATGA	5-TAAGTTATGA	10.296193	-6.912842	0	T:1.0(1.43%),B:2.0(0.00%),P:1e-3,FDR:1	Tpos:16.0,Tstd:0.0,Bpos:49.5,Bstd:18.8,StrandBias:-10.0,Multiplicity:1.00
0.100	0.100	0.100	0.700
0.700	0.100	0.100	0.100
0.700	0.100	0.100	0.100
0.100	0.100	0.700	0.100
0.100	0.100	0.100	0.700
0.100	0.100	0.100	0.700
0.700	0.100	0.100	0.100
0.100	0.100	0.100	0.700
0.100	0.100	0.700	0.100
0.700	0.100	0.100	0.100
>GCYKCTTCCCTT	1-GCYKCTTCCCTT	9.728938	-17.706372	0	T:9.0(12.86%),B:1309.9(0.93%),P:1e-7,FDR:0.8	Tpos:61.8,Tstd:20.0,Bpos:48.4,Bstd:31.8,StrandBias:1.2,Multiplicity:1.11
0.001	0.199	0.799	0.001
0.177	0.821	0.001	0.001
0.001	0.559	0.001	0.439
0.001	0.001	0.507	0.491
0.001	0.803	0.001	0.195
0.001	0.133	0.001	0.865
0.001	0.181	0.001	0.817
0.001	0.814	0.182	0.003
0.001	0.836	0.160	0.003
0.178	0.693	0.001	0.128
0.003	0.001	0.001	0.995
0.001	0.196	0.316	0.488
>TGGATCTCACTG	2-TGGATCTCACTG	12.355432	-7.605744	0	T:1.0(1.43%),B:0.9(0.00%),P:1e-3,FDR:1	Tpos:61.0,Tstd:0.0,Bpos:49.7,Bstd:11.9,StrandBias:10.0,Multiplicity:1.00
0.100	0.100	0.100	0.700
0.100	0.100	0.700	0.100
0.100	0.100	0.700	0.100
0.700	0.100	0.100	0.100
0.100	0.100	0.100	0.700
0.100	0.700	0.100	0.100
0.100	0.100	0.100	0.700
0.100	0.700	0.100	0.100
0.700	0.100	0.100	0.100
0.100	0.700	0.100	0.100
0.100	0.100	0.100	0.700
0.100	0.100	0.700	0.100
>GGCCAGCTGTCG	3-GGCCAGCTGTCG	12.355432	-7.605744	0	T:1.0(1.43%),B:0.7(0.00%),P:1e-3,FDR:1	Tpos:28.0,Tstd:0.0,Bpos:71.0,Bstd:0.0,StrandBias:10.0,Multiplicity:1.00
0.100	0.100	0.700	0.100
0.100	0.100	0.700	0.100
0.100	0.700	0.100	0.100
0.100	0.700	0.100	0.100
0.700	0.100	0.100	0.100
0.100	0.100	0.700	0.100
0.100	0.700	0.100	0.100
0.100	0.100	0.100	0.700
0.100	0.100	0.700	0.100
0.100	0.100	0.100	0.700
0.100	0.700	0.100	0.100
0.100	0.100	0.700	0.100
>TGATCTGCCTGC	4-TGATCTGCCTGC	12.355432	-6.912842	0	T:1.0(1.43%),B:2.9(0.00%),P:1e-3,FDR:1	Tpos:21.0,Tstd:0.0,Bpos:48.7,Bstd:15.4,StrandBias:10.0,Multiplicity:1.00
0.100	0.100	0.100	0.700
0.100	0.100	0.700	0.100
0.700	0.100	0.100	0.100
0.100	0.100	0.100	0.700
0.100	0.700	0.100	0.100
0.100	0.100	0.100	0.700
0.100	0.100	0.700	0.100
0.100	0.700	0.100	0.100
0.100	0.700	0.100	0.100
0.100	0.100	0.100	0.700
0.100	0.100	0.700	0.100
0.100	0.700	0.100	0.100
>TCCACAGTTCCA	5-TCCACAGTTCCA	12.355432	-6.912842	0	T:1.0(1.43%),B:2.8(0.00%),P:1e-3,FDR:1	Tpos:88.0,Tstd:0.0,Bpos:56.4,Bstd:14.0,StrandBias:10.0,Multiplicity:1.00
0.100	0.100	0.100	0.700
0.100	0.700	0.100	0.100
0.100	0.700	0.100	0.100
0.700	0.100	0.100	0.100
0.100	0.700	0.100	0.100
0.700	0.100	0.100	0.100
0.100	0.100	0.700	0.100
0.100	0.100	0.100	0.700
0.100	0.100	0.100	0.700
0.100	0.700	0.100	0.100
0.100	0.700	0.100	0.100
0.700	0.100	0.100	0.100
>CTRCTCCA	1-CTRCTCCA	6.101111	-15.196875	0	T:30.0(42.86%),B:23542.7(16.74%),P:1e-6,FDR:0.6	Tpos:60.5,Tstd:29.0,Bpos:50.4,Bstd:31.0,StrandBias:1.8,Multiplicity:1.17
0.001	0.988	0.001	0.010
0.286	0.006	0.001	0.707
0.402	0.090	0.373	0.135
0.077	0.874	0.001	0.048
0.212	0.056	0.078	0.654
0.293	0.705	0.001	0.001
0.001	0.925	0.001	0.073
0.819	0.179	0.001	0.001
>ACTAATCA	2-ACTAATCA	6.024635	-14.995286	0	T:16.0(22.86%),B:7074.8(5.03%),P:1e-6,FDR:0.6	Tpos:47.7,Tstd:22.4,Bpos:49.9,Bstd:32.7,StrandBias:-1.0,Multiplicity:1.06
0.997	0.001	0.001	0.001
0.079	0.674	0.112	0.135
0.001	0.040	0.001	0.958
0.886	0.001	0.112	0.001
0.898	0.100	0.001	0.001
0.069	0.052	0.073	0.806
0.001	0.894	0.104	0.001
0.997	0.001	0.001	0.001
>ACTCTCCT	3-ACTCTCCT	8.736746	-9.367854	0	T:5.0(7.14%),B:886.5(0.63%),P:1e-4,FDR:1	Tpos:47.6,Tstd:28.9,Bpos:51.6,Bstd:33.0,StrandBias:-0.6,Multiplicity:1.00
0.571	0.089	0.190	0.150
0.233	0.713	0.027	0.027
0.061	0.072	0.053	0.814
0.037	0.924	0.001	0.038
0.132	0.174	0.075	0.619
0.177	0.704	0.030	0.089
0.090	0.877	0.001	0.032
0.032	0.122	0.034	0.812
>AAGRCCAA	4-AAGRCCAA	8.395833	-8.526341	0	T:9.0(12.86%),B:4100.6(2.92%),P:1e-3,FDR:1	Tpos:63.5,Tstd:27.8,Bpos:50.1,Bstd:30.5,StrandBias:1.0,Multiplicity:1.33
0.804	0.194	0.001	0.001
0.997	0.001	0.001	0.001
0.001	0.001	0.997	0.001
0.538	0.001	0.460	0.001
0.034	0.964	0.001	0.001
0.001	0.997	0.001	0.001
0.997	0.001	0.001	0.001
0.795	0.203	0.001	0.001
>MGCAGCTG	5-MGCAGCTG	6.515711	-6.815481	0	T:15.0(21.43%),B:12509.6(8.89%),P:1e-2,FDR:1	Tpos:47.7,Tstd:28.1,Bpos:50.3,Bstd:32.1,StrandBias:-0.4,Multiplicity:1.21
0.353	0.305	0.151	0.190
0.281	0.071	0.459	0.190
0.001	0.997	0.001	0.001
0.997	0.001	0.001	0.001
0.001	0.001	0.997	0.001
0.152	0.735	0.001	0.112
0.060	0.001	0.152	0.787
0.111	0.001	0.828	0.060
