>TTTAATVGCTCA	1-TTTAATVGCTCA	10.008962	-20.386828	0	T:3.0(100.00%),B:58.0(0.11%),P:1e-8	Tpos:60.3,Tstd:28.2,Bpos:53.2,Bstd:27.0,StrandBias:1.0,Multiplicity:1.00
0.001	0.321	0.001	0.677
0.001	0.001	0.321	0.677
0.322	0.001	0.015	0.662
0.997	0.001	0.001	0.001
0.983	0.001	0.015	0.001
0.016	0.324	0.016	0.644
0.340	0.322	0.322	0.016
0.001	0.015	0.662	0.322
0.001	0.966	0.001	0.032
0.001	0.322	0.015	0.662
0.322	0.662	0.015	0.001
0.644	0.354	0.001	0.001
>AGCACTTTGTTB	2-AGCACTTTGTTB	9.750926	-10.477731	0	T:2.0(66.67%),B:159.0(0.31%),P:1e-4	Tpos:48.0,Tstd:32.7,Bpos:54.0,Bstd:24.1,StrandBias:-1.0,Multiplicity:1.50
0.677	0.001	0.321	0.001
0.001	0.321	0.677	0.001
0.001	0.644	0.001	0.354
0.644	0.354	0.001	0.001
0.321	0.677	0.001	0.001
0.354	0.001	0.001	0.644
0.001	0.321	0.001	0.677
0.001	0.001	0.321	0.677
0.001	0.001	0.997	0.001
0.001	0.321	0.001	0.677
0.321	0.001	0.001	0.677
0.001	0.355	0.322	0.322
>AAAGGGTGAATC	3-AAAGGGTGAATC	12.355432	-9.757459	0	T:1.0(33.33%),B:1.0(0.00%),P:1e-4	Tpos:16.0,Tstd:0.0,Bpos:56.0,Bstd:0.0,StrandBias:10.0,Multiplicity:1.00
0.700	0.100	0.100	0.100
0.700	0.100	0.100	0.100
0.700	0.100	0.100	0.100
0.100	0.100	0.700	0.100
0.100	0.100	0.700	0.100
0.100	0.100	0.700	0.100
0.100	0.100	0.100	0.700
0.100	0.100	0.700	0.100
0.700	0.100	0.100	0.100
0.700	0.100	0.100	0.100
0.100	0.100	0.100	0.700
0.100	0.700	0.100	0.100
>ACTCCTCAAAGT	4-ACTCCTCAAAGT	12.355432	-9.757459	0	T:1.0(33.33%),B:1.0(0.00%),P:1e-4	Tpos:45.0,Tstd:0.0,Bpos:90.0,Bstd:0.0,StrandBias:10.0,Multiplicity:1.00
0.700	0.100	0.100	0.100
0.100	0.700	0.100	0.100
0.100	0.100	0.100	0.700
0.100	0.700	0.100	0.100
0.100	0.700	0.100	0.100
0.100	0.100	0.100	0.700
0.100	0.700	0.100	0.100
0.700	0.100	0.100	0.100
0.700	0.100	0.100	0.100
0.700	0.100	0.100	0.100
0.100	0.100	0.700	0.100
0.100	0.100	0.100	0.700
>AGAGTTCTTCAG	5-AGAGTTCTTCAG	12.355432	-9.757459	0	T:1.0(33.33%),B:1.0(0.00%),P:1e-4	Tpos:51.0,Tstd:0.0,Bpos:68.0,Bstd:0.0,StrandBias:10.0,Multiplicity:1.00
0.700	0.100	0.100	0.100
0.100	0.100	0.700	0.100
0.700	0.100	0.100	0.100
0.100	0.100	0.700	0.100
0.100	0.100	0.100	0.700
0.100	0.100	0.100	0.700
0.100	0.700	0.100	0.100
0.100	0.100	0.100	0.700
0.100	0.100	0.100	0.700
0.100	0.700	0.100	0.100
0.700	0.100	0.100	0.100
0.100	0.100	0.700	0.100
>GGCCAGGAACTG	6-GGCCAGGAACTG	12.355432	-9.757459	0	T:1.0(33.33%),B:1.0(0.00%),P:1e-4	Tpos:57.0,Tstd:0.0,Bpos:84.0,Bstd:0.0,StrandBias:10.0,Multiplicity:1.00
0.100	0.100	0.700	0.100
0.100	0.100	0.700	0.100
0.100	0.700	0.100	0.100
0.100	0.700	0.100	0.100
0.700	0.100	0.100	0.100
0.100	0.100	0.700	0.100
0.100	0.100	0.700	0.100
0.700	0.100	0.100	0.100
0.700	0.100	0.100	0.100
0.100	0.700	0.100	0.100
0.100	0.100	0.100	0.700
0.100	0.100	0.700	0.100
>GTGGAGCCTGTT	7-GTGGAGCCTGTT	12.355432	-9.064331	0	T:1.0(33.33%),B:2.0(0.00%),P:1e-3	Tpos:89.0,Tstd:0.0,Bpos:62.5,Bstd:9.5,StrandBias:10.0,Multiplicity:1.00
0.100	0.100	0.700	0.100
0.100	0.100	0.100	0.700
0.100	0.100	0.700	0.100
0.100	0.100	0.700	0.100
0.700	0.100	0.100	0.100
0.100	0.100	0.700	0.100
0.100	0.700	0.100	0.100
0.100	0.700	0.100	0.100
0.100	0.100	0.100	0.700
0.100	0.100	0.700	0.100
0.100	0.100	0.100	0.700
0.100	0.100	0.100	0.700
>CCAATGGCTGGT	8-CCAATGGCTGGT	12.355432	-9.064331	0	T:1.0(33.33%),B:2.0(0.00%),P:1e-3	Tpos:71.0,Tstd:0.0,Bpos:52.0,Bstd:23.0,StrandBias:-10.0,Multiplicity:1.00
0.100	0.700	0.100	0.100
0.100	0.700	0.100	0.100
0.700	0.100	0.100	0.100
0.700	0.100	0.100	0.100
0.100	0.100	0.100	0.700
0.100	0.100	0.700	0.100
0.100	0.100	0.700	0.100
0.100	0.700	0.100	0.100
0.100	0.100	0.100	0.700
0.100	0.100	0.700	0.100
0.100	0.100	0.700	0.100
0.100	0.100	0.100	0.700
