>TTCGGGTA	1-TTCGGGTA	4.888615	-19.829946	0	T:126.0(14.65%),B:13364.0(8.53%),P:1e-8	Tpos:46.3,Tstd:28.1,Bpos:50.0,Bstd:27.1,StrandBias:-0.1,Multiplicity:1.07
0.116	0.035	0.029	0.820
0.062	0.047	0.093	0.798
0.079	0.730	0.079	0.112
0.056	0.060	0.772	0.112
0.138	0.090	0.689	0.083
0.055	0.128	0.688	0.129
0.077	0.041	0.045	0.837
0.677	0.122	0.106	0.095
>TATAAACT	2-TATAAACT	7.766745	-19.222457	0	T:38.0(4.42%),B:2301.0(1.47%),P:1e-8	Tpos:48.6,Tstd:26.1,Bpos:50.9,Bstd:25.8,StrandBias:0.0,Multiplicity:1.00
0.001	0.001	0.013	0.985
0.743	0.001	0.031	0.225
0.001	0.125	0.034	0.840
0.739	0.041	0.204	0.016
0.997	0.001	0.001	0.001
0.870	0.086	0.020	0.024
0.010	0.988	0.001	0.001
0.050	0.013	0.001	0.936
>GCTAGCTA	3-GCTAGCTA	7.036552	-15.950204	0	T:52.0(6.05%),B:4234.0(2.70%),P:1e-6	Tpos:45.4,Tstd:26.2,Bpos:49.9,Bstd:27.1,StrandBias:-0.1,Multiplicity:1.04
0.071	0.001	0.787	0.141
0.001	0.997	0.001	0.001
0.001	0.151	0.001	0.847
0.744	0.001	0.175	0.080
0.001	0.038	0.891	0.070
0.001	0.840	0.158	0.001
0.050	0.001	0.001	0.948
0.938	0.001	0.001	0.060
>GCCGCTCG	4-GCCGCTCG	6.622360	-12.529689	0	T:56.0(6.51%),B:5285.0(3.37%),P:1e-5	Tpos:45.8,Tstd:27.3,Bpos:50.1,Bstd:26.7,StrandBias:0.4,Multiplicity:1.16
0.027	0.020	0.938	0.015
0.027	0.934	0.001	0.038
0.065	0.885	0.049	0.001
0.001	0.027	0.971	0.001
0.043	0.955	0.001	0.001
0.012	0.068	0.105	0.815
0.029	0.846	0.036	0.089
0.218	0.086	0.675	0.021
>AGTTGAGA	5-AGTTGAGA	8.019366	-10.236282	0	T:31.0(3.60%),B:2503.0(1.60%),P:1e-4	Tpos:48.8,Tstd:31.6,Bpos:49.7,Bstd:27.7,StrandBias:0.7,Multiplicity:1.16
0.643	0.137	0.219	0.001
0.001	0.001	0.997	0.001
0.001	0.001	0.001	0.997
0.001	0.139	0.001	0.859
0.098	0.001	0.900	0.001
0.846	0.001	0.152	0.001
0.001	0.001	0.826	0.172
0.830	0.168	0.001	0.001
>CAAAAATA	6-CAAAAATA	9.183281	-6.649585	0	T:23.0(2.67%),B:2052.0(1.31%),P:1e-2	Tpos:56.0,Tstd:27.1,Bpos:50.2,Bstd:26.8,StrandBias:1.8,Multiplicity:1.00
0.284	0.714	0.001	0.001
0.978	0.001	0.001	0.020
0.997	0.001	0.001	0.001
0.997	0.001	0.001	0.001
0.974	0.001	0.001	0.024
0.997	0.001	0.001	0.001
0.221	0.001	0.001	0.777
0.997	0.001	0.001	0.001
