>ACAGCCACTGCC	1-ACAGCCACTGCC	10.793478	-21.313084	0	T:16.0(1.86%),B:371.0(0.24%),P:1e-9	Tpos:46.5,Tstd:28.9,Bpos:50.7,Bstd:26.2,StrandBias:0.3,Multiplicity:1.25
0.838	0.160	0.001	0.001
0.001	0.997	0.001	0.001
0.789	0.100	0.063	0.048
0.001	0.221	0.553	0.225
0.173	0.724	0.102	0.001
0.002	0.950	0.001	0.047
0.887	0.047	0.001	0.065
0.001	0.923	0.075	0.001
0.074	0.001	0.001	0.924
0.100	0.102	0.683	0.115
0.001	0.830	0.168	0.001
0.086	0.911	0.001	0.002
>TCCACCCACAAT	2-TCCACCCACAAT	10.631500	-18.868402	0	T:14.0(1.63%),B:324.0(0.21%),P:1e-8	Tpos:36.9,Tstd:20.2,Bpos:49.6,Bstd:25.5,StrandBias:0.4,Multiplicity:1.00
0.065	0.065	0.001	0.869
0.001	0.997	0.001	0.001
0.128	0.724	0.001	0.147
0.743	0.128	0.128	0.001
0.128	0.650	0.128	0.094
0.128	0.760	0.001	0.111
0.001	0.997	0.001	0.001
0.997	0.001	0.001	0.001
0.128	0.724	0.147	0.001
0.997	0.001	0.001	0.001
0.646	0.225	0.001	0.128
0.001	0.110	0.001	0.888
>AGGAAMGGGAGC	3-AGGAAMGGGAGC	9.634151	-18.428369	0	T:28.0(3.26%),B:1399.0(0.89%),P:1e-8	Tpos:56.0,Tstd:28.0,Bpos:49.0,Bstd:25.2,StrandBias:-0.3,Multiplicity:1.04
0.997	0.001	0.001	0.001
0.001	0.001	0.676	0.322
0.001	0.210	0.673	0.116
0.734	0.001	0.264	0.001
0.613	0.001	0.385	0.001
0.546	0.400	0.001	0.053
0.193	0.001	0.805	0.001
0.001	0.001	0.997	0.001
0.001	0.001	0.901	0.097
0.756	0.126	0.117	0.001
0.001	0.001	0.723	0.275
0.084	0.633	0.053	0.230
>GAGAAGATYTGA	4-GAGAAGATYTGA	10.423493	-16.628414	0	T:11.0(1.28%),B:219.0(0.14%),P:1e-7	Tpos:54.3,Tstd:26.8,Bpos:49.1,Bstd:26.4,StrandBias:0.7,Multiplicity:1.18
0.001	0.001	0.616	0.382
0.635	0.178	0.001	0.186
0.001	0.001	0.997	0.001
0.997	0.001	0.001	0.001
0.902	0.001	0.096	0.001
0.001	0.203	0.795	0.001
0.544	0.301	0.001	0.154
0.001	0.001	0.178	0.820
0.001	0.429	0.001	0.569
0.001	0.001	0.001	0.997
0.001	0.356	0.642	0.001
0.997	0.001	0.001	0.001
>TACCTCCACCTC	5-TACCTCCACCTC	14.403182	-15.339766	0	T:3.0(0.35%),B:2.0(0.00%),P:1e-6	Tpos:58.3,Tstd:15.4,Bpos:28.5,Bstd:0.5,StrandBias:-1.0,Multiplicity:1.00
0.001	0.001	0.100	0.898
0.997	0.001	0.001	0.001
0.001	0.773	0.108	0.118
0.001	0.862	0.001	0.136
0.001	0.001	0.272	0.726
0.136	0.763	0.100	0.001
0.001	0.744	0.001	0.254
0.763	0.001	0.136	0.100
0.001	0.997	0.001	0.001
0.136	0.763	0.001	0.100
0.001	0.001	0.001	0.997
0.001	0.754	0.001	0.244
>TATCAGCTACAT	6-TATCAGCTACAT	15.285713	-13.268520	0	T:3.0(0.35%),B:4.0(0.00%),P:1e-5	Tpos:64.0,Tstd:32.9,Bpos:57.2,Bstd:29.9,StrandBias:-2.0,Multiplicity:1.67
0.001	0.001	0.001	0.997
0.997	0.001	0.001	0.001
0.001	0.001	0.001	0.997
0.001	0.997	0.001	0.001
0.997	0.001	0.001	0.001
0.001	0.001	0.997	0.001
0.001	0.997	0.001	0.001
0.001	0.001	0.001	0.997
0.997	0.001	0.001	0.001
0.001	0.997	0.001	0.001
0.730	0.268	0.001	0.001
0.001	0.001	0.001	0.997
>GACGTGTGCGTA	7-GACGTGTGCGTA	14.532282	-9.725816	0	T:2.0(0.23%),B:2.0(0.00%),P:1e-4	Tpos:50.7,Tstd:24.0,Bpos:32.0,Bstd:9.0,StrandBias:2.3,Multiplicity:3.00
0.001	0.001	0.997	0.001
0.997	0.001	0.001	0.001
0.001	0.997	0.001	0.001
0.194	0.001	0.804	0.001
0.001	0.001	0.001	0.997
0.001	0.001	0.997	0.001
0.001	0.001	0.001	0.997
0.001	0.001	0.997	0.001
0.001	0.997	0.001	0.001
0.194	0.001	0.804	0.001
0.001	0.001	0.001	0.997
0.804	0.001	0.194	0.001
>ATTTTGGTTTTG	8-ATTTTGGTTTTG	13.475591	-6.841872	0	T:7.0(0.81%),B:281.0(0.18%),P:1e-2	Tpos:53.1,Tstd:23.9,Bpos:51.0,Bstd:24.1,StrandBias:0.4,Multiplicity:3.00
0.679	0.219	0.101	0.001
0.001	0.001	0.421	0.577
0.001	0.001	0.001	0.997
0.001	0.001	0.001	0.997
0.001	0.001	0.001	0.997
0.001	0.001	0.997	0.001
0.001	0.001	0.748	0.250
0.001	0.001	0.001	0.997
0.001	0.001	0.001	0.997
0.001	0.001	0.001	0.997
0.001	0.001	0.001	0.997
0.001	0.001	0.997	0.001
