>AGGACTCC	1-AGGACTCC	5.153930	-16.367655	0	T:142.0(16.51%),B:16574.0(10.58%),P:1e-7	Tpos:46.0,Tstd:26.2,Bpos:50.5,Bstd:27.3,StrandBias:-0.1,Multiplicity:1.12
0.545	0.213	0.220	0.022
0.144	0.075	0.741	0.040
0.071	0.039	0.632	0.258
0.474	0.245	0.109	0.172
0.138	0.487	0.131	0.243
0.115	0.239	0.075	0.571
0.091	0.640	0.150	0.119
0.111	0.718	0.042	0.129
>GTATCTGG	2-GTATCTGG	5.040600	-14.967976	0	T:156.0(18.14%),B:19115.0(12.20%),P:1e-6	Tpos:50.5,Tstd:26.2,Bpos:49.9,Bstd:26.8,StrandBias:0.2,Multiplicity:1.11
0.001	0.001	0.997	0.001
0.328	0.007	0.001	0.664
0.987	0.001	0.001	0.011
0.151	0.166	0.015	0.668
0.001	0.997	0.001	0.001
0.039	0.143	0.001	0.817
0.366	0.001	0.632	0.001
0.001	0.001	0.904	0.094
>TGCCGCGG	3-TGCCGCGG	5.346025	-11.879399	0	T:100.0(11.63%),B:11614.0(7.41%),P:1e-5	Tpos:50.6,Tstd:29.8,Bpos:50.2,Bstd:27.0,StrandBias:0.3,Multiplicity:1.17
0.056	0.210	0.065	0.669
0.066	0.068	0.784	0.082
0.059	0.792	0.090	0.059
0.062	0.798	0.019	0.121
0.048	0.055	0.778	0.119
0.067	0.711	0.137	0.085
0.093	0.114	0.719	0.074
0.126	0.074	0.766	0.034
>CMCACACA	4-CMCACACA	5.877008	-9.117152	0	T:89.0(10.35%),B:10810.0(6.90%),P:1e-3	Tpos:51.2,Tstd:27.7,Bpos:49.5,Bstd:28.1,StrandBias:0.9,Multiplicity:1.07
0.001	0.997	0.001	0.001
0.536	0.448	0.001	0.015
0.001	0.997	0.001	0.001
0.933	0.001	0.001	0.065
0.001	0.997	0.001	0.001
0.740	0.001	0.258	0.001
0.001	0.734	0.001	0.264
0.807	0.001	0.191	0.001
>ACCCTAAC	5-ACCCTAAC	8.236954	-2.587282	0	T:4.0(0.47%),B:287.0(0.18%),P:1e-1	Tpos:54.5,Tstd:26.7,Bpos:50.5,Bstd:28.0,StrandBias:3.8,Multiplicity:3.75
0.700	0.100	0.100	0.100
0.100	0.700	0.100	0.100
0.100	0.700	0.100	0.100
0.100	0.700	0.100	0.100
0.100	0.100	0.100	0.700
0.700	0.100	0.100	0.100
0.700	0.100	0.100	0.100
0.100	0.700	0.100	0.100
