>CAGTGGGTGG	1-CAGTGGGTGG	7.973112	-24.910784	0	T:34.0(3.95%),B:1520.0(0.97%),P:1e-10	Tpos:49.0,Tstd:25.3,Bpos:50.5,Bstd:25.8,StrandBias:0.2,Multiplicity:1.12
0.381	0.546	0.008	0.065
0.634	0.196	0.010	0.160
0.023	0.136	0.636	0.205
0.010	0.254	0.064	0.672
0.026	0.064	0.566	0.344
0.047	0.001	0.897	0.055
0.026	0.036	0.576	0.362
0.328	0.095	0.042	0.535
0.045	0.021	0.653	0.281
0.058	0.225	0.694	0.023
>GGCCGCAAAA	2-GGCCGCAAAA	9.217676	-21.794021	0	T:13.0(1.51%),B:211.0(0.13%),P:1e-9	Tpos:58.5,Tstd:20.6,Bpos:50.8,Bstd:25.9,StrandBias:2.5,Multiplicity:1.00
0.133	0.001	0.865	0.001
0.001	0.001	0.829	0.169
0.028	0.823	0.148	0.001
0.001	0.997	0.001	0.001
0.095	0.001	0.834	0.070
0.001	0.873	0.125	0.001
0.997	0.001	0.001	0.001
0.791	0.111	0.097	0.001
0.997	0.001	0.001	0.001
0.997	0.001	0.001	0.001
>GGACGTCCTG	3-GGACGTCCTG	8.543312	-17.396143	0	T:18.0(2.09%),B:632.0(0.40%),P:1e-7	Tpos:56.3,Tstd:24.1,Bpos:50.5,Bstd:26.3,StrandBias:1.3,Multiplicity:1.00
0.105	0.001	0.893	0.001
0.001	0.001	0.997	0.001
0.929	0.069	0.001	0.001
0.023	0.939	0.037	0.001
0.001	0.041	0.898	0.060
0.086	0.001	0.065	0.848
0.124	0.812	0.063	0.001
0.001	0.997	0.001	0.001
0.001	0.001	0.094	0.904
0.001	0.001	0.997	0.001
>GCCACACCTC	4-GCCACACCTC	9.962260	-15.271375	0	T:22.0(2.56%),B:1069.0(0.68%),P:1e-6	Tpos:50.8,Tstd:29.4,Bpos:50.2,Bstd:26.6,StrandBias:-1.4,Multiplicity:1.64
0.001	0.070	0.711	0.218
0.001	0.997	0.001	0.001
0.001	0.997	0.001	0.001
0.997	0.001	0.001	0.001
0.001	0.894	0.001	0.104
0.702	0.296	0.001	0.001
0.057	0.941	0.001	0.001
0.001	0.997	0.001	0.001
0.001	0.001	0.001	0.997
0.001	0.997	0.001	0.001
>ATCTATCTAT	5-ATCTATCTAT	6.919774	-14.436284	0	T:58.0(6.74%),B:5211.0(3.33%),P:1e-6	Tpos:48.9,Tstd:24.1,Bpos:49.9,Bstd:26.7,StrandBias:-0.2,Multiplicity:1.10
0.679	0.260	0.026	0.035
0.131	0.001	0.131	0.737
0.155	0.526	0.200	0.119
0.013	0.001	0.001	0.985
0.517	0.278	0.112	0.093
0.020	0.018	0.058	0.904
0.147	0.639	0.132	0.082
0.181	0.085	0.001	0.733
0.621	0.263	0.115	0.001
0.034	0.062	0.119	0.785
>AACACAAAAC	6-AACACAAAAC	7.735171	-13.893812	0	T:32.0(3.72%),B:2180.0(1.39%),P:1e-6	Tpos:47.8,Tstd:27.6,Bpos:49.1,Bstd:26.4,StrandBias:-0.7,Multiplicity:1.06
0.588	0.193	0.206	0.013
0.732	0.253	0.014	0.001
0.065	0.724	0.210	0.001
0.569	0.225	0.001	0.205
0.050	0.843	0.106	0.001
0.630	0.357	0.001	0.012
0.798	0.112	0.001	0.089
0.633	0.064	0.102	0.201
0.690	0.091	0.218	0.001
0.136	0.636	0.135	0.093
>TAGCAACCAT	7-TAGCAACCAT	10.827358	-12.712232	0	T:10.0(1.16%),B:265.0(0.17%),P:1e-5	Tpos:48.0,Tstd:26.9,Bpos:48.9,Bstd:25.4,StrandBias:0.7,Multiplicity:1.30
0.001	0.001	0.001	0.997
0.997	0.001	0.001	0.001
0.001	0.001	0.997	0.001
0.001	0.997	0.001	0.001
0.730	0.268	0.001	0.001
0.997	0.001	0.001	0.001
0.256	0.742	0.001	0.001
0.001	0.997	0.001	0.001
0.674	0.001	0.324	0.001
0.001	0.001	0.134	0.864
>GTGCTGTGCT	8-GTGCTGTGCT	10.296193	-5.712198	0	T:4.0(0.47%),B:109.0(0.07%),P:1e-2	Tpos:39.8,Tstd:19.0,Bpos:49.0,Bstd:26.2,StrandBias:3.9,Multiplicity:4.00
0.100	0.100	0.700	0.100
0.100	0.100	0.100	0.700
0.100	0.100	0.700	0.100
0.100	0.700	0.100	0.100
0.100	0.100	0.100	0.700
0.100	0.100	0.700	0.100
0.100	0.100	0.100	0.700
0.100	0.100	0.700	0.100
0.100	0.700	0.100	0.100
0.100	0.100	0.100	0.700
