>CTGGATCTAC	1-CTGGATCTAC	12.329821	-10.656157	0	T:2.0(20.00%),B:2.0(0.07%),P:1e-4	Tpos:27.3,Tstd:6.5,Bpos:42.0,Bstd:10.0,StrandBias:10.0,Multiplicity:1.50
0.001	0.997	0.001	0.001
0.332	0.001	0.001	0.666
0.001	0.001	0.997	0.001
0.001	0.001	0.997	0.001
0.997	0.001	0.001	0.001
0.001	0.001	0.001	0.997
0.332	0.666	0.001	0.001
0.001	0.001	0.001	0.997
0.997	0.001	0.001	0.001
0.001	0.997	0.001	0.001
>ATAACCAGGT	2-ATAACCAGGT	8.651025	-10.340035	0	T:4.0(40.00%),B:56.0(2.03%),P:1e-4	Tpos:48.6,Tstd:25.4,Bpos:56.6,Bstd:25.4,StrandBias:-0.6,Multiplicity:1.25
0.751	0.246	0.002	0.001
0.246	0.247	0.001	0.506
0.740	0.001	0.001	0.258
0.463	0.001	0.290	0.246
0.001	0.997	0.001	0.001
0.001	0.752	0.001	0.246
0.752	0.001	0.001	0.246
0.246	0.001	0.752	0.001
0.005	0.001	0.993	0.001
0.001	0.001	0.001	0.997
>TCAGGCACAC	3-TCAGGCACAC	10.044667	-9.273729	0	T:2.0(20.00%),B:4.0(0.14%),P:1e-4	Tpos:49.8,Tstd:12.6,Bpos:39.5,Bstd:32.8,StrandBias:1.6,Multiplicity:2.00
0.001	0.001	0.001	0.997
0.001	0.848	0.001	0.150
0.997	0.001	0.001	0.001
0.001	0.001	0.997	0.001
0.001	0.150	0.848	0.001
0.001	0.997	0.001	0.001
0.997	0.001	0.001	0.001
0.001	0.997	0.001	0.001
0.997	0.001	0.001	0.001
0.001	0.997	0.001	0.001
>ACCCAHTGGA	4-ACCCAHTGGA	8.829406	-8.064141	0	T:3.0(30.00%),B:39.0(1.41%),P:1e-3	Tpos:59.8,Tstd:23.7,Bpos:48.4,Bstd:25.6,StrandBias:0.0,Multiplicity:1.33
0.659	0.339	0.001	0.001
0.001	0.628	0.001	0.370
0.001	0.684	0.001	0.314
0.001	0.997	0.001	0.001
0.684	0.314	0.001	0.001
0.315	0.319	0.026	0.340
0.001	0.001	0.339	0.659
0.001	0.001	0.997	0.001
0.001	0.001	0.684	0.314
0.997	0.001	0.001	0.001
>GCATGCGCAT	5-GCATGCGCAT	11.531867	-5.621669	0	T:1.0(10.00%),B:0.0(0.00%),P:1e-2	Tpos:81.5,Tstd:0.5,Bpos:0.0,Bstd:0.0,StrandBias:0.0,Multiplicity:1.00
0.001	0.001	0.684	0.314
0.001	0.997	0.001	0.001
0.997	0.001	0.001	0.001
0.001	0.001	0.314	0.684
0.001	0.001	0.997	0.001
0.314	0.684	0.001	0.001
0.001	0.314	0.684	0.001
0.001	0.997	0.001	0.001
0.657	0.028	0.001	0.314
0.001	0.314	0.001	0.684
