>ARRGYMRTKCAS	1-ARRGYMRTKCAS	10.410086	-15.690252	0	T:3.0(30.00%),B:3.0(0.11%),P:1e-6	Tpos:40.7,Tstd:8.7,Bpos:53.3,Bstd:31.4,StrandBias:10.0,Multiplicity:1.00
0.997	0.001	0.001	0.001
0.540	0.001	0.458	0.001
0.459	0.001	0.459	0.081
0.001	0.001	0.997	0.001
0.001	0.458	0.001	0.540
0.540	0.458	0.001	0.001
0.540	0.001	0.458	0.001
0.001	0.001	0.001	0.997
0.001	0.001	0.540	0.458
0.001	0.997	0.001	0.001
0.997	0.001	0.001	0.001
0.001	0.458	0.540	0.001
>CHTTATCACTGT	2-CHTTATCACTGT	9.558319	-15.040167	0	T:4.0(40.00%),B:17.0(0.62%),P:1e-6	Tpos:46.2,Tstd:20.8,Bpos:63.5,Bstd:20.5,StrandBias:-0.6,Multiplicity:1.25
0.001	0.628	0.001	0.370
0.370	0.314	0.001	0.314
0.001	0.314	0.001	0.684
0.001	0.001	0.001	0.997
0.684	0.001	0.001	0.314
0.314	0.001	0.001	0.684
0.001	0.684	0.314	0.001
0.628	0.370	0.001	0.001
0.001	0.684	0.001	0.314
0.001	0.001	0.314	0.684
0.001	0.001	0.997	0.001
0.001	0.001	0.001	0.997
>GAWSWGWKRCMR	3-GAWSWGWKRCMR	10.711732	-9.886840	0	T:3.0(30.00%),B:21.0(0.76%),P:1e-4	Tpos:39.2,Tstd:28.6,Bpos:50.2,Bstd:28.4,StrandBias:-2.0,Multiplicity:1.67
0.001	0.025	0.973	0.001
0.948	0.050	0.001	0.001
0.459	0.001	0.029	0.511
0.001	0.463	0.511	0.025
0.540	0.001	0.001	0.458
0.051	0.004	0.944	0.001
0.515	0.001	0.025	0.459
0.001	0.001	0.540	0.458
0.515	0.025	0.459	0.001
0.025	0.949	0.025	0.001
0.540	0.458	0.001	0.001
0.511	0.001	0.463	0.025
>CTCCCTCCCCAA	4-CTCCCTCCCCAA	12.355432	-4.930152	0	T:1.0(10.00%),B:2.0(0.07%),P:1e-2	Tpos:22.0,Tstd:0.0,Bpos:61.5,Bstd:13.5,StrandBias:-10.0,Multiplicity:1.00
0.100	0.700	0.100	0.100
0.100	0.100	0.100	0.700
0.100	0.700	0.100	0.100
0.100	0.700	0.100	0.100
0.100	0.700	0.100	0.100
0.100	0.100	0.100	0.700
0.100	0.700	0.100	0.100
0.100	0.700	0.100	0.100
0.100	0.700	0.100	0.100
0.100	0.700	0.100	0.100
0.700	0.100	0.100	0.100
0.700	0.100	0.100	0.100
>ATATTACDTNWA	5-ATATTACDTNWA	6.273503	-4.512299	0	T:2.0(20.00%),B:45.0(1.63%),P:1e-1	Tpos:35.0,Tstd:16.0,Bpos:49.5,Bstd:27.5,StrandBias:0.0,Multiplicity:1.00
0.496	0.107	0.201	0.197
0.206	0.199	0.197	0.398
0.497	0.101	0.299	0.103
0.198	0.005	0.001	0.796
0.299	0.001	0.100	0.600
0.703	0.098	0.198	0.001
0.200	0.699	0.100	0.001
0.400	0.004	0.296	0.300
0.098	0.103	0.200	0.599
0.197	0.296	0.199	0.309
0.501	0.100	0.002	0.397
0.601	0.199	0.002	0.198
