>RTCCTCTSCT	1-RTCCTCTSCT	7.641205	-7.226013	0	T:3.0(30.00%),B:52.0(1.88%),P:1e-3	Tpos:58.2,Tstd:26.7,Bpos:48.4,Bstd:25.0,StrandBias:-1.0,Multiplicity:2.00
0.445	0.001	0.553	0.001
0.001	0.001	0.001	0.997
0.001	0.730	0.254	0.015
0.015	0.701	0.030	0.254
0.001	0.001	0.001	0.997
0.253	0.745	0.001	0.001
0.001	0.001	0.001	0.997
0.254	0.299	0.446	0.001
0.001	0.997	0.001	0.001
0.253	0.001	0.001	0.745
>ACACAAAAKG	2-ACACAAAAKG	7.771228	-5.848851	0	T:3.0(30.00%),B:84.0(3.04%),P:1e-2	Tpos:58.7,Tstd:38.0,Bpos:53.7,Bstd:27.8,StrandBias:1.0,Multiplicity:1.00
0.806	0.192	0.001	0.001
0.001	0.997	0.001	0.001
0.806	0.001	0.001	0.192
0.192	0.806	0.001	0.001
0.613	0.193	0.001	0.193
0.421	0.193	0.193	0.193
0.613	0.001	0.193	0.193
0.806	0.001	0.192	0.001
0.193	0.001	0.420	0.386
0.001	0.192	0.806	0.001
>TGCTCTGCTC	3-TGCTCTGCTC	10.296193	-4.930152	0	T:1.0(10.00%),B:2.0(0.07%),P:1e-2	Tpos:37.7,Tstd:24.1,Bpos:39.0,Bstd:7.0,StrandBias:-10.0,Multiplicity:10.00
0.100	0.100	0.100	0.700
0.100	0.100	0.700	0.100
0.100	0.700	0.100	0.100
0.100	0.100	0.100	0.700
0.100	0.700	0.100	0.100
0.100	0.100	0.100	0.700
0.100	0.100	0.700	0.100
0.100	0.700	0.100	0.100
0.100	0.100	0.100	0.700
0.100	0.700	0.100	0.100
>GGTGATTCTA	4-GGTGATTCTA	10.296193	-4.930152	0	T:1.0(10.00%),B:2.0(0.07%),P:1e-2	Tpos:53.5,Tstd:27.7,Bpos:44.5,Bstd:8.5,StrandBias:10.0,Multiplicity:4.00
0.100	0.100	0.700	0.100
0.100	0.100	0.700	0.100
0.100	0.100	0.100	0.700
0.100	0.100	0.700	0.100
0.700	0.100	0.100	0.100
0.100	0.100	0.100	0.700
0.100	0.100	0.100	0.700
0.100	0.700	0.100	0.100
0.100	0.100	0.100	0.700
0.700	0.100	0.100	0.100
>CTGTCCTCTG	5-CTGTCCTCTG	10.296193	-4.930152	0	T:1.0(10.00%),B:2.0(0.07%),P:1e-2	Tpos:59.0,Tstd:0.0,Bpos:49.0,Bstd:43.0,StrandBias:10.0,Multiplicity:1.00
0.100	0.700	0.100	0.100
0.100	0.100	0.100	0.700
0.100	0.100	0.700	0.100
0.100	0.100	0.100	0.700
0.100	0.700	0.100	0.100
0.100	0.700	0.100	0.100
0.100	0.100	0.100	0.700
0.100	0.700	0.100	0.100
0.100	0.100	0.100	0.700
0.100	0.100	0.700	0.100
