>ASAAMTTRSTAK	1-ASAAMTTRSTAK	11.636449	-18.982282	0	T:3.0(30.00%),B:1.0(0.04%),P:1e-8	Tpos:27.3,Tstd:6.1,Bpos:11.0,Bstd:0.0,StrandBias:-10.0,Multiplicity:1.00
0.997	0.001	0.001	0.001
0.001	0.540	0.458	0.001
0.997	0.001	0.001	0.001
0.997	0.001	0.001	0.001
0.540	0.458	0.001	0.001
0.001	0.001	0.001	0.997
0.001	0.001	0.001	0.997
0.458	0.001	0.540	0.001
0.001	0.540	0.458	0.001
0.001	0.001	0.001	0.997
0.997	0.001	0.001	0.001
0.001	0.081	0.459	0.459
>ANCCCCATGTCT	2-ANCCCCATGTCT	8.668309	-18.892880	0	T:5.0(50.00%),B:21.0(0.76%),P:1e-8	Tpos:56.8,Tstd:25.3,Bpos:48.0,Bstd:24.0,StrandBias:0.6,Multiplicity:1.00
0.760	0.001	0.001	0.238
0.282	0.239	0.239	0.239
0.042	0.479	0.239	0.239
0.001	0.997	0.001	0.001
0.001	0.723	0.001	0.275
0.001	0.997	0.001	0.001
0.760	0.001	0.001	0.238
0.001	0.001	0.035	0.963
0.001	0.001	0.997	0.001
0.001	0.239	0.036	0.724
0.281	0.478	0.001	0.239
0.239	0.239	0.001	0.521
>GTTYCDATAAHS	3-GTTYCDATAAHS	6.170077	-12.354243	0	T:6.0(60.00%),B:149.0(5.40%),P:1e-5	Tpos:62.9,Tstd:14.7,Bpos:51.3,Bstd:25.6,StrandBias:0.0,Multiplicity:1.33
0.140	0.001	0.737	0.122
0.001	0.122	0.122	0.755
0.122	0.263	0.001	0.614
0.122	0.489	0.001	0.388
0.366	0.632	0.001	0.001
0.367	0.141	0.245	0.248
0.754	0.244	0.001	0.001
0.366	0.001	0.001	0.632
0.755	0.122	0.122	0.001
0.615	0.018	0.122	0.245
0.367	0.244	0.001	0.388
0.001	0.367	0.510	0.122
>SWWMYAAWTTGT	4-SWWMYAAWTTGT	12.843426	-12.040518	0	T:2.0(20.00%),B:0.0(0.00%),P:1e-5	Tpos:64.5,Tstd:11.5,Bpos:0.0,Bstd:0.0,StrandBias:10.0,Multiplicity:1.00
0.001	0.458	0.540	0.001
0.458	0.001	0.001	0.540
0.540	0.001	0.001	0.458
0.500	0.459	0.040	0.001
0.001	0.540	0.001	0.458
0.997	0.001	0.001	0.001
0.997	0.001	0.001	0.001
0.458	0.001	0.001	0.540
0.001	0.001	0.001	0.997
0.001	0.001	0.001	0.997
0.001	0.001	0.997	0.001
0.001	0.001	0.001	0.997
>CAAACTCAGAAA	5-CAAACTCAGAAA	12.355432	-4.930152	0	T:1.0(10.00%),B:2.0(0.07%),P:1e-2	Tpos:74.0,Tstd:0.0,Bpos:58.5,Bstd:32.5,StrandBias:-10.0,Multiplicity:1.00
0.100	0.700	0.100	0.100
0.700	0.100	0.100	0.100
0.700	0.100	0.100	0.100
0.700	0.100	0.100	0.100
0.100	0.700	0.100	0.100
0.100	0.100	0.100	0.700
0.100	0.700	0.100	0.100
0.700	0.100	0.100	0.100
0.100	0.100	0.700	0.100
0.700	0.100	0.100	0.100
0.700	0.100	0.100	0.100
0.700	0.100	0.100	0.100
