>CMCARKWWCT	1-CMCARKWWCT	8.736140	-7.493434	0	T:2.0(50.00%),B:21.0(0.97%),P:1e-3	Tpos:76.8,Tstd:19.7,Bpos:45.5,Bstd:25.4,StrandBias:0.0,Multiplicity:1.50
0.001	0.997	0.001	0.001
0.463	0.463	0.001	0.073
0.001	0.997	0.001	0.001
0.997	0.001	0.001	0.001
0.462	0.001	0.536	0.001
0.001	0.001	0.536	0.462
0.536	0.001	0.001	0.462
0.462	0.001	0.001	0.536
0.001	0.997	0.001	0.001
0.001	0.001	0.001	0.997
>CCAGAGTGTT	2-CCAGAGTGTT	10.296193	-6.295036	0	T:1.0(25.00%),B:1.0(0.05%),P:1e-2	Tpos:43.0,Tstd:0.0,Bpos:77.0,Bstd:0.0,StrandBias:10.0,Multiplicity:1.00
0.100	0.700	0.100	0.100
0.100	0.700	0.100	0.100
0.700	0.100	0.100	0.100
0.100	0.100	0.700	0.100
0.700	0.100	0.100	0.100
0.100	0.100	0.700	0.100
0.100	0.100	0.100	0.700
0.100	0.100	0.700	0.100
0.100	0.100	0.100	0.700
0.100	0.100	0.100	0.700
>AGGGCTCAGA	3-AGGGCTCAGA	10.296193	-5.602581	0	T:1.0(25.00%),B:2.0(0.09%),P:1e-2	Tpos:82.0,Tstd:0.0,Bpos:77.0,Bstd:11.0,StrandBias:-10.0,Multiplicity:1.00
0.700	0.100	0.100	0.100
0.100	0.100	0.700	0.100
0.100	0.100	0.700	0.100
0.100	0.100	0.700	0.100
0.100	0.700	0.100	0.100
0.100	0.100	0.100	0.700
0.100	0.700	0.100	0.100
0.700	0.100	0.100	0.100
0.100	0.100	0.700	0.100
0.700	0.100	0.100	0.100
>SCAWGTTSST	4-SCAWGTTSST	10.979416	-5.197809	0	T:1.0(25.00%),B:3.0(0.14%),P:1e-2	Tpos:69.0,Tstd:21.0,Bpos:55.3,Bstd:26.4,StrandBias:-10.0,Multiplicity:2.00
0.001	0.462	0.536	0.001
0.001	0.997	0.001	0.001
0.997	0.001	0.001	0.001
0.536	0.001	0.001	0.462
0.001	0.072	0.926	0.001
0.001	0.001	0.001	0.997
0.001	0.001	0.001	0.997
0.001	0.462	0.536	0.001
0.001	0.462	0.536	0.001
0.001	0.001	0.001	0.997
>GRGNGATYCC	5-GRGNGATYCC	7.350774	-4.760182	0	T:2.0(50.00%),B:84.0(3.88%),P:1e-2	Tpos:37.7,Tstd:17.0,Bpos:51.4,Bstd:25.7,StrandBias:1.0,Multiplicity:1.50
0.001	0.001	0.758	0.240
0.480	0.001	0.518	0.001
0.240	0.001	0.726	0.033
0.240	0.240	0.240	0.279
0.001	0.001	0.758	0.240
0.481	0.240	0.278	0.001
0.001	0.001	0.001	0.997
0.001	0.481	0.038	0.481
0.032	0.966	0.001	0.001
0.240	0.726	0.001	0.033
