>TAGACCYTCG	1-TAGACCYTCG	11.862094	-19.095336	0	T:4.0(5.00%),B:36.2(0.02%),P:1e-8,FDR:0.6	Tpos:54.5,Tstd:16.0,Bpos:39.2,Bstd:28.1,StrandBias:0.0,Multiplicity:1.00
0.001	0.001	0.001	0.997
0.997	0.001	0.001	0.001
0.001	0.001	0.997	0.001
0.997	0.001	0.001	0.001
0.001	0.997	0.001	0.001
0.001	0.997	0.001	0.001
0.001	0.428	0.001	0.570
0.001	0.001	0.001	0.997
0.001	0.755	0.243	0.001
0.001	0.001	0.997	0.001
>MTGACAACAG	2-MTGACAACAG	9.389628	-16.360277	0	T:8.0(10.00%),B:1012.9(0.67%),P:1e-7,FDR:0.6	Tpos:43.8,Tstd:25.8,Bpos:49.4,Bstd:34.9,StrandBias:1.2,Multiplicity:1.62
0.362	0.403	0.234	0.001
0.001	0.105	0.001	0.893
0.001	0.105	0.893	0.001
0.774	0.001	0.001	0.224
0.001	0.997	0.001	0.001
0.886	0.001	0.001	0.112
0.638	0.001	0.244	0.117
0.001	0.848	0.001	0.150
0.848	0.001	0.001	0.150
0.001	0.001	0.872	0.126
>CTGGCCCAGG	3-CTGGCCCAGG	10.730765	-14.696689	0	T:7.0(8.75%),B:853.6(0.57%),P:1e-6,FDR:0.6	Tpos:54.2,Tstd:22.3,Bpos:49.2,Bstd:36.6,StrandBias:0.6,Multiplicity:1.14
0.001	0.997	0.001	0.001
0.001	0.001	0.001	0.997
0.128	0.001	0.870	0.001
0.001	0.001	0.997	0.001
0.143	0.613	0.114	0.130
0.001	0.887	0.001	0.111
0.001	0.997	0.001	0.001
0.997	0.001	0.001	0.001
0.146	0.001	0.852	0.001
0.120	0.001	0.878	0.001
>GGTCCAACGG	4-GGTCCAACGG	10.296193	-7.540439	0	T:1.0(1.25%),B:1.9(0.00%),P:1e-3,FDR:0.75	Tpos:19.0,Tstd:0.0,Bpos:74.4,Bstd:13.5,StrandBias:10.0,Multiplicity:1.00
0.100	0.100	0.700	0.100
0.100	0.100	0.700	0.100
0.100	0.100	0.100	0.700
0.100	0.700	0.100	0.100
0.100	0.700	0.100	0.100
0.700	0.100	0.100	0.100
0.700	0.100	0.100	0.100
0.100	0.700	0.100	0.100
0.100	0.100	0.700	0.100
0.100	0.100	0.700	0.100
>TTTTTTTTTT	5-TTTTTTTTTT	13.511855	-7.349706	0	T:3.0(3.75%),B:312.0(0.21%),P:1e-3,FDR:0.75	Tpos:85.1,Tstd:22.5,Bpos:55.2,Bstd:26.0,StrandBias:3.5,Multiplicity:1.00
0.001	0.062	0.001	0.936
0.001	0.067	0.001	0.931
0.001	0.001	0.001	0.997
0.001	0.001	0.001	0.997
0.001	0.001	0.001	0.997
0.001	0.001	0.001	0.997
0.001	0.001	0.001	0.997
0.001	0.062	0.001	0.936
0.001	0.059	0.001	0.939
0.065	0.001	0.001	0.933
