>GGAAAYTCTAGC	1-GGAAAYTCTAGC	10.701739	-23.000627	0	T:6.0(7.50%),B:127.2(0.08%),P:1e-9,FDR:0.4	Tpos:45.7,Tstd:28.3,Bpos:49.4,Bstd:34.2,StrandBias:2.3,Multiplicity:1.00
0.141	0.001	0.857	0.001
0.001	0.141	0.857	0.001
0.573	0.001	0.284	0.142
0.715	0.142	0.142	0.001
0.445	0.271	0.142	0.142
0.001	0.560	0.001	0.438
0.142	0.284	0.001	0.573
0.001	0.997	0.001	0.001
0.270	0.001	0.001	0.728
0.997	0.001	0.001	0.001
0.006	0.001	0.992	0.001
0.001	0.857	0.141	0.001
>GCBCCCCTGACA	2-GCBCCCCTGACA	6.469854	-13.148691	0	T:17.0(21.25%),B:8492.1(5.64%),P:1e-5,FDR:0.6	Tpos:51.2,Tstd:27.9,Bpos:50.2,Bstd:34.6,StrandBias:2.9,Multiplicity:1.00
0.219	0.001	0.658	0.122
0.001	0.562	0.328	0.109
0.110	0.232	0.330	0.329
0.219	0.561	0.219	0.001
0.110	0.670	0.110	0.110
0.328	0.562	0.001	0.109
0.110	0.670	0.110	0.110
0.001	0.001	0.109	0.889
0.109	0.122	0.768	0.001
0.781	0.001	0.109	0.109
0.001	0.781	0.109	0.109
0.780	0.218	0.001	0.001
>TGTTGTCAGGGG	3-TGTTGTCAGGGG	14.614707	-12.568930	0	T:2.0(2.50%),B:5.6(0.00%),P:1e-5,FDR:0.6	Tpos:49.7,Tstd:26.9,Bpos:34.1,Bstd:15.1,StrandBias:-10.0,Multiplicity:3.50
0.001	0.001	0.001	0.997
0.001	0.001	0.997	0.001
0.001	0.001	0.001	0.997
0.001	0.001	0.001	0.997
0.001	0.001	0.997	0.001
0.001	0.001	0.001	0.997
0.001	0.997	0.001	0.001
0.997	0.001	0.001	0.001
0.001	0.001	0.997	0.001
0.137	0.001	0.861	0.001
0.001	0.001	0.997	0.001
0.001	0.001	0.997	0.001
>AAAAAAAAAAAA	4-AAAAAAAAAAAA	11.737914	-8.623512	0	T:4.0(5.00%),B:518.7(0.34%),P:1e-3,FDR:0.6	Tpos:84.5,Tstd:21.4,Bpos:53.0,Bstd:32.5,StrandBias:-1.7,Multiplicity:1.00
0.721	0.097	0.001	0.181
0.607	0.115	0.001	0.277
0.700	0.013	0.123	0.164
0.820	0.001	0.097	0.082
0.757	0.127	0.115	0.001
0.925	0.001	0.008	0.066
0.997	0.001	0.001	0.001
0.997	0.001	0.001	0.001
0.890	0.001	0.108	0.001
0.927	0.001	0.006	0.066
0.894	0.001	0.001	0.104
0.756	0.123	0.114	0.007
>GAGGTTACCTCA	5-GAGGTTACCTCA	12.355432	-7.540439	0	T:1.0(1.25%),B:1.1(0.00%),P:1e-3,FDR:0.6	Tpos:30.0,Tstd:0.0,Bpos:21.9,Bstd:7.5,StrandBias:-10.0,Multiplicity:1.00
0.100	0.100	0.700	0.100
0.700	0.100	0.100	0.100
0.100	0.100	0.700	0.100
0.100	0.100	0.700	0.100
0.100	0.100	0.100	0.700
0.100	0.100	0.100	0.700
0.700	0.100	0.100	0.100
0.100	0.700	0.100	0.100
0.100	0.700	0.100	0.100
0.100	0.100	0.100	0.700
0.100	0.700	0.100	0.100
0.700	0.100	0.100	0.100
