>TAGACCYTCG	1-TAGACCYTCG	11.862094	-19.095336	0	T:4.0(5.00%),B:36.2(0.02%),P:1e-8,FDR:0.6	Tpos:54.5,Tstd:16.0,Bpos:39.2,Bstd:28.1,StrandBias:0.0,Multiplicity:1.00
0.001	0.001	0.001	0.997
0.997	0.001	0.001	0.001
0.001	0.001	0.997	0.001
0.997	0.001	0.001	0.001
0.001	0.997	0.001	0.001
0.001	0.997	0.001	0.001
0.001	0.428	0.001	0.570
0.001	0.001	0.001	0.997
0.001	0.755	0.243	0.001
0.001	0.001	0.997	0.001
>MTGACAACAG	2-MTGACAACAG	9.389628	-16.360277	0	T:8.0(10.00%),B:1012.9(0.67%),P:1e-7,FDR:0.6	Tpos:43.8,Tstd:25.8,Bpos:49.4,Bstd:34.9,StrandBias:1.2,Multiplicity:1.62
0.362	0.403	0.234	0.001
0.001	0.105	0.001	0.893
0.001	0.105	0.893	0.001
0.774	0.001	0.001	0.224
0.001	0.997	0.001	0.001
0.886	0.001	0.001	0.112
0.638	0.001	0.244	0.117
0.001	0.848	0.001	0.150
0.848	0.001	0.001	0.150
0.001	0.001	0.872	0.126
>CTGGCCCAGG	3-CTGGCCCAGG	10.730765	-14.696689	0	T:7.0(8.75%),B:853.6(0.57%),P:1e-6,FDR:0.6	Tpos:54.2,Tstd:22.3,Bpos:49.2,Bstd:36.6,StrandBias:0.6,Multiplicity:1.14
0.001	0.997	0.001	0.001
0.001	0.001	0.001	0.997
0.128	0.001	0.870	0.001
0.001	0.001	0.997	0.001
0.143	0.613	0.114	0.130
0.001	0.887	0.001	0.111
0.001	0.997	0.001	0.001
0.997	0.001	0.001	0.001
0.146	0.001	0.852	0.001
0.120	0.001	0.878	0.001
>GGTCCAACGG	4-GGTCCAACGG	10.296193	-7.540439	0	T:1.0(1.25%),B:1.9(0.00%),P:1e-3,FDR:0.75	Tpos:19.0,Tstd:0.0,Bpos:74.4,Bstd:13.5,StrandBias:10.0,Multiplicity:1.00
0.100	0.100	0.700	0.100
0.100	0.100	0.700	0.100
0.100	0.100	0.100	0.700
0.100	0.700	0.100	0.100
0.100	0.700	0.100	0.100
0.700	0.100	0.100	0.100
0.700	0.100	0.100	0.100
0.100	0.700	0.100	0.100
0.100	0.100	0.700	0.100
0.100	0.100	0.700	0.100
>TTTTTTTTTT	5-TTTTTTTTTT	13.511855	-7.349706	0	T:3.0(3.75%),B:312.0(0.21%),P:1e-3,FDR:0.75	Tpos:85.1,Tstd:22.5,Bpos:55.2,Bstd:26.0,StrandBias:3.5,Multiplicity:1.00
0.001	0.062	0.001	0.936
0.001	0.067	0.001	0.931
0.001	0.001	0.001	0.997
0.001	0.001	0.001	0.997
0.001	0.001	0.001	0.997
0.001	0.001	0.001	0.997
0.001	0.001	0.001	0.997
0.001	0.062	0.001	0.936
0.001	0.059	0.001	0.939
0.065	0.001	0.001	0.933
>GGAAAYTCTAGC	1-GGAAAYTCTAGC	10.701739	-23.000627	0	T:6.0(7.50%),B:127.2(0.08%),P:1e-9,FDR:0.4	Tpos:45.7,Tstd:28.3,Bpos:49.4,Bstd:34.2,StrandBias:2.3,Multiplicity:1.00
0.141	0.001	0.857	0.001
0.001	0.141	0.857	0.001
0.573	0.001	0.284	0.142
0.715	0.142	0.142	0.001
0.445	0.271	0.142	0.142
0.001	0.560	0.001	0.438
0.142	0.284	0.001	0.573
0.001	0.997	0.001	0.001
0.270	0.001	0.001	0.728
0.997	0.001	0.001	0.001
0.006	0.001	0.992	0.001
0.001	0.857	0.141	0.001
>GCBCCCCTGACA	2-GCBCCCCTGACA	6.469854	-13.148691	0	T:17.0(21.25%),B:8492.1(5.64%),P:1e-5,FDR:0.6	Tpos:51.2,Tstd:27.9,Bpos:50.2,Bstd:34.6,StrandBias:2.9,Multiplicity:1.00
0.219	0.001	0.658	0.122
0.001	0.562	0.328	0.109
0.110	0.232	0.330	0.329
0.219	0.561	0.219	0.001
0.110	0.670	0.110	0.110
0.328	0.562	0.001	0.109
0.110	0.670	0.110	0.110
0.001	0.001	0.109	0.889
0.109	0.122	0.768	0.001
0.781	0.001	0.109	0.109
0.001	0.781	0.109	0.109
0.780	0.218	0.001	0.001
>TGTTGTCAGGGG	3-TGTTGTCAGGGG	14.614707	-12.568930	0	T:2.0(2.50%),B:5.6(0.00%),P:1e-5,FDR:0.6	Tpos:49.7,Tstd:26.9,Bpos:34.1,Bstd:15.1,StrandBias:-10.0,Multiplicity:3.50
0.001	0.001	0.001	0.997
0.001	0.001	0.997	0.001
0.001	0.001	0.001	0.997
0.001	0.001	0.001	0.997
0.001	0.001	0.997	0.001
0.001	0.001	0.001	0.997
0.001	0.997	0.001	0.001
0.997	0.001	0.001	0.001
0.001	0.001	0.997	0.001
0.137	0.001	0.861	0.001
0.001	0.001	0.997	0.001
0.001	0.001	0.997	0.001
>AAAAAAAAAAAA	4-AAAAAAAAAAAA	11.737914	-8.623512	0	T:4.0(5.00%),B:518.7(0.34%),P:1e-3,FDR:0.6	Tpos:84.5,Tstd:21.4,Bpos:53.0,Bstd:32.5,StrandBias:-1.7,Multiplicity:1.00
0.721	0.097	0.001	0.181
0.607	0.115	0.001	0.277
0.700	0.013	0.123	0.164
0.820	0.001	0.097	0.082
0.757	0.127	0.115	0.001
0.925	0.001	0.008	0.066
0.997	0.001	0.001	0.001
0.997	0.001	0.001	0.001
0.890	0.001	0.108	0.001
0.927	0.001	0.006	0.066
0.894	0.001	0.001	0.104
0.756	0.123	0.114	0.007
>GAGGTTACCTCA	5-GAGGTTACCTCA	12.355432	-7.540439	0	T:1.0(1.25%),B:1.1(0.00%),P:1e-3,FDR:0.6	Tpos:30.0,Tstd:0.0,Bpos:21.9,Bstd:7.5,StrandBias:-10.0,Multiplicity:1.00
0.100	0.100	0.700	0.100
0.700	0.100	0.100	0.100
0.100	0.100	0.700	0.100
0.100	0.100	0.700	0.100
0.100	0.100	0.100	0.700
0.100	0.100	0.100	0.700
0.700	0.100	0.100	0.100
0.100	0.700	0.100	0.100
0.100	0.700	0.100	0.100
0.100	0.100	0.100	0.700
0.100	0.700	0.100	0.100
0.700	0.100	0.100	0.100
>TTAGGATT	1-TTAGGATT	7.642530	-13.807235	0	T:11.0(13.75%),B:3176.1(2.11%),P:1e-5,FDR:1	Tpos:39.0,Tstd:20.4,Bpos:49.3,Bstd:36.5,StrandBias:0.5,Multiplicity:1.09
0.001	0.001	0.001	0.997
0.103	0.066	0.072	0.759
0.839	0.001	0.073	0.087
0.001	0.001	0.882	0.116
0.086	0.001	0.912	0.001
0.879	0.001	0.044	0.076
0.001	0.091	0.091	0.817
0.001	0.001	0.001	0.997
>TGACAACA	2-TGACAACA	8.013016	-13.268856	0	T:9.0(11.25%),B:2076.8(1.38%),P:1e-5,FDR:1	Tpos:47.9,Tstd:26.1,Bpos:51.0,Bstd:47.9,StrandBias:1.9,Multiplicity:1.56
0.001	0.001	0.001	0.997
0.001	0.001	0.938	0.060
0.997	0.001	0.001	0.001
0.001	0.997	0.001	0.001
0.997	0.001	0.001	0.001
0.782	0.001	0.216	0.001
0.001	0.997	0.001	0.001
0.997	0.001	0.001	0.001
>ATAATGGG	3-ATAATGGG	5.972156	-13.009987	0	T:19.0(23.75%),B:10607.9(7.04%),P:1e-5,FDR:1	Tpos:46.4,Tstd:31.6,Bpos:49.9,Bstd:42.2,StrandBias:-0.9,Multiplicity:1.11
0.883	0.001	0.001	0.115
0.336	0.002	0.001	0.661
0.814	0.001	0.181	0.004
0.712	0.137	0.009	0.142
0.247	0.125	0.045	0.583
0.174	0.001	0.627	0.198
0.001	0.001	0.955	0.043
0.001	0.001	0.770	0.228
>TGGSCCAG	4-TGGSCCAG	6.665924	-9.325429	0	T:19.0(23.75%),B:13793.9(9.16%),P:1e-4,FDR:1	Tpos:54.4,Tstd:24.4,Bpos:49.3,Bstd:37.5,StrandBias:0.5,Multiplicity:1.05
0.042	0.001	0.001	0.956
0.043	0.001	0.955	0.001
0.001	0.001	0.997	0.001
0.220	0.427	0.284	0.070
0.087	0.708	0.001	0.204
0.001	0.997	0.001	0.001
0.997	0.001	0.001	0.001
0.001	0.001	0.997	0.001
>AAAAAAAA	5-AAAAAAAA	8.236954	-3.714424	0	T:3.0(3.75%),B:1163.7(0.77%),P:1e-1,FDR:1	Tpos:77.9,Tstd:29.8,Bpos:51.5,Bstd:52.3,StrandBias:-1.9,Multiplicity:1.33
0.700	0.100	0.100	0.100
0.700	0.100	0.100	0.100
0.700	0.100	0.100	0.100
0.700	0.100	0.100	0.100
0.700	0.100	0.100	0.100
0.700	0.100	0.100	0.100
0.700	0.100	0.100	0.100
0.700	0.100	0.100	0.100
