>TTGAATGA	1-TTGAATGA	8.120154	-21.319497	0	T:8.0(20.00%),B:19.2(0.74%),P:1e-9,FDR:0.2	Tpos:55.5,Tstd:24.7,Bpos:42.8,Bstd:25.9,StrandBias:0.7,Multiplicity:1.00
0.001	0.001	0.001	0.997
0.001	0.001	0.123	0.875
0.001	0.001	0.997	0.001
0.997	0.001	0.001	0.001
0.709	0.167	0.123	0.001
0.001	0.001	0.001	0.997
0.139	0.167	0.693	0.001
0.859	0.139	0.001	0.001
>CTAAACAC	2-CTAAACAC	7.931731	-17.292655	0	T:9.0(22.50%),B:46.7(1.81%),P:1e-7,FDR:0.2	Tpos:42.9,Tstd:25.6,Bpos:51.8,Bstd:36.2,StrandBias:-0.3,Multiplicity:1.00
0.001	0.997	0.001	0.001
0.001	0.001	0.001	0.997
0.677	0.093	0.115	0.115
0.997	0.001	0.001	0.001
0.893	0.001	0.105	0.001
0.115	0.758	0.126	0.001
0.900	0.098	0.001	0.001
0.114	0.884	0.001	0.001
>GGTTTCTC	3-GGTTTCTC	6.221954	-12.249323	0	T:15.0(37.50%),B:264.8(10.29%),P:1e-5,FDR:0.666666666666667	Tpos:43.1,Tstd:29.2,Bpos:51.2,Bstd:37.8,StrandBias:0.2,Multiplicity:1.13
0.007	0.234	0.756	0.003
0.001	0.001	0.601	0.397
0.287	0.059	0.001	0.653
0.001	0.113	0.001	0.885
0.001	0.049	0.001	0.949
0.001	0.817	0.181	0.001
0.144	0.162	0.001	0.693
0.001	0.847	0.151	0.001
>GAGTCGCA	4-GAGTCGCA	7.951392	-11.183969	0	T:6.0(15.00%),B:34.2(1.33%),P:1e-4,FDR:0.666666666666667	Tpos:46.1,Tstd:27.8,Bpos:54.2,Bstd:32.5,StrandBias:1.3,Multiplicity:1.17
0.001	0.001	0.997	0.001
0.997	0.001	0.001	0.001
0.224	0.224	0.551	0.001
0.001	0.001	0.001	0.997
0.001	0.895	0.103	0.001
0.115	0.109	0.775	0.001
0.001	0.997	0.001	0.001
0.997	0.001	0.001	0.001
>TCCCCTCC	5-TCCCCTCC	7.876607	-9.757137	0	T:11.0(27.50%),B:177.6(6.90%),P:1e-4,FDR:0.68	Tpos:42.9,Tstd:28.1,Bpos:49.2,Bstd:52.5,StrandBias:-0.7,Multiplicity:1.18
0.001	0.001	0.001	0.997
0.165	0.777	0.057	0.001
0.001	0.997	0.001	0.001
0.001	0.938	0.001	0.060
0.001	0.997	0.001	0.001
0.056	0.127	0.001	0.816
0.001	0.997	0.001	0.001
0.001	0.997	0.001	0.001
