#$# git-fat f9f3b01b44a4becb562df9514891a8025cca98cd                 1888
