>CCTCCCAGCA	1-CCTCCCAGCA	10.747148	-27.532695	0	T:6.0(27.27%),B:4.6(0.18%),P:1e-11,FDR:0.2	Tpos:42.8,Tstd:28.8,Bpos:50.9,Bstd:15.7,StrandBias:1.0,Multiplicity:1.00
0.001	0.997	0.001	0.001
0.001	0.997	0.001	0.001
0.001	0.001	0.001	0.997
0.001	0.997	0.001	0.001
0.209	0.789	0.001	0.001
0.001	0.997	0.001	0.001
0.628	0.370	0.001	0.001
0.370	0.001	0.628	0.001
0.001	0.580	0.001	0.418
0.997	0.001	0.001	0.001
>GACAGTGATA	2-GACAGTGATA	7.398878	-16.945758	0	T:4.0(18.18%),B:4.0(0.16%),P:1e-7,FDR:0.6	Tpos:32.0,Tstd:29.7,Bpos:47.3,Bstd:7.1,StrandBias:0.0,Multiplicity:1.00
0.001	0.001	0.997	0.001
0.997	0.001	0.001	0.001
0.001	0.941	0.057	0.001
0.997	0.001	0.001	0.001
0.001	0.001	0.997	0.001
0.001	0.172	0.001	0.826
0.001	0.001	0.997	0.001
0.997	0.001	0.001	0.001
0.172	0.001	0.001	0.826
0.941	0.057	0.001	0.001
>AACGGTCACC	3-AACGGTCACC	10.047152	-14.195823	0	T:4.0(18.18%),B:8.7(0.34%),P:1e-6,FDR:1	Tpos:37.4,Tstd:12.2,Bpos:63.0,Bstd:26.4,StrandBias:0.6,Multiplicity:1.00
0.530	0.204	0.265	0.001
0.734	0.001	0.264	0.001
0.001	0.997	0.001	0.001
0.264	0.001	0.734	0.001
0.001	0.001	0.997	0.001
0.001	0.001	0.001	0.997
0.001	0.530	0.265	0.204
0.997	0.001	0.001	0.001
0.001	0.997	0.001	0.001
0.001	0.997	0.001	0.001
>TSCTSAGYCC	4-TSCTSAGYCC	7.333748	-9.902903	0	T:6.0(27.27%),B:82.0(3.22%),P:1e-4,FDR:1	Tpos:50.1,Tstd:27.9,Bpos:54.9,Bstd:30.6,StrandBias:-1.3,Multiplicity:1.17
0.001	0.001	0.001	0.997
0.001	0.474	0.524	0.001
0.001	0.997	0.001	0.001
0.001	0.237	0.001	0.761
0.001	0.491	0.491	0.016
0.761	0.001	0.237	0.001
0.001	0.001	0.997	0.001
0.001	0.524	0.001	0.474
0.001	0.761	0.237	0.001
0.001	0.761	0.001	0.237
>STKACTKGGC	5-STKACTKGGC	7.451254	-8.450198	0	T:5.0(22.73%),B:66.7(2.62%),P:1e-3,FDR:1	Tpos:57.7,Tstd:26.9,Bpos:54.1,Bstd:27.6,StrandBias:0.4,Multiplicity:1.40
0.001	0.479	0.519	0.001
0.042	0.001	0.001	0.956
0.020	0.020	0.417	0.543
0.959	0.039	0.001	0.001
0.001	0.602	0.396	0.001
0.001	0.145	0.001	0.853
0.019	0.001	0.416	0.564
0.019	0.001	0.979	0.001
0.001	0.001	0.997	0.001
0.001	0.979	0.001	0.019
