>TTGCTATGGC	1-TTGCTATGGC	9.459604	-31.987390	0	T:34.0(4.42%),B:1265.7(0.84%),P:1e-13,FDR:0.2	Tpos:54.9,Tstd:22.9,Bpos:51.3,Bstd:34.0,StrandBias:0.3,Multiplicity:1.15
0.001	0.057	0.001	0.941
0.001	0.001	0.057	0.941
0.042	0.043	0.880	0.035
0.001	0.960	0.001	0.038
0.055	0.246	0.001	0.698
0.899	0.069	0.031	0.001
0.001	0.001	0.001	0.997
0.045	0.001	0.953	0.001
0.101	0.001	0.897	0.001
0.001	0.887	0.001	0.111
>TTAAATGAGG	2-TTAAATGAGG	9.399734	-31.329879	0	T:26.0(3.38%),B:720.6(0.48%),P:1e-13,FDR:0.2	Tpos:44.3,Tstd:25.3,Bpos:50.2,Bstd:42.9,StrandBias:-0.5,Multiplicity:1.23
0.001	0.001	0.085	0.913
0.001	0.147	0.001	0.851
0.997	0.001	0.001	0.001
0.942	0.001	0.056	0.001
0.997	0.001	0.001	0.001
0.001	0.001	0.001	0.997
0.001	0.001	0.997	0.001
0.997	0.001	0.001	0.001
0.001	0.001	0.997	0.001
0.001	0.001	0.997	0.001
>CCTAGCAACC	3-CCTAGCAACC	7.466875	-29.247399	0	T:62.0(8.05%),B:4183.4(2.77%),P:1e-12,FDR:0.2	Tpos:48.7,Tstd:23.4,Bpos:50.3,Bstd:33.9,StrandBias:0.4,Multiplicity:1.25
0.136	0.699	0.086	0.079
0.101	0.669	0.045	0.185
0.125	0.117	0.007	0.751
0.626	0.035	0.251	0.088
0.129	0.025	0.761	0.085
0.157	0.542	0.155	0.146
0.776	0.073	0.021	0.130
0.635	0.093	0.101	0.171
0.110	0.742	0.026	0.122
0.151	0.645	0.095	0.109
>CAATCGGGTG	4-CAATCGGGTG	10.790168	-27.401753	0	T:25.0(3.25%),B:788.5(0.52%),P:1e-11,FDR:0.2	Tpos:52.1,Tstd:28.5,Bpos:51.9,Bstd:39.7,StrandBias:-0.6,Multiplicity:1.60
0.001	0.997	0.001	0.001
0.997	0.001	0.001	0.001
0.758	0.001	0.240	0.001
0.001	0.001	0.001	0.997
0.001	0.997	0.001	0.001
0.189	0.001	0.809	0.001
0.001	0.001	0.997	0.001
0.330	0.001	0.668	0.001
0.001	0.001	0.001	0.997
0.001	0.001	0.997	0.001
>TTTTTTTTTT	5-TTTTTTTTTT	11.949551	-23.549287	0	T:17.0(2.21%),B:399.0(0.26%),P:1e-10,FDR:0.2	Tpos:48.9,Tstd:24.2,Bpos:55.3,Bstd:26.2,StrandBias:-1.5,Multiplicity:1.00
0.003	0.073	0.202	0.722
0.005	0.060	0.186	0.749
0.003	0.025	0.012	0.960
0.003	0.001	0.186	0.810
0.001	0.001	0.175	0.823
0.001	0.001	0.157	0.841
0.001	0.001	0.167	0.831
0.001	0.024	0.001	0.974
0.001	0.036	0.168	0.795
0.001	0.062	0.149	0.788
>TGCAAATTTG	6-TGCAAATTTG	10.838765	-12.700440	0	T:6.0(0.78%),B:75.0(0.05%),P:1e-5,FDR:1	Tpos:42.3,Tstd:29.4,Bpos:44.6,Bstd:28.2,StrandBias:-1.0,Multiplicity:1.83
0.001	0.001	0.001	0.997
0.001	0.001	0.997	0.001
0.001	0.997	0.001	0.001
0.997	0.001	0.001	0.001
0.997	0.001	0.001	0.001
0.997	0.001	0.001	0.001
0.001	0.001	0.001	0.997
0.001	0.343	0.001	0.655
0.001	0.001	0.001	0.997
0.076	0.001	0.922	0.001
>TGCTTTKTTT	7-TGCTTTKTTT	9.905474	-9.162528	0	T:29.0(3.77%),B:2604.9(1.72%),P:1e-3,FDR:1	Tpos:47.2,Tstd:24.2,Bpos:50.9,Bstd:31.9,StrandBias:0.5,Multiplicity:2.39
0.010	0.001	0.001	0.988
0.001	0.001	0.997	0.001
0.001	0.921	0.014	0.064
0.288	0.001	0.001	0.710
0.031	0.010	0.001	0.958
0.116	0.007	0.088	0.789
0.001	0.001	0.570	0.428
0.001	0.001	0.001	0.997
0.001	0.001	0.001	0.997
0.001	0.001	0.001	0.997
>CTGTCTATCT	8-CTGTCTATCT	8.677655	-7.833871	0	T:14.0(1.82%),B:931.1(0.62%),P:1e-3,FDR:1	Tpos:48.8,Tstd:24.9,Bpos:48.9,Bstd:40.6,StrandBias:-0.7,Multiplicity:1.64
0.001	0.997	0.001	0.001
0.001	0.001	0.001	0.997
0.397	0.024	0.578	0.001
0.001	0.001	0.001	0.997
0.036	0.962	0.001	0.001
0.001	0.022	0.001	0.976
0.583	0.178	0.238	0.001
0.001	0.001	0.001	0.997
0.044	0.929	0.026	0.001
0.001	0.001	0.001	0.997
>CAWTCAAATGDG	1-CAWTCAAATGDG	9.685003	-31.816354	0	T:27.0(3.51%),B:769.3(0.51%),P:1e-13,FDR:0.2	Tpos:47.5,Tstd:27.4,Bpos:51.3,Bstd:40.5,StrandBias:-0.4,Multiplicity:2.22
0.001	0.916	0.082	0.001
0.718	0.164	0.001	0.117
0.423	0.170	0.024	0.382
0.186	0.107	0.170	0.537
0.073	0.653	0.001	0.273
0.601	0.268	0.001	0.130
0.688	0.001	0.310	0.001
0.912	0.036	0.051	0.001
0.070	0.075	0.264	0.591
0.318	0.001	0.680	0.001
0.401	0.001	0.283	0.315
0.229	0.001	0.684	0.086
>CTCABAACCTCA	2-CTCABAACCTCA	13.516675	-27.156605	0	T:14.0(1.82%),B:183.9(0.12%),P:1e-11,FDR:0.6	Tpos:45.6,Tstd:21.8,Bpos:47.8,Bstd:37.9,StrandBias:1.6,Multiplicity:1.14
0.001	0.997	0.001	0.001
0.244	0.001	0.001	0.754
0.001	0.997	0.001	0.001
0.997	0.001	0.001	0.001
0.001	0.303	0.314	0.382
0.687	0.001	0.001	0.311
0.615	0.001	0.383	0.001
0.001	0.997	0.001	0.001
0.001	0.997	0.001	0.001
0.001	0.001	0.001	0.997
0.001	0.997	0.001	0.001
0.997	0.001	0.001	0.001
>AAAAAAAAAAAA	3-AAAAAAAAAAAA	11.006822	-20.992979	0	T:21.0(2.73%),B:753.7(0.50%),P:1e-9,FDR:0.866666666666667	Tpos:49.2,Tstd:23.4,Bpos:53.2,Bstd:26.7,StrandBias:1.4,Multiplicity:1.00
0.718	0.120	0.070	0.092
0.726	0.117	0.083	0.074
0.763	0.096	0.080	0.061
0.792	0.064	0.081	0.063
0.796	0.084	0.080	0.040
0.746	0.111	0.093	0.050
0.774	0.115	0.072	0.039
0.777	0.084	0.090	0.049
0.758	0.077	0.102	0.063
0.762	0.077	0.084	0.077
0.697	0.127	0.092	0.084
0.694	0.119	0.084	0.103
>TTTTTTTTTTTT	4-TTTTTTTTTTTT	10.643734	-14.733300	0	T:46.0(5.97%),B:3976.6(2.63%),P:1e-6,FDR:1	Tpos:45.9,Tstd:21.7,Bpos:51.0,Bstd:31.4,StrandBias:0.4,Multiplicity:1.14
0.001	0.043	0.067	0.889
0.001	0.001	0.098	0.900
0.032	0.278	0.193	0.497
0.001	0.134	0.104	0.761
0.001	0.001	0.209	0.789
0.110	0.001	0.049	0.840
0.001	0.001	0.048	0.950
0.090	0.001	0.152	0.757
0.001	0.001	0.277	0.721
0.023	0.001	0.165	0.811
0.079	0.001	0.001	0.919
0.001	0.001	0.086	0.912
>CTCTAGCCTGTC	5-CTCTAGCCTGTC	14.876510	-11.258825	0	T:2.0(0.26%),B:0.8(0.00%),P:1e-4,FDR:1	Tpos:56.5,Tstd:32.0,Bpos:68.0,Bstd:6.4,StrandBias:2.3,Multiplicity:3.00
0.001	0.997	0.001	0.001
0.001	0.001	0.001	0.997
0.001	0.997	0.001	0.001
0.001	0.001	0.001	0.997
0.997	0.001	0.001	0.001
0.001	0.001	0.997	0.001
0.001	0.997	0.001	0.001
0.001	0.997	0.001	0.001
0.001	0.001	0.001	0.997
0.178	0.001	0.820	0.001
0.001	0.001	0.001	0.997
0.001	0.997	0.001	0.001
>GTCTVTCTGTCT	6-GTCTVTCTGTCT	11.637991	-7.543028	0	T:4.0(0.52%),B:71.1(0.05%),P:1e-3,FDR:1	Tpos:35.4,Tstd:25.1,Bpos:48.8,Bstd:40.3,StrandBias:-2.0,Multiplicity:1.25
0.232	0.218	0.444	0.106
0.081	0.104	0.142	0.673
0.001	0.708	0.125	0.166
0.125	0.113	0.001	0.761
0.340	0.302	0.357	0.001
0.090	0.002	0.271	0.637
0.001	0.606	0.257	0.136
0.001	0.001	0.001	0.997
0.200	0.099	0.639	0.062
0.290	0.025	0.074	0.611
0.001	0.900	0.098	0.001
0.001	0.129	0.001	0.869
>CAGAGCAGAGSA	7-CAGAGCAGAGSA	13.174494	-2.825936	0	T:1.0(0.13%),B:12.1(0.01%),P:1e-1,FDR:1	Tpos:50.0,Tstd:0.0,Bpos:38.8,Bstd:11.3,StrandBias:10.0,Multiplicity:1.00
0.104	0.824	0.001	0.071
0.895	0.001	0.001	0.103
0.102	0.079	0.738	0.081
0.731	0.102	0.165	0.002
0.001	0.165	0.732	0.102
0.102	0.520	0.076	0.302
0.897	0.056	0.001	0.046
0.072	0.240	0.537	0.151
0.897	0.001	0.101	0.001
0.001	0.001	0.997	0.001
0.013	0.474	0.512	0.001
0.940	0.013	0.001	0.046
>TCTATCTATCTA	8-TCTATCTATCTA	12.355432	-2.124493	0	T:1.0(0.13%),B:25.6(0.02%),P:1e0,FDR:1	Tpos:67.0,Tstd:11.5,Bpos:44.0,Bstd:51.0,StrandBias:10.0,Multiplicity:1.00
0.100	0.100	0.100	0.700
0.100	0.700	0.100	0.100
0.100	0.100	0.100	0.700
0.700	0.100	0.100	0.100
0.100	0.100	0.100	0.700
0.100	0.700	0.100	0.100
0.100	0.100	0.100	0.700
0.700	0.100	0.100	0.100
0.100	0.100	0.100	0.700
0.100	0.700	0.100	0.100
0.100	0.100	0.100	0.700
0.700	0.100	0.100	0.100
>CCTAGCAA	1-CCTAGCAA	6.850589	-31.039630	0	T:100.0(12.99%),B:8633.2(5.71%),P:1e-13,FDR:0.2	Tpos:49.6,Tstd:25.2,Bpos:50.4,Bstd:34.6,StrandBias:-0.2,Multiplicity:1.19
0.001	0.997	0.001	0.001
0.216	0.716	0.067	0.001
0.037	0.089	0.001	0.873
0.840	0.036	0.123	0.001
0.001	0.001	0.997	0.001
0.001	0.997	0.001	0.001
0.891	0.061	0.029	0.019
0.955	0.001	0.001	0.043
>TGAGTCAT	2-TGAGTCAT	6.044950	-26.704461	0	T:112.0(14.55%),B:10963.1(7.25%),P:1e-11,FDR:0.2	Tpos:47.4,Tstd:27.5,Bpos:49.3,Bstd:38.6,StrandBias:0.1,Multiplicity:1.12
0.028	0.001	0.001	0.970
0.001	0.001	0.972	0.026
0.903	0.001	0.029	0.067
0.001	0.141	0.857	0.001
0.226	0.148	0.001	0.625
0.001	0.990	0.008	0.001
0.962	0.036	0.001	0.001
0.001	0.041	0.001	0.957
>AACGAGGC	3-AACGAGGC	8.077555	-24.141476	0	T:28.0(3.64%),B:1161.9(0.77%),P:1e-10,FDR:0.2	Tpos:43.1,Tstd:22.5,Bpos:50.1,Bstd:33.9,StrandBias:0.7,Multiplicity:1.00
0.649	0.021	0.001	0.329
0.997	0.001	0.001	0.001
0.001	0.807	0.001	0.191
0.028	0.086	0.885	0.001
0.737	0.047	0.215	0.001
0.001	0.001	0.736	0.262
0.001	0.001	0.997	0.001
0.001	0.831	0.006	0.162
>AAATGAGG	4-AAATGAGG	10.637734	-24.064104	0	T:28.0(3.64%),B:1165.7(0.77%),P:1e-10,FDR:0.2	Tpos:46.8,Tstd:27.6,Bpos:50.5,Bstd:41.6,StrandBias:-0.5,Multiplicity:1.29
0.746	0.001	0.001	0.252
0.868	0.001	0.130	0.001
0.997	0.001	0.001	0.001
0.001	0.001	0.001	0.997
0.001	0.001	0.997	0.001
0.997	0.001	0.001	0.001
0.001	0.001	0.997	0.001
0.001	0.001	0.997	0.001
>AAAAAAAA	5-AAAAAAAA	10.857096	-23.611928	0	T:30.0(3.90%),B:1361.8(0.90%),P:1e-10,FDR:0.2	Tpos:49.3,Tstd:25.1,Bpos:52.4,Bstd:32.7,StrandBias:1.1,Multiplicity:1.00
0.905	0.001	0.093	0.001
0.997	0.001	0.001	0.001
0.997	0.001	0.001	0.001
0.997	0.001	0.001	0.001
0.997	0.001	0.001	0.001
0.997	0.001	0.001	0.001
0.997	0.001	0.001	0.001
0.891	0.001	0.107	0.001
>GAGGTACT	6-GAGGTACT	8.236954	-19.188575	0	T:17.0(2.21%),B:534.7(0.35%),P:1e-8,FDR:0.2	Tpos:55.8,Tstd:21.8,Bpos:48.2,Bstd:36.4,StrandBias:-1.3,Multiplicity:1.00
0.100	0.100	0.700	0.100
0.700	0.100	0.100	0.100
0.100	0.100	0.700	0.100
0.100	0.100	0.700	0.100
0.100	0.100	0.100	0.700
0.700	0.100	0.100	0.100
0.100	0.700	0.100	0.100
0.100	0.100	0.100	0.700
>AATCCGAT	7-AATCCGAT	8.976610	-12.430444	0	T:24.0(3.12%),B:1594.1(1.05%),P:1e-5,FDR:0.485714285714286	Tpos:52.2,Tstd:29.4,Bpos:50.7,Bstd:38.4,StrandBias:-0.4,Multiplicity:1.71
0.799	0.199	0.001	0.001
0.997	0.001	0.001	0.001
0.001	0.001	0.001	0.997
0.001	0.997	0.001	0.001
0.189	0.618	0.001	0.192
0.001	0.001	0.997	0.001
0.997	0.001	0.001	0.001
0.001	0.001	0.001	0.997
>GTTTTGTT	8-GTTTTGTT	6.305142	-5.406759	0	T:43.0(5.58%),B:5514.8(3.65%),P:1e-2,FDR:0.625	Tpos:47.7,Tstd:24.3,Bpos:50.8,Bstd:34.2,StrandBias:0.4,Multiplicity:2.02
0.001	0.001	0.997	0.001
0.001	0.001	0.001	0.997
0.001	0.001	0.001	0.997
0.001	0.074	0.001	0.924
0.001	0.027	0.001	0.971
0.001	0.001	0.997	0.001
0.001	0.001	0.001	0.997
0.118	0.001	0.001	0.880
