>CAWTCAAATGDG	1-CAWTCAAATGDG	9.685003	-31.816354	0	T:27.0(3.51%),B:769.3(0.51%),P:1e-13,FDR:0.2	Tpos:47.5,Tstd:27.4,Bpos:51.3,Bstd:40.5,StrandBias:-0.4,Multiplicity:2.22
0.001	0.916	0.082	0.001
0.718	0.164	0.001	0.117
0.423	0.170	0.024	0.382
0.186	0.107	0.170	0.537
0.073	0.653	0.001	0.273
0.601	0.268	0.001	0.130
0.688	0.001	0.310	0.001
0.912	0.036	0.051	0.001
0.070	0.075	0.264	0.591
0.318	0.001	0.680	0.001
0.401	0.001	0.283	0.315
0.229	0.001	0.684	0.086
>CTCABAACCTCA	2-CTCABAACCTCA	13.516675	-27.156605	0	T:14.0(1.82%),B:183.9(0.12%),P:1e-11,FDR:0.6	Tpos:45.6,Tstd:21.8,Bpos:47.8,Bstd:37.9,StrandBias:1.6,Multiplicity:1.14
0.001	0.997	0.001	0.001
0.244	0.001	0.001	0.754
0.001	0.997	0.001	0.001
0.997	0.001	0.001	0.001
0.001	0.303	0.314	0.382
0.687	0.001	0.001	0.311
0.615	0.001	0.383	0.001
0.001	0.997	0.001	0.001
0.001	0.997	0.001	0.001
0.001	0.001	0.001	0.997
0.001	0.997	0.001	0.001
0.997	0.001	0.001	0.001
>AAAAAAAAAAAA	3-AAAAAAAAAAAA	11.006822	-20.992979	0	T:21.0(2.73%),B:753.7(0.50%),P:1e-9,FDR:0.866666666666667	Tpos:49.2,Tstd:23.4,Bpos:53.2,Bstd:26.7,StrandBias:1.4,Multiplicity:1.00
0.718	0.120	0.070	0.092
0.726	0.117	0.083	0.074
0.763	0.096	0.080	0.061
0.792	0.064	0.081	0.063
0.796	0.084	0.080	0.040
0.746	0.111	0.093	0.050
0.774	0.115	0.072	0.039
0.777	0.084	0.090	0.049
0.758	0.077	0.102	0.063
0.762	0.077	0.084	0.077
0.697	0.127	0.092	0.084
0.694	0.119	0.084	0.103
>TTTTTTTTTTTT	4-TTTTTTTTTTTT	10.643734	-14.733300	0	T:46.0(5.97%),B:3976.6(2.63%),P:1e-6,FDR:1	Tpos:45.9,Tstd:21.7,Bpos:51.0,Bstd:31.4,StrandBias:0.4,Multiplicity:1.14
0.001	0.043	0.067	0.889
0.001	0.001	0.098	0.900
0.032	0.278	0.193	0.497
0.001	0.134	0.104	0.761
0.001	0.001	0.209	0.789
0.110	0.001	0.049	0.840
0.001	0.001	0.048	0.950
0.090	0.001	0.152	0.757
0.001	0.001	0.277	0.721
0.023	0.001	0.165	0.811
0.079	0.001	0.001	0.919
0.001	0.001	0.086	0.912
>CTCTAGCCTGTC	5-CTCTAGCCTGTC	14.876510	-11.258825	0	T:2.0(0.26%),B:0.8(0.00%),P:1e-4,FDR:1	Tpos:56.5,Tstd:32.0,Bpos:68.0,Bstd:6.4,StrandBias:2.3,Multiplicity:3.00
0.001	0.997	0.001	0.001
0.001	0.001	0.001	0.997
0.001	0.997	0.001	0.001
0.001	0.001	0.001	0.997
0.997	0.001	0.001	0.001
0.001	0.001	0.997	0.001
0.001	0.997	0.001	0.001
0.001	0.997	0.001	0.001
0.001	0.001	0.001	0.997
0.178	0.001	0.820	0.001
0.001	0.001	0.001	0.997
0.001	0.997	0.001	0.001
>GTCTVTCTGTCT	6-GTCTVTCTGTCT	11.637991	-7.543028	0	T:4.0(0.52%),B:71.1(0.05%),P:1e-3,FDR:1	Tpos:35.4,Tstd:25.1,Bpos:48.8,Bstd:40.3,StrandBias:-2.0,Multiplicity:1.25
0.232	0.218	0.444	0.106
0.081	0.104	0.142	0.673
0.001	0.708	0.125	0.166
0.125	0.113	0.001	0.761
0.340	0.302	0.357	0.001
0.090	0.002	0.271	0.637
0.001	0.606	0.257	0.136
0.001	0.001	0.001	0.997
0.200	0.099	0.639	0.062
0.290	0.025	0.074	0.611
0.001	0.900	0.098	0.001
0.001	0.129	0.001	0.869
>CAGAGCAGAGSA	7-CAGAGCAGAGSA	13.174494	-2.825936	0	T:1.0(0.13%),B:12.1(0.01%),P:1e-1,FDR:1	Tpos:50.0,Tstd:0.0,Bpos:38.8,Bstd:11.3,StrandBias:10.0,Multiplicity:1.00
0.104	0.824	0.001	0.071
0.895	0.001	0.001	0.103
0.102	0.079	0.738	0.081
0.731	0.102	0.165	0.002
0.001	0.165	0.732	0.102
0.102	0.520	0.076	0.302
0.897	0.056	0.001	0.046
0.072	0.240	0.537	0.151
0.897	0.001	0.101	0.001
0.001	0.001	0.997	0.001
0.013	0.474	0.512	0.001
0.940	0.013	0.001	0.046
>TCTATCTATCTA	8-TCTATCTATCTA	12.355432	-2.124493	0	T:1.0(0.13%),B:25.6(0.02%),P:1e0,FDR:1	Tpos:67.0,Tstd:11.5,Bpos:44.0,Bstd:51.0,StrandBias:10.0,Multiplicity:1.00
0.100	0.100	0.100	0.700
0.100	0.700	0.100	0.100
0.100	0.100	0.100	0.700
0.700	0.100	0.100	0.100
0.100	0.100	0.100	0.700
0.100	0.700	0.100	0.100
0.100	0.100	0.100	0.700
0.700	0.100	0.100	0.100
0.100	0.100	0.100	0.700
0.100	0.700	0.100	0.100
0.100	0.100	0.100	0.700
0.700	0.100	0.100	0.100
