>ACGGATGTAAAA	1-ACGGATGTAAAA	8.683827	-16.530871	0	T:5.0(21.74%),B:655.0(0.46%),P:1e-7	Tpos:54.3,Tstd:26.1,Bpos:50.1,Bstd:26.1,StrandBias:-1.0,Multiplicity:1.20
0.608	0.390	0.001	0.001
0.001	0.803	0.001	0.195
0.001	0.001	0.803	0.195
0.001	0.001	0.997	0.001
0.608	0.390	0.001	0.001
0.001	0.001	0.215	0.783
0.001	0.195	0.609	0.195
0.218	0.001	0.195	0.586
0.997	0.001	0.001	0.001
0.608	0.390	0.001	0.001
0.587	0.197	0.215	0.001
0.803	0.001	0.001	0.195
>AGGGCTCWTTTG	2-AGGGCTCWTTTG	6.373510	-8.809668	0	T:6.0(26.09%),B:5238.0(3.70%),P:1e-3	Tpos:53.7,Tstd:29.7,Bpos:50.2,Bstd:26.4,StrandBias:0.4,Multiplicity:1.00
0.458	0.305	0.155	0.082
0.152	0.152	0.695	0.001
0.078	0.001	0.920	0.001
0.076	0.228	0.695	0.001
0.003	0.689	0.155	0.153
0.076	0.305	0.079	0.540
0.153	0.534	0.234	0.079
0.381	0.076	0.153	0.390
0.076	0.153	0.076	0.695
0.229	0.001	0.079	0.691
0.228	0.001	0.155	0.616
0.229	0.158	0.461	0.153
>TTGACTGACCTG	3-TTGACTGACCTG	12.355432	-8.033193	0	T:1.0(4.35%),B:2.0(0.00%),P:1e-3	Tpos:77.0,Tstd:0.0,Bpos:55.0,Bstd:33.0,StrandBias:10.0,Multiplicity:1.00
0.100	0.100	0.100	0.700
0.100	0.100	0.100	0.700
0.100	0.100	0.700	0.100
0.700	0.100	0.100	0.100
0.100	0.700	0.100	0.100
0.100	0.100	0.100	0.700
0.100	0.100	0.700	0.100
0.700	0.100	0.100	0.100
0.100	0.700	0.100	0.100
0.100	0.700	0.100	0.100
0.100	0.100	0.100	0.700
0.100	0.100	0.700	0.100
>CCCTGCCCAGAC	4-CCCTGCCCAGAC	12.355432	-8.033193	0	T:1.0(4.35%),B:2.0(0.00%),P:1e-3	Tpos:6.0,Tstd:0.0,Bpos:48.0,Bstd:35.0,StrandBias:10.0,Multiplicity:1.00
0.100	0.700	0.100	0.100
0.100	0.700	0.100	0.100
0.100	0.700	0.100	0.100
0.100	0.100	0.100	0.700
0.100	0.100	0.700	0.100
0.100	0.700	0.100	0.100
0.100	0.700	0.100	0.100
0.100	0.700	0.100	0.100
0.700	0.100	0.100	0.100
0.100	0.100	0.700	0.100
0.700	0.100	0.100	0.100
0.100	0.700	0.100	0.100
>TCTCTTGAATCC	5-TCTCTTGAATCC	12.355432	-8.033193	0	T:1.0(4.35%),B:2.0(0.00%),P:1e-3	Tpos:18.0,Tstd:0.0,Bpos:70.5,Bstd:20.5,StrandBias:10.0,Multiplicity:1.00
0.100	0.100	0.100	0.700
0.100	0.700	0.100	0.100
0.100	0.100	0.100	0.700
0.100	0.700	0.100	0.100
0.100	0.100	0.100	0.700
0.100	0.100	0.100	0.700
0.100	0.100	0.700	0.100
0.700	0.100	0.100	0.100
0.700	0.100	0.100	0.100
0.100	0.100	0.100	0.700
0.100	0.700	0.100	0.100
0.100	0.700	0.100	0.100
>CACACATTAGCT	6-CACACATTAGCT	12.355432	-8.033193	0	T:1.0(4.35%),B:2.0(0.00%),P:1e-3	Tpos:42.0,Tstd:0.0,Bpos:52.5,Bstd:14.5,StrandBias:10.0,Multiplicity:1.00
0.100	0.700	0.100	0.100
0.700	0.100	0.100	0.100
0.100	0.700	0.100	0.100
0.700	0.100	0.100	0.100
0.100	0.700	0.100	0.100
0.700	0.100	0.100	0.100
0.100	0.100	0.100	0.700
0.100	0.100	0.100	0.700
0.700	0.100	0.100	0.100
0.100	0.100	0.700	0.100
0.100	0.700	0.100	0.100
0.100	0.100	0.100	0.700
>CAACCTGCCTCG	7-CAACCTGCCTCG	12.355432	-8.033193	0	T:1.0(4.35%),B:2.0(0.00%),P:1e-3	Tpos:60.0,Tstd:0.0,Bpos:34.5,Bstd:18.5,StrandBias:10.0,Multiplicity:1.00
0.100	0.700	0.100	0.100
0.700	0.100	0.100	0.100
0.700	0.100	0.100	0.100
0.100	0.700	0.100	0.100
0.100	0.700	0.100	0.100
0.100	0.100	0.100	0.700
0.100	0.100	0.700	0.100
0.100	0.700	0.100	0.100
0.100	0.700	0.100	0.100
0.100	0.100	0.100	0.700
0.100	0.700	0.100	0.100
0.100	0.100	0.700	0.100
>CGGGCAGCCACC	8-CGGGCAGCCACC	12.355432	-8.033193	0	T:1.0(4.35%),B:2.0(0.00%),P:1e-3	Tpos:72.0,Tstd:0.0,Bpos:75.5,Bstd:5.5,StrandBias:10.0,Multiplicity:1.00
0.100	0.700	0.100	0.100
0.100	0.100	0.700	0.100
0.100	0.100	0.700	0.100
0.100	0.100	0.700	0.100
0.100	0.700	0.100	0.100
0.700	0.100	0.100	0.100
0.100	0.100	0.700	0.100
0.100	0.700	0.100	0.100
0.100	0.700	0.100	0.100
0.700	0.100	0.100	0.100
0.100	0.700	0.100	0.100
0.100	0.700	0.100	0.100
