>WAACYYYMAGTT	1-WAACYYYMAGTT	12.994873	-14.629832	0	T:2.0(33.33%),B:20.0(0.02%),P:1e-6	Tpos:38.5,Tstd:15.5,Bpos:48.6,Bstd:23.8,StrandBias:-10.0,Multiplicity:1.00
0.476	0.001	0.048	0.476
0.997	0.001	0.001	0.001
0.997	0.001	0.001	0.001
0.001	0.997	0.001	0.001
0.001	0.475	0.001	0.523
0.001	0.476	0.048	0.476
0.048	0.476	0.001	0.476
0.523	0.475	0.001	0.001
0.997	0.001	0.001	0.001
0.001	0.001	0.997	0.001
0.001	0.001	0.001	0.997
0.001	0.001	0.001	0.997
>MASRSCCCGTGS	2-MASRSCCCGTGS	10.855741	-14.265280	0	T:2.0(33.33%),B:24.0(0.02%),P:1e-6	Tpos:67.5,Tstd:22.5,Bpos:52.2,Bstd:25.9,StrandBias:-10.0,Multiplicity:1.00
0.487	0.511	0.001	0.001
0.740	0.001	0.258	0.001
0.001	0.512	0.486	0.001
0.486	0.001	0.512	0.001
0.001	0.488	0.488	0.023
0.234	0.488	0.277	0.001
0.001	0.763	0.001	0.235
0.001	0.510	0.253	0.236
0.001	0.252	0.723	0.024
0.001	0.001	0.001	0.997
0.001	0.001	0.997	0.001
0.001	0.505	0.493	0.001
>CTATCCTGCCAG	3-CTATCCTGCCAG	12.355432	-9.872706	0	T:1.0(16.67%),B:1.0(0.00%),P:1e-4	Tpos:19.0,Tstd:0.0,Bpos:42.0,Bstd:0.0,StrandBias:10.0,Multiplicity:1.00
0.100	0.700	0.100	0.100
0.100	0.100	0.100	0.700
0.700	0.100	0.100	0.100
0.100	0.100	0.100	0.700
0.100	0.700	0.100	0.100
0.100	0.700	0.100	0.100
0.100	0.100	0.100	0.700
0.100	0.100	0.700	0.100
0.100	0.700	0.100	0.100
0.100	0.700	0.100	0.100
0.700	0.100	0.100	0.100
0.100	0.100	0.700	0.100
>CACAATGCCCTT	4-CACAATGCCCTT	12.355432	-9.872706	0	T:1.0(16.67%),B:1.0(0.00%),P:1e-4	Tpos:11.0,Tstd:0.0,Bpos:40.0,Bstd:0.0,StrandBias:10.0,Multiplicity:1.00
0.100	0.700	0.100	0.100
0.700	0.100	0.100	0.100
0.100	0.700	0.100	0.100
0.700	0.100	0.100	0.100
0.700	0.100	0.100	0.100
0.100	0.100	0.100	0.700
0.100	0.100	0.700	0.100
0.100	0.700	0.100	0.100
0.100	0.700	0.100	0.100
0.100	0.700	0.100	0.100
0.100	0.100	0.100	0.700
0.100	0.100	0.100	0.700
>AAGTCAGAGAGG	5-AAGTCAGAGAGG	12.355432	-9.179580	0	T:1.0(16.67%),B:2.0(0.00%),P:1e-3	Tpos:10.0,Tstd:0.0,Bpos:29.5,Bstd:19.5,StrandBias:10.0,Multiplicity:1.00
0.700	0.100	0.100	0.100
0.700	0.100	0.100	0.100
0.100	0.100	0.700	0.100
0.100	0.100	0.100	0.700
0.100	0.700	0.100	0.100
0.700	0.100	0.100	0.100
0.100	0.100	0.700	0.100
0.700	0.100	0.100	0.100
0.100	0.100	0.700	0.100
0.700	0.100	0.100	0.100
0.100	0.100	0.700	0.100
0.100	0.100	0.700	0.100
>TGGGCTGGGGTA	6-TGGGCTGGGGTA	12.355432	-9.179580	0	T:1.0(16.67%),B:2.0(0.00%),P:1e-3	Tpos:30.0,Tstd:0.0,Bpos:44.0,Bstd:2.0,StrandBias:10.0,Multiplicity:1.00
0.100	0.100	0.100	0.700
0.100	0.100	0.700	0.100
0.100	0.100	0.700	0.100
0.100	0.100	0.700	0.100
0.100	0.700	0.100	0.100
0.100	0.100	0.100	0.700
0.100	0.100	0.700	0.100
0.100	0.100	0.700	0.100
0.100	0.100	0.700	0.100
0.100	0.100	0.700	0.100
0.100	0.100	0.100	0.700
0.700	0.100	0.100	0.100
>GTGTAAGGGTCA	7-GTGTAAGGGTCA	12.355432	-9.179580	0	T:1.0(16.67%),B:2.0(0.00%),P:1e-3	Tpos:13.0,Tstd:0.0,Bpos:27.0,Bstd:17.0,StrandBias:10.0,Multiplicity:1.00
0.100	0.100	0.700	0.100
0.100	0.100	0.100	0.700
0.100	0.100	0.700	0.100
0.100	0.100	0.100	0.700
0.700	0.100	0.100	0.100
0.700	0.100	0.100	0.100
0.100	0.100	0.700	0.100
0.100	0.100	0.700	0.100
0.100	0.100	0.700	0.100
0.100	0.100	0.100	0.700
0.100	0.700	0.100	0.100
0.700	0.100	0.100	0.100
>HGCCCVGCATCV	8-HGCCCVGCATCV	5.457875	-5.390315	0	T:2.0(33.33%),B:2078.0(1.79%),P:1e-2	Tpos:57.0,Tstd:28.8,Bpos:49.8,Bstd:25.9,StrandBias:-0.6,Multiplicity:1.50
0.322	0.355	0.001	0.322
0.001	0.001	0.966	0.032
0.001	0.997	0.001	0.001
0.001	0.676	0.322	0.001
0.001	0.676	0.322	0.001
0.322	0.355	0.322	0.001
0.001	0.001	0.997	0.001
0.001	0.676	0.322	0.001
0.997	0.001	0.001	0.001
0.001	0.032	0.322	0.645
0.001	0.997	0.001	0.001
0.322	0.322	0.355	0.001
