>TCAGTAGCCA	1-TCAGTAGCCA	8.793227	-16.740470	0	T:10.0(12.35%),B:1878.0(1.20%),P:1e-7	Tpos:59.2,Tstd:25.5,Bpos:49.7,Bstd:26.4,StrandBias:2.2,Multiplicity:1.10
0.001	0.121	0.121	0.757
0.001	0.997	0.001	0.001
0.649	0.341	0.001	0.009
0.205	0.001	0.793	0.001
0.291	0.001	0.001	0.707
0.531	0.001	0.289	0.179
0.001	0.001	0.997	0.001
0.205	0.793	0.001	0.001
0.001	0.997	0.001	0.001
0.831	0.167	0.001	0.001
>TGGGAGTWRG	2-TGGGAGTWRG	9.068580	-13.793699	0	T:7.0(8.64%),B:1003.0(0.64%),P:1e-5	Tpos:52.6,Tstd:22.4,Bpos:51.0,Bstd:25.8,StrandBias:-1.4,Multiplicity:1.57
0.001	0.156	0.001	0.842
0.001	0.219	0.496	0.285
0.144	0.001	0.854	0.001
0.156	0.001	0.842	0.001
0.997	0.001	0.001	0.001
0.001	0.001	0.997	0.001
0.001	0.001	0.001	0.997
0.529	0.001	0.001	0.469
0.321	0.219	0.459	0.001
0.001	0.001	0.997	0.001
>GGGCWGTACA	3-GGGCWGTACA	9.666652	-11.891886	0	T:5.0(6.17%),B:498.0(0.32%),P:1e-5	Tpos:49.7,Tstd:31.6,Bpos:50.1,Bstd:24.3,StrandBias:1.0,Multiplicity:1.20
0.001	0.001	0.875	0.123
0.001	0.001	0.819	0.179
0.001	0.001	0.997	0.001
0.001	0.997	0.001	0.001
0.573	0.001	0.001	0.425
0.001	0.001	0.886	0.112
0.001	0.122	0.001	0.876
0.762	0.001	0.113	0.124
0.001	0.592	0.132	0.275
0.678	0.179	0.001	0.142
>GTTGATGTCG	4-GTTGATGTCG	10.296193	-7.566317	0	T:1.0(1.23%),B:1.0(0.00%),P:1e-3	Tpos:20.0,Tstd:0.0,Bpos:37.0,Bstd:0.0,StrandBias:10.0,Multiplicity:1.00
0.100	0.100	0.700	0.100
0.100	0.100	0.100	0.700
0.100	0.100	0.100	0.700
0.100	0.100	0.700	0.100
0.700	0.100	0.100	0.100
0.100	0.100	0.100	0.700
0.100	0.100	0.700	0.100
0.100	0.100	0.100	0.700
0.100	0.700	0.100	0.100
0.100	0.100	0.700	0.100
>TGCGTAACGT	5-TGCGTAACGT	10.296193	-6.873426	0	T:1.0(1.23%),B:2.0(0.00%),P:1e-2	Tpos:29.0,Tstd:0.0,Bpos:30.0,Bstd:6.0,StrandBias:-10.0,Multiplicity:1.00
0.100	0.100	0.100	0.700
0.100	0.100	0.700	0.100
0.100	0.700	0.100	0.100
0.100	0.100	0.700	0.100
0.100	0.100	0.100	0.700
0.700	0.100	0.100	0.100
0.700	0.100	0.100	0.100
0.100	0.700	0.100	0.100
0.100	0.100	0.700	0.100
0.100	0.100	0.100	0.700
