>GACCGGCC	1-GACCGGCC	9.687020	-13.095457	0	T:5.0(6.17%),B:388.0(0.25%),P:1e-5	Tpos:65.6,Tstd:25.9,Bpos:49.4,Bstd:26.6,StrandBias:0.6,Multiplicity:1.00
0.001	0.001	0.997	0.001
0.997	0.001	0.001	0.001
0.001	0.997	0.001	0.001
0.001	0.997	0.001	0.001
0.001	0.001	0.997	0.001
0.001	0.001	0.747	0.251
0.001	0.997	0.001	0.001
0.001	0.997	0.001	0.001
>CCCGGGAT	2-CCCGGGAT	8.008959	-12.826003	0	T:9.0(11.11%),B:2249.0(1.44%),P:1e-5	Tpos:43.2,Tstd:27.7,Bpos:50.0,Bstd:27.5,StrandBias:0.0,Multiplicity:1.00
0.001	0.997	0.001	0.001
0.001	0.862	0.136	0.001
0.001	0.956	0.001	0.042
0.001	0.001	0.997	0.001
0.001	0.001	0.997	0.001
0.001	0.117	0.881	0.001
0.760	0.055	0.184	0.001
0.075	0.071	0.222	0.632
>NAAACGTN	3-NAAACGTN	4.131262	-9.459040	0	T:14.0(17.28%),B:8210.0(5.25%),P:1e-4	Tpos:38.8,Tstd:26.8,Bpos:50.4,Bstd:26.4,StrandBias:-0.7,Multiplicity:1.07
0.228	0.272	0.256	0.244
0.565	0.164	0.129	0.142
0.577	0.152	0.155	0.116
0.594	0.162	0.103	0.141
0.152	0.538	0.188	0.122
0.164	0.172	0.489	0.174
0.115	0.131	0.137	0.617
0.217	0.208	0.223	0.352
>ATCTGATG	4-ATCTGATG	7.166052	-8.591348	0	T:10.0(12.35%),B:4787.0(3.06%),P:1e-3	Tpos:64.2,Tstd:22.2,Bpos:50.5,Bstd:26.2,StrandBias:-0.4,Multiplicity:1.20
0.926	0.001	0.072	0.001
0.001	0.073	0.049	0.877
0.001	0.904	0.001	0.094
0.207	0.001	0.001	0.791
0.001	0.001	0.887	0.111
0.876	0.001	0.058	0.065
0.001	0.001	0.001	0.997
0.001	0.089	0.786	0.124
>GACTTCCA	5-GACTTCCA	8.008089	-7.605289	0	T:9.0(11.11%),B:4446.0(2.84%),P:1e-3	Tpos:53.0,Tstd:32.1,Bpos:49.9,Bstd:27.3,StrandBias:-0.5,Multiplicity:1.33
0.001	0.001	0.997	0.001
0.845	0.001	0.153	0.001
0.001	0.997	0.001	0.001
0.001	0.001	0.001	0.997
0.001	0.001	0.372	0.626
0.001	0.997	0.001	0.001
0.001	0.997	0.001	0.001
0.558	0.001	0.353	0.088
