>CGACACTA	1-CGACACTA	7.257048	-17.457207	0	T:10.0(12.35%),B:1738.0(1.11%),P:1e-7	Tpos:44.0,Tstd:27.5,Bpos:50.2,Bstd:26.7,StrandBias:-0.6,Multiplicity:1.00
0.097	0.901	0.001	0.001
0.094	0.001	0.904	0.001
0.701	0.131	0.167	0.001
0.001	0.997	0.001	0.001
0.997	0.001	0.001	0.001
0.001	0.997	0.001	0.001
0.001	0.001	0.001	0.997
0.689	0.161	0.149	0.001
>GCAAGGAC	2-GCAAGGAC	5.359823	-14.329705	0	T:34.0(41.98%),B:28485.0(18.21%),P:1e-6	Tpos:54.5,Tstd:26.2,Bpos:49.9,Bstd:27.3,StrandBias:0.6,Multiplicity:1.21
0.082	0.001	0.648	0.269
0.001	0.803	0.053	0.143
0.514	0.319	0.001	0.166
0.850	0.001	0.001	0.148
0.073	0.129	0.792	0.006
0.147	0.083	0.762	0.008
0.876	0.004	0.061	0.059
0.001	0.786	0.212	0.001
>GGTCCTAC	3-GGTCCTAC	7.831009	-13.932149	0	T:10.0(12.35%),B:2558.0(1.63%),P:1e-6	Tpos:39.1,Tstd:28.2,Bpos:50.2,Bstd:27.1,StrandBias:0.0,Multiplicity:1.11
0.102	0.001	0.896	0.001
0.001	0.001	0.905	0.093
0.001	0.001	0.001	0.997
0.001	0.905	0.093	0.001
0.143	0.745	0.001	0.111
0.001	0.001	0.001	0.997
0.779	0.057	0.163	0.001
0.001	0.883	0.001	0.115
>CTTATCGG	4-CTTATCGG	7.797280	-13.312902	0	T:8.0(9.88%),B:1561.0(1.00%),P:1e-5	Tpos:33.8,Tstd:28.5,Bpos:50.6,Bstd:26.7,StrandBias:0.7,Multiplicity:1.00
0.001	0.830	0.001	0.168
0.001	0.001	0.001	0.997
0.001	0.001	0.134	0.864
0.997	0.001	0.001	0.001
0.001	0.001	0.001	0.997
0.117	0.804	0.001	0.078
0.097	0.154	0.672	0.077
0.001	0.001	0.997	0.001
>AAAAAAAA	5-AAAAAAAA	7.707311	-7.238379	0	T:8.0(9.88%),B:3733.0(2.39%),P:1e-3	Tpos:62.2,Tstd:25.4,Bpos:50.9,Bstd:26.6,StrandBias:-1.2,Multiplicity:1.25
0.815	0.001	0.001	0.183
0.903	0.001	0.001	0.095
0.997	0.001	0.001	0.001
0.997	0.001	0.001	0.001
0.736	0.001	0.001	0.262
0.997	0.001	0.001	0.001
0.772	0.001	0.001	0.226
0.786	0.037	0.001	0.176
