>TTTTACCC	1-TTTTACCC	5.785558	-18.508422	0	T:15.0(23.44%),B:5497.0(3.69%),P:1e-8	Tpos:43.3,Tstd:23.8,Bpos:49.6,Bstd:27.4,StrandBias:-1.3,Multiplicity:1.07
0.001	0.001	0.079	0.919
0.001	0.001	0.074	0.924
0.001	0.065	0.088	0.846
0.001	0.064	0.001	0.934
0.914	0.040	0.001	0.045
0.001	0.925	0.073	0.001
0.089	0.760	0.150	0.001
0.076	0.852	0.001	0.071
>CTTAACAG	2-CTTAACAG	8.346823	-17.810847	0	T:9.0(14.06%),B:1506.0(1.01%),P:1e-7	Tpos:45.4,Tstd:30.3,Bpos:49.4,Bstd:27.4,StrandBias:-1.8,Multiplicity:1.00
0.001	0.997	0.001	0.001
0.124	0.001	0.001	0.874
0.001	0.001	0.001	0.997
0.997	0.001	0.001	0.001
0.911	0.001	0.087	0.001
0.001	0.997	0.001	0.001
0.997	0.001	0.001	0.001
0.001	0.001	0.859	0.139
>GCCACGGG	3-GCCACGGG	7.977836	-15.701143	0	T:11.0(17.19%),B:3285.0(2.21%),P:1e-6	Tpos:55.2,Tstd:28.4,Bpos:49.8,Bstd:26.9,StrandBias:1.0,Multiplicity:1.09
0.001	0.097	0.791	0.111
0.001	0.861	0.001	0.137
0.001	0.997	0.001	0.001
0.912	0.001	0.001	0.086
0.070	0.705	0.151	0.074
0.001	0.001	0.836	0.162
0.001	0.001	0.997	0.001
0.001	0.001	0.997	0.001
>YGTGACCT	4-YGTGACCT	8.278455	-8.010042	0	T:7.0(10.94%),B:3042.0(2.04%),P:1e-3	Tpos:55.7,Tstd:29.5,Bpos:50.6,Bstd:26.2,StrandBias:-0.6,Multiplicity:1.43
0.001	0.326	0.219	0.454
0.001	0.001	0.873	0.125
0.001	0.001	0.180	0.818
0.001	0.001	0.997	0.001
0.604	0.001	0.394	0.001
0.001	0.997	0.001	0.001
0.001	0.804	0.001	0.194
0.161	0.042	0.001	0.796
>AAAAAAAA	5-AAAAAAAA	7.728431	-2.553855	0	T:3.0(4.69%),B:2314.0(1.55%),P:1e-1	Tpos:42.4,Tstd:22.4,Bpos:51.6,Bstd:26.2,StrandBias:10.0,Multiplicity:1.67
0.869	0.039	0.039	0.053
0.881	0.079	0.039	0.001
0.902	0.068	0.029	0.001
0.887	0.058	0.018	0.037
0.896	0.060	0.015	0.029
0.935	0.001	0.022	0.042
0.867	0.028	0.040	0.065
0.869	0.039	0.039	0.053
