>GGGAAACC	1-GGGAAACC	7.415088	-15.572429	0	T:13.0(20.31%),B:4980.0(3.34%),P:1e-6	Tpos:41.5,Tstd:17.6,Bpos:48.6,Bstd:27.4,StrandBias:-1.9,Multiplicity:1.08
0.001	0.001	0.942	0.056
0.001	0.001	0.916	0.082
0.069	0.001	0.929	0.001
0.912	0.001	0.086	0.001
0.874	0.001	0.001	0.124
0.921	0.001	0.001	0.077
0.264	0.605	0.045	0.086
0.041	0.957	0.001	0.001
>TWMAGSCT	2-TWMAGSCT	5.295299	-15.296256	0	T:34.0(53.12%),B:34663.0(23.27%),P:1e-6	Tpos:57.0,Tstd:27.1,Bpos:49.8,Bstd:27.6,StrandBias:-0.3,Multiplicity:1.26
0.001	0.176	0.001	0.822
0.501	0.027	0.001	0.471
0.483	0.469	0.046	0.001
0.490	0.001	0.244	0.266
0.001	0.001	0.997	0.001
0.139	0.388	0.269	0.205
0.001	0.538	0.146	0.315
0.237	0.001	0.001	0.761
>ATTAGTAC	3-ATTAGTAC	6.491139	-12.968893	0	T:8.0(12.50%),B:1993.0(1.34%),P:1e-5	Tpos:57.1,Tstd:30.7,Bpos:50.1,Bstd:27.0,StrandBias:-0.3,Multiplicity:1.12
0.997	0.001	0.001	0.001
0.001	0.147	0.001	0.851
0.001	0.114	0.001	0.884
0.997	0.001	0.001	0.001
0.001	0.117	0.881	0.001
0.113	0.114	0.001	0.772
0.878	0.001	0.001	0.120
0.107	0.891	0.001	0.001
>CAGTTGAG	4-CAGTTGAG	7.613256	-11.294256	0	T:8.0(12.50%),B:2511.0(1.69%),P:1e-4	Tpos:39.2,Tstd:22.6,Bpos:49.7,Bstd:27.6,StrandBias:1.0,Multiplicity:1.12
0.082	0.816	0.001	0.101
0.997	0.001	0.001	0.001
0.001	0.001	0.919	0.079
0.047	0.030	0.042	0.881
0.055	0.127	0.001	0.817
0.001	0.001	0.997	0.001
0.812	0.121	0.001	0.066
0.083	0.001	0.825	0.091
>CCCGGGTT	5-CCCGGGTT	6.291044	-5.706544	0	T:10.0(15.62%),B:8526.0(5.72%),P:1e-2	Tpos:40.2,Tstd:26.2,Bpos:49.6,Bstd:27.7,StrandBias:-0.5,Multiplicity:1.11
0.100	0.700	0.100	0.100
0.100	0.700	0.100	0.100
0.100	0.700	0.100	0.100
0.100	0.100	0.700	0.100
0.100	0.100	0.700	0.100
0.100	0.100	0.700	0.100
0.100	0.100	0.100	0.700
0.100	0.100	0.100	0.700
