>GCCTGGCACACA	1-GCCTGGCACACA	10.544892	-40.129768	0	T:8.0(9.88%),B:1.0(0.03%),P:1e-17	Tpos:49.1,Tstd:24.5,Bpos:72.0,Bstd:0.0,StrandBias:0.7,Multiplicity:1.00
0.001	0.378	0.620	0.001
0.189	0.621	0.189	0.001
0.001	0.997	0.001	0.001
0.001	0.001	0.001	0.997
0.189	0.189	0.621	0.001
0.189	0.189	0.621	0.001
0.001	0.997	0.001	0.001
0.973	0.025	0.001	0.001
0.189	0.621	0.001	0.189
0.997	0.001	0.001	0.001
0.001	0.997	0.001	0.001
0.997	0.001	0.001	0.001
>GRGTCCTGGGAG	2-GRGTCCTGGGAG	10.026992	-22.099882	0	T:6.0(7.41%),B:3.0(0.10%),P:1e-9	Tpos:68.0,Tstd:25.2,Bpos:57.7,Bstd:26.4,StrandBias:-0.4,Multiplicity:1.17
0.001	0.001	0.978	0.020
0.531	0.001	0.467	0.001
0.001	0.233	0.765	0.001
0.001	0.001	0.001	0.997
0.001	0.997	0.001	0.001
0.001	0.997	0.001	0.001
0.001	0.001	0.001	0.997
0.001	0.001	0.765	0.233
0.001	0.001	0.701	0.297
0.001	0.001	0.997	0.001
0.997	0.001	0.001	0.001
0.001	0.021	0.744	0.234
>CTGTCCTGAVTC	3-CTGTCCTGAVTC	7.844780	-21.666051	0	T:10.0(12.35%),B:22.0(0.71%),P:1e-9	Tpos:48.4,Tstd:24.1,Bpos:57.3,Bstd:23.1,StrandBias:1.4,Multiplicity:1.10
0.001	0.997	0.001	0.001
0.001	0.001	0.001	0.997
0.001	0.001	0.997	0.001
0.001	0.367	0.001	0.631
0.001	0.630	0.001	0.368
0.001	0.631	0.001	0.367
0.388	0.001	0.001	0.610
0.305	0.021	0.673	0.001
0.997	0.001	0.001	0.001
0.347	0.347	0.305	0.001
0.001	0.001	0.001	0.997
0.001	0.978	0.020	0.001
>AGTKGGCAAACA	4-AGTKGGCAAACA	9.349396	-16.612712	0	T:7.0(8.64%),B:13.0(0.42%),P:1e-7	Tpos:65.8,Tstd:23.7,Bpos:51.7,Bstd:23.5,StrandBias:2.8,Multiplicity:1.14
0.825	0.001	0.001	0.173
0.001	0.318	0.680	0.001
0.001	0.001	0.001	0.997
0.001	0.001	0.477	0.521
0.159	0.159	0.681	0.001
0.001	0.318	0.680	0.001
0.001	0.984	0.014	0.001
0.521	0.159	0.001	0.319
0.681	0.001	0.159	0.159
0.681	0.159	0.159	0.001
0.001	0.997	0.001	0.001
0.840	0.158	0.001	0.001
>AATAAADAAATA	5-AATAAADAAATA	12.559412	-10.182244	0	T:4.0(4.94%),B:7.0(0.23%),P:1e-4	Tpos:48.1,Tstd:22.8,Bpos:50.9,Bstd:33.8,StrandBias:-1.6,Multiplicity:1.00
0.997	0.001	0.001	0.001
0.997	0.001	0.001	0.001
0.001	0.305	0.001	0.693
0.693	0.305	0.001	0.001
0.997	0.001	0.001	0.001
0.997	0.001	0.001	0.001
0.305	0.001	0.305	0.388
0.997	0.001	0.001	0.001
0.997	0.001	0.001	0.001
0.997	0.001	0.001	0.001
0.001	0.001	0.305	0.693
0.693	0.001	0.001	0.305
>CCATGGTKACAA	6-CCATGGTKACAA	12.748339	-9.520198	0	T:3.0(3.70%),B:3.0(0.10%),P:1e-4	Tpos:42.3,Tstd:22.6,Bpos:64.0,Bstd:11.5,StrandBias:10.0,Multiplicity:2.00
0.001	0.997	0.001	0.001
0.001	0.997	0.001	0.001
0.997	0.001	0.001	0.001
0.001	0.001	0.001	0.997
0.001	0.001	0.997	0.001
0.001	0.001	0.997	0.001
0.001	0.001	0.001	0.997
0.161	0.001	0.484	0.354
0.997	0.001	0.001	0.001
0.161	0.837	0.001	0.001
0.676	0.322	0.001	0.001
0.837	0.001	0.161	0.001
>CACACACACMCA	7-CACACACACMCA	7.901076	-8.843406	0	T:6.0(7.41%),B:30.0(0.97%),P:1e-3	Tpos:42.6,Tstd:21.4,Bpos:46.5,Bstd:26.5,StrandBias:4.2,Multiplicity:1.00
0.003	0.529	0.234	0.234
0.997	0.001	0.001	0.001
0.005	0.756	0.005	0.234
0.997	0.001	0.001	0.001
0.005	0.989	0.001	0.005
0.997	0.001	0.001	0.001
0.005	0.989	0.001	0.005
0.997	0.001	0.001	0.001
0.234	0.522	0.239	0.005
0.531	0.467	0.001	0.001
0.234	0.756	0.005	0.005
0.997	0.001	0.001	0.001
>GAGAGAGAGAGA	8-GAGAGAGAGAGA	8.484139	-6.650532	0	T:8.0(9.88%),B:81.0(2.62%),P:1e-2	Tpos:58.5,Tstd:17.3,Bpos:42.1,Bstd:25.2,StrandBias:3.2,Multiplicity:1.38
0.035	0.140	0.789	0.036
0.790	0.001	0.208	0.001
0.035	0.210	0.616	0.139
0.773	0.018	0.140	0.069
0.035	0.175	0.666	0.124
0.825	0.035	0.105	0.035
0.088	0.072	0.805	0.035
0.791	0.035	0.139	0.035
0.001	0.280	0.649	0.070
0.791	0.035	0.139	0.035
0.069	0.140	0.686	0.105
0.825	0.001	0.104	0.070
