>MAGGGCAGGCTG	1-MAGGGCAGGCTG	9.787162	-13.509235	0	T:6.0(7.41%),B:13.0(0.42%),P:1e-5	Tpos:51.6,Tstd:34.2,Bpos:45.2,Bstd:28.0,StrandBias:-0.7,Multiplicity:1.33
0.488	0.510	0.001	0.001
0.818	0.001	0.001	0.180
0.001	0.328	0.670	0.001
0.001	0.001	0.648	0.350
0.319	0.001	0.660	0.020
0.001	0.670	0.319	0.010
0.501	0.010	0.160	0.329
0.009	0.001	0.989	0.001
0.001	0.159	0.839	0.001
0.319	0.670	0.010	0.001
0.192	0.001	0.159	0.648
0.001	0.010	0.670	0.319
>TGATGCTKTGTT	2-TGATGCTKTGTT	8.097605	-12.442971	0	T:14.0(17.28%),B:124.0(4.01%),P:1e-5	Tpos:48.8,Tstd:21.9,Bpos:49.8,Bstd:26.5,StrandBias:-0.2,Multiplicity:1.14
0.234	0.001	0.141	0.624
0.001	0.234	0.764	0.001
0.526	0.005	0.313	0.156
0.001	0.077	0.001	0.921
0.119	0.078	0.725	0.078
0.001	0.765	0.078	0.156
0.001	0.001	0.001	0.997
0.078	0.078	0.407	0.437
0.235	0.078	0.156	0.531
0.001	0.077	0.921	0.001
0.001	0.078	0.005	0.916
0.054	0.001	0.001	0.944
>TTAAWTAAAATT	3-TTAAWTAAAATT	9.710202	-10.779024	0	T:4.0(4.94%),B:6.0(0.19%),P:1e-4	Tpos:57.8,Tstd:25.0,Bpos:61.2,Bstd:25.1,StrandBias:-2.0,Multiplicity:1.25
0.177	0.001	0.088	0.734
0.265	0.001	0.001	0.733
0.734	0.177	0.001	0.088
0.822	0.001	0.001	0.176
0.355	0.001	0.177	0.467
0.088	0.001	0.088	0.823
0.822	0.001	0.001	0.176
0.823	0.088	0.001	0.088
0.910	0.001	0.088	0.001
0.815	0.088	0.001	0.096
0.266	0.088	0.001	0.645
0.177	0.089	0.008	0.726
>CAATCAGGGCAG	4-CAATCAGGGCAG	13.365904	-8.009399	0	T:2.0(2.47%),B:1.0(0.03%),P:1e-3	Tpos:36.4,Tstd:22.6,Bpos:19.0,Bstd:0.0,StrandBias:10.0,Multiplicity:2.50
0.001	0.997	0.001	0.001
0.997	0.001	0.001	0.001
0.785	0.001	0.213	0.001
0.001	0.001	0.137	0.861
0.001	0.997	0.001	0.001
0.997	0.001	0.001	0.001
0.001	0.001	0.997	0.001
0.001	0.001	0.785	0.213
0.001	0.001	0.997	0.001
0.001	0.997	0.001	0.001
0.997	0.001	0.001	0.001
0.001	0.001	0.997	0.001
>CTATAAAGTGGG	5-CTATAAAGTGGG	11.933365	-8.009399	0	T:2.0(2.47%),B:1.0(0.03%),P:1e-3	Tpos:50.3,Tstd:26.1,Bpos:29.0,Bstd:0.0,StrandBias:10.0,Multiplicity:3.00
0.001	0.997	0.001	0.001
0.001	0.001	0.001	0.997
0.997	0.001	0.001	0.001
0.001	0.036	0.001	0.962
0.997	0.001	0.001	0.001
0.785	0.213	0.001	0.001
0.785	0.001	0.001	0.213
0.001	0.001	0.997	0.001
0.001	0.001	0.001	0.997
0.001	0.001	0.997	0.001
0.001	0.001	0.785	0.213
0.001	0.001	0.997	0.001
>CTGTBCTAGCCT	6-CTGTBCTAGCCT	13.943597	-8.009399	0	T:2.0(2.47%),B:1.0(0.03%),P:1e-3	Tpos:52.0,Tstd:26.5,Bpos:52.0,Bstd:0.0,StrandBias:10.0,Multiplicity:1.50
0.001	0.997	0.001	0.001
0.001	0.001	0.001	0.997
0.305	0.001	0.693	0.001
0.001	0.041	0.001	0.957
0.001	0.388	0.305	0.305
0.001	0.997	0.001	0.001
0.001	0.388	0.001	0.610
0.997	0.001	0.001	0.001
0.001	0.001	0.997	0.001
0.001	0.693	0.001	0.305
0.001	0.997	0.001	0.001
0.001	0.001	0.001	0.997
