>AGCCTGCC	1-AGCCTGCC	7.200886	-11.661757	0	T:15.0(18.52%),B:152.0(4.91%),P:1e-5	Tpos:54.9,Tstd:26.5,Bpos:51.7,Bstd:26.6,StrandBias:-1.0,Multiplicity:1.20
0.803	0.019	0.153	0.025
0.405	0.001	0.593	0.001
0.001	0.960	0.001	0.038
0.276	0.490	0.001	0.233
0.001	0.001	0.260	0.738
0.028	0.015	0.956	0.001
0.001	0.775	0.034	0.190
0.001	0.997	0.001	0.001
>GSACTCCC	2-GSACTCCC	8.017900	-11.140689	0	T:9.0(11.11%),B:55.0(1.78%),P:1e-4	Tpos:53.3,Tstd:30.4,Bpos:54.5,Bstd:31.4,StrandBias:-2.2,Multiplicity:1.22
0.390	0.001	0.580	0.029
0.009	0.473	0.517	0.001
0.835	0.163	0.001	0.001
0.082	0.864	0.027	0.027
0.224	0.027	0.001	0.748
0.001	0.997	0.001	0.001
0.001	0.973	0.001	0.025
0.164	0.540	0.001	0.295
>CCTAACWA	3-CCTAACWA	8.468377	-7.323571	0	T:6.0(7.41%),B:40.0(1.29%),P:1e-3	Tpos:49.5,Tstd:24.8,Bpos:48.3,Bstd:26.4,StrandBias:1.4,Multiplicity:2.20
0.001	0.701	0.001	0.297
0.001	0.997	0.001	0.001
0.001	0.001	0.001	0.997
0.772	0.001	0.226	0.001
0.997	0.001	0.001	0.001
0.132	0.866	0.001	0.001
0.536	0.001	0.001	0.462
0.997	0.001	0.001	0.001
>ATGTTACC	4-ATGTTACC	8.807875	-6.884232	0	T:5.0(6.17%),B:29.0(0.94%),P:1e-2	Tpos:52.5,Tstd:29.4,Bpos:56.7,Bstd:22.9,StrandBias:3.3,Multiplicity:2.20
0.997	0.001	0.001	0.001
0.001	0.001	0.001	0.997
0.001	0.001	0.997	0.001
0.001	0.001	0.119	0.879
0.125	0.001	0.001	0.873
0.997	0.001	0.001	0.001
0.001	0.997	0.001	0.001
0.001	0.997	0.001	0.001
>CTATCTAT	5-CTATCTAT	8.957358	-3.381762	0	T:2.0(2.47%),B:11.0(0.36%),P:1e-1	Tpos:61.5,Tstd:21.0,Bpos:52.4,Bstd:24.8,StrandBias:10.0,Multiplicity:6.50
0.001	0.997	0.001	0.001
0.001	0.001	0.001	0.997
0.997	0.001	0.001	0.001
0.121	0.001	0.001	0.877
0.001	0.997	0.001	0.001
0.001	0.001	0.001	0.997
0.997	0.001	0.001	0.001
0.001	0.001	0.001	0.997
