>TTTCCTCTCCAA	1-TTTCCTCTCCAA	8.740127	-21.878716	0	T:7.0(8.64%),B:6.0(0.19%),P:1e-9	Tpos:48.1,Tstd:24.8,Bpos:33.2,Bstd:26.0,StrandBias:-1.3,Multiplicity:1.00
0.001	0.001	0.016	0.982
0.001	0.001	0.321	0.677
0.001	0.016	0.305	0.678
0.339	0.644	0.016	0.001
0.001	0.997	0.001	0.001
0.001	0.305	0.001	0.693
0.001	0.997	0.001	0.001
0.001	0.305	0.001	0.693
0.001	0.660	0.338	0.001
0.001	0.997	0.001	0.001
0.997	0.001	0.001	0.001
0.627	0.001	0.339	0.033
>AATGCCTTAAAA	2-AATGCCTTAAAA	7.362913	-19.510774	0	T:9.0(11.11%),B:20.0(0.65%),P:1e-8	Tpos:56.6,Tstd:23.2,Bpos:38.4,Bstd:22.6,StrandBias:1.8,Multiplicity:1.00
0.757	0.241	0.001	0.001
0.995	0.003	0.001	0.001
0.001	0.001	0.001	0.997
0.001	0.050	0.715	0.234
0.237	0.761	0.001	0.001
0.001	0.752	0.238	0.009
0.001	0.001	0.003	0.995
0.234	0.289	0.001	0.477
0.531	0.001	0.234	0.234
0.764	0.001	0.234	0.001
0.765	0.001	0.233	0.001
0.949	0.001	0.049	0.001
>CCACCATGTAAC	3-CCACCATGTAAC	8.211537	-17.131829	0	T:11.0(13.58%),B:46.0(1.49%),P:1e-7	Tpos:50.7,Tstd:26.1,Bpos:52.7,Bstd:23.7,StrandBias:0.7,Multiplicity:1.18
0.108	0.780	0.001	0.111
0.108	0.783	0.001	0.108
0.997	0.001	0.001	0.001
0.215	0.546	0.238	0.001
0.108	0.783	0.001	0.108
0.760	0.108	0.001	0.131
0.216	0.108	0.216	0.461
0.001	0.131	0.760	0.108
0.215	0.001	0.108	0.676
0.891	0.001	0.107	0.001
0.783	0.001	0.001	0.215
0.108	0.783	0.001	0.108
>TGTRMCCARTSA	4-TGTRMCCARTSA	13.717038	-12.778320	0	T:3.0(3.70%),B:0.0(0.00%),P:1e-5	Tpos:41.8,Tstd:23.9,Bpos:0.0,Bstd:0.0,StrandBias:2.0,Multiplicity:1.67
0.001	0.001	0.001	0.997
0.001	0.001	0.997	0.001
0.001	0.001	0.001	0.997
0.559	0.001	0.439	0.001
0.559	0.439	0.001	0.001
0.001	0.997	0.001	0.001
0.001	0.916	0.082	0.001
0.997	0.001	0.001	0.001
0.439	0.001	0.559	0.001
0.001	0.001	0.001	0.997
0.001	0.439	0.559	0.001
0.997	0.001	0.001	0.001
>CTTCCTTCCBTC	5-CTTCCTTCCBTC	9.727693	-11.069482	0	T:6.0(7.41%),B:20.0(0.65%),P:1e-4	Tpos:43.0,Tstd:21.6,Bpos:47.0,Bstd:23.5,StrandBias:0.0,Multiplicity:1.17
0.001	0.997	0.001	0.001
0.001	0.230	0.146	0.623
0.001	0.001	0.145	0.853
0.001	0.853	0.145	0.001
0.001	0.997	0.001	0.001
0.001	0.230	0.146	0.623
0.001	0.001	0.012	0.986
0.001	0.853	0.001	0.145
0.001	0.997	0.001	0.001
0.001	0.415	0.292	0.292
0.001	0.001	0.145	0.853
0.001	0.986	0.012	0.001
>AGTAGGAGTGAG	6-AGTAGGAGTGAG	15.096400	-10.717746	0	T:3.0(3.70%),B:2.0(0.06%),P:1e-4	Tpos:46.5,Tstd:23.3,Bpos:43.0,Bstd:25.0,StrandBias:-1.6,Multiplicity:1.33
0.997	0.001	0.001	0.001
0.001	0.332	0.666	0.001
0.001	0.332	0.001	0.666
0.997	0.001	0.001	0.001
0.001	0.001	0.997	0.001
0.001	0.001	0.997	0.001
0.997	0.001	0.001	0.001
0.001	0.001	0.997	0.001
0.001	0.001	0.001	0.997
0.001	0.001	0.997	0.001
0.997	0.001	0.001	0.001
0.001	0.001	0.997	0.001
>TTTYAAAACKTT	7-TTTYAAAACKTT	10.365837	-8.025358	0	T:3.0(3.70%),B:5.0(0.16%),P:1e-3	Tpos:51.3,Tstd:24.5,Bpos:54.5,Bstd:22.9,StrandBias:0.4,Multiplicity:2.00
0.001	0.001	0.001	0.997
0.001	0.001	0.189	0.809
0.189	0.022	0.001	0.788
0.190	0.379	0.001	0.430
0.761	0.001	0.049	0.189
0.997	0.001	0.001	0.001
0.787	0.211	0.001	0.001
0.952	0.001	0.024	0.023
0.001	0.621	0.189	0.189
0.049	0.190	0.379	0.382
0.003	0.001	0.001	0.995
0.001	0.001	0.190	0.808
>TTTTTTTTTTTT	8-TTTTTTTTTTTT	6.741516	-7.702487	0	T:20.0(24.69%),B:344.0(11.11%),P:1e-3	Tpos:58.3,Tstd:23.8,Bpos:49.1,Bstd:24.9,StrandBias:0.7,Multiplicity:1.15
0.079	0.105	0.171	0.645
0.079	0.052	0.116	0.753
0.105	0.053	0.079	0.763
0.079	0.158	0.079	0.684
0.027	0.184	0.026	0.763
0.079	0.105	0.039	0.777
0.001	0.106	0.063	0.830
0.026	0.106	0.080	0.788
0.027	0.105	0.106	0.762
0.027	0.105	0.079	0.789
0.026	0.106	0.091	0.777
0.105	0.158	0.063	0.674
