>AGACATGA	1-AGACATGA	6.483636	-17.536979	0	T:19.0(23.46%),B:160.0(5.17%),P:1e-7	Tpos:58.9,Tstd:28.4,Bpos:49.4,Bstd:28.0,StrandBias:1.0,Multiplicity:1.00
0.858	0.001	0.001	0.140
0.069	0.060	0.870	0.001
0.901	0.048	0.001	0.050
0.060	0.865	0.001	0.074
0.877	0.069	0.001	0.053
0.035	0.089	0.023	0.853
0.001	0.063	0.935	0.001
0.910	0.001	0.088	0.001
>CTGCAGTG	2-CTGCAGTG	7.630766	-13.725449	0	T:11.0(13.58%),B:65.0(2.10%),P:1e-5	Tpos:57.9,Tstd:25.7,Bpos:53.1,Bstd:27.8,StrandBias:0.9,Multiplicity:1.27
0.001	0.938	0.001	0.060
0.001	0.130	0.001	0.868
0.001	0.001	0.997	0.001
0.001	0.907	0.001	0.091
0.997	0.001	0.001	0.001
0.001	0.001	0.952	0.046
0.001	0.064	0.001	0.934
0.001	0.001	0.997	0.001
>CAWKTATK	3-CAWKTATK	6.701816	-13.637079	0	T:12.0(14.81%),B:80.0(2.58%),P:1e-5	Tpos:49.2,Tstd:22.6,Bpos:48.3,Bstd:27.8,StrandBias:-0.7,Multiplicity:1.08
0.001	0.937	0.061	0.001
0.997	0.001	0.001	0.001
0.536	0.001	0.001	0.462
0.044	0.001	0.519	0.436
0.001	0.140	0.001	0.858
0.997	0.001	0.001	0.001
0.001	0.058	0.001	0.940
0.041	0.001	0.503	0.455
>ACTTAGTM	4-ACTTAGTM	8.935405	-7.196014	0	T:6.0(7.41%),B:41.0(1.32%),P:1e-3	Tpos:42.5,Tstd:22.1,Bpos:49.1,Bstd:28.3,StrandBias:0.0,Multiplicity:1.00
0.691	0.307	0.001	0.001
0.001	0.997	0.001	0.001
0.001	0.001	0.001	0.997
0.138	0.001	0.001	0.860
0.997	0.001	0.001	0.001
0.001	0.001	0.997	0.001
0.001	0.001	0.001	0.997
0.466	0.335	0.001	0.198
>AAACAAAC	5-AAACAAAC	6.270913	-3.061600	0	T:8.0(9.88%),B:153.0(4.94%),P:1e-1	Tpos:43.7,Tstd:29.4,Bpos:48.3,Bstd:26.1,StrandBias:0.5,Multiplicity:2.12
0.904	0.001	0.001	0.094
0.917	0.001	0.001	0.081
0.913	0.001	0.085	0.001
0.001	0.997	0.001	0.001
0.997	0.001	0.001	0.001
0.886	0.001	0.112	0.001
0.924	0.001	0.001	0.074
0.001	0.997	0.001	0.001
