>GAAGGGTGTCGA	1-GAAGGGTGTCGA	11.723545	-23.150838	0	T:5.0(6.17%),B:0.0(0.00%),P:1e-10	Tpos:44.4,Tstd:25.2,Bpos:0.0,Bstd:0.0,StrandBias:0.6,Multiplicity:1.00
0.001	0.036	0.959	0.004
0.693	0.001	0.001	0.305
0.962	0.001	0.001	0.036
0.001	0.001	0.997	0.001
0.001	0.008	0.990	0.001
0.001	0.001	0.610	0.388
0.001	0.001	0.305	0.693
0.001	0.001	0.657	0.341
0.342	0.036	0.001	0.621
0.343	0.649	0.004	0.004
0.305	0.001	0.693	0.001
0.995	0.001	0.003	0.001
>AGCTCTTTTAAG	2-AGCTCTTTTAAG	6.409120	-21.156226	0	T:8.0(9.88%),B:11.0(0.36%),P:1e-9	Tpos:48.4,Tstd:19.8,Bpos:66.6,Bstd:24.6,StrandBias:0.7,Multiplicity:1.00
0.956	0.001	0.001	0.042
0.001	0.001	0.997	0.001
0.042	0.956	0.001	0.001
0.085	0.001	0.001	0.913
0.001	0.997	0.001	0.001
0.085	0.001	0.001	0.913
0.001	0.001	0.128	0.870
0.001	0.001	0.001	0.997
0.001	0.001	0.213	0.785
0.956	0.001	0.042	0.001
0.997	0.001	0.001	0.001
0.001	0.042	0.956	0.001
>TGKTGTATGTDG	3-TGKTGTATGTDG	10.589616	-20.394542	0	T:6.0(7.41%),B:4.0(0.13%),P:1e-8	Tpos:50.0,Tstd:27.9,Bpos:42.0,Bstd:32.2,StrandBias:-1.3,Multiplicity:1.17
0.001	0.001	0.001	0.997
0.137	0.001	0.725	0.137
0.001	0.137	0.450	0.412
0.137	0.001	0.137	0.725
0.001	0.001	0.997	0.001
0.001	0.137	0.001	0.861
0.557	0.138	0.138	0.167
0.001	0.001	0.137	0.861
0.001	0.001	0.861	0.137
0.001	0.002	0.001	0.996
0.275	0.001	0.412	0.312
0.002	0.001	0.693	0.304
>TRTKYACWKAGA	4-TRTKYACWKAGA	11.274423	-17.846777	0	T:4.0(4.94%),B:0.0(0.00%),P:1e-7	Tpos:48.3,Tstd:27.8,Bpos:0.0,Bstd:0.0,StrandBias:2.3,Multiplicity:1.50
0.001	0.001	0.001	0.997
0.546	0.001	0.452	0.001
0.001	0.001	0.001	0.997
0.001	0.001	0.452	0.546
0.001	0.439	0.001	0.559
0.904	0.094	0.001	0.001
0.001	0.997	0.001	0.001
0.452	0.001	0.001	0.546
0.001	0.001	0.559	0.439
0.997	0.001	0.001	0.001
0.001	0.001	0.997	0.001
0.997	0.001	0.001	0.001
>TCARGCASAAGC	5-TCARGCASAAGC	10.676324	-15.185398	0	T:5.0(6.17%),B:5.0(0.16%),P:1e-6	Tpos:40.4,Tstd:21.2,Bpos:41.0,Bstd:21.4,StrandBias:0.4,Multiplicity:1.40
0.234	0.001	0.015	0.750
0.003	0.717	0.279	0.001
0.765	0.001	0.001	0.233
0.500	0.001	0.498	0.001
0.234	0.234	0.531	0.001
0.001	0.997	0.001	0.001
0.765	0.001	0.233	0.001
0.015	0.468	0.516	0.001
0.951	0.030	0.018	0.001
0.750	0.015	0.001	0.234
0.001	0.001	0.997	0.001
0.014	0.984	0.001	0.001
>TAKGCTGGCTGM	6-TAKGCTGGCTGM	9.200693	-13.118092	0	T:7.0(8.64%),B:22.0(0.71%),P:1e-5	Tpos:52.3,Tstd:27.8,Bpos:47.8,Bstd:24.2,StrandBias:1.2,Multiplicity:1.43
0.121	0.241	0.001	0.637
0.878	0.001	0.120	0.001
0.241	0.001	0.362	0.395
0.131	0.121	0.747	0.001
0.121	0.757	0.121	0.001
0.120	0.001	0.001	0.878
0.001	0.001	0.878	0.120
0.001	0.121	0.757	0.121
0.001	0.878	0.001	0.120
0.001	0.001	0.001	0.997
0.001	0.241	0.757	0.001
0.515	0.483	0.001	0.001
>TGGTTGGYTGGT	7-TGGTTGGYTGGT	9.106798	-12.778320	0	T:3.0(3.70%),B:1.0(0.03%),P:1e-5	Tpos:64.7,Tstd:26.6,Bpos:12.0,Bstd:4.5,StrandBias:2.4,Multiplicity:2.33
0.001	0.001	0.001	0.997
0.318	0.001	0.680	0.001
0.001	0.001	0.997	0.001
0.001	0.322	0.001	0.676
0.001	0.001	0.001	0.997
0.001	0.001	0.997	0.001
0.001	0.004	0.991	0.004
0.001	0.477	0.001	0.521
0.001	0.001	0.158	0.840
0.001	0.001	0.997	0.001
0.001	0.001	0.997	0.001
0.001	0.318	0.001	0.680
>CCTGCGCGCGCA	8-CCTGCGCGCGCA	8.556738	-12.692062	0	T:6.0(7.41%),B:15.0(0.48%),P:1e-5	Tpos:74.2,Tstd:14.1,Bpos:49.2,Bstd:21.1,StrandBias:0.0,Multiplicity:1.17
0.189	0.569	0.001	0.241
0.189	0.575	0.235	0.001
0.378	0.001	0.001	0.620
0.001	0.001	0.809	0.189
0.001	0.989	0.001	0.009
0.420	0.001	0.578	0.001
0.001	0.580	0.230	0.189
0.189	0.001	0.809	0.001
0.001	0.574	0.231	0.194
0.001	0.001	0.997	0.001
0.001	0.997	0.001	0.001
0.615	0.190	0.005	0.190
