>AATSAGGT	1-AATSAGGT	8.624736	-16.093937	0	T:11.0(6.75%),B:1215.1(0.80%),P:1e-6,FDR:1	Tpos:56.5,Tstd:19.9,Bpos:50.0,Bstd:40.3,StrandBias:0.7,Multiplicity:1.45
0.738	0.037	0.036	0.189
0.713	0.039	0.182	0.066
0.001	0.046	0.001	0.952
0.064	0.373	0.453	0.109
0.921	0.001	0.045	0.033
0.048	0.133	0.801	0.018
0.420	0.001	0.578	0.001
0.001	0.001	0.120	0.878
>ATGTGTGA	2-ATGTGTGA	7.501532	-13.873855	0	T:25.0(15.34%),B:7795.4(5.11%),P:1e-6,FDR:1	Tpos:40.4,Tstd:28.4,Bpos:49.7,Bstd:38.3,StrandBias:-0.1,Multiplicity:1.08
0.584	0.001	0.414	0.001
0.001	0.001	0.305	0.693
0.339	0.001	0.626	0.034
0.331	0.001	0.001	0.667
0.001	0.001	0.997	0.001
0.244	0.001	0.001	0.754
0.047	0.001	0.951	0.001
0.997	0.001	0.001	0.001
>TAACCAAT	3-TAACCAAT	10.760984	-13.553189	0	T:10.0(6.13%),B:1262.5(0.83%),P:1e-5,FDR:1	Tpos:39.2,Tstd:26.7,Bpos:50.6,Bstd:44.4,StrandBias:0.4,Multiplicity:1.60
0.001	0.001	0.001	0.997
0.997	0.001	0.001	0.001
0.817	0.052	0.130	0.001
0.001	0.934	0.001	0.064
0.001	0.997	0.001	0.001
0.957	0.041	0.001	0.001
0.997	0.001	0.001	0.001
0.001	0.001	0.001	0.997
>GCTTTGTT	4-GCTTTGTT	6.853779	-8.424439	0	T:16.0(9.82%),B:5353.9(3.51%),P:1e-3,FDR:1	Tpos:43.2,Tstd:21.8,Bpos:50.7,Bstd:29.7,StrandBias:-0.5,Multiplicity:2.13
0.001	0.001	0.997	0.001
0.001	0.630	0.001	0.368
0.001	0.001	0.001	0.997
0.001	0.001	0.001	0.997
0.001	0.001	0.001	0.997
0.001	0.001	0.958	0.040
0.001	0.001	0.001	0.997
0.001	0.001	0.001	0.997
>CTCAGTAC	5-CTCAGTAC	8.880066	-6.476379	0	T:7.0(4.29%),B:1559.0(1.02%),P:1e-2,FDR:1	Tpos:47.6,Tstd:33.2,Bpos:49.7,Bstd:35.8,StrandBias:-1.6,Multiplicity:1.71
0.001	0.997	0.001	0.001
0.001	0.001	0.001	0.997
0.001	0.997	0.001	0.001
0.886	0.001	0.001	0.112
0.001	0.001	0.997	0.001
0.001	0.001	0.001	0.997
0.997	0.001	0.001	0.001
0.001	0.997	0.001	0.001
>AAAAAAAA	6-AAAAAAAA	10.270174	-4.252139	0	T:4.0(2.45%),B:863.0(0.57%),P:1e-1,FDR:1	Tpos:37.0,Tstd:9.0,Bpos:51.9,Bstd:23.6,StrandBias:-0.4,Multiplicity:1.00
0.915	0.063	0.021	0.001
0.935	0.063	0.001	0.001
0.967	0.031	0.001	0.001
0.790	0.208	0.001	0.001
0.771	0.227	0.001	0.001
0.997	0.001	0.001	0.001
0.959	0.039	0.001	0.001
0.914	0.084	0.001	0.001
>ACCCTGAC	7-ACCCTGAC	8.247653	-4.212619	0	T:5.0(3.07%),B:1335.6(0.87%),P:1e-1,FDR:1	Tpos:50.1,Tstd:28.7,Bpos:51.5,Bstd:32.8,StrandBias:-3.0,Multiplicity:3.60
0.997	0.001	0.001	0.001
0.001	0.997	0.001	0.001
0.001	0.997	0.001	0.001
0.001	0.997	0.001	0.001
0.001	0.065	0.064	0.870
0.071	0.001	0.927	0.001
0.997	0.001	0.001	0.001
0.001	0.997	0.001	0.001
>ACAGTTGG	8-ACAGTTGG	8.236954	-4.092165	0	T:3.0(1.84%),B:498.7(0.33%),P:1e-1,FDR:1	Tpos:57.7,Tstd:25.5,Bpos:51.0,Bstd:32.2,StrandBias:-2.3,Multiplicity:2.00
0.700	0.100	0.100	0.100
0.100	0.700	0.100	0.100
0.700	0.100	0.100	0.100
0.100	0.100	0.700	0.100
0.100	0.100	0.100	0.700
0.100	0.100	0.100	0.700
0.100	0.100	0.700	0.100
0.100	0.100	0.700	0.100
