>GAGAGCTGRAGG	1-GAGAGCTGRAGG	10.092481	-22.293384	0	T:12.0(7.36%),B:17.0(0.56%),P:1e-9	Tpos:39.3,Tstd:26.0,Bpos:58.8,Bstd:24.7,StrandBias:1.5,Multiplicity:1.25
0.120	0.120	0.759	0.001
0.639	0.001	0.240	0.120
0.001	0.001	0.997	0.001
0.879	0.001	0.001	0.119
0.001	0.119	0.879	0.001
0.001	0.719	0.001	0.279
0.001	0.240	0.151	0.608
0.239	0.001	0.759	0.001
0.489	0.120	0.390	0.001
0.997	0.001	0.001	0.001
0.001	0.001	0.997	0.001
0.248	0.001	0.750	0.001
>GCSCWGCTGTGG	2-GCSCWGCTGTGG	10.131019	-19.522017	0	T:5.0(3.07%),B:1.0(0.03%),P:1e-8	Tpos:59.8,Tstd:22.1,Bpos:29.0,Bstd:0.0,StrandBias:0.0,Multiplicity:1.20
0.001	0.001	0.997	0.001
0.035	0.963	0.001	0.001
0.001	0.571	0.427	0.001
0.001	0.997	0.001	0.001
0.571	0.001	0.001	0.427
0.001	0.001	0.963	0.035
0.001	0.997	0.001	0.001
0.001	0.001	0.001	0.997
0.001	0.001	0.997	0.001
0.001	0.001	0.001	0.997
0.001	0.001	0.963	0.035
0.001	0.001	0.854	0.144
>WMTSSWGGYTGA	3-WMTSSWGGYTGA	11.629010	-16.099530	0	T:5.0(3.07%),B:2.0(0.07%),P:1e-6	Tpos:50.4,Tstd:23.5,Bpos:63.5,Bstd:16.5,StrandBias:2.6,Multiplicity:1.40
0.427	0.001	0.001	0.571
0.460	0.538	0.001	0.001
0.001	0.001	0.001	0.997
0.135	0.427	0.436	0.001
0.001	0.463	0.535	0.001
0.538	0.001	0.001	0.460
0.001	0.001	0.997	0.001
0.001	0.001	0.997	0.001
0.001	0.571	0.001	0.427
0.001	0.001	0.001	0.997
0.001	0.001	0.997	0.001
0.997	0.001	0.001	0.001
>TGGYTAMMWGAC	4-TGGYTAMMWGAC	10.715121	-14.960392	0	T:4.0(2.45%),B:1.0(0.03%),P:1e-6	Tpos:44.4,Tstd:21.8,Bpos:67.0,Bstd:0.0,StrandBias:2.6,Multiplicity:1.75
0.001	0.001	0.001	0.997
0.001	0.001	0.997	0.001
0.001	0.001	0.997	0.001
0.001	0.427	0.001	0.571
0.001	0.001	0.028	0.970
0.997	0.001	0.001	0.001
0.427	0.571	0.001	0.001
0.571	0.427	0.001	0.001
0.571	0.001	0.001	0.427
0.028	0.001	0.970	0.001
0.970	0.001	0.028	0.001
0.001	0.970	0.001	0.028
>ATVTATCAATST	5-ATVTATCAATST	7.133443	-12.702676	0	T:30.0(18.40%),B:224.0(7.37%),P:1e-5	Tpos:51.4,Tstd:25.0,Bpos:50.8,Bstd:24.5,StrandBias:-1.2,Multiplicity:1.33
0.658	0.001	0.001	0.340
0.129	0.001	0.001	0.869
0.261	0.267	0.406	0.066
0.136	0.134	0.261	0.468
0.732	0.001	0.001	0.266
0.329	0.001	0.001	0.669
0.001	0.530	0.267	0.202
0.591	0.065	0.001	0.343
0.604	0.001	0.130	0.265
0.001	0.001	0.001	0.997
0.001	0.398	0.471	0.130
0.065	0.006	0.001	0.928
>CAHTTAATTGCT	6-CAHTTAATTGCT	8.119850	-12.229552	0	T:4.0(2.45%),B:2.0(0.07%),P:1e-5	Tpos:38.8,Tstd:25.2,Bpos:50.5,Bstd:17.5,StrandBias:1.0,Multiplicity:1.25
0.001	0.997	0.001	0.001
0.997	0.001	0.001	0.001
0.400	0.299	0.001	0.299
0.001	0.001	0.400	0.598
0.001	0.047	0.001	0.951
0.652	0.001	0.304	0.043
0.941	0.057	0.001	0.001
0.001	0.001	0.299	0.699
0.001	0.001	0.001	0.997
0.001	0.001	0.997	0.001
0.001	0.956	0.001	0.042
0.001	0.001	0.001	0.997
>WCYACCTCYTCY	7-WCYACCTCYTCY	13.807544	-10.627274	0	T:3.0(1.84%),B:0.0(0.00%),P:1e-4	Tpos:49.0,Tstd:23.7,Bpos:0.0,Bstd:0.0,StrandBias:-2.3,Multiplicity:2.00
0.427	0.001	0.001	0.571
0.001	0.997	0.001	0.001
0.001	0.475	0.001	0.523
0.997	0.001	0.001	0.001
0.001	0.997	0.001	0.001
0.001	0.997	0.001	0.001
0.001	0.001	0.001	0.997
0.001	0.997	0.001	0.001
0.001	0.523	0.001	0.475
0.001	0.001	0.001	0.997
0.001	0.997	0.001	0.001
0.001	0.427	0.001	0.571
>GTGTGTATGTAC	8-GTGTGTATGTAC	8.450139	-10.627274	0	T:3.0(1.84%),B:1.0(0.03%),P:1e-4	Tpos:51.0,Tstd:31.7,Bpos:15.0,Bstd:0.0,StrandBias:10.0,Multiplicity:2.00
0.001	0.001	0.746	0.252
0.001	0.001	0.252	0.746
0.001	0.001	0.997	0.001
0.001	0.001	0.001	0.997
0.001	0.001	0.997	0.001
0.001	0.001	0.001	0.997
0.997	0.001	0.001	0.001
0.001	0.001	0.001	0.997
0.001	0.001	0.997	0.001
0.001	0.083	0.001	0.915
0.746	0.001	0.001	0.252
0.084	0.747	0.168	0.001
