>TCTGCGRG	1-TCTGCGRG	6.777925	-20.266392	0	T:11.0(6.75%),B:16.0(0.53%),P:1e-8	Tpos:43.2,Tstd:29.8,Bpos:53.8,Bstd:20.1,StrandBias:2.2,Multiplicity:1.00
0.001	0.001	0.001	0.997
0.001	0.632	0.001	0.366
0.001	0.001	0.001	0.997
0.111	0.041	0.847	0.001
0.001	0.997	0.001	0.001
0.001	0.001	0.997	0.001
0.473	0.001	0.525	0.001
0.001	0.001	0.997	0.001
>GSGCWAGC	2-GSGCWAGC	5.921926	-18.932538	0	T:26.0(15.95%),B:128.0(4.21%),P:1e-8	Tpos:45.5,Tstd:26.5,Bpos:50.4,Bstd:27.4,StrandBias:0.7,Multiplicity:1.12
0.007	0.001	0.991	0.001
0.001	0.413	0.367	0.219
0.173	0.001	0.825	0.001
0.001	0.561	0.034	0.404
0.277	0.157	0.181	0.384
0.566	0.178	0.255	0.001
0.278	0.001	0.720	0.001
0.001	0.591	0.135	0.273
>ATGAGCGC	3-ATGAGCGC	7.625583	-15.533797	0	T:13.0(7.98%),B:38.0(1.25%),P:1e-6	Tpos:54.0,Tstd:25.4,Bpos:47.3,Bstd:26.3,StrandBias:-0.4,Multiplicity:1.08
0.911	0.087	0.001	0.001
0.001	0.001	0.107	0.891
0.001	0.138	0.860	0.001
0.922	0.001	0.076	0.001
0.001	0.001	0.997	0.001
0.001	0.850	0.060	0.089
0.136	0.001	0.809	0.054
0.138	0.860	0.001	0.001
>TTAGGGTT	4-TTAGGGTT	8.236954	-5.783373	0	T:4.0(2.45%),B:11.0(0.36%),P:1e-2	Tpos:48.1,Tstd:30.6,Bpos:41.6,Bstd:29.0,StrandBias:4.0,Multiplicity:4.25
0.100	0.100	0.100	0.700
0.100	0.100	0.100	0.700
0.700	0.100	0.100	0.100
0.100	0.100	0.700	0.100
0.100	0.100	0.700	0.100
0.100	0.100	0.700	0.100
0.100	0.100	0.100	0.700
0.100	0.100	0.100	0.700
>AAAAAAAA	5-AAAAAAAA	6.786149	-3.681527	0	T:20.0(12.27%),B:233.0(7.66%),P:1e-1	Tpos:48.0,Tstd:28.4,Bpos:50.0,Bstd:26.7,StrandBias:0.7,Multiplicity:1.35
0.694	0.226	0.065	0.015
0.731	0.153	0.104	0.012
0.775	0.111	0.078	0.036
0.821	0.017	0.161	0.001
0.764	0.057	0.132	0.047
0.786	0.104	0.070	0.040
0.766	0.164	0.048	0.022
0.679	0.229	0.091	0.001
