>CTVARCASTC	1-CTVARCASTC	7.563881	-24.413966	0	T:24.0(14.72%),B:83.0(2.73%),P:1e-10	Tpos:48.6,Tstd:29.1,Bpos:46.7,Bstd:28.3,StrandBias:-0.9,Multiplicity:1.33
0.001	0.889	0.109	0.001
0.109	0.001	0.001	0.889
0.392	0.313	0.294	0.001
0.576	0.001	0.366	0.057
0.515	0.001	0.454	0.030
0.001	0.997	0.001	0.001
0.602	0.396	0.001	0.001
0.001	0.432	0.566	0.001
0.168	0.226	0.001	0.605
0.004	0.994	0.001	0.001
>GYCACMAKCA	2-GYCACMAKCA	7.952439	-18.623552	0	T:15.0(9.20%),B:41.0(1.35%),P:1e-8	Tpos:38.4,Tstd:24.7,Bpos:57.0,Bstd:27.1,StrandBias:0.4,Multiplicity:1.07
0.001	0.123	0.818	0.058
0.001	0.474	0.002	0.523
0.001	0.997	0.001	0.001
0.616	0.056	0.069	0.259
0.001	0.726	0.002	0.271
0.512	0.416	0.003	0.069
0.683	0.054	0.261	0.002
0.002	0.253	0.412	0.333
0.069	0.861	0.069	0.001
0.787	0.071	0.001	0.141
>TGTCCTAGTT	3-TGTCCTAGTT	11.019010	-12.861201	0	T:6.0(3.68%),B:7.0(0.23%),P:1e-5	Tpos:46.7,Tstd:27.2,Bpos:67.9,Bstd:16.5,StrandBias:1.3,Multiplicity:1.17
0.001	0.001	0.172	0.826
0.001	0.001	0.997	0.001
0.001	0.001	0.001	0.997
0.001	0.997	0.001	0.001
0.001	0.997	0.001	0.001
0.001	0.001	0.001	0.997
0.653	0.001	0.173	0.173
0.001	0.001	0.997	0.001
0.001	0.133	0.001	0.865
0.001	0.172	0.001	0.826
>CACTCTGACC	4-CACTCTGACC	11.557282	-12.861201	0	T:6.0(3.68%),B:7.0(0.23%),P:1e-5	Tpos:55.1,Tstd:29.2,Bpos:60.8,Bstd:30.3,StrandBias:0.4,Multiplicity:1.17
0.001	0.997	0.001	0.001
0.997	0.001	0.001	0.001
0.001	0.799	0.199	0.001
0.001	0.199	0.001	0.799
0.001	0.997	0.001	0.001
0.199	0.001	0.001	0.799
0.001	0.001	0.997	0.001
0.799	0.199	0.001	0.001
0.001	0.997	0.001	0.001
0.001	0.997	0.001	0.001
>CTCTGCTCTG	5-CTCTGCTCTG	11.087030	-10.649377	0	T:4.0(2.45%),B:3.0(0.10%),P:1e-4	Tpos:44.4,Tstd:25.4,Bpos:45.5,Bstd:27.6,StrandBias:-1.9,Multiplicity:3.50
0.001	0.934	0.064	0.001
0.001	0.001	0.001	0.997
0.001	0.997	0.001	0.001
0.001	0.001	0.001	0.997
0.001	0.001	0.997	0.001
0.001	0.997	0.001	0.001
0.001	0.001	0.001	0.997
0.001	0.997	0.001	0.001
0.001	0.001	0.001	0.997
0.001	0.001	0.997	0.001
>TGGTTATGCT	6-TGGTTATGCT	10.296193	-4.459055	0	T:2.0(1.23%),B:3.0(0.10%),P:1e-1	Tpos:51.0,Tstd:31.3,Bpos:55.7,Bstd:17.6,StrandBias:0.0,Multiplicity:2.00
0.100	0.100	0.100	0.700
0.100	0.100	0.700	0.100
0.100	0.100	0.700	0.100
0.100	0.100	0.100	0.700
0.100	0.100	0.100	0.700
0.700	0.100	0.100	0.100
0.100	0.100	0.100	0.700
0.100	0.100	0.700	0.100
0.100	0.700	0.100	0.100
0.100	0.100	0.100	0.700
>ACACACACAC	7-ACACACACAC	7.662932	-4.380048	0	T:10.0(6.13%),B:81.0(2.66%),P:1e-1	Tpos:40.7,Tstd:23.0,Bpos:49.8,Bstd:27.5,StrandBias:1.0,Multiplicity:1.50
0.723	0.099	0.139	0.039
0.001	0.714	0.068	0.217
0.845	0.077	0.001	0.077
0.025	0.810	0.001	0.164
0.900	0.098	0.001	0.001
0.078	0.737	0.146	0.039
0.876	0.017	0.039	0.068
0.039	0.766	0.108	0.087
0.883	0.077	0.001	0.039
0.064	0.757	0.101	0.078
>TCTATCTATC	8-TCTATCTATC	10.296193	-2.952392	0	T:1.0(0.61%),B:0.0(0.00%),P:1e-1	Tpos:66.0,Tstd:11.5,Bpos:0.0,Bstd:0.0,StrandBias:10.0,Multiplicity:1.00
0.100	0.100	0.100	0.700
0.100	0.700	0.100	0.100
0.100	0.100	0.100	0.700
0.700	0.100	0.100	0.100
0.100	0.100	0.100	0.700
0.100	0.700	0.100	0.100
0.100	0.100	0.100	0.700
0.700	0.100	0.100	0.100
0.100	0.100	0.100	0.700
0.100	0.700	0.100	0.100
