>CTGTAACT	1-CTGTAACT	8.597054	-19.027862	0	T:17.0(10.43%),B:53.0(1.74%),P:1e-8	Tpos:47.8,Tstd:24.9,Bpos:52.6,Bstd:26.0,StrandBias:-0.3,Multiplicity:1.12
0.001	0.997	0.001	0.001
0.001	0.001	0.001	0.997
0.241	0.157	0.601	0.001
0.140	0.001	0.001	0.858
0.997	0.001	0.001	0.001
0.997	0.001	0.001	0.001
0.001	0.997	0.001	0.001
0.001	0.001	0.001	0.997
>GCCGAGGG	2-GCCGAGGG	6.915477	-16.486007	0	T:22.0(13.50%),B:106.0(3.49%),P:1e-7	Tpos:54.7,Tstd:25.6,Bpos:45.1,Bstd:28.5,StrandBias:0.2,Multiplicity:1.09
0.057	0.051	0.891	0.001
0.001	0.942	0.056	0.001
0.222	0.720	0.057	0.001
0.001	0.001	0.942	0.056
0.882	0.116	0.001	0.001
0.001	0.001	0.942	0.056
0.041	0.001	0.842	0.116
0.001	0.089	0.909	0.001
>ACCGGTCT	3-ACCGGTCT	7.209646	-13.992687	0	T:11.0(6.75%),B:30.0(0.99%),P:1e-6	Tpos:56.8,Tstd:19.1,Bpos:47.3,Bstd:27.1,StrandBias:0.2,Multiplicity:1.00
0.997	0.001	0.001	0.001
0.001	0.997	0.001	0.001
0.126	0.722	0.151	0.001
0.066	0.001	0.884	0.049
0.001	0.151	0.847	0.001
0.001	0.001	0.001	0.997
0.001	0.697	0.151	0.151
0.001	0.001	0.001	0.997
>AGCTTAAG	4-AGCTTAAG	7.125277	-11.697910	0	T:18.0(11.04%),B:100.0(3.29%),P:1e-5	Tpos:48.2,Tstd:25.5,Bpos:51.3,Bstd:27.6,StrandBias:0.6,Multiplicity:1.11
0.951	0.001	0.001	0.047
0.058	0.134	0.807	0.001
0.086	0.873	0.040	0.001
0.001	0.052	0.001	0.946
0.019	0.018	0.108	0.855
0.720	0.226	0.053	0.001
0.887	0.001	0.111	0.001
0.001	0.001	0.997	0.001
>CGACCTCT	5-CGACCTCT	9.261433	-6.586259	0	T:2.0(1.23%),B:1.0(0.03%),P:1e-2	Tpos:49.7,Tstd:28.5,Bpos:42.0,Bstd:0.0,StrandBias:-2.3,Multiplicity:3.00
0.001	0.997	0.001	0.001
0.001	0.001	0.997	0.001
0.997	0.001	0.001	0.001
0.001	0.997	0.001	0.001
0.001	0.997	0.001	0.001
0.001	0.001	0.001	0.997
0.001	0.834	0.164	0.001
0.001	0.001	0.001	0.997
