>DGTCGCCW	1-DGTCGCCW	4.344359	-12.222740	0	T:15.0(20.55%),B:164.0(5.24%),P:1e-5	Tpos:44.5,Tstd:24.0,Bpos:52.7,Bstd:26.0,StrandBias:-1.1,Multiplicity:1.07
0.246	0.117	0.347	0.290
0.152	0.240	0.444	0.164
0.051	0.238	0.085	0.626
0.187	0.488	0.147	0.179
0.146	0.102	0.470	0.282
0.100	0.637	0.079	0.184
0.192	0.605	0.127	0.076
0.394	0.200	0.131	0.275
>TGAATATW	2-TGAATATW	8.617814	-11.945229	0	T:4.0(5.48%),B:5.0(0.16%),P:1e-5	Tpos:25.0,Tstd:16.5,Bpos:59.6,Bstd:17.0,StrandBias:0.6,Multiplicity:1.00
0.207	0.207	0.001	0.585
0.001	0.001	0.997	0.001
0.997	0.001	0.001	0.001
0.997	0.001	0.001	0.001
0.001	0.001	0.001	0.997
0.997	0.001	0.001	0.001
0.001	0.001	0.001	0.997
0.377	0.001	0.207	0.415
>TACTAATT	3-TACTAATT	7.446602	-10.556451	0	T:8.0(10.96%),B:51.0(1.63%),P:1e-4	Tpos:56.1,Tstd:36.4,Bpos:50.2,Bstd:26.7,StrandBias:0.3,Multiplicity:1.12
0.001	0.001	0.199	0.799
0.905	0.001	0.001	0.093
0.001	0.997	0.001	0.001
0.234	0.001	0.001	0.764
0.997	0.001	0.001	0.001
0.713	0.143	0.001	0.143
0.001	0.001	0.067	0.931
0.001	0.001	0.001	0.997
>GTGAATTT	4-GTGAATTT	8.236954	-9.862736	0	T:3.0(4.11%),B:3.0(0.10%),P:1e-4	Tpos:65.3,Tstd:30.7,Bpos:21.3,Bstd:4.5,StrandBias:10.0,Multiplicity:1.00
0.100	0.100	0.700	0.100
0.100	0.100	0.100	0.700
0.100	0.100	0.700	0.100
0.700	0.100	0.100	0.100
0.700	0.100	0.100	0.100
0.100	0.100	0.100	0.700
0.100	0.100	0.100	0.700
0.100	0.100	0.100	0.700
>TTGCTGCT	5-TTGCTGCT	10.478175	-6.003419	0	T:4.0(5.48%),B:24.0(0.77%),P:1e-2	Tpos:40.9,Tstd:23.7,Bpos:52.1,Bstd:21.8,StrandBias:-2.6,Multiplicity:1.75
0.001	0.218	0.001	0.780
0.001	0.001	0.001	0.997
0.001	0.001	0.997	0.001
0.070	0.772	0.001	0.157
0.001	0.001	0.001	0.997
0.001	0.001	0.997	0.001
0.084	0.914	0.001	0.001
0.001	0.001	0.001	0.997
