>TGTTTACTGT	1-TGTTTACTGT	8.124870	-19.691997	0	T:14.0(19.18%),B:77.0(2.46%),P:1e-8	Tpos:59.2,Tstd:21.7,Bpos:49.4,Bstd:27.4,StrandBias:0.4,Multiplicity:1.23
0.001	0.007	0.138	0.854
0.007	0.177	0.808	0.008
0.001	0.007	0.345	0.647
0.001	0.001	0.338	0.660
0.001	0.001	0.001	0.997
0.677	0.001	0.007	0.315
0.007	0.648	0.344	0.001
0.169	0.001	0.001	0.829
0.170	0.001	0.823	0.006
0.146	0.001	0.176	0.677
>CACATATTGA	2-CACATATTGA	11.873576	-18.312538	0	T:4.0(5.48%),B:1.0(0.03%),P:1e-7	Tpos:66.2,Tstd:17.9,Bpos:85.0,Bstd:0.0,StrandBias:1.6,Multiplicity:1.00
0.001	0.997	0.001	0.001
0.997	0.001	0.001	0.001
0.001	0.749	0.001	0.249
0.997	0.001	0.001	0.001
0.001	0.001	0.001	0.997
0.749	0.001	0.001	0.249
0.001	0.001	0.001	0.997
0.001	0.001	0.001	0.997
0.001	0.001	0.749	0.249
0.997	0.001	0.001	0.001
>GATATGTAAA	3-GATATGTAAA	8.621010	-14.205803	0	T:7.0(9.59%),B:21.0(0.67%),P:1e-6	Tpos:50.4,Tstd:31.8,Bpos:55.3,Bstd:25.5,StrandBias:1.0,Multiplicity:1.29
0.001	0.159	0.839	0.001
0.681	0.159	0.159	0.001
0.001	0.169	0.013	0.817
0.520	0.160	0.160	0.160
0.001	0.159	0.001	0.839
0.159	0.001	0.839	0.001
0.001	0.001	0.001	0.997
0.997	0.001	0.001	0.001
0.681	0.159	0.159	0.001
0.839	0.159	0.001	0.001
>CATGAGAAAG	4-CATGAGAAAG	10.009962	-13.953327	0	T:4.0(5.48%),B:3.0(0.10%),P:1e-6	Tpos:55.2,Tstd:25.4,Bpos:46.0,Bstd:25.0,StrandBias:2.8,Multiplicity:2.00
0.305	0.693	0.001	0.001
0.997	0.001	0.001	0.001
0.001	0.001	0.001	0.997
0.001	0.001	0.997	0.001
0.612	0.001	0.001	0.386
0.001	0.001	0.997	0.001
0.997	0.001	0.001	0.001
0.612	0.081	0.306	0.001
0.997	0.001	0.001	0.001
0.001	0.001	0.997	0.001
>CACACCCTCT	5-CACACCCTCT	10.296193	-13.125085	0	T:3.0(4.11%),B:1.0(0.03%),P:1e-5	Tpos:57.0,Tstd:1.4,Bpos:57.0,Bstd:0.0,StrandBias:1.0,Multiplicity:1.00
0.100	0.700	0.100	0.100
0.700	0.100	0.100	0.100
0.100	0.700	0.100	0.100
0.700	0.100	0.100	0.100
0.100	0.700	0.100	0.100
0.100	0.700	0.100	0.100
0.100	0.700	0.100	0.100
0.100	0.100	0.100	0.700
0.100	0.700	0.100	0.100
0.100	0.100	0.100	0.700
>SAAACAGACY	6-SAAACAGACY	10.517366	-11.945229	0	T:4.0(5.48%),B:5.0(0.16%),P:1e-5	Tpos:69.8,Tstd:25.0,Bpos:45.8,Bstd:29.7,StrandBias:2.0,Multiplicity:1.25
0.001	0.557	0.441	0.001
0.882	0.001	0.001	0.116
0.997	0.001	0.001	0.001
0.997	0.001	0.001	0.001
0.001	0.997	0.001	0.001
0.997	0.001	0.001	0.001
0.001	0.001	0.997	0.001
0.997	0.001	0.001	0.001
0.001	0.997	0.001	0.001
0.001	0.441	0.001	0.557
>CAGAGGGGTG	7-CAGAGGGGTG	12.674350	-11.062395	0	T:3.0(4.11%),B:2.0(0.06%),P:1e-4	Tpos:37.0,Tstd:26.2,Bpos:62.0,Bstd:6.0,StrandBias:-1.6,Multiplicity:1.33
0.001	0.997	0.001	0.001
0.997	0.001	0.001	0.001
0.001	0.001	0.997	0.001
0.685	0.001	0.001	0.313
0.001	0.001	0.997	0.001
0.001	0.001	0.997	0.001
0.001	0.001	0.997	0.001
0.001	0.001	0.997	0.001
0.001	0.001	0.001	0.997
0.001	0.001	0.997	0.001
>AGCAGGAGGA	8-AGCAGGAGGA	11.059624	-7.003709	0	T:3.0(4.11%),B:8.0(0.26%),P:1e-3	Tpos:73.8,Tstd:20.5,Bpos:56.9,Bstd:34.1,StrandBias:3.0,Multiplicity:2.00
0.997	0.001	0.001	0.001
0.142	0.001	0.856	0.001
0.001	0.997	0.001	0.001
0.997	0.001	0.001	0.001
0.001	0.001	0.856	0.142
0.001	0.259	0.739	0.001
0.997	0.001	0.001	0.001
0.001	0.001	0.997	0.001
0.001	0.311	0.687	0.001
0.997	0.001	0.001	0.001
