>RGTTCCAGRAAC	1-RGTTCCAGRAAC	10.406019	-17.768503	0	T:6.0(3.68%),B:3.0(0.10%),P:1e-7	Tpos:53.8,Tstd:29.9,Bpos:60.0,Bstd:20.0,StrandBias:-0.7,Multiplicity:1.00
0.428	0.001	0.570	0.001
0.001	0.001	0.997	0.001
0.142	0.001	0.001	0.856
0.001	0.001	0.285	0.713
0.001	0.713	0.001	0.285
0.001	0.997	0.001	0.001
0.713	0.001	0.001	0.285
0.001	0.001	0.997	0.001
0.428	0.001	0.570	0.001
0.997	0.001	0.001	0.001
0.997	0.001	0.001	0.001
0.001	0.997	0.001	0.001
>ACCCCTCCCTCC	2-ACCCCTCCCTCC	10.358424	-16.099530	0	T:5.0(3.07%),B:2.0(0.07%),P:1e-6	Tpos:49.6,Tstd:27.6,Bpos:36.0,Bstd:22.0,StrandBias:0.4,Multiplicity:1.40
0.747	0.050	0.001	0.202
0.001	0.997	0.001	0.001
0.001	0.997	0.001	0.001
0.001	0.997	0.001	0.001
0.001	0.997	0.001	0.001
0.001	0.001	0.050	0.948
0.001	0.997	0.001	0.001
0.001	0.948	0.050	0.001
0.001	0.797	0.001	0.201
0.001	0.001	0.001	0.997
0.001	0.997	0.001	0.001
0.001	0.997	0.001	0.001
>TTGTWGSSRRTW	3-TTGTWGSSRRTW	10.452908	-16.086577	0	T:6.0(3.68%),B:4.0(0.13%),P:1e-6	Tpos:42.4,Tstd:26.8,Bpos:60.5,Bstd:32.5,StrandBias:-0.6,Multiplicity:1.00
0.019	0.001	0.019	0.961
0.001	0.019	0.019	0.961
0.019	0.001	0.961	0.019
0.001	0.019	0.039	0.941
0.513	0.001	0.039	0.447
0.002	0.001	0.978	0.019
0.020	0.428	0.529	0.023
0.144	0.427	0.427	0.001
0.447	0.001	0.530	0.022
0.428	0.039	0.513	0.020
0.019	0.002	0.001	0.978
0.433	0.001	0.138	0.427
>CWGTGTCYRASA	4-CWGTGTCYRASA	11.796014	-14.960392	0	T:4.0(2.45%),B:0.0(0.00%),P:1e-6	Tpos:44.2,Tstd:16.8,Bpos:0.0,Bstd:0.0,StrandBias:-1.0,Multiplicity:1.50
0.001	0.997	0.001	0.001
0.571	0.001	0.001	0.427
0.001	0.001	0.997	0.001
0.001	0.001	0.001	0.997
0.001	0.001	0.997	0.001
0.001	0.001	0.001	0.997
0.034	0.889	0.076	0.001
0.001	0.571	0.001	0.427
0.571	0.001	0.427	0.001
0.997	0.001	0.001	0.001
0.001	0.571	0.427	0.001
0.997	0.001	0.001	0.001
>CTTAGCCAGACT	5-CTTAGCCAGACT	7.276663	-12.728692	0	T:8.0(4.91%),B:16.0(0.53%),P:1e-5	Tpos:47.6,Tstd:32.2,Bpos:46.8,Bstd:23.1,StrandBias:-0.7,Multiplicity:1.00
0.001	0.778	0.219	0.002
0.058	0.001	0.001	0.940
0.001	0.001	0.001	0.997
0.805	0.001	0.193	0.001
0.001	0.001	0.997	0.001
0.001	0.786	0.001	0.212
0.222	0.776	0.001	0.001
0.997	0.001	0.001	0.001
0.001	0.249	0.749	0.001
0.996	0.002	0.001	0.001
0.001	0.770	0.228	0.001
0.001	0.001	0.001	0.997
>TTTTTTTTTTTT	6-TTTTTTTTTTTT	1.767046	-10.980187	0	T:91.0(55.83%),B:1199.0(39.44%),P:1e-4	Tpos:49.9,Tstd:25.5,Bpos:49.7,Bstd:25.7,StrandBias:0.1,Multiplicity:1.53
0.024	0.067	0.081	0.828
0.024	0.067	0.045	0.864
0.024	0.129	0.123	0.724
0.001	0.073	0.114	0.812
0.024	0.001	0.149	0.826
0.024	0.041	0.041	0.894
0.001	0.011	0.053	0.935
0.025	0.036	0.125	0.814
0.024	0.024	0.127	0.825
0.024	0.048	0.098	0.830
0.048	0.048	0.069	0.835
0.072	0.012	0.092	0.824
>CAACCAACCAAC	7-CAACCAACCAAC	12.355432	-2.952392	0	T:1.0(0.61%),B:1.0(0.03%),P:1e-1	Tpos:80.0,Tstd:8.0,Bpos:13.0,Bstd:3.3,StrandBias:-10.0,Multiplicity:1.00
0.100	0.700	0.100	0.100
0.700	0.100	0.100	0.100
0.700	0.100	0.100	0.100
0.100	0.700	0.100	0.100
0.100	0.700	0.100	0.100
0.700	0.100	0.100	0.100
0.700	0.100	0.100	0.100
0.100	0.700	0.100	0.100
0.100	0.700	0.100	0.100
0.700	0.100	0.100	0.100
0.700	0.100	0.100	0.100
0.100	0.700	0.100	0.100
