>ATGGCCAGAVTA	1-ATGGCCAGAVTA	12.560105	-18.312538	0	T:4.0(5.48%),B:0.0(0.00%),P:1e-7	Tpos:46.2,Tstd:16.1,Bpos:0.0,Bstd:0.0,StrandBias:0.0,Multiplicity:1.00
0.997	0.001	0.001	0.001
0.001	0.001	0.305	0.693
0.001	0.001	0.997	0.001
0.001	0.001	0.997	0.001
0.001	0.997	0.001	0.001
0.001	0.997	0.001	0.001
0.693	0.001	0.305	0.001
0.306	0.001	0.653	0.040
0.997	0.001	0.001	0.001
0.306	0.306	0.387	0.001
0.001	0.001	0.305	0.693
0.997	0.001	0.001	0.001
>ATAACAACAGTG	2-ATAACAACAGTG	8.174506	-18.280258	0	T:5.0(6.85%),B:3.0(0.10%),P:1e-7	Tpos:53.9,Tstd:22.4,Bpos:50.0,Bstd:20.0,StrandBias:-1.8,Multiplicity:1.80
0.964	0.001	0.034	0.001
0.001	0.001	0.001	0.997
0.964	0.001	0.001	0.034
0.790	0.001	0.208	0.001
0.001	0.964	0.001	0.034
0.997	0.001	0.001	0.001
0.964	0.001	0.034	0.001
0.001	0.997	0.001	0.001
0.997	0.001	0.001	0.001
0.001	0.001	0.997	0.001
0.001	0.001	0.034	0.964
0.001	0.001	0.997	0.001
>CATAGCAACCCA	3-CATAGCAACCCA	11.519735	-18.280258	0	T:5.0(6.85%),B:3.0(0.10%),P:1e-7	Tpos:41.6,Tstd:20.8,Bpos:57.3,Bstd:10.1,StrandBias:10.0,Multiplicity:1.40
0.001	0.997	0.001	0.001
0.997	0.001	0.001	0.001
0.305	0.001	0.001	0.693
0.997	0.001	0.001	0.001
0.001	0.001	0.997	0.001
0.001	0.997	0.001	0.001
0.693	0.001	0.001	0.305
0.693	0.001	0.305	0.001
0.001	0.693	0.305	0.001
0.001	0.693	0.001	0.305
0.001	0.943	0.001	0.055
0.693	0.001	0.001	0.305
>GTATCCATTTTG	4-GTATCCATTTTG	10.409522	-13.125085	0	T:3.0(4.11%),B:1.0(0.03%),P:1e-5	Tpos:79.0,Tstd:6.4,Bpos:25.0,Bstd:0.0,StrandBias:1.0,Multiplicity:1.00
0.100	0.100	0.700	0.100
0.100	0.100	0.100	0.700
0.700	0.100	0.100	0.100
0.100	0.100	0.100	0.700
0.100	0.700	0.100	0.100
0.100	0.700	0.100	0.100
0.700	0.100	0.100	0.100
0.100	0.100	0.100	0.700
0.100	0.100	0.100	0.700
0.100	0.100	0.100	0.700
0.100	0.100	0.100	0.700
0.100	0.100	0.700	0.100
>YSTATSTAYCTA	5-YSTATSTAYCTA	7.198837	-7.003709	0	T:3.0(4.11%),B:8.0(0.26%),P:1e-3	Tpos:46.6,Tstd:26.6,Bpos:52.4,Bstd:25.6,StrandBias:4.5,Multiplicity:1.33
0.001	0.441	0.001	0.557
0.001	0.448	0.550	0.001
0.001	0.001	0.001	0.997
0.997	0.001	0.001	0.001
0.001	0.001	0.001	0.997
0.001	0.510	0.488	0.001
0.001	0.001	0.001	0.997
0.956	0.042	0.001	0.001
0.001	0.441	0.001	0.557
0.001	0.933	0.065	0.001
0.001	0.001	0.001	0.997
0.997	0.001	0.001	0.001
>CCCTCCCTCCCT	6-CCCTCCCTCCCT	11.716034	-6.485245	0	T:4.0(5.48%),B:21.0(0.67%),P:1e-2	Tpos:63.6,Tstd:15.8,Bpos:46.2,Bstd:26.7,StrandBias:2.6,Multiplicity:1.00
0.124	0.527	0.124	0.225
0.001	0.753	0.123	0.123
0.001	0.997	0.001	0.001
0.001	0.001	0.001	0.997
0.001	0.866	0.010	0.123
0.123	0.753	0.001	0.123
0.001	0.997	0.001	0.001
0.001	0.001	0.001	0.997
0.001	0.898	0.001	0.100
0.001	0.752	0.001	0.246
0.001	0.875	0.001	0.123
0.001	0.370	0.001	0.628
