>TCCCTTTTCC	1-TCCCTTTTCC	11.191186	-13.466508	0	T:5.0(6.85%),B:8.0(0.26%),P:1e-5	Tpos:45.3,Tstd:28.8,Bpos:60.6,Bstd:12.3,StrandBias:1.0,Multiplicity:1.20
0.001	0.001	0.335	0.663
0.001	0.759	0.001	0.239
0.001	0.997	0.001	0.001
0.001	0.997	0.001	0.001
0.001	0.001	0.001	0.997
0.001	0.328	0.001	0.670
0.001	0.001	0.001	0.997
0.001	0.001	0.335	0.663
0.001	0.997	0.001	0.001
0.001	0.997	0.001	0.001
>TCWGTCMCCC	2-TCWGTCMCCC	6.863134	-10.412184	0	T:14.0(19.18%),B:168.0(5.37%),P:1e-4	Tpos:44.6,Tstd:26.9,Bpos:49.8,Bstd:26.4,StrandBias:0.2,Multiplicity:1.29
0.001	0.121	0.001	0.877
0.001	0.809	0.189	0.001
0.516	0.001	0.001	0.482
0.014	0.121	0.864	0.001
0.001	0.208	0.086	0.705
0.001	0.670	0.208	0.121
0.424	0.454	0.121	0.001
0.001	0.742	0.256	0.001
0.065	0.810	0.001	0.124
0.087	0.587	0.190	0.136
>CTGAATGGTG	3-CTGAATGGTG	12.674350	-8.238708	0	T:2.0(2.74%),B:1.0(0.03%),P:1e-3	Tpos:51.2,Tstd:30.5,Bpos:67.0,Bstd:0.0,StrandBias:-10.0,Multiplicity:2.00
0.001	0.997	0.001	0.001
0.001	0.001	0.001	0.997
0.001	0.001	0.997	0.001
0.997	0.001	0.001	0.001
0.685	0.313	0.001	0.001
0.001	0.001	0.001	0.997
0.001	0.001	0.997	0.001
0.001	0.001	0.997	0.001
0.001	0.001	0.001	0.997
0.001	0.001	0.997	0.001
>TTTGTTTTGT	4-TTTGTTTTGT	9.873824	-3.365014	0	T:6.0(8.22%),B:104.0(3.32%),P:1e-1	Tpos:57.7,Tstd:20.2,Bpos:46.5,Bstd:24.2,StrandBias:0.7,Multiplicity:2.67
0.289	0.001	0.001	0.709
0.001	0.289	0.001	0.709
0.001	0.001	0.289	0.709
0.001	0.120	0.878	0.001
0.001	0.001	0.001	0.997
0.001	0.001	0.001	0.997
0.001	0.289	0.001	0.709
0.001	0.223	0.001	0.775
0.001	0.001	0.654	0.344
0.001	0.001	0.001	0.997
>GCAGAAGCAA	5-GCAGAAGCAA	10.296193	-3.088102	0	T:1.0(1.37%),B:2.0(0.06%),P:1e-1	Tpos:50.0,Tstd:25.3,Bpos:66.5,Bstd:5.5,StrandBias:10.0,Multiplicity:3.00
0.100	0.100	0.700	0.100
0.100	0.700	0.100	0.100
0.700	0.100	0.100	0.100
0.100	0.100	0.700	0.100
0.700	0.100	0.100	0.100
0.700	0.100	0.100	0.100
0.100	0.100	0.700	0.100
0.100	0.700	0.100	0.100
0.700	0.100	0.100	0.100
0.700	0.100	0.100	0.100
