>GCGTCTTC	1-GCGTCTTC	6.923988	-14.269453	0	T:10.0(13.70%),B:55.0(1.76%),P:1e-6	Tpos:42.8,Tstd:28.9,Bpos:49.8,Bstd:28.3,StrandBias:-1.0,Multiplicity:1.20
0.001	0.001	0.997	0.001
0.103	0.768	0.128	0.001
0.091	0.097	0.811	0.001
0.001	0.001	0.001	0.997
0.001	0.779	0.219	0.001
0.001	0.001	0.001	0.997
0.001	0.001	0.140	0.858
0.001	0.997	0.001	0.001
>GGCTACGG	2-GGCTACGG	7.183503	-12.919861	0	T:10.0(13.70%),B:64.0(2.04%),P:1e-5	Tpos:47.4,Tstd:27.8,Bpos:54.1,Bstd:27.0,StrandBias:-0.6,Multiplicity:1.00
0.001	0.001	0.997	0.001
0.001	0.001	0.997	0.001
0.001	0.997	0.001	0.001
0.095	0.001	0.001	0.903
0.806	0.105	0.088	0.001
0.050	0.903	0.046	0.001
0.046	0.001	0.881	0.072
0.001	0.164	0.671	0.164
>ATCCTAGG	3-ATCCTAGG	8.429353	-12.088976	0	T:9.0(12.33%),B:55.0(1.76%),P:1e-5	Tpos:51.2,Tstd:25.1,Bpos:47.1,Bstd:25.0,StrandBias:-1.6,Multiplicity:1.22
0.661	0.041	0.068	0.230
0.001	0.001	0.048	0.950
0.001	0.836	0.001	0.162
0.001	0.997	0.001	0.001
0.190	0.001	0.001	0.808
0.997	0.001	0.001	0.001
0.092	0.001	0.906	0.001
0.001	0.054	0.944	0.001
>AGAGCCCC	4-AGAGCCCC	5.986932	-11.807920	0	T:23.0(31.51%),B:372.0(11.88%),P:1e-5	Tpos:66.6,Tstd:27.1,Bpos:49.0,Bstd:25.9,StrandBias:0.3,Multiplicity:1.14
0.686	0.101	0.091	0.122
0.315	0.101	0.583	0.001
0.770	0.056	0.001	0.173
0.087	0.149	0.632	0.132
0.038	0.749	0.212	0.001
0.001	0.936	0.001	0.062
0.115	0.734	0.001	0.150
0.044	0.954	0.001	0.001
>TTGTTGGA	5-TTGTTGGA	6.864798	-11.131747	0	T:16.0(21.92%),B:203.0(6.49%),P:1e-4	Tpos:50.7,Tstd:23.1,Bpos:50.7,Bstd:26.9,StrandBias:0.3,Multiplicity:1.25
0.001	0.056	0.001	0.942
0.001	0.137	0.001	0.861
0.084	0.001	0.914	0.001
0.066	0.050	0.046	0.838
0.001	0.001	0.041	0.957
0.001	0.001	0.951	0.047
0.074	0.031	0.832	0.063
0.834	0.001	0.057	0.108
