>GTGAGGTTCT	1-GTGAGGTTCT	11.065018	-20.856908	0	T:6.0(12.77%),B:309.5(0.21%),P:1e-9,FDR:0.2	Tpos:26.8,Tstd:15.0,Bpos:47.7,Bstd:35.0,StrandBias:0.0,Multiplicity:1.00
0.138	0.001	0.860	0.001
0.001	0.001	0.155	0.843
0.001	0.001	0.997	0.001
0.997	0.001	0.001	0.001
0.001	0.001	0.997	0.001
0.001	0.001	0.997	0.001
0.001	0.001	0.001	0.997
0.135	0.001	0.001	0.863
0.001	0.618	0.192	0.189
0.001	0.001	0.001	0.997
>CCTAGCAACA	2-CCTAGCAACA	7.272295	-20.234947	0	T:16.0(34.04%),B:7937.0(5.41%),P:1e-8,FDR:0.2	Tpos:49.9,Tstd:24.7,Bpos:50.2,Bstd:28.1,StrandBias:0.2,Multiplicity:1.06
0.001	0.997	0.001	0.001
0.213	0.565	0.001	0.221
0.001	0.209	0.001	0.789
0.461	0.001	0.237	0.300
0.001	0.001	0.997	0.001
0.001	0.982	0.016	0.001
0.997	0.001	0.001	0.001
0.789	0.001	0.209	0.001
0.001	0.698	0.300	0.001
0.785	0.213	0.001	0.001
>ACCACAGTAA	3-ACCACAGTAA	7.021022	-12.780019	0	T:6.0(12.77%),B:1232.3(0.84%),P:1e-5,FDR:0.333333333333333	Tpos:45.9,Tstd:19.1,Bpos:49.9,Bstd:28.7,StrandBias:0.7,Multiplicity:1.33
0.806	0.192	0.001	0.001
0.045	0.915	0.001	0.039
0.001	0.997	0.001	0.001
0.997	0.001	0.001	0.001
0.001	0.960	0.001	0.038
0.950	0.001	0.048	0.001
0.001	0.001	0.997	0.001
0.001	0.001	0.001	0.997
0.806	0.001	0.001	0.192
0.997	0.001	0.001	0.001
>GCGCTCGACA	4-GCGCTCGACA	10.296193	-8.045363	0	T:1.0(2.13%),B:1.9(0.00%),P:1e-3,FDR:0.9	Tpos:76.0,Tstd:0.0,Bpos:57.7,Bstd:17.1,StrandBias:10.0,Multiplicity:1.00
0.100	0.100	0.700	0.100
0.100	0.700	0.100	0.100
0.100	0.100	0.700	0.100
0.100	0.700	0.100	0.100
0.100	0.100	0.100	0.700
0.100	0.700	0.100	0.100
0.100	0.100	0.700	0.100
0.700	0.100	0.100	0.100
0.100	0.700	0.100	0.100
0.700	0.100	0.100	0.100
>GATCATGTAC	5-GATCATGTAC	10.296193	-8.045363	0	T:1.0(2.13%),B:1.7(0.00%),P:1e-3,FDR:0.9	Tpos:48.0,Tstd:0.0,Bpos:58.3,Bstd:21.2,StrandBias:10.0,Multiplicity:1.00
0.100	0.100	0.700	0.100
0.700	0.100	0.100	0.100
0.100	0.100	0.100	0.700
0.100	0.700	0.100	0.100
0.700	0.100	0.100	0.100
0.100	0.100	0.100	0.700
0.100	0.100	0.700	0.100
0.100	0.100	0.100	0.700
0.700	0.100	0.100	0.100
0.100	0.700	0.100	0.100
>TAGGCTACGA	6-TAGGCTACGA	10.296193	-7.352373	0	T:1.0(2.13%),B:2.2(0.00%),P:1e-3,FDR:1	Tpos:74.0,Tstd:0.0,Bpos:62.6,Bstd:6.4,StrandBias:10.0,Multiplicity:1.00
0.100	0.100	0.100	0.700
0.700	0.100	0.100	0.100
0.100	0.100	0.700	0.100
0.100	0.100	0.700	0.100
0.100	0.700	0.100	0.100
0.100	0.100	0.100	0.700
0.700	0.100	0.100	0.100
0.100	0.700	0.100	0.100
0.100	0.100	0.700	0.100
0.700	0.100	0.100	0.100
>AGATGTTACG	7-AGATGTTACG	10.296193	-7.352373	0	T:1.0(2.13%),B:2.1(0.00%),P:1e-3,FDR:1	Tpos:15.0,Tstd:0.0,Bpos:32.0,Bstd:0.0,StrandBias:10.0,Multiplicity:1.00
0.700	0.100	0.100	0.100
0.100	0.100	0.700	0.100
0.700	0.100	0.100	0.100
0.100	0.100	0.100	0.700
0.100	0.100	0.700	0.100
0.100	0.100	0.100	0.700
0.100	0.100	0.100	0.700
0.700	0.100	0.100	0.100
0.100	0.700	0.100	0.100
0.100	0.100	0.700	0.100
>CCCCCCCCCC	8-CCCCCCCCCC	10.635241	-5.076398	0	T:3.0(6.38%),B:1163.3(0.79%),P:1e-2,FDR:1	Tpos:12.5,Tstd:12.1,Bpos:49.8,Bstd:29.2,StrandBias:-2.0,Multiplicity:1.00
0.001	0.871	0.127	0.001
0.001	0.852	0.146	0.001
0.001	0.854	0.144	0.001
0.001	0.824	0.096	0.079
0.040	0.875	0.048	0.037
0.001	0.916	0.082	0.001
0.001	0.997	0.001	0.001
0.001	0.997	0.001	0.001
0.001	0.997	0.001	0.001
0.001	0.997	0.001	0.001
>TCCCTAGAAGAA	1-TCCCTAGAAGAA	10.667929	-16.823618	0	T:4.0(8.51%),B:107.7(0.07%),P:1e-7,FDR:1	Tpos:59.0,Tstd:17.2,Bpos:50.8,Bstd:28.1,StrandBias:0.0,Multiplicity:1.00
0.001	0.377	0.001	0.621
0.001	0.973	0.025	0.001
0.352	0.646	0.001	0.001
0.025	0.949	0.025	0.001
0.001	0.001	0.001	0.997
0.997	0.001	0.001	0.001
0.001	0.001	0.646	0.352
0.997	0.001	0.001	0.001
0.997	0.001	0.001	0.001
0.025	0.001	0.973	0.001
0.997	0.001	0.001	0.001
0.698	0.001	0.300	0.001
>TTGCTAGGCAAC	2-TTGCTAGGCAAC	8.220523	-14.600531	0	T:9.0(19.15%),B:3026.4(2.06%),P:1e-6,FDR:1	Tpos:45.8,Tstd:22.2,Bpos:51.0,Bstd:26.6,StrandBias:-1.4,Multiplicity:1.11
0.195	0.001	0.001	0.803
0.001	0.001	0.001	0.997
0.118	0.195	0.686	0.001
0.001	0.803	0.195	0.001
0.178	0.215	0.001	0.606
0.584	0.001	0.009	0.406
0.101	0.001	0.703	0.195
0.001	0.001	0.997	0.001
0.009	0.595	0.391	0.005
0.811	0.187	0.001	0.001
0.609	0.195	0.195	0.001
0.001	0.820	0.178	0.001
>GABAATGTCACD	3-GABAATGTCACD	11.010111	-12.553413	0	T:4.0(8.51%),B:315.5(0.22%),P:1e-5,FDR:1	Tpos:37.0,Tstd:30.5,Bpos:51.2,Bstd:26.6,StrandBias:0.0,Multiplicity:1.00
0.001	0.001	0.679	0.319
0.679	0.001	0.319	0.001
0.001	0.359	0.320	0.320
0.997	0.001	0.001	0.001
0.997	0.001	0.001	0.001
0.001	0.319	0.001	0.679
0.001	0.001	0.679	0.319
0.001	0.001	0.001	0.997
0.319	0.679	0.001	0.001
0.997	0.001	0.001	0.001
0.001	0.997	0.001	0.001
0.359	0.001	0.320	0.320
>CTGGCATTCTGA	4-CTGGCATTCTGA	12.355432	-8.045363	0	T:1.0(2.13%),B:1.8(0.00%),P:1e-3,FDR:1	Tpos:23.0,Tstd:0.0,Bpos:24.9,Bstd:8.9,StrandBias:10.0,Multiplicity:1.00
0.100	0.700	0.100	0.100
0.100	0.100	0.100	0.700
0.100	0.100	0.700	0.100
0.100	0.100	0.700	0.100
0.100	0.700	0.100	0.100
0.700	0.100	0.100	0.100
0.100	0.100	0.100	0.700
0.100	0.100	0.100	0.700
0.100	0.700	0.100	0.100
0.100	0.100	0.100	0.700
0.100	0.100	0.700	0.100
0.700	0.100	0.100	0.100
>AGATAACAAAGC	5-AGATAACAAAGC	10.409522	-7.390964	0	T:2.0(4.26%),B:113.0(0.08%),P:1e-3,FDR:1	Tpos:63.5,Tstd:5.5,Bpos:46.9,Bstd:26.0,StrandBias:10.0,Multiplicity:1.00
0.700	0.100	0.100	0.100
0.100	0.100	0.700	0.100
0.700	0.100	0.100	0.100
0.100	0.100	0.100	0.700
0.700	0.100	0.100	0.100
0.700	0.100	0.100	0.100
0.100	0.700	0.100	0.100
0.700	0.100	0.100	0.100
0.700	0.100	0.100	0.100
0.700	0.100	0.100	0.100
0.100	0.100	0.700	0.100
0.100	0.700	0.100	0.100
>CAGCTGTGTGAT	6-CAGCTGTGTGAT	12.355432	-7.352373	0	T:1.0(2.13%),B:2.6(0.00%),P:1e-3,FDR:1	Tpos:78.0,Tstd:0.0,Bpos:47.1,Bstd:16.9,StrandBias:-10.0,Multiplicity:1.00
0.100	0.700	0.100	0.100
0.700	0.100	0.100	0.100
0.100	0.100	0.700	0.100
0.100	0.700	0.100	0.100
0.100	0.100	0.100	0.700
0.100	0.100	0.700	0.100
0.100	0.100	0.100	0.700
0.100	0.100	0.700	0.100
0.100	0.100	0.100	0.700
0.100	0.100	0.700	0.100
0.700	0.100	0.100	0.100
0.100	0.100	0.100	0.700
>TATTAGCACTGT	7-TATTAGCACTGT	12.355432	-7.352373	0	T:1.0(2.13%),B:2.4(0.00%),P:1e-3,FDR:1	Tpos:37.0,Tstd:0.0,Bpos:56.6,Bstd:17.0,StrandBias:10.0,Multiplicity:1.00
0.100	0.100	0.100	0.700
0.700	0.100	0.100	0.100
0.100	0.100	0.100	0.700
0.100	0.100	0.100	0.700
0.700	0.100	0.100	0.100
0.100	0.100	0.700	0.100
0.100	0.700	0.100	0.100
0.700	0.100	0.100	0.100
0.100	0.700	0.100	0.100
0.100	0.100	0.100	0.700
0.100	0.100	0.700	0.100
0.100	0.100	0.100	0.700
>CCCCCCCCCCCC	8-CCCCCCCCCCCC	10.473260	-6.686579	0	T:4.0(8.51%),B:1460.8(1.00%),P:1e-2,FDR:1	Tpos:20.1,Tstd:18.2,Bpos:49.5,Bstd:27.5,StrandBias:0.3,Multiplicity:1.00
0.090	0.743	0.003	0.164
0.089	0.833	0.003	0.075
0.093	0.903	0.003	0.001
0.095	0.837	0.067	0.001
0.083	0.688	0.150	0.079
0.001	0.832	0.095	0.072
0.001	0.834	0.164	0.001
0.001	0.910	0.088	0.001
0.001	0.842	0.156	0.001
0.001	0.837	0.161	0.001
0.001	0.916	0.082	0.001
0.080	0.841	0.001	0.078
>CCTAGCAA	1-CCTAGCAA	6.534826	-19.359260	0	T:17.0(36.17%),B:9761.6(6.66%),P:1e-8,FDR:0.2	Tpos:57.0,Tstd:22.6,Bpos:50.0,Bstd:30.7,StrandBias:0.5,Multiplicity:1.06
0.001	0.997	0.001	0.001
0.094	0.904	0.001	0.001
0.001	0.064	0.001	0.934
0.718	0.001	0.158	0.123
0.001	0.134	0.864	0.001
0.001	0.906	0.092	0.001
0.997	0.001	0.001	0.001
0.997	0.001	0.001	0.001
>TCACAGTA	2-TCACAGTA	7.462380	-16.881382	0	T:12.0(25.53%),B:5043.6(3.44%),P:1e-7,FDR:0.4	Tpos:40.2,Tstd:27.3,Bpos:49.7,Bstd:30.5,StrandBias:0.6,Multiplicity:1.25
0.001	0.085	0.001	0.913
0.001	0.875	0.123	0.001
0.753	0.076	0.001	0.170
0.097	0.770	0.001	0.132
0.997	0.001	0.001	0.001
0.001	0.001	0.997	0.001
0.069	0.063	0.001	0.867
0.916	0.001	0.001	0.082
>ATGCTTTC	3-ATGCTTTC	7.995645	-9.573411	0	T:6.0(12.77%),B:2184.0(1.49%),P:1e-4,FDR:1	Tpos:57.2,Tstd:27.9,Bpos:49.9,Bstd:31.5,StrandBias:-3.0,Multiplicity:1.50
0.997	0.001	0.001	0.001
0.001	0.001	0.001	0.997
0.001	0.001	0.997	0.001
0.001	0.867	0.131	0.001
0.001	0.001	0.001	0.997
0.001	0.001	0.001	0.997
0.001	0.352	0.001	0.646
0.001	0.997	0.001	0.001
>KGAGGCCT	4-KGAGGCCT	8.625530	-6.794604	0	T:5.0(10.64%),B:2452.5(1.67%),P:1e-2,FDR:1	Tpos:69.4,Tstd:23.6,Bpos:50.5,Bstd:32.0,StrandBias:0.0,Multiplicity:1.40
0.001	0.001	0.462	0.536
0.001	0.001	0.997	0.001
0.619	0.001	0.001	0.379
0.001	0.001	0.997	0.001
0.001	0.001	0.619	0.379
0.001	0.997	0.001	0.001
0.001	0.997	0.001	0.001
0.001	0.001	0.419	0.579
>CCCCCCCC	5-CCCCCCCC	7.950260	-2.059272	0	T:4.0(8.51%),B:6038.3(4.12%),P:1e0,FDR:1	Tpos:20.2,Tstd:22.2,Bpos:49.8,Bstd:29.9,StrandBias:-0.8,Multiplicity:1.25
0.001	0.861	0.137	0.001
0.001	0.837	0.094	0.068
0.001	0.964	0.034	0.001
0.001	0.936	0.062	0.001
0.001	0.891	0.107	0.001
0.001	0.925	0.073	0.001
0.001	0.997	0.001	0.001
0.001	0.997	0.001	0.001
