>KMMAAKSTCASA	1-KMMAAKSTCASA	12.296470	-18.138514	0	T:3.0(42.86%),B:2.0(0.07%),P:1e-7	Tpos:42.0,Tstd:37.7,Bpos:26.5,Bstd:6.5,StrandBias:1.0,Multiplicity:1.00
0.001	0.001	0.537	0.461
0.537	0.461	0.001	0.001
0.461	0.537	0.001	0.001
0.997	0.001	0.001	0.001
0.997	0.001	0.001	0.001
0.001	0.001	0.461	0.537
0.001	0.461	0.537	0.001
0.001	0.001	0.065	0.933
0.001	0.997	0.001	0.001
0.933	0.065	0.001	0.001
0.001	0.537	0.461	0.001
0.997	0.001	0.001	0.001
>KCTKSTGRMRYY	2-KCTKSTGRMRYY	11.039056	-13.986155	0	T:3.0(42.86%),B:8.0(0.29%),P:1e-6	Tpos:40.7,Tstd:15.6,Bpos:56.8,Bstd:20.4,StrandBias:1.0,Multiplicity:1.00
0.001	0.001	0.537	0.461
0.001	0.997	0.001	0.001
0.001	0.001	0.001	0.997
0.001	0.001	0.461	0.537
0.001	0.537	0.461	0.001
0.001	0.001	0.001	0.997
0.001	0.001	0.997	0.001
0.461	0.001	0.537	0.001
0.461	0.537	0.001	0.001
0.537	0.001	0.461	0.001
0.001	0.461	0.001	0.537
0.001	0.461	0.001	0.537
>WCCTTGCAGCTT	3-WCCTTGCAGCTT	7.633969	-7.809134	0	T:3.0(42.86%),B:64.0(2.32%),P:1e-3	Tpos:56.0,Tstd:28.0,Bpos:45.2,Bstd:24.6,StrandBias:0.0,Multiplicity:1.33
0.569	0.001	0.001	0.429
0.279	0.709	0.011	0.001
0.001	0.698	0.001	0.300
0.150	0.279	0.001	0.570
0.279	0.001	0.139	0.581
0.001	0.302	0.558	0.139
0.139	0.569	0.001	0.291
0.579	0.001	0.141	0.279
0.012	0.001	0.848	0.139
0.418	0.580	0.001	0.001
0.139	0.279	0.001	0.581
0.152	0.279	0.001	0.568
>TGTGGGGGGGGG	4-TGTGGGGGGGGG	11.546370	-7.541694	0	T:2.0(28.57%),B:14.0(0.51%),P:1e-3	Tpos:57.8,Tstd:10.9,Bpos:50.5,Bstd:21.6,StrandBias:1.6,Multiplicity:1.00
0.272	0.001	0.001	0.726
0.001	0.272	0.726	0.001
0.001	0.001	0.388	0.610
0.001	0.001	0.997	0.001
0.001	0.001	0.664	0.334
0.001	0.001	0.997	0.001
0.001	0.001	0.940	0.058
0.272	0.001	0.726	0.001
0.001	0.001	0.943	0.055
0.272	0.001	0.726	0.001
0.272	0.001	0.726	0.001
0.001	0.001	0.610	0.388
>CAAGATAACAAA	5-CAAGATAACAAA	12.355432	-5.978886	0	T:1.0(14.29%),B:1.0(0.04%),P:1e-2	Tpos:67.0,Tstd:0.0,Bpos:14.0,Bstd:0.0,StrandBias:10.0,Multiplicity:1.00
0.100	0.700	0.100	0.100
0.700	0.100	0.100	0.100
0.700	0.100	0.100	0.100
0.100	0.100	0.700	0.100
0.700	0.100	0.100	0.100
0.100	0.100	0.100	0.700
0.700	0.100	0.100	0.100
0.700	0.100	0.100	0.100
0.100	0.700	0.100	0.100
0.700	0.100	0.100	0.100
0.700	0.100	0.100	0.100
0.700	0.100	0.100	0.100
