>AGCTCTCAGG	1-AGCTCTCAGG	7.347787	-17.320353	0	T:4.0(57.14%),B:15.0(0.54%),P:1e-7	Tpos:72.0,Tstd:26.8,Bpos:43.7,Bstd:24.6,StrandBias:0.0,Multiplicity:1.00
0.997	0.001	0.001	0.001
0.142	0.001	0.856	0.001
0.001	0.856	0.142	0.001
0.001	0.001	0.075	0.923
0.001	0.997	0.001	0.001
0.001	0.001	0.001	0.997
0.001	0.997	0.001	0.001
0.997	0.001	0.001	0.001
0.001	0.001	0.997	0.001
0.001	0.001	0.997	0.001
>GGCTAGCAAC	2-GGCTAGCAAC	8.981414	-14.063729	0	T:4.0(57.14%),B:34.0(1.23%),P:1e-6	Tpos:33.7,Tstd:12.3,Bpos:51.6,Bstd:23.0,StrandBias:-1.0,Multiplicity:1.25
0.001	0.001	0.596	0.402
0.001	0.256	0.742	0.001
0.001	0.654	0.344	0.001
0.001	0.344	0.001	0.654
0.994	0.001	0.001	0.004
0.001	0.001	0.997	0.001
0.001	0.606	0.392	0.001
0.603	0.047	0.345	0.005
0.994	0.001	0.004	0.001
0.047	0.597	0.355	0.001
>HBCATTGTGT	3-HBCATTGTGT	8.244928	-9.506182	0	T:4.0(57.14%),B:108.0(3.91%),P:1e-4	Tpos:44.2,Tstd:26.1,Bpos:49.5,Bstd:27.1,StrandBias:-1.6,Multiplicity:1.00
0.315	0.315	0.001	0.368
0.001	0.315	0.315	0.368
0.001	0.683	0.001	0.315
0.683	0.001	0.001	0.315
0.001	0.001	0.315	0.683
0.001	0.001	0.001	0.997
0.001	0.001	0.997	0.001
0.315	0.001	0.001	0.683
0.001	0.001	0.997	0.001
0.001	0.001	0.315	0.683
>CCAGCCCACA	4-CCAGCCCACA	10.296193	-5.286825	0	T:1.0(14.29%),B:2.0(0.07%),P:1e-2	Tpos:64.0,Tstd:0.0,Bpos:71.5,Bstd:10.5,StrandBias:10.0,Multiplicity:1.00
0.100	0.700	0.100	0.100
0.100	0.700	0.100	0.100
0.700	0.100	0.100	0.100
0.100	0.100	0.700	0.100
0.100	0.700	0.100	0.100
0.100	0.700	0.100	0.100
0.100	0.700	0.100	0.100
0.700	0.100	0.100	0.100
0.100	0.700	0.100	0.100
0.700	0.100	0.100	0.100
>CTCAGCCTCA	5-CTCAGCCTCA	10.296193	-5.286825	0	T:1.0(14.29%),B:2.0(0.07%),P:1e-2	Tpos:94.0,Tstd:0.0,Bpos:48.0,Bstd:10.0,StrandBias:10.0,Multiplicity:1.00
0.100	0.700	0.100	0.100
0.100	0.100	0.100	0.700
0.100	0.700	0.100	0.100
0.700	0.100	0.100	0.100
0.100	0.100	0.700	0.100
0.100	0.700	0.100	0.100
0.100	0.700	0.100	0.100
0.100	0.100	0.100	0.700
0.100	0.700	0.100	0.100
0.700	0.100	0.100	0.100
