>TCTAGATT	1-TCTAGATT	6.342969	-64.273306	0	T:26.0(26.26%),B:1.9(1.98%),P:1e-27	Tpos:101.8,Tstd:62.4,Bpos:109.5,Bstd:6.5,StrandBias:-0.2,Multiplicity:1.24
0.001	0.001	0.001	0.997
0.001	0.997	0.001	0.001
0.001	0.259	0.001	0.739
0.740	0.001	0.065	0.194
0.001	0.065	0.933	0.001
0.869	0.065	0.001	0.065
0.066	0.032	0.296	0.606
0.001	0.177	0.065	0.757
>GGTTAGGG	2-GGTTAGGG	5.651355	-61.684265	0	T:31.0(31.31%),B:2.5(2.64%),P:1e-26	Tpos:100.0,Tstd:59.9,Bpos:86.8,Bstd:46.9,StrandBias:0.1,Multiplicity:1.13
0.096	0.041	0.716	0.147
0.082	0.070	0.793	0.055
0.083	0.033	0.096	0.788
0.097	0.042	0.146	0.715
0.783	0.027	0.099	0.091
0.110	0.014	0.753	0.123
0.101	0.055	0.789	0.055
0.110	0.123	0.697	0.070
>AATTSACT	3-AATTSACT	5.320292	-49.846797	0	T:27.0(27.27%),B:2.7(2.88%),P:1e-21	Tpos:99.5,Tstd:44.0,Bpos:121.2,Bstd:48.1,StrandBias:1.4,Multiplicity:1.29
0.997	0.001	0.001	0.001
0.934	0.040	0.025	0.001
0.039	0.001	0.001	0.959
0.001	0.001	0.101	0.897
0.001	0.515	0.483	0.001
0.997	0.001	0.001	0.001
0.268	0.710	0.001	0.021
0.268	0.001	0.001	0.730
>GWATTCAT	4-GWATTCAT	6.719168	-47.372224	0	T:21.0(21.21%),B:1.9(2.00%),P:1e-20	Tpos:112.8,Tstd:56.4,Bpos:25.7,Bstd:12.9,StrandBias:0.0,Multiplicity:1.43
0.055	0.055	0.780	0.110
0.460	0.001	0.215	0.324
0.580	0.001	0.001	0.418
0.001	0.001	0.286	0.712
0.001	0.001	0.001	0.997
0.001	0.997	0.001	0.001
0.997	0.001	0.001	0.001
0.001	0.001	0.362	0.636
>GATGACAA	5-GATGACAA	5.929478	-47.372224	0	T:21.0(21.21%),B:1.6(1.69%),P:1e-20	Tpos:90.6,Tstd:47.2,Bpos:86.1,Bstd:58.6,StrandBias:0.2,Multiplicity:1.20
0.079	0.332	0.510	0.079
0.767	0.113	0.041	0.079
0.128	0.040	0.233	0.599
0.001	0.118	0.834	0.047
0.756	0.118	0.125	0.001
0.001	0.959	0.039	0.001
0.802	0.079	0.040	0.079
0.785	0.080	0.134	0.001
>GTCCTAGC	6-GTCCTAGC	5.343556	-41.983522	0	T:34.0(34.34%),B:5.7(6.05%),P:1e-18	Tpos:99.0,Tstd:58.1,Bpos:107.6,Bstd:50.8,StrandBias:0.7,Multiplicity:1.19
0.052	0.213	0.689	0.046
0.075	0.046	0.098	0.781
0.069	0.787	0.046	0.098
0.069	0.763	0.023	0.145
0.069	0.115	0.001	0.815
0.764	0.023	0.023	0.190
0.046	0.115	0.746	0.093
0.138	0.717	0.052	0.093
>GACTCAGA	7-GACTCAGA	6.896025	-41.490239	0	T:24.0(24.24%),B:2.4(2.55%),P:1e-18	Tpos:105.6,Tstd:56.9,Bpos:132.4,Bstd:69.1,StrandBias:0.3,Multiplicity:1.12
0.338	0.038	0.586	0.038
0.851	0.001	0.037	0.111
0.001	0.997	0.001	0.001
0.037	0.001	0.001	0.961
0.037	0.925	0.001	0.037
0.997	0.001	0.001	0.001
0.037	0.001	0.925	0.037
0.961	0.037	0.001	0.001
>TGTGGCAC	8-TGTGGCAC	4.996928	-41.013183	0	T:19.0(19.19%),B:1.8(1.88%),P:1e-17	Tpos:108.3,Tstd:64.5,Bpos:88.4,Bstd:12.2,StrandBias:1.3,Multiplicity:1.00
0.268	0.029	0.215	0.488
0.058	0.119	0.556	0.267
0.285	0.001	0.235	0.480
0.136	0.058	0.690	0.116
0.240	0.141	0.420	0.198
0.170	0.632	0.157	0.041
0.617	0.287	0.001	0.095
0.058	0.538	0.185	0.219
>TGTGCAAA	9-TGTGCAAA	5.877230	-38.810431	0	T:23.0(23.23%),B:3.0(3.15%),P:1e-16	Tpos:121.8,Tstd:53.1,Bpos:137.1,Bstd:24.0,StrandBias:0.1,Multiplicity:1.14
0.001	0.001	0.335	0.663
0.001	0.001	0.892	0.106
0.001	0.001	0.134	0.864
0.107	0.107	0.785	0.001
0.126	0.724	0.019	0.131
0.766	0.107	0.001	0.126
0.890	0.108	0.001	0.001
0.980	0.001	0.018	0.001
>CGAGGGGA	10-CGAGGGGA	5.978053	-36.185907	0	T:22.0(22.22%),B:2.9(3.07%),P:1e-15	Tpos:88.0,Tstd:54.4,Bpos:147.3,Bstd:47.4,StrandBias:-0.5,Multiplicity:1.29
0.235	0.538	0.153	0.074
0.047	0.183	0.653	0.117
0.695	0.001	0.183	0.121
0.047	0.023	0.883	0.047
0.051	0.001	0.832	0.116
0.046	0.001	0.815	0.138
0.070	0.070	0.813	0.047
0.828	0.051	0.116	0.005
>CAACACRA	11-CAACACRA	6.570827	-34.908129	0	T:17.0(17.17%),B:1.6(1.72%),P:1e-15	Tpos:108.6,Tstd:54.1,Bpos:94.0,Bstd:38.4,StrandBias:1.0,Multiplicity:1.06
0.070	0.825	0.070	0.035
0.872	0.075	0.018	0.035
0.886	0.057	0.035	0.022
0.070	0.838	0.070	0.022
0.777	0.135	0.018	0.070
0.285	0.552	0.088	0.075
0.327	0.123	0.458	0.092
0.837	0.070	0.053	0.040
>NCGGAGTN	12-NCGGAGTN	4.323077	-34.908129	0	T:17.0(17.17%),B:1.5(1.57%),P:1e-15	Tpos:68.8,Tstd:60.2,Bpos:92.2,Bstd:32.8,StrandBias:-0.2,Multiplicity:1.13
0.230	0.211	0.256	0.302
0.165	0.446	0.218	0.171
0.231	0.074	0.486	0.209
0.119	0.152	0.636	0.093
0.615	0.069	0.174	0.142
0.096	0.146	0.646	0.112
0.160	0.128	0.186	0.526
0.197	0.237	0.345	0.221
>ACCACGTG	13-ACCACGTG	6.950385	-34.908129	0	T:17.0(17.17%),B:1.3(1.36%),P:1e-15	Tpos:107.7,Tstd:57.4,Bpos:68.8,Bstd:33.0,StrandBias:-0.4,Multiplicity:1.07
0.683	0.158	0.001	0.158
0.326	0.672	0.001	0.001
0.001	0.997	0.001	0.001
0.950	0.001	0.048	0.001
0.270	0.646	0.001	0.083
0.182	0.001	0.816	0.001
0.316	0.001	0.001	0.682
0.205	0.001	0.793	0.001
>GCGCTACC	14-GCGCTACC	5.764830	-33.618342	0	T:21.0(21.21%),B:2.7(2.86%),P:1e-14	Tpos:132.2,Tstd:57.7,Bpos:147.7,Bstd:17.8,StrandBias:-0.6,Multiplicity:1.19
0.131	0.066	0.761	0.042
0.141	0.709	0.108	0.042
0.230	0.066	0.563	0.141
0.001	0.900	0.066	0.033
0.131	0.001	0.001	0.867
0.694	0.165	0.066	0.075
0.033	0.850	0.075	0.042
0.033	0.736	0.033	0.198
>GGTTTATT	15-GGTTTATT	6.291044	-31.109580	0	T:20.0(20.20%),B:2.2(2.34%),P:1e-13	Tpos:84.9,Tstd:55.4,Bpos:66.2,Bstd:33.5,StrandBias:0.3,Multiplicity:1.25
0.100	0.100	0.700	0.100
0.100	0.100	0.700	0.100
0.100	0.100	0.100	0.700
0.100	0.100	0.100	0.700
0.100	0.100	0.100	0.700
0.700	0.100	0.100	0.100
0.100	0.100	0.100	0.700
0.100	0.100	0.100	0.700
>AAACAAAC	16-AAACAAAC	7.697114	-26.276845	0	T:18.0(18.18%),B:3.0(3.13%),P:1e-11	Tpos:108.8,Tstd:50.3,Bpos:69.1,Bstd:79.7,StrandBias:0.8,Multiplicity:1.56
0.997	0.001	0.001	0.001
0.905	0.093	0.001	0.001
0.967	0.001	0.016	0.016
0.001	0.950	0.048	0.001
0.967	0.001	0.016	0.016
0.935	0.048	0.016	0.001
0.890	0.001	0.093	0.016
0.001	0.997	0.001	0.001
>AWCTTAAK	17-AWCTTAAK	6.435000	-26.276845	0	T:18.0(18.18%),B:3.0(3.13%),P:1e-11	Tpos:115.2,Tstd:54.2,Bpos:9.4,Bstd:6.7,StrandBias:0.7,Multiplicity:1.11
0.583	0.382	0.034	0.001
0.417	0.001	0.034	0.548
0.095	0.732	0.001	0.172
0.001	0.120	0.001	0.878
0.001	0.001	0.001	0.997
0.997	0.001	0.001	0.001
0.878	0.001	0.001	0.120
0.001	0.001	0.453	0.545
>TTGGAWAC	18-TTGGAWAC	5.834958	-23.957647	0	T:17.0(17.17%),B:3.0(3.12%),P:1e-10	Tpos:72.3,Tstd:54.1,Bpos:102.0,Bstd:36.3,StrandBias:-0.4,Multiplicity:1.08
0.001	0.001	0.001	0.997
0.001	0.078	0.001	0.920
0.078	0.001	0.920	0.001
0.001	0.001	0.997	0.001
0.841	0.001	0.079	0.079
0.448	0.079	0.079	0.395
0.997	0.001	0.001	0.001
0.001	0.997	0.001	0.001
>SGCCCAGA	19-SGCCCAGA	7.189939	-19.527691	0	T:15.0(15.15%),B:3.0(3.13%),P:1e-8	Tpos:110.3,Tstd:48.2,Bpos:104.2,Bstd:13.7,StrandBias:0.3,Multiplicity:1.20
0.064	0.509	0.363	0.064
0.189	0.064	0.683	0.064
0.001	0.997	0.001	0.001
0.001	0.935	0.001	0.063
0.001	0.997	0.001	0.001
0.997	0.001	0.001	0.001
0.001	0.001	0.997	0.001
0.935	0.063	0.001	0.001
>NTTTTTTN	20-NTTTTTTN	5.177402	-18.368212	0	T:11.0(11.11%),B:0.7(0.75%),P:1e-7	Tpos:58.6,Tstd:66.0,Bpos:167.0,Bstd:0.0,StrandBias:-1.4,Multiplicity:1.00
0.236	0.259	0.217	0.289
0.130	0.187	0.124	0.559
0.106	0.157	0.167	0.570
0.108	0.157	0.157	0.578
0.108	0.203	0.140	0.549
0.117	0.171	0.155	0.557
0.132	0.137	0.148	0.583
0.211	0.220	0.250	0.318
>CAGGGTAC	21-CAGGGTAC	4.930893	-17.903644	0	T:17.0(17.17%),B:3.8(3.99%),P:1e-7	Tpos:110.0,Tstd:49.6,Bpos:91.8,Bstd:51.2,StrandBias:-0.5,Multiplicity:1.19
0.113	0.660	0.124	0.103
0.709	0.045	0.075	0.171
0.140	0.064	0.704	0.092
0.167	0.077	0.601	0.155
0.114	0.133	0.627	0.126
0.129	0.163	0.156	0.552
0.518	0.154	0.163	0.165
0.126	0.633	0.122	0.119
>AGAGTTCT	22-AGAGTTCT	7.054079	-17.423646	0	T:14.0(14.14%),B:2.6(2.74%),P:1e-7	Tpos:120.5,Tstd:60.9,Bpos:120.6,Bstd:12.7,StrandBias:1.5,Multiplicity:1.27
0.936	0.001	0.062	0.001
0.001	0.001	0.997	0.001
0.875	0.062	0.001	0.062
0.375	0.001	0.562	0.062
0.001	0.001	0.001	0.997
0.001	0.001	0.001	0.997
0.062	0.936	0.001	0.001
0.001	0.001	0.062	0.936
>AACGTCTC	23-AACGTCTC	5.102666	-15.470238	0	T:18.0(18.18%),B:5.0(5.24%),P:1e-6	Tpos:97.8,Tstd:57.5,Bpos:98.4,Bstd:25.9,StrandBias:-0.2,Multiplicity:1.13
0.680	0.111	0.102	0.107
0.636	0.120	0.129	0.115
0.163	0.558	0.158	0.121
0.145	0.198	0.500	0.157
0.121	0.193	0.135	0.551
0.070	0.699	0.120	0.111
0.121	0.157	0.055	0.667
0.078	0.722	0.121	0.079
>TTGCAGCG	24-TTGCAGCG	6.291044	-15.398782	0	T:13.0(13.13%),B:3.0(3.15%),P:1e-6	Tpos:89.5,Tstd:61.5,Bpos:162.9,Bstd:15.9,StrandBias:0.6,Multiplicity:1.15
0.100	0.100	0.100	0.700
0.100	0.100	0.100	0.700
0.100	0.100	0.700	0.100
0.100	0.700	0.100	0.100
0.700	0.100	0.100	0.100
0.100	0.100	0.700	0.100
0.100	0.700	0.100	0.100
0.100	0.100	0.700	0.100
>AGTGCTCT	25-AGTGCTCT	6.291044	-9.458295	0	T:21.0(21.21%),B:8.9(9.34%),P:1e-4	Tpos:114.2,Tstd:51.5,Bpos:136.0,Bstd:66.6,StrandBias:-0.4,Multiplicity:1.22
0.700	0.100	0.100	0.100
0.100	0.100	0.700	0.100
0.100	0.100	0.100	0.700
0.100	0.100	0.700	0.100
0.100	0.700	0.100	0.100
0.100	0.100	0.100	0.700
0.100	0.700	0.100	0.100
0.100	0.100	0.100	0.700
