>TCGACCAG	1-TCGACCAG	7.255356	-14.806724	0	T:7.0(11.48%),B:22.0(0.74%),P:1e-6	Tpos:37.0,Tstd:21.3,Bpos:28.3,Bstd:19.4,StrandBias:-1.3,Multiplicity:1.00
0.238	0.001	0.001	0.760
0.001	0.898	0.100	0.001
0.001	0.036	0.821	0.142
0.760	0.238	0.001	0.001
0.139	0.620	0.240	0.001
0.001	0.997	0.001	0.001
0.997	0.001	0.001	0.001
0.319	0.001	0.679	0.001
>AGACGGCA	2-AGACGGCA	5.540131	-14.146900	0	T:6.0(9.84%),B:15.0(0.50%),P:1e-6	Tpos:29.3,Tstd:13.9,Bpos:45.7,Bstd:23.6,StrandBias:-1.0,Multiplicity:1.00
0.997	0.001	0.001	0.001
0.001	0.001	0.997	0.001
0.953	0.001	0.001	0.045
0.001	0.997	0.001	0.001
0.001	0.001	0.997	0.001
0.045	0.001	0.953	0.001
0.001	0.877	0.030	0.092
0.997	0.001	0.001	0.001
>ATTGGTGG	3-ATTGGTGG	8.236954	-9.403511	0	T:3.0(4.92%),B:4.0(0.13%),P:1e-4	Tpos:45.0,Tstd:36.4,Bpos:71.8,Bstd:23.5,StrandBias:10.0,Multiplicity:1.00
0.700	0.100	0.100	0.100
0.100	0.100	0.100	0.700
0.100	0.100	0.100	0.700
0.100	0.100	0.700	0.100
0.100	0.100	0.700	0.100
0.100	0.100	0.100	0.700
0.100	0.100	0.700	0.100
0.100	0.100	0.700	0.100
>TTGATGGA	4-TTGATGGA	8.381735	-8.524981	0	T:6.0(9.84%),B:41.0(1.38%),P:1e-3	Tpos:44.6,Tstd:18.6,Bpos:50.1,Bstd:21.9,StrandBias:0.0,Multiplicity:1.33
0.001	0.001	0.081	0.917
0.001	0.001	0.315	0.683
0.001	0.157	0.841	0.001
0.813	0.001	0.073	0.113
0.001	0.001	0.001	0.997
0.001	0.001	0.997	0.001
0.157	0.001	0.841	0.001
0.997	0.001	0.001	0.001
>CGGCCGCG	5-CGGCCGCG	8.512272	-4.980046	0	T:2.0(3.28%),B:6.0(0.20%),P:1e-2	Tpos:16.1,Tstd:13.1,Bpos:44.6,Bstd:25.7,StrandBias:0.4,Multiplicity:1.50
0.001	0.827	0.171	0.001
0.001	0.001	0.997	0.001
0.001	0.001	0.997	0.001
0.001	0.997	0.001	0.001
0.001	0.997	0.001	0.001
0.001	0.171	0.827	0.001
0.001	0.827	0.171	0.001
0.171	0.001	0.657	0.171
