>GCCGCGGA	1-GCCGCGGA	8.035488	-16.940570	0	T:7.0(11.48%),B:16.0(0.54%),P:1e-7	Tpos:51.9,Tstd:28.9,Bpos:46.9,Bstd:28.4,StrandBias:1.6,Multiplicity:1.14
0.133	0.001	0.865	0.001
0.001	0.997	0.001	0.001
0.001	0.865	0.133	0.001
0.001	0.001	0.865	0.133
0.001	0.889	0.001	0.109
0.110	0.001	0.756	0.133
0.001	0.001	0.997	0.001
0.889	0.001	0.001	0.109
>GTTGGGTT	2-GTTGGGTT	8.594197	-14.511602	0	T:8.0(13.11%),B:34.0(1.14%),P:1e-6	Tpos:60.8,Tstd:29.9,Bpos:44.2,Bstd:32.2,StrandBias:0.7,Multiplicity:1.00
0.001	0.100	0.898	0.001
0.001	0.001	0.001	0.997
0.001	0.001	0.001	0.997
0.001	0.001	0.997	0.001
0.001	0.001	0.997	0.001
0.001	0.001	0.997	0.001
0.001	0.001	0.159	0.839
0.001	0.001	0.001	0.997
>TWYKCGCG	3-TWYKCGCG	8.813589	-7.124702	0	T:2.0(3.28%),B:2.0(0.07%),P:1e-3	Tpos:73.0,Tstd:6.0,Bpos:32.0,Bstd:13.0,StrandBias:0.0,Multiplicity:1.00
0.001	0.001	0.001	0.997
0.443	0.001	0.113	0.443
0.001	0.532	0.001	0.466
0.001	0.001	0.556	0.442
0.001	0.997	0.001	0.001
0.001	0.001	0.997	0.001
0.001	0.997	0.001	0.001
0.001	0.001	0.997	0.001
>ACTGGACA	4-ACTGGACA	8.290054	-7.037972	0	T:5.0(8.20%),B:36.0(1.21%),P:1e-3	Tpos:55.6,Tstd:28.1,Bpos:47.1,Bstd:23.1,StrandBias:-2.0,Multiplicity:2.00
0.997	0.001	0.001	0.001
0.001	0.997	0.001	0.001
0.001	0.001	0.186	0.812
0.103	0.001	0.800	0.096
0.001	0.001	0.903	0.095
0.997	0.001	0.001	0.001
0.001	0.997	0.001	0.001
0.997	0.001	0.001	0.001
>RGGGGGGR	5-RGGGGGGR	8.426449	-6.799715	0	T:4.0(6.56%),B:22.0(0.74%),P:1e-2	Tpos:52.5,Tstd:31.9,Bpos:49.4,Bstd:29.2,StrandBias:2.2,Multiplicity:1.00
0.426	0.001	0.572	0.001
0.329	0.001	0.669	0.001
0.001	0.120	0.818	0.061
0.001	0.001	0.997	0.001
0.001	0.127	0.871	0.001
0.001	0.120	0.878	0.001
0.171	0.001	0.827	0.001
0.474	0.001	0.389	0.136
>CTCTAGCC	6-CTCTAGCC	8.349853	-6.360572	0	T:5.0(8.20%),B:42.0(1.41%),P:1e-2	Tpos:44.8,Tstd:27.5,Bpos:54.7,Bstd:23.8,StrandBias:0.6,Multiplicity:2.00
0.001	0.924	0.074	0.001
0.001	0.001	0.001	0.997
0.001	0.997	0.001	0.001
0.001	0.001	0.001	0.997
0.997	0.001	0.001	0.001
0.001	0.001	0.997	0.001
0.001	0.888	0.001	0.110
0.001	0.997	0.001	0.001
