>GTTGCACAGG	1-GTTGCACAGG	11.276337	-20.580232	0	T:6.0(9.84%),B:5.0(0.17%),P:1e-8	Tpos:41.7,Tstd:25.5,Bpos:52.4,Bstd:31.7,StrandBias:0.0,Multiplicity:1.00
0.001	0.001	0.997	0.001
0.166	0.166	0.001	0.667
0.001	0.001	0.001	0.997
0.001	0.001	0.997	0.001
0.001	0.832	0.001	0.166
0.832	0.001	0.001	0.166
0.001	0.997	0.001	0.001
0.997	0.001	0.001	0.001
0.001	0.001	0.997	0.001
0.001	0.166	0.832	0.001
>CCCAGAGGTA	2-CCCAGAGGTA	11.206261	-13.036673	0	T:5.0(8.20%),B:10.0(0.34%),P:1e-5	Tpos:46.2,Tstd:23.6,Bpos:49.2,Bstd:23.1,StrandBias:1.0,Multiplicity:1.20
0.001	0.815	0.001	0.183
0.001	0.815	0.001	0.183
0.001	0.997	0.001	0.001
0.997	0.001	0.001	0.001
0.001	0.001	0.997	0.001
0.997	0.001	0.001	0.001
0.001	0.001	0.997	0.001
0.001	0.001	0.815	0.183
0.001	0.132	0.132	0.735
0.997	0.001	0.001	0.001
>GCTYTGTTAG	3-GCTYTGTTAG	6.251895	-11.012062	0	T:12.0(19.67%),B:135.0(4.54%),P:1e-4	Tpos:53.9,Tstd:24.4,Bpos:49.7,Bstd:25.6,StrandBias:0.0,Multiplicity:1.33
0.001	0.179	0.641	0.179
0.001	0.819	0.001	0.179
0.001	0.068	0.001	0.930
0.179	0.359	0.001	0.461
0.001	0.001	0.179	0.819
0.001	0.001	0.997	0.001
0.001	0.001	0.001	0.997
0.179	0.179	0.001	0.641
0.744	0.001	0.248	0.007
0.001	0.001	0.997	0.001
>GTGTTACTAT	4-GTGTTACTAT	9.198097	-10.607681	0	T:6.0(9.84%),B:28.0(0.94%),P:1e-4	Tpos:44.5,Tstd:22.0,Bpos:46.4,Bstd:27.3,StrandBias:-1.6,Multiplicity:1.33
0.001	0.189	0.809	0.001
0.189	0.001	0.001	0.809
0.380	0.001	0.618	0.001
0.001	0.001	0.001	0.997
0.001	0.001	0.001	0.997
0.809	0.001	0.189	0.001
0.189	0.809	0.001	0.001
0.190	0.190	0.190	0.429
0.809	0.001	0.189	0.001
0.001	0.001	0.001	0.997
>TGTGACAGAA	5-TGTGACAGAA	10.296193	-8.497807	0	T:2.0(3.28%),B:0.0(0.00%),P:1e-3	Tpos:60.7,Tstd:27.6,Bpos:0.0,Bstd:0.0,StrandBias:2.3,Multiplicity:3.00
0.100	0.100	0.100	0.700
0.100	0.100	0.700	0.100
0.100	0.100	0.100	0.700
0.100	0.100	0.700	0.100
0.700	0.100	0.100	0.100
0.100	0.700	0.100	0.100
0.700	0.100	0.100	0.100
0.100	0.100	0.700	0.100
0.700	0.100	0.100	0.100
0.700	0.100	0.100	0.100
