>ACACACTGTCAC	1-ACACACTGTCAC	9.947163	-21.338672	0	T:9.0(14.75%),B:21.0(0.71%),P:1e-9	Tpos:44.4,Tstd:30.9,Bpos:54.8,Bstd:20.5,StrandBias:3.0,Multiplicity:1.00
0.520	0.319	0.001	0.160
0.001	0.997	0.001	0.001
0.997	0.001	0.001	0.001
0.001	0.679	0.319	0.001
0.997	0.001	0.001	0.001
0.192	0.646	0.161	0.001
0.166	0.160	0.001	0.673
0.194	0.166	0.480	0.160
0.198	0.001	0.001	0.800
0.159	0.839	0.001	0.001
0.997	0.001	0.001	0.001
0.001	0.997	0.001	0.001
>CACWCACACACA	2-CACWCACACACA	6.314327	-16.737101	0	T:14.0(22.95%),B:113.0(3.80%),P:1e-7	Tpos:35.8,Tstd:26.0,Bpos:50.3,Bstd:26.0,StrandBias:0.7,Multiplicity:1.25
0.001	0.809	0.001	0.189
0.580	0.001	0.001	0.418
0.001	0.997	0.001	0.001
0.429	0.001	0.190	0.380
0.228	0.770	0.001	0.001
0.429	0.190	0.190	0.190
0.001	0.960	0.038	0.001
0.619	0.190	0.001	0.190
0.001	0.809	0.001	0.189
0.997	0.001	0.001	0.001
0.001	0.809	0.001	0.189
0.809	0.189	0.001	0.001
>TGTAACCAMTCC	3-TGTAACCAMTCC	9.828035	-15.438267	0	T:6.0(9.84%),B:12.0(0.40%),P:1e-6	Tpos:50.5,Tstd:26.5,Bpos:41.6,Bstd:27.5,StrandBias:1.6,Multiplicity:1.33
0.001	0.001	0.001	0.997
0.001	0.190	0.619	0.190
0.190	0.001	0.190	0.619
0.618	0.001	0.380	0.001
0.809	0.001	0.189	0.001
0.001	0.997	0.001	0.001
0.001	0.997	0.001	0.001
0.809	0.001	0.001	0.189
0.428	0.570	0.001	0.001
0.001	0.001	0.001	0.997
0.001	0.619	0.190	0.190
0.380	0.618	0.001	0.001
>GMAGAACTASTT	4-GMAGAACTASTT	8.105151	-14.479690	0	T:4.0(6.56%),B:3.0(0.10%),P:1e-6	Tpos:58.2,Tstd:11.1,Bpos:63.7,Bstd:34.4,StrandBias:0.0,Multiplicity:1.00
0.027	0.001	0.971	0.001
0.556	0.442	0.001	0.001
0.943	0.001	0.028	0.028
0.001	0.001	0.971	0.027
0.997	0.001	0.001	0.001
0.971	0.001	0.001	0.027
0.001	0.997	0.001	0.001
0.027	0.001	0.001	0.971
0.997	0.001	0.001	0.001
0.001	0.442	0.556	0.001
0.001	0.001	0.001	0.997
0.001	0.001	0.001	0.997
>GCAGAGAGCTTG	5-GCAGAGAGCTTG	10.647838	-13.518622	0	T:3.0(4.92%),B:1.0(0.03%),P:1e-5	Tpos:44.8,Tstd:26.1,Bpos:75.0,Bstd:0.0,StrandBias:2.0,Multiplicity:1.67
0.001	0.001	0.997	0.001
0.001	0.997	0.001	0.001
0.997	0.001	0.001	0.001
0.001	0.001	0.997	0.001
0.997	0.001	0.001	0.001
0.203	0.001	0.795	0.001
0.931	0.067	0.001	0.001
0.001	0.203	0.795	0.001
0.001	0.931	0.001	0.067
0.001	0.001	0.001	0.997
0.001	0.001	0.001	0.997
0.001	0.001	0.997	0.001
>GACACTSAGTGT	6-GACACTSAGTGT	10.532996	-13.518622	0	T:3.0(4.92%),B:0.0(0.00%),P:1e-5	Tpos:51.2,Tstd:17.3,Bpos:0.0,Bstd:0.0,StrandBias:-0.6,Multiplicity:1.00
0.001	0.001	0.618	0.380
0.997	0.001	0.001	0.001
0.001	0.771	0.190	0.038
0.809	0.001	0.001	0.189
0.189	0.809	0.001	0.001
0.001	0.001	0.189	0.809
0.042	0.381	0.381	0.197
0.619	0.190	0.190	0.001
0.001	0.001	0.809	0.189
0.189	0.001	0.001	0.809
0.003	0.190	0.806	0.001
0.001	0.001	0.001	0.997
>GCTSCTSCTGCT	7-GCTSCTSCTGCT	9.779968	-6.223932	0	T:3.0(4.92%),B:12.0(0.40%),P:1e-2	Tpos:70.3,Tstd:19.6,Bpos:58.8,Bstd:27.7,StrandBias:-1.2,Multiplicity:2.33
0.001	0.013	0.985	0.001
0.001	0.997	0.001	0.001
0.001	0.224	0.001	0.774
0.001	0.507	0.491	0.001
0.001	0.997	0.001	0.001
0.001	0.013	0.001	0.985
0.001	0.491	0.507	0.001
0.001	0.997	0.001	0.001
0.013	0.001	0.001	0.985
0.001	0.001	0.774	0.224
0.001	0.549	0.225	0.225
0.001	0.001	0.001	0.997
>CTRTYCYAGYCT	8-CTRTYCYAGYCT	14.206802	-3.897526	0	T:1.0(1.64%),B:0.0(0.00%),P:1e-1	Tpos:40.0,Tstd:25.0,Bpos:0.0,Bstd:0.0,StrandBias:10.0,Multiplicity:2.00
0.001	0.997	0.001	0.001
0.001	0.001	0.001	0.997
0.442	0.001	0.556	0.001
0.001	0.056	0.001	0.942
0.001	0.556	0.001	0.442
0.001	0.997	0.001	0.001
0.001	0.556	0.001	0.442
0.997	0.001	0.001	0.001
0.001	0.001	0.997	0.001
0.001	0.556	0.001	0.442
0.001	0.997	0.001	0.001
0.001	0.001	0.001	0.997
