>CTTTTAGT	1-CTTTTAGT	8.999785	-13.266515	0	T:6.0(8.57%),B:763.0(0.51%),P:1e-5	Tpos:36.0,Tstd:25.0,Bpos:49.5,Bstd:26.9,StrandBias:0.6,Multiplicity:1.00
0.001	0.997	0.001	0.001
0.001	0.001	0.001	0.997
0.001	0.159	0.001	0.839
0.001	0.001	0.001	0.997
0.001	0.001	0.001	0.997
0.922	0.001	0.001	0.076
0.001	0.142	0.856	0.001
0.001	0.001	0.001	0.997
>ACTGGGTG	2-ACTGGGTG	7.717056	-11.453217	0	T:13.0(18.57%),B:6606.0(4.41%),P:1e-4	Tpos:61.2,Tstd:21.4,Bpos:49.6,Bstd:27.2,StrandBias:-1.0,Multiplicity:1.00
0.677	0.321	0.001	0.001
0.001	0.973	0.001	0.025
0.001	0.001	0.015	0.983
0.001	0.001	0.997	0.001
0.126	0.001	0.872	0.001
0.001	0.145	0.853	0.001
0.001	0.222	0.001	0.776
0.194	0.107	0.698	0.001
>GCCCATGG	3-GCCCATGG	5.735692	-9.385119	0	T:19.0(27.14%),B:15800.0(10.55%),P:1e-4	Tpos:44.8,Tstd:22.3,Bpos:49.9,Bstd:27.3,StrandBias:-0.2,Multiplicity:1.37
0.115	0.026	0.820	0.039
0.017	0.723	0.153	0.107
0.026	0.709	0.058	0.207
0.028	0.893	0.033	0.046
0.756	0.068	0.063	0.113
0.169	0.101	0.103	0.627
0.161	0.019	0.723	0.097
0.053	0.180	0.766	0.001
>TCGGTGGC	4-TCGGTGGC	6.022320	-8.007816	0	T:18.0(25.71%),B:16081.0(10.73%),P:1e-3	Tpos:48.1,Tstd:23.2,Bpos:50.1,Bstd:26.9,StrandBias:-0.3,Multiplicity:1.22
0.001	0.068	0.170	0.761
0.072	0.578	0.196	0.154
0.113	0.001	0.594	0.292
0.102	0.109	0.788	0.001
0.086	0.001	0.150	0.763
0.001	0.001	0.885	0.113
0.001	0.001	0.997	0.001
0.201	0.704	0.001	0.094
>ACACACAC	5-ACACACAC	-2.781001	-2.316495	0	T:34.0(48.57%),B:60332.0(40.27%),P:1e-1	Tpos:62.2,Tstd:24.6,Bpos:49.6,Bstd:27.5,StrandBias:1.3,Multiplicity:1.15
0.997	0.001	0.001	0.001
0.001	0.965	0.001	0.033
0.960	0.001	0.038	0.001
0.001	0.997	0.001	0.001
0.997	0.001	0.001	0.001
0.001	0.997	0.001	0.001
0.997	0.001	0.001	0.001
0.001	0.997	0.001	0.001
