>AAGCTCCACT	1-AAGCTCCACT	6.829678	-19.499455	0	T:4.0(44.44%),B:4.0(0.23%),P:1e-8	Tpos:53.8,Tstd:30.1,Bpos:38.5,Bstd:31.2,StrandBias:0.6,Multiplicity:1.25
0.997	0.001	0.001	0.001
0.997	0.001	0.001	0.001
0.001	0.001	0.959	0.039
0.001	0.840	0.001	0.158
0.039	0.001	0.001	0.959
0.001	0.997	0.001	0.001
0.039	0.959	0.001	0.001
0.840	0.158	0.001	0.001
0.001	0.997	0.001	0.001
0.001	0.001	0.001	0.997
>TGGSCAWTGA	2-TGGSCAWTGA	10.151828	-15.898710	0	T:3.0(33.33%),B:2.0(0.11%),P:1e-6	Tpos:22.0,Tstd:25.5,Bpos:42.0,Bstd:20.0,StrandBias:0.0,Multiplicity:1.33
0.001	0.001	0.001	0.997
0.001	0.001	0.997	0.001
0.001	0.001	0.997	0.001
0.001	0.456	0.542	0.001
0.001	0.997	0.001	0.001
0.997	0.001	0.001	0.001
0.456	0.001	0.001	0.542
0.001	0.001	0.085	0.913
0.001	0.001	0.997	0.001
0.997	0.001	0.001	0.001
>CACCTGCACC	3-CACCTGCACC	10.423283	-14.805461	0	T:4.0(44.44%),B:13.0(0.74%),P:1e-6	Tpos:47.5,Tstd:26.5,Bpos:47.6,Bstd:25.1,StrandBias:0.0,Multiplicity:1.00
0.001	0.997	0.001	0.001
0.666	0.332	0.001	0.001
0.001	0.997	0.001	0.001
0.001	0.666	0.001	0.332
0.001	0.001	0.001	0.997
0.001	0.001	0.997	0.001
0.332	0.666	0.001	0.001
0.666	0.001	0.001	0.332
0.332	0.666	0.001	0.001
0.001	0.997	0.001	0.001
>GTRGYWASCT	4-GTRGYWASCT	11.014873	-14.684887	0	T:3.0(33.33%),B:3.0(0.17%),P:1e-6	Tpos:43.0,Tstd:28.1,Bpos:41.3,Bstd:18.2,StrandBias:10.0,Multiplicity:1.00
0.001	0.001	0.997	0.001
0.001	0.001	0.001	0.997
0.456	0.001	0.542	0.001
0.001	0.001	0.997	0.001
0.001	0.499	0.001	0.499
0.499	0.001	0.001	0.499
0.997	0.001	0.001	0.001
0.001	0.456	0.542	0.001
0.001	0.956	0.042	0.001
0.001	0.001	0.001	0.997
>GGGTAGGGCA	5-GGGTAGGGCA	9.003775	-12.613165	0	T:3.0(33.33%),B:6.0(0.34%),P:1e-5	Tpos:58.0,Tstd:8.5,Bpos:42.5,Bstd:32.9,StrandBias:-1.0,Multiplicity:1.00
0.001	0.001	0.997	0.001
0.001	0.001	0.997	0.001
0.001	0.001	0.997	0.001
0.001	0.052	0.001	0.946
0.997	0.001	0.001	0.001
0.053	0.001	0.840	0.106
0.001	0.001	0.997	0.001
0.001	0.001	0.997	0.001
0.158	0.840	0.001	0.001
0.997	0.001	0.001	0.001
