>GATGGGAAGGCA	1-GATGGGAAGGCA	12.751104	-17.975581	0	T:3.0(33.33%),B:0.0(0.00%),P:1e-7	Tpos:43.0,Tstd:5.0,Bpos:0.0,Bstd:0.0,StrandBias:-1.0,Multiplicity:1.00
0.001	0.001	0.997	0.001
0.997	0.001	0.001	0.001
0.001	0.001	0.313	0.685
0.001	0.001	0.997	0.001
0.313	0.001	0.685	0.001
0.372	0.001	0.626	0.001
0.626	0.001	0.372	0.001
0.997	0.001	0.001	0.001
0.001	0.001	0.685	0.313
0.313	0.001	0.685	0.001
0.313	0.685	0.001	0.001
0.997	0.001	0.001	0.001
>AACCRATAMTCA	2-AACCRATAMTCA	10.123673	-14.684887	0	T:3.0(33.33%),B:3.0(0.17%),P:1e-6	Tpos:48.3,Tstd:9.5,Bpos:52.3,Bstd:29.6,StrandBias:-1.0,Multiplicity:1.00
0.997	0.001	0.001	0.001
0.760	0.238	0.001	0.001
0.001	0.961	0.037	0.001
0.238	0.477	0.001	0.283
0.476	0.001	0.522	0.001
0.722	0.276	0.001	0.001
0.001	0.238	0.283	0.477
0.523	0.238	0.001	0.238
0.522	0.476	0.001	0.001
0.001	0.037	0.001	0.961
0.001	0.997	0.001	0.001
0.523	0.001	0.238	0.238
>KGCWGATGAAGA	3-KGCWGATGAAGA	9.457257	-14.237651	0	T:4.0(44.44%),B:15.0(0.86%),P:1e-6	Tpos:50.6,Tstd:23.9,Bpos:61.7,Bstd:22.8,StrandBias:-0.6,Multiplicity:1.25
0.001	0.001	0.522	0.476
0.001	0.276	0.722	0.001
0.001	0.716	0.238	0.045
0.476	0.001	0.001	0.522
0.238	0.001	0.723	0.038
0.484	0.238	0.276	0.001
0.001	0.001	0.001	0.997
0.238	0.001	0.760	0.001
0.760	0.238	0.001	0.001
0.760	0.001	0.238	0.001
0.001	0.001	0.997	0.001
0.760	0.001	0.238	0.001
>WRAYACAWTGTR	4-WRAYACAWTGTR	8.461394	-10.091890	0	T:3.0(33.33%),B:14.0(0.80%),P:1e-4	Tpos:39.4,Tstd:23.7,Bpos:47.8,Bstd:24.4,StrandBias:2.0,Multiplicity:1.33
0.499	0.001	0.001	0.499
0.542	0.001	0.456	0.001
0.956	0.001	0.001	0.042
0.001	0.456	0.086	0.456
0.997	0.001	0.001	0.001
0.001	0.997	0.001	0.001
0.997	0.001	0.001	0.001
0.542	0.001	0.001	0.456
0.001	0.001	0.001	0.997
0.001	0.001	0.997	0.001
0.001	0.001	0.001	0.997
0.542	0.001	0.456	0.001
>TCTCAGSGGGTA	5-TCTCAGSGGGTA	7.393849	-9.577163	0	T:5.0(55.56%),B:102.0(5.83%),P:1e-4	Tpos:48.1,Tstd:20.8,Bpos:45.6,Bstd:26.9,StrandBias:0.4,Multiplicity:1.40
0.323	0.001	0.187	0.489
0.161	0.837	0.001	0.001
0.161	0.323	0.001	0.515
0.001	0.837	0.161	0.001
0.812	0.001	0.001	0.186
0.001	0.161	0.837	0.001
0.162	0.328	0.349	0.162
0.161	0.001	0.677	0.161
0.161	0.001	0.515	0.323
0.001	0.161	0.837	0.001
0.001	0.161	0.161	0.677
0.676	0.001	0.322	0.001
