>CTGCTTAC	1-CTGCTTAC	7.160822	-17.714235	0	T:19.0(23.17%),B:7888.0(5.04%),P:1e-7	Tpos:60.0,Tstd:28.1,Bpos:50.0,Bstd:27.1,StrandBias:0.5,Multiplicity:1.00
0.001	0.899	0.001	0.099
0.001	0.001	0.001	0.997
0.001	0.084	0.914	0.001
0.001	0.776	0.163	0.060
0.096	0.070	0.001	0.833
0.098	0.044	0.052	0.806
0.997	0.001	0.001	0.001
0.001	0.846	0.066	0.087
>TCATTATC	2-TCATTATC	6.079309	-14.241785	0	T:19.0(23.17%),B:9874.0(6.31%),P:1e-6	Tpos:48.2,Tstd:30.3,Bpos:50.3,Bstd:27.0,StrandBias:-0.3,Multiplicity:1.05
0.179	0.238	0.001	0.582
0.001	0.997	0.001	0.001
0.988	0.001	0.001	0.010
0.101	0.016	0.001	0.882
0.021	0.126	0.001	0.852
0.867	0.001	0.001	0.131
0.126	0.132	0.164	0.578
0.001	0.720	0.145	0.134
>CTGGGATC	3-CTGGGATC	6.946327	-14.103713	0	T:20.0(24.39%),B:10995.0(7.03%),P:1e-6	Tpos:48.4,Tstd:21.5,Bpos:49.9,Bstd:27.6,StrandBias:0.8,Multiplicity:1.05
0.093	0.905	0.001	0.001
0.068	0.101	0.001	0.830
0.001	0.001	0.997	0.001
0.001	0.001	0.927	0.071
0.001	0.001	0.997	0.001
0.805	0.076	0.001	0.118
0.001	0.054	0.225	0.720
0.069	0.863	0.043	0.025
>CGCTCACT	4-CGCTCACT	8.037221	-12.200003	0	T:8.0(9.76%),B:1795.0(1.15%),P:1e-5	Tpos:55.8,Tstd:29.9,Bpos:50.0,Bstd:26.6,StrandBias:0.0,Multiplicity:1.25
0.041	0.865	0.051	0.043
0.040	0.001	0.958	0.001
0.001	0.997	0.001	0.001
0.083	0.001	0.001	0.915
0.001	0.997	0.001	0.001
0.556	0.240	0.062	0.142
0.113	0.777	0.001	0.109
0.001	0.001	0.001	0.997
>CATGGTAC	5-CATGGTAC	7.224853	-8.181689	0	T:9.0(10.98%),B:4053.0(2.59%),P:1e-3	Tpos:57.7,Tstd:22.5,Bpos:49.7,Bstd:26.9,StrandBias:-1.0,Multiplicity:1.00
0.001	0.997	0.001	0.001
0.895	0.103	0.001	0.001
0.193	0.001	0.324	0.482
0.001	0.001	0.745	0.253
0.001	0.253	0.548	0.198
0.001	0.001	0.103	0.895
0.639	0.167	0.001	0.193
0.084	0.914	0.001	0.001
