>CCAATCTC	1-CCAATCTC	4.839771	-15.964395	0	T:39.0(47.56%),B:33326.0(21.30%),P:1e-6	Tpos:47.5,Tstd:26.2,Bpos:50.2,Bstd:27.2,StrandBias:-0.2,Multiplicity:1.26
0.090	0.687	0.125	0.098
0.161	0.735	0.019	0.085
0.682	0.098	0.145	0.075
0.795	0.068	0.050	0.087
0.094	0.001	0.151	0.754
0.133	0.793	0.029	0.045
0.083	0.024	0.053	0.840
0.142	0.726	0.039	0.093
>VTTTGCSG	2-VTTTGCSG	7.115833	-14.032511	0	T:12.0(14.63%),B:3841.0(2.46%),P:1e-6	Tpos:46.4,Tstd:25.6,Bpos:50.0,Bstd:27.3,StrandBias:0.5,Multiplicity:1.00
0.262	0.401	0.336	0.001
0.001	0.261	0.001	0.737
0.001	0.001	0.132	0.866
0.001	0.320	0.135	0.544
0.001	0.001	0.997	0.001
0.001	0.997	0.001	0.001
0.001	0.375	0.425	0.199
0.001	0.001	0.902	0.096
>GAGGAAAA	3-GAGGAAAA	7.819721	-10.931811	0	T:14.0(17.07%),B:7074.0(4.52%),P:1e-4	Tpos:60.9,Tstd:24.5,Bpos:49.6,Bstd:27.4,StrandBias:-0.8,Multiplicity:1.00
0.001	0.112	0.886	0.001
0.997	0.001	0.001	0.001
0.001	0.001	0.997	0.001
0.001	0.001	0.997	0.001
0.834	0.164	0.001	0.001
0.889	0.001	0.109	0.001
0.860	0.138	0.001	0.001
0.653	0.345	0.001	0.001
>CGTTTGAA	4-CGTTTGAA	5.435307	-9.867218	0	T:11.0(13.41%),B:4907.0(3.14%),P:1e-4	Tpos:41.9,Tstd:28.2,Bpos:50.2,Bstd:27.3,StrandBias:0.8,Multiplicity:1.18
0.001	0.810	0.188	0.001
0.001	0.256	0.724	0.019
0.001	0.001	0.001	0.997
0.001	0.001	0.018	0.980
0.001	0.001	0.001	0.997
0.049	0.001	0.949	0.001
0.997	0.001	0.001	0.001
0.997	0.001	0.001	0.001
>RGGGCGCG	5-RGGGCGCG	7.124765	-8.669838	0	T:15.0(18.29%),B:9857.0(6.30%),P:1e-3	Tpos:41.6,Tstd:25.0,Bpos:50.7,Bstd:25.1,StrandBias:-1.4,Multiplicity:1.47
0.438	0.001	0.560	0.001
0.001	0.063	0.935	0.001
0.001	0.001	0.997	0.001
0.001	0.001	0.997	0.001
0.001	0.871	0.127	0.001
0.001	0.001	0.997	0.001
0.001	0.937	0.061	0.001
0.001	0.307	0.691	0.001
