>TTCAGGCGGC	1-TTCAGGCGGC	8.303442	-14.745174	0	T:5.0(6.10%),B:273.0(0.17%),P:1e-6	Tpos:43.0,Tstd:20.7,Bpos:52.2,Bstd:25.5,StrandBias:2.3,Multiplicity:1.20
0.086	0.001	0.001	0.912
0.001	0.001	0.001	0.997
0.001	0.997	0.001	0.001
0.997	0.001	0.001	0.001
0.088	0.001	0.910	0.001
0.001	0.001	0.997	0.001
0.126	0.824	0.049	0.001
0.001	0.001	0.997	0.001
0.001	0.001	0.997	0.001
0.001	0.997	0.001	0.001
>AGCAGCAGCA	2-AGCAGCAGCA	7.165903	-14.123723	0	T:17.0(20.73%),B:7997.0(5.11%),P:1e-6	Tpos:55.3,Tstd:25.6,Bpos:50.3,Bstd:26.6,StrandBias:0.8,Multiplicity:1.18
0.822	0.084	0.046	0.048
0.175	0.034	0.789	0.002
0.124	0.696	0.039	0.141
0.914	0.001	0.001	0.084
0.001	0.061	0.838	0.100
0.043	0.821	0.095	0.041
0.854	0.049	0.001	0.096
0.080	0.042	0.837	0.041
0.082	0.635	0.001	0.282
0.810	0.048	0.099	0.043
>GGAAGGAGGG	3-GGAAGGAGGG	10.625413	-9.064067	0	T:6.0(7.32%),B:1437.0(0.92%),P:1e-3	Tpos:25.6,Tstd:22.1,Bpos:49.0,Bstd:26.5,StrandBias:-2.0,Multiplicity:1.17
0.143	0.001	0.855	0.001
0.001	0.001	0.997	0.001
0.997	0.001	0.001	0.001
0.584	0.001	0.266	0.149
0.001	0.001	0.997	0.001
0.136	0.001	0.862	0.001
0.997	0.001	0.001	0.001
0.099	0.001	0.899	0.001
0.103	0.001	0.895	0.001
0.001	0.001	0.997	0.001
>ATAGCGTAAT	4-ATAGCGTAAT	10.296193	-7.554044	0	T:1.0(1.22%),B:1.0(0.00%),P:1e-3	Tpos:31.0,Tstd:0.0,Bpos:42.0,Bstd:0.0,StrandBias:10.0,Multiplicity:1.00
0.700	0.100	0.100	0.100
0.100	0.100	0.100	0.700
0.700	0.100	0.100	0.100
0.100	0.100	0.700	0.100
0.100	0.700	0.100	0.100
0.100	0.100	0.700	0.100
0.100	0.100	0.100	0.700
0.700	0.100	0.100	0.100
0.700	0.100	0.100	0.100
0.100	0.100	0.100	0.700
>CTTGACCGTA	5-CTTGACCGTA	10.296193	-6.861156	0	T:1.0(1.22%),B:2.0(0.00%),P:1e-2	Tpos:38.0,Tstd:0.0,Bpos:37.0,Bstd:4.0,StrandBias:-10.0,Multiplicity:1.00
0.100	0.700	0.100	0.100
0.100	0.100	0.100	0.700
0.100	0.100	0.100	0.700
0.100	0.100	0.700	0.100
0.700	0.100	0.100	0.100
0.100	0.700	0.100	0.100
0.100	0.700	0.100	0.100
0.100	0.100	0.700	0.100
0.100	0.100	0.100	0.700
0.700	0.100	0.100	0.100
