>GCCGCGCCAG	1-GCCGCGCCAG	11.104812	-17.894184	0	T:6.0(7.32%),B:305.0(0.19%),P:1e-7	Tpos:36.3,Tstd:22.9,Bpos:48.9,Bstd:27.6,StrandBias:1.0,Multiplicity:1.00
0.001	0.158	0.840	0.001
0.001	0.821	0.177	0.001
0.001	0.997	0.001	0.001
0.001	0.001	0.997	0.001
0.001	0.859	0.139	0.001
0.001	0.001	0.997	0.001
0.001	0.997	0.001	0.001
0.001	0.997	0.001	0.001
0.850	0.001	0.148	0.001
0.001	0.001	0.790	0.208
>CCTGCTTGAT	2-CCTGCTTGAT	11.066163	-15.758262	0	T:5.0(6.10%),B:222.0(0.14%),P:1e-6	Tpos:42.5,Tstd:19.4,Bpos:51.0,Bstd:25.4,StrandBias:1.0,Multiplicity:1.20
0.001	0.835	0.001	0.163
0.207	0.791	0.001	0.001
0.163	0.001	0.001	0.835
0.001	0.001	0.997	0.001
0.001	0.997	0.001	0.001
0.001	0.001	0.001	0.997
0.001	0.001	0.001	0.997
0.001	0.001	0.838	0.160
0.864	0.001	0.001	0.134
0.001	0.001	0.001	0.997
>ACCCACCAGC	3-ACCCACCAGC	7.538282	-14.735913	0	T:13.0(15.85%),B:4312.0(2.76%),P:1e-6	Tpos:54.4,Tstd:23.6,Bpos:50.6,Bstd:26.8,StrandBias:0.7,Multiplicity:1.38
0.703	0.150	0.146	0.001
0.001	0.932	0.066	0.001
0.001	0.996	0.001	0.002
0.132	0.866	0.001	0.001
0.874	0.001	0.124	0.001
0.072	0.781	0.058	0.089
0.061	0.844	0.094	0.001
0.760	0.001	0.237	0.002
0.078	0.157	0.668	0.097
0.071	0.609	0.147	0.173
>CTGCWGCWGC	4-CTGCWGCWGC	7.296797	-8.887388	0	T:16.0(19.51%),B:10805.0(6.91%),P:1e-3	Tpos:53.5,Tstd:24.7,Bpos:50.3,Bstd:26.5,StrandBias:-0.3,Multiplicity:1.12
0.001	0.987	0.011	0.001
0.270	0.001	0.001	0.728
0.041	0.032	0.894	0.033
0.032	0.875	0.061	0.032
0.441	0.001	0.001	0.557
0.088	0.070	0.784	0.058
0.117	0.723	0.122	0.038
0.389	0.031	0.068	0.512
0.001	0.120	0.838	0.041
0.124	0.659	0.101	0.116
>AAMMMMAAMM	5-AAMMMMAAMM	10.000924	-2.134662	0	T:1.0(1.22%),B:240.0(0.15%),P:1e0	Tpos:49.6,Tstd:29.3,Bpos:51.4,Bstd:24.9,StrandBias:-10.0,Multiplicity:12.00
0.997	0.001	0.001	0.001
0.997	0.001	0.001	0.001
0.481	0.517	0.001	0.001
0.462	0.536	0.001	0.001
0.517	0.481	0.001	0.001
0.536	0.462	0.001	0.001
0.997	0.001	0.001	0.001
0.997	0.001	0.001	0.001
0.481	0.517	0.001	0.001
0.462	0.536	0.001	0.001
