>MMAGGSTTGG	1-MMAGGSTTGG	9.042179	-15.701326	0	T:4.0(28.57%),B:8.8(0.39%),P:1e-6,FDR:0.8	Tpos:18.0,Tstd:13.0,Bpos:53.6,Bstd:23.7,StrandBias:1.6,Multiplicity:1.00
0.544	0.454	0.001	0.001
0.454	0.544	0.001	0.001
0.997	0.001	0.001	0.001
0.001	0.001	0.997	0.001
0.001	0.001	0.997	0.001
0.001	0.455	0.530	0.014
0.001	0.001	0.014	0.984
0.001	0.001	0.001	0.997
0.001	0.001	0.997	0.001
0.001	0.074	0.924	0.001
>TTGAAMAMYT	2-TTGAAMAMYT	8.765477	-15.205359	0	T:3.0(21.43%),B:2.4(0.11%),P:1e-6,FDR:0.8	Tpos:40.0,Tstd:20.0,Bpos:55.2,Bstd:5.8,StrandBias:0.0,Multiplicity:1.33
0.001	0.001	0.001	0.997
0.001	0.001	0.121	0.877
0.244	0.252	0.496	0.008
0.634	0.122	0.122	0.122
0.755	0.001	0.001	0.243
0.366	0.511	0.122	0.001
0.877	0.121	0.001	0.001
0.390	0.366	0.122	0.122
0.001	0.366	0.122	0.511
0.001	0.001	0.001	0.997
>TSRSASCYCK	3-TSRSASCYCK	7.255870	-11.050548	0	T:4.0(28.57%),B:26.8(1.18%),P:1e-4,FDR:0.933333333333333	Tpos:50.2,Tstd:27.7,Bpos:47.8,Bstd:33.5,StrandBias:1.6,Multiplicity:1.00
0.001	0.001	0.001	0.997
0.001	0.455	0.538	0.006
0.503	0.001	0.495	0.001
0.001	0.454	0.544	0.001
0.952	0.001	0.046	0.001
0.001	0.454	0.544	0.001
0.001	0.952	0.001	0.046
0.001	0.495	0.001	0.503
0.001	0.958	0.001	0.040
0.040	0.001	0.455	0.504
>DTTTTAAAAC	4-DTTTTAAAAC	8.546504	-10.241327	0	T:4.0(28.57%),B:32.4(1.43%),P:1e-4,FDR:0.933333333333333	Tpos:50.0,Tstd:24.5,Bpos:58.9,Bstd:24.7,StrandBias:1.6,Multiplicity:1.00
0.374	0.001	0.313	0.313
0.001	0.312	0.001	0.686
0.001	0.001	0.001	0.997
0.001	0.001	0.001	0.997
0.001	0.001	0.001	0.997
0.938	0.001	0.060	0.001
0.997	0.001	0.001	0.001
0.686	0.001	0.001	0.312
0.686	0.001	0.001	0.312
0.312	0.686	0.001	0.001
>TGAACAATTG	5-TGAACAATTG	12.698221	-5.088701	0	T:1.0(7.14%),B:0.6(0.02%),P:1e-2,FDR:0.96	Tpos:23.0,Tstd:0.0,Bpos:73.0,Bstd:0.0,StrandBias:10.0,Multiplicity:1.00
0.001	0.001	0.001	0.997
0.200	0.200	0.400	0.200
0.997	0.001	0.001	0.001
0.997	0.001	0.001	0.001
0.001	0.997	0.001	0.001
0.997	0.001	0.001	0.001
0.997	0.001	0.001	0.001
0.001	0.001	0.001	0.997
0.001	0.001	0.001	0.997
0.001	0.001	0.799	0.199
>TTGAAMANTTGT	1-TTGAAMANTTGT	6.110179	-11.102837	0	T:7.0(50.00%),B:154.1(6.81%),P:1e-4,FDR:1	Tpos:41.7,Tstd:21.6,Bpos:51.7,Bstd:36.3,StrandBias:0.5,Multiplicity:1.86
0.003	0.098	0.196	0.703
0.196	0.196	0.001	0.607
0.101	0.098	0.605	0.196
0.705	0.196	0.098	0.001
0.803	0.001	0.195	0.001
0.506	0.395	0.098	0.001
0.787	0.114	0.098	0.001
0.199	0.294	0.294	0.212
0.001	0.098	0.196	0.705
0.098	0.001	0.098	0.803
0.001	0.001	0.901	0.097
0.001	0.098	0.098	0.803
>SSMGGRGMCMAY	2-SSMGGRGMCMAY	10.090696	-9.559689	0	T:2.0(14.29%),B:2.1(0.09%),P:1e-4,FDR:1	Tpos:31.7,Tstd:13.3,Bpos:31.9,Bstd:14.4,StrandBias:1.0,Multiplicity:1.50
0.001	0.455	0.540	0.004
0.001	0.460	0.535	0.004
0.465	0.455	0.079	0.001
0.001	0.001	0.994	0.004
0.001	0.074	0.924	0.001
0.544	0.001	0.454	0.001
0.001	0.004	0.986	0.009
0.454	0.544	0.001	0.001
0.078	0.920	0.001	0.001
0.539	0.459	0.001	0.001
0.915	0.001	0.010	0.074
0.001	0.455	0.088	0.456
>CHBCAGCTGGVG	3-CHBCAGCTGGVG	9.390991	-9.010267	0	T:4.0(28.57%),B:44.2(1.95%),P:1e-3,FDR:1	Tpos:55.0,Tstd:27.5,Bpos:46.4,Bstd:24.1,StrandBias:1.6,Multiplicity:1.00
0.001	0.997	0.001	0.001
0.313	0.313	0.001	0.374
0.001	0.374	0.313	0.313
0.001	0.686	0.312	0.001
0.635	0.051	0.313	0.001
0.001	0.050	0.948	0.001
0.001	0.635	0.313	0.051
0.001	0.001	0.001	0.997
0.001	0.001	0.997	0.001
0.001	0.001	0.997	0.001
0.323	0.364	0.313	0.001
0.313	0.001	0.625	0.061
>CCTTMCYRGKAA	4-CCTTMCYRGKAA	7.804719	-8.180460	0	T:2.0(14.29%),B:4.9(0.22%),P:1e-3,FDR:1	Tpos:46.2,Tstd:27.8,Bpos:35.6,Bstd:11.0,StrandBias:1.6,Multiplicity:1.50
0.001	0.997	0.001	0.001
0.001	0.954	0.001	0.044
0.001	0.044	0.001	0.954
0.001	0.001	0.001	0.997
0.454	0.544	0.001	0.001
0.001	0.997	0.001	0.001
0.001	0.544	0.001	0.454
0.544	0.001	0.454	0.001
0.001	0.001	0.997	0.001
0.001	0.001	0.499	0.499
0.911	0.044	0.044	0.001
0.997	0.001	0.001	0.001
>GCTTCTTCCAGC	5-GCTTCTTCCAGC	12.355432	-5.088701	0	T:1.0(7.14%),B:1.8(0.08%),P:1e-2,FDR:1	Tpos:43.0,Tstd:0.0,Bpos:9.0,Bstd:0.0,StrandBias:10.0,Multiplicity:1.00
0.100	0.100	0.700	0.100
0.100	0.700	0.100	0.100
0.100	0.100	0.100	0.700
0.100	0.100	0.100	0.700
0.100	0.700	0.100	0.100
0.100	0.100	0.100	0.700
0.100	0.100	0.100	0.700
0.100	0.700	0.100	0.100
0.100	0.700	0.100	0.100
0.700	0.100	0.100	0.100
0.100	0.100	0.700	0.100
0.100	0.700	0.100	0.100
>CAATGCAT	1-CAATGCAT	8.941447	-11.068352	0	T:3.0(21.43%),B:8.1(0.36%),P:1e-4,FDR:1	Tpos:40.7,Tstd:23.6,Bpos:41.0,Bstd:31.3,StrandBias:-10.0,Multiplicity:1.00
0.118	0.880	0.001	0.001
0.801	0.001	0.197	0.001
0.770	0.001	0.228	0.001
0.001	0.001	0.001	0.997
0.001	0.001	0.997	0.001
0.001	0.997	0.001	0.001
0.880	0.118	0.001	0.001
0.001	0.166	0.001	0.832
>TGGCTCCW	2-TGGCTCCW	7.595328	-9.369739	0	T:6.0(42.86%),B:134.9(5.96%),P:1e-4,FDR:1	Tpos:39.0,Tstd:17.1,Bpos:49.4,Bstd:32.2,StrandBias:-1.0,Multiplicity:1.20
0.001	0.001	0.150	0.848
0.001	0.001	0.997	0.001
0.001	0.001	0.997	0.001
0.001	0.997	0.001	0.001
0.001	0.001	0.001	0.997
0.001	0.997	0.001	0.001
0.001	0.997	0.001	0.001
0.400	0.206	0.001	0.393
>TAAAACTT	3-TAAAACTT	6.291044	-5.240774	0	T:4.0(28.57%),B:121.4(5.36%),P:1e-2,FDR:1	Tpos:37.8,Tstd:16.9,Bpos:51.7,Bstd:41.4,StrandBias:0.0,Multiplicity:1.00
0.100	0.100	0.100	0.700
0.700	0.100	0.100	0.100
0.700	0.100	0.100	0.100
0.700	0.100	0.100	0.100
0.700	0.100	0.100	0.100
0.100	0.700	0.100	0.100
0.100	0.100	0.100	0.700
0.100	0.100	0.100	0.700
>AACGAGGC	4-AACGAGGC	8.236954	-5.088701	0	T:1.0(7.14%),B:1.5(0.07%),P:1e-2,FDR:1	Tpos:26.0,Tstd:0.0,Bpos:55.6,Bstd:17.8,StrandBias:-10.0,Multiplicity:1.00
0.700	0.100	0.100	0.100
0.700	0.100	0.100	0.100
0.100	0.700	0.100	0.100
0.100	0.100	0.700	0.100
0.700	0.100	0.100	0.100
0.100	0.100	0.700	0.100
0.100	0.100	0.700	0.100
0.100	0.700	0.100	0.100
>AACAMTTG	5-AACAMTTG	6.149193	-4.692704	0	T:5.0(35.71%),B:226.4(10.00%),P:1e-2,FDR:1	Tpos:35.6,Tstd:16.7,Bpos:51.1,Bstd:33.1,StrandBias:-1.2,Multiplicity:1.60
0.597	0.187	0.215	0.001
0.811	0.001	0.001	0.187
0.386	0.612	0.001	0.001
0.997	0.001	0.001	0.001
0.456	0.387	0.156	0.001
0.215	0.001	0.156	0.628
0.001	0.001	0.001	0.997
0.001	0.001	0.997	0.001
