>GTTGCGCAGHCC	1-GTTGCGCAGHCC	15.418312	-21.528033	0	T:4.0(1.00%),B:4.0(0.00%),P:1e-9	Tpos:68.2,Tstd:15.9,Bpos:35.0,Bstd:27.9,StrandBias:1.6,Multiplicity:1.00
0.001	0.001	0.997	0.001
0.001	0.001	0.001	0.997
0.001	0.001	0.001	0.997
0.001	0.001	0.997	0.001
0.001	0.997	0.001	0.001
0.001	0.001	0.997	0.001
0.001	0.997	0.001	0.001
0.997	0.001	0.001	0.001
0.001	0.001	0.997	0.001
0.346	0.306	0.001	0.346
0.001	0.997	0.001	0.001
0.001	0.997	0.001	0.001
>CCCCCGCACGCT	2-CCCCCGCACGCT	8.458966	-19.364880	0	T:19.0(4.73%),B:1348.0(0.86%),P:1e-8	Tpos:46.0,Tstd:25.5,Bpos:49.0,Bstd:24.9,StrandBias:0.1,Multiplicity:1.42
0.001	0.663	0.204	0.132
0.001	0.777	0.001	0.221
0.003	0.911	0.001	0.085
0.128	0.767	0.103	0.002
0.001	0.997	0.001	0.001
0.001	0.006	0.872	0.121
0.100	0.778	0.001	0.121
0.847	0.132	0.001	0.020
0.125	0.596	0.182	0.097
0.132	0.004	0.657	0.207
0.121	0.757	0.121	0.001
0.001	0.001	0.001	0.997
>SATATTTTGTTY	3-SATATTTTGTTY	8.376481	-17.892819	0	T:31.0(7.71%),B:3736.0(2.38%),P:1e-7	Tpos:49.3,Tstd:27.6,Bpos:50.6,Bstd:24.5,StrandBias:0.2,Multiplicity:1.16
0.001	0.361	0.503	0.135
0.799	0.001	0.001	0.199
0.001	0.089	0.001	0.909
0.655	0.001	0.001	0.343
0.001	0.274	0.068	0.657
0.001	0.001	0.199	0.799
0.001	0.001	0.001	0.997
0.179	0.001	0.001	0.819
0.001	0.001	0.946	0.052
0.068	0.137	0.068	0.727
0.023	0.218	0.001	0.758
0.175	0.376	0.180	0.270
>CAGCCWGGDCTW	4-CAGCCWGGDCTW	7.901969	-15.786396	0	T:48.0(11.94%),B:8253.0(5.25%),P:1e-6	Tpos:53.2,Tstd:25.2,Bpos:49.6,Bstd:26.4,StrandBias:-0.4,Multiplicity:1.21
0.001	0.767	0.231	0.001
0.746	0.001	0.035	0.218
0.162	0.001	0.836	0.001
0.001	0.594	0.317	0.088
0.001	0.890	0.043	0.066
0.570	0.001	0.001	0.428
0.131	0.001	0.751	0.117
0.232	0.001	0.502	0.265
0.356	0.099	0.336	0.209
0.001	0.707	0.291	0.001
0.134	0.259	0.001	0.606
0.368	0.068	0.211	0.353
>AGTGAGAGCKAC	5-AGTGAGAGCKAC	13.380560	-15.766687	0	T:4.0(1.00%),B:17.0(0.01%),P:1e-6	Tpos:56.2,Tstd:17.3,Bpos:47.4,Bstd:25.4,StrandBias:10.0,Multiplicity:1.50
0.997	0.001	0.001	0.001
0.001	0.001	0.997	0.001
0.001	0.001	0.001	0.997
0.001	0.001	0.997	0.001
0.997	0.001	0.001	0.001
0.001	0.001	0.997	0.001
0.822	0.001	0.176	0.001
0.001	0.001	0.997	0.001
0.001	0.599	0.001	0.399
0.200	0.001	0.423	0.376
0.997	0.001	0.001	0.001
0.001	0.997	0.001	0.001
>ATAYRCTGYCAY	6-ATAYRCTGYCAY	14.124467	-5.969296	0	T:1.0(0.25%),B:1.0(0.00%),P:1e-2	Tpos:35.0,Tstd:16.3,Bpos:18.0,Bstd:0.0,StrandBias:10.0,Multiplicity:3.00
0.997	0.001	0.001	0.001
0.001	0.001	0.001	0.997
0.997	0.001	0.001	0.001
0.001	0.537	0.001	0.461
0.537	0.001	0.461	0.001
0.001	0.997	0.001	0.001
0.001	0.001	0.001	0.997
0.001	0.001	0.997	0.001
0.001	0.461	0.001	0.537
0.001	0.997	0.001	0.001
0.997	0.001	0.001	0.001
0.001	0.537	0.001	0.461
>AGGGCAAGGGGT	7-AGGGCAAGGGGT	12.355432	-5.277425	0	T:1.0(0.25%),B:2.0(0.00%),P:1e-2	Tpos:62.0,Tstd:20.1,Bpos:38.5,Bstd:25.5,StrandBias:10.0,Multiplicity:4.00
0.700	0.100	0.100	0.100
0.100	0.100	0.700	0.100
0.100	0.100	0.700	0.100
0.100	0.100	0.700	0.100
0.100	0.700	0.100	0.100
0.700	0.100	0.100	0.100
0.700	0.100	0.100	0.100
0.100	0.100	0.700	0.100
0.100	0.100	0.700	0.100
0.100	0.100	0.700	0.100
0.100	0.100	0.700	0.100
0.100	0.100	0.100	0.700
>TGGATCCAKGCG	8-TGGATCCAKGCG	15.907333	-5.277425	0	T:1.0(0.25%),B:2.0(0.00%),P:1e-2	Tpos:57.5,Tstd:23.0,Bpos:53.5,Bstd:35.5,StrandBias:0.0,Multiplicity:3.00
0.001	0.001	0.001	0.997
0.001	0.001	0.997	0.001
0.001	0.001	0.997	0.001
0.997	0.001	0.001	0.001
0.001	0.001	0.001	0.997
0.001	0.997	0.001	0.001
0.001	0.997	0.001	0.001
0.997	0.001	0.001	0.001
0.001	0.001	0.499	0.499
0.001	0.001	0.997	0.001
0.001	0.997	0.001	0.001
0.001	0.001	0.997	0.001
