>CAGTGCTCTGTA	1-CAGTGCTCTGTA	9.711598	-24.333607	0	T:19.0(4.73%),B:994.0(0.63%),P:1e-10	Tpos:38.8,Tstd:26.8,Bpos:48.6,Bstd:25.2,StrandBias:-0.6,Multiplicity:1.05
0.086	0.910	0.003	0.001
0.997	0.001	0.001	0.001
0.001	0.079	0.819	0.101
0.001	0.001	0.001	0.997
0.097	0.097	0.726	0.080
0.001	0.919	0.079	0.001
0.001	0.171	0.001	0.827
0.001	0.997	0.001	0.001
0.277	0.001	0.001	0.721
0.001	0.086	0.813	0.100
0.103	0.146	0.151	0.600
0.681	0.089	0.071	0.159
>RAGCTCMACAGC	2-RAGCTCMACAGC	9.848975	-21.855917	0	T:18.0(4.48%),B:1021.0(0.65%),P:1e-9	Tpos:52.3,Tstd:23.7,Bpos:51.0,Bstd:26.5,StrandBias:-0.8,Multiplicity:1.06
0.379	0.148	0.364	0.109
0.702	0.115	0.087	0.096
0.001	0.001	0.890	0.108
0.001	0.997	0.001	0.001
0.379	0.001	0.001	0.619
0.001	0.670	0.328	0.001
0.459	0.539	0.001	0.001
0.722	0.193	0.084	0.001
0.001	0.997	0.001	0.001
0.997	0.001	0.001	0.001
0.001	0.001	0.997	0.001
0.089	0.585	0.173	0.153
>SAAAACTAAAAC	3-SAAAACTAAAAC	11.312800	-15.623113	0	T:11.0(2.74%),B:523.0(0.33%),P:1e-6	Tpos:49.9,Tstd:19.4,Bpos:51.5,Bstd:24.5,StrandBias:0.7,Multiplicity:1.91
0.031	0.447	0.406	0.116
0.783	0.001	0.001	0.215
0.997	0.001	0.001	0.001
0.868	0.130	0.001	0.001
0.863	0.131	0.005	0.001
0.085	0.848	0.066	0.001
0.081	0.146	0.131	0.642
0.832	0.001	0.166	0.001
0.892	0.001	0.106	0.001
0.997	0.001	0.001	0.001
0.864	0.001	0.134	0.001
0.019	0.979	0.001	0.001
>CTCCCSCCCYCC	4-CTCCCSCCCYCC	9.634487	-14.579245	0	T:22.0(5.47%),B:2415.0(1.54%),P:1e-6	Tpos:49.9,Tstd:23.2,Bpos:49.4,Bstd:25.7,StrandBias:0.5,Multiplicity:1.00
0.113	0.826	0.027	0.034
0.285	0.206	0.022	0.488
0.001	0.581	0.354	0.064
0.001	0.914	0.071	0.014
0.014	0.572	0.310	0.104
0.094	0.437	0.398	0.072
0.026	0.773	0.001	0.200
0.034	0.823	0.091	0.052
0.086	0.749	0.001	0.164
0.183	0.412	0.053	0.352
0.001	0.864	0.085	0.050
0.056	0.919	0.001	0.024
>GAGAGGCGCCTC	5-GAGAGGCGCCTC	15.208155	-13.128762	0	T:3.0(0.75%),B:9.0(0.01%),P:1e-5	Tpos:57.0,Tstd:11.5,Bpos:58.4,Bstd:22.4,StrandBias:-1.6,Multiplicity:1.00
0.001	0.001	0.997	0.001
0.997	0.001	0.001	0.001
0.001	0.001	0.997	0.001
0.997	0.001	0.001	0.001
0.001	0.001	0.997	0.001
0.001	0.001	0.997	0.001
0.001	0.997	0.001	0.001
0.001	0.001	0.750	0.248
0.001	0.997	0.001	0.001
0.001	0.997	0.001	0.001
0.001	0.001	0.001	0.997
0.001	0.997	0.001	0.001
>CATCGCTGTGKM	6-CATCGCTGTGKM	11.477587	-12.814583	0	T:3.0(0.75%),B:10.0(0.01%),P:1e-5	Tpos:54.6,Tstd:22.3,Bpos:46.8,Bstd:25.2,StrandBias:-0.6,Multiplicity:1.67
0.001	0.997	0.001	0.001
0.997	0.001	0.001	0.001
0.001	0.001	0.001	0.997
0.001	0.997	0.001	0.001
0.001	0.001	0.997	0.001
0.001	0.997	0.001	0.001
0.001	0.001	0.001	0.997
0.001	0.001	0.997	0.001
0.001	0.001	0.001	0.997
0.001	0.001	0.997	0.001
0.001	0.077	0.461	0.461
0.461	0.461	0.077	0.001
>GTATAGTATACA	7-GTATAGTATACA	13.504567	-9.421287	0	T:2.0(0.50%),B:5.0(0.00%),P:1e-4	Tpos:54.2,Tstd:27.1,Bpos:37.6,Bstd:25.2,StrandBias:10.0,Multiplicity:2.00
0.001	0.001	0.997	0.001
0.413	0.001	0.001	0.585
0.997	0.001	0.001	0.001
0.194	0.001	0.001	0.804
0.997	0.001	0.001	0.001
0.001	0.390	0.608	0.001
0.001	0.001	0.001	0.997
0.804	0.001	0.001	0.194
0.001	0.001	0.001	0.997
0.804	0.001	0.001	0.194
0.001	0.997	0.001	0.001
0.997	0.001	0.001	0.001
>ACTAACAAACAC	8-ACTAACAAACAC	12.355432	-5.969296	0	T:1.0(0.25%),B:1.0(0.00%),P:1e-2	Tpos:44.0,Tstd:25.3,Bpos:83.0,Bstd:0.0,StrandBias:-10.0,Multiplicity:3.00
0.700	0.100	0.100	0.100
0.100	0.700	0.100	0.100
0.100	0.100	0.100	0.700
0.700	0.100	0.100	0.100
0.700	0.100	0.100	0.100
0.100	0.700	0.100	0.100
0.700	0.100	0.100	0.100
0.700	0.100	0.100	0.100
0.700	0.100	0.100	0.100
0.100	0.700	0.100	0.100
0.700	0.100	0.100	0.100
0.100	0.700	0.100	0.100
