>ACATTTGCTA	1-ACATTTGCTA	10.486680	-20.432785	0	T:12.0(2.99%),B:413.0(0.26%),P:1e-8	Tpos:55.0,Tstd:17.4,Bpos:50.5,Bstd:26.2,StrandBias:0.2,Multiplicity:1.00
0.899	0.001	0.001	0.099
0.001	0.997	0.001	0.001
0.997	0.001	0.001	0.001
0.001	0.001	0.155	0.843
0.001	0.001	0.001	0.997
0.124	0.001	0.001	0.874
0.001	0.083	0.823	0.093
0.097	0.901	0.001	0.001
0.172	0.001	0.001	0.826
0.913	0.001	0.001	0.085
>CTGTGTACAC	2-CTGTGTACAC	10.152981	-18.884195	0	T:13.0(3.23%),B:583.0(0.37%),P:1e-8	Tpos:52.7,Tstd:29.9,Bpos:49.8,Bstd:26.6,StrandBias:0.8,Multiplicity:1.00
0.108	0.706	0.079	0.107
0.001	0.001	0.001	0.997
0.001	0.001	0.997	0.001
0.001	0.001	0.001	0.997
0.105	0.096	0.743	0.056
0.001	0.001	0.066	0.932
0.851	0.067	0.001	0.081
0.001	0.997	0.001	0.001
0.919	0.079	0.001	0.001
0.001	0.915	0.083	0.001
>AGACGTCTAA	3-AGACGTCTAA	11.453756	-16.537237	0	T:4.0(1.00%),B:14.0(0.01%),P:1e-7	Tpos:75.4,Tstd:24.2,Bpos:43.3,Bstd:29.0,StrandBias:0.6,Multiplicity:1.00
0.997	0.001	0.001	0.001
0.224	0.001	0.774	0.001
0.997	0.001	0.001	0.001
0.001	0.884	0.114	0.001
0.001	0.001	0.997	0.001
0.001	0.001	0.001	0.997
0.001	0.997	0.001	0.001
0.001	0.001	0.001	0.997
0.670	0.157	0.001	0.172
0.852	0.001	0.146	0.001
>KTTTTCCCCY	4-KTTTTCCCCY	9.910543	-15.986247	0	T:15.0(3.73%),B:1031.0(0.66%),P:1e-6	Tpos:46.6,Tstd:25.1,Bpos:49.3,Bstd:26.9,StrandBias:0.4,Multiplicity:1.07
0.001	0.001	0.542	0.456
0.002	0.001	0.001	0.996
0.001	0.001	0.001	0.997
0.001	0.216	0.001	0.782
0.001	0.001	0.001	0.997
0.001	0.833	0.001	0.165
0.001	0.974	0.001	0.024
0.001	0.997	0.001	0.001
0.158	0.546	0.001	0.295
0.172	0.446	0.001	0.380
>GAGGGAGAGG	5-GAGGGAGAGG	9.741806	-11.165585	0	T:15.0(3.73%),B:1536.0(0.98%),P:1e-4	Tpos:48.0,Tstd:22.4,Bpos:50.2,Bstd:26.7,StrandBias:0.3,Multiplicity:1.67
0.001	0.001	0.997	0.001
0.947	0.051	0.001	0.001
0.001	0.001	0.997	0.001
0.001	0.001	0.997	0.001
0.258	0.001	0.688	0.053
0.944	0.054	0.001	0.001
0.001	0.001	0.904	0.094
0.919	0.001	0.079	0.001
0.001	0.001	0.997	0.001
0.001	0.001	0.997	0.001
