>GAGTCTCT	1-GAGTCTCT	6.354143	-10.712442	0	T:44.0(10.95%),B:8811.0(5.61%),P:1e-4	Tpos:49.3,Tstd:24.4,Bpos:50.2,Bstd:27.6,StrandBias:0.2,Multiplicity:1.11
0.001	0.016	0.744	0.239
0.939	0.001	0.001	0.059
0.001	0.101	0.897	0.001
0.114	0.061	0.031	0.794
0.001	0.943	0.036	0.020
0.001	0.034	0.001	0.964
0.031	0.938	0.021	0.010
0.144	0.019	0.040	0.797
>GGGCCCGG	2-GGGCCCGG	7.656295	-9.150740	0	T:29.0(7.21%),B:5230.0(3.33%),P:1e-3	Tpos:61.9,Tstd:27.5,Bpos:50.5,Bstd:27.1,StrandBias:0.1,Multiplicity:1.21
0.001	0.001	0.997	0.001
0.001	0.001	0.997	0.001
0.036	0.001	0.828	0.135
0.001	0.892	0.106	0.001
0.001	0.863	0.062	0.074
0.001	0.854	0.144	0.001
0.064	0.001	0.716	0.219
0.027	0.001	0.971	0.001
>GKCGYGCC	3-GKCGYGCC	6.226705	-8.457281	0	T:25.0(6.22%),B:4389.0(2.79%),P:1e-3	Tpos:45.4,Tstd:22.0,Bpos:50.0,Bstd:26.1,StrandBias:-0.7,Multiplicity:1.12
0.001	0.001	0.997	0.001
0.001	0.001	0.557	0.441
0.042	0.913	0.044	0.001
0.001	0.001	0.997	0.001
0.018	0.563	0.001	0.418
0.001	0.001	0.997	0.001
0.001	0.747	0.001	0.251
0.206	0.792	0.001	0.001
>AAGCAAAA	4-AAGCAAAA	8.236954	-4.785653	0	T:8.0(1.99%),B:1105.0(0.70%),P:1e-2	Tpos:49.3,Tstd:26.1,Bpos:51.1,Bstd:27.2,StrandBias:-1.1,Multiplicity:2.00
0.700	0.100	0.100	0.100
0.700	0.100	0.100	0.100
0.100	0.100	0.700	0.100
0.100	0.700	0.100	0.100
0.700	0.100	0.100	0.100
0.700	0.100	0.100	0.100
0.700	0.100	0.100	0.100
0.700	0.100	0.100	0.100
>TTGTTTGG	5-TTGTTTGG	9.289849	-3.763541	0	T:10.0(2.49%),B:1860.0(1.18%),P:1e-1	Tpos:56.4,Tstd:15.8,Bpos:49.2,Bstd:26.9,StrandBias:-0.6,Multiplicity:1.00
0.013	0.001	0.064	0.922
0.001	0.001	0.001	0.997
0.065	0.001	0.933	0.001
0.001	0.001	0.268	0.730
0.131	0.001	0.001	0.867
0.001	0.001	0.047	0.951
0.001	0.001	0.894	0.104
0.358	0.001	0.640	0.001
