>AATTTGCCGA	1-AATTTGCCGA	11.045221	-22.177784	0	T:7.0(1.74%),B:57.0(0.04%),P:1e-9	Tpos:61.6,Tstd:25.4,Bpos:50.6,Bstd:29.1,StrandBias:0.4,Multiplicity:1.00
0.815	0.001	0.183	0.001
0.831	0.001	0.001	0.167
0.001	0.001	0.001	0.997
0.001	0.183	0.001	0.815
0.001	0.001	0.001	0.997
0.001	0.001	0.997	0.001
0.001	0.997	0.001	0.001
0.001	0.872	0.001	0.126
0.001	0.126	0.872	0.001
0.997	0.001	0.001	0.001
>TTCCTGCTTG	2-TTCCTGCTTG	7.521575	-20.843353	0	T:47.0(11.69%),B:6758.0(4.30%),P:1e-9	Tpos:54.3,Tstd:28.9,Bpos:50.4,Bstd:26.6,StrandBias:0.4,Multiplicity:1.07
0.081	0.151	0.116	0.652
0.181	0.091	0.029	0.699
0.001	0.923	0.001	0.075
0.092	0.905	0.001	0.002
0.102	0.001	0.001	0.896
0.001	0.001	0.914	0.084
0.107	0.798	0.075	0.020
0.142	0.016	0.049	0.793
0.104	0.001	0.158	0.737
0.132	0.082	0.720	0.066
>TTCTCTCTTC	3-TTCTCTCTTC	10.111498	-20.512826	0	T:17.0(4.23%),B:978.0(0.62%),P:1e-8	Tpos:45.3,Tstd:25.7,Bpos:48.5,Bstd:27.2,StrandBias:-1.0,Multiplicity:1.06
0.001	0.001	0.001	0.997
0.001	0.051	0.213	0.735
0.104	0.839	0.001	0.056
0.001	0.108	0.001	0.890
0.001	0.957	0.001	0.041
0.001	0.001	0.112	0.886
0.001	0.997	0.001	0.001
0.001	0.136	0.001	0.862
0.001	0.001	0.042	0.956
0.001	0.923	0.075	0.001
>AAAGGCGAGC	4-AAAGGCGAGC	10.517829	-18.433862	0	T:13.0(3.23%),B:606.0(0.39%),P:1e-8	Tpos:47.3,Tstd:27.3,Bpos:48.1,Bstd:27.4,StrandBias:0.7,Multiplicity:1.00
0.997	0.001	0.001	0.001
0.997	0.001	0.001	0.001
0.997	0.001	0.001	0.001
0.001	0.001	0.997	0.001
0.001	0.001	0.997	0.001
0.090	0.908	0.001	0.001
0.100	0.093	0.673	0.134
0.721	0.001	0.001	0.277
0.001	0.001	0.997	0.001
0.001	0.822	0.001	0.176
>AGAGAGGGGT	5-AGAGAGGGGT	6.063953	-11.738933	0	T:91.0(22.64%),B:22725.0(14.47%),P:1e-5	Tpos:50.3,Tstd:27.8,Bpos:49.8,Bstd:26.9,StrandBias:-0.2,Multiplicity:1.19
0.573	0.105	0.149	0.173
0.001	0.095	0.832	0.072
0.764	0.068	0.117	0.051
0.108	0.038	0.814	0.040
0.867	0.078	0.054	0.001
0.232	0.021	0.656	0.091
0.188	0.053	0.689	0.070
0.097	0.035	0.727	0.141
0.128	0.163	0.650	0.059
0.185	0.196	0.177	0.442
>TGTATGTATG	6-TGTATGTATG	6.380575	-11.185208	0	T:58.0(14.43%),B:12691.0(8.08%),P:1e-4	Tpos:47.9,Tstd:26.9,Bpos:49.1,Bstd:27.2,StrandBias:-0.5,Multiplicity:1.12
0.001	0.001	0.001	0.997
0.110	0.166	0.634	0.090
0.019	0.160	0.202	0.619
0.458	0.223	0.225	0.095
0.001	0.001	0.087	0.911
0.001	0.100	0.640	0.259
0.001	0.047	0.136	0.816
0.573	0.154	0.170	0.103
0.126	0.053	0.016	0.805
0.072	0.160	0.604	0.164
