>TCTCAGTA	1-TCTCAGTA	4.438924	-18.543808	0	T:96.0(23.88%),B:20989.0(13.36%),P:1e-8	Tpos:49.3,Tstd:25.2,Bpos:50.2,Bstd:27.3,StrandBias:0.2,Multiplicity:1.16
0.208	0.001	0.174	0.617
0.112	0.886	0.001	0.001
0.199	0.001	0.001	0.799
0.001	0.913	0.085	0.001
0.970	0.001	0.028	0.001
0.001	0.001	0.997	0.001
0.001	0.001	0.001	0.997
0.808	0.128	0.001	0.063
>ATCGAGGC	2-ATCGAGGC	4.907014	-14.940877	0	T:54.0(13.43%),B:10118.0(6.44%),P:1e-6	Tpos:54.3,Tstd:27.5,Bpos:49.8,Bstd:27.3,StrandBias:0.3,Multiplicity:1.14
0.800	0.062	0.080	0.058
0.080	0.125	0.084	0.711
0.061	0.804	0.065	0.070
0.071	0.048	0.860	0.021
0.837	0.054	0.062	0.047
0.114	0.119	0.710	0.057
0.105	0.153	0.661	0.081
0.112	0.630	0.109	0.149
>GCGTTGTT	3-GCGTTGTT	8.725915	-13.603499	0	T:8.0(1.99%),B:294.0(0.19%),P:1e-5	Tpos:40.4,Tstd:21.5,Bpos:48.7,Bstd:27.1,StrandBias:0.7,Multiplicity:1.00
0.001	0.096	0.902	0.001
0.001	0.997	0.001	0.001
0.001	0.001	0.997	0.001
0.001	0.001	0.001	0.997
0.001	0.001	0.001	0.997
0.001	0.001	0.997	0.001
0.001	0.001	0.001	0.997
0.001	0.001	0.001	0.997
>TCTGACGA	4-TCTGACGA	6.662387	-13.576244	0	T:26.0(6.47%),B:3424.0(2.18%),P:1e-5	Tpos:44.3,Tstd:27.9,Bpos:50.3,Bstd:27.3,StrandBias:0.4,Multiplicity:1.00
0.001	0.001	0.001	0.997
0.001	0.780	0.218	0.001
0.001	0.001	0.001	0.997
0.274	0.144	0.581	0.001
0.997	0.001	0.001	0.001
0.056	0.871	0.001	0.072
0.001	0.001	0.932	0.066
0.840	0.001	0.158	0.001
>CGCGTTCT	5-CGCGTTCT	7.446111	-13.251370	0	T:23.0(5.72%),B:2832.0(1.80%),P:1e-5	Tpos:39.5,Tstd:26.8,Bpos:50.3,Bstd:27.2,StrandBias:-0.2,Multiplicity:1.13
0.225	0.773	0.001	0.001
0.001	0.001	0.997	0.001
0.001	0.605	0.008	0.386
0.001	0.001	0.997	0.001
0.278	0.001	0.001	0.720
0.001	0.001	0.353	0.645
0.001	0.654	0.001	0.344
0.001	0.001	0.001	0.997
