>CGCCAGCT	1-CGCCAGCT	8.918881	-17.760418	0	T:8.0(4.91%),B:9.0(0.30%),P:1e-7,FDR:1	Tpos:50.3,Tstd:27.8,Bpos:46.9,Bstd:16.0,StrandBias:0.3,Multiplicity:1.00
0.001	0.997	0.001	0.001
0.001	0.001	0.997	0.001
0.001	0.997	0.001	0.001
0.001	0.997	0.001	0.001
0.830	0.168	0.001	0.001
0.168	0.001	0.830	0.001
0.001	0.997	0.001	0.001
0.001	0.001	0.168	0.830
>CTGAGTAG	2-CTGAGTAG	8.236954	-11.552233	0	T:5.0(3.07%),B:5.6(0.19%),P:1e-5,FDR:1	Tpos:42.5,Tstd:21.4,Bpos:42.5,Bstd:35.7,StrandBias:-1.0,Multiplicity:1.20
0.100	0.700	0.100	0.100
0.100	0.100	0.100	0.700
0.100	0.100	0.700	0.100
0.700	0.100	0.100	0.100
0.100	0.100	0.700	0.100
0.100	0.100	0.100	0.700
0.700	0.100	0.100	0.100
0.100	0.100	0.700	0.100
>CGGTCACC	3-CGGTCACC	5.274635	-10.496420	0	T:26.0(15.95%),B:197.5(6.63%),P:1e-4,FDR:1	Tpos:55.4,Tstd:23.1,Bpos:48.6,Bstd:31.2,StrandBias:0.1,Multiplicity:1.24
0.106	0.659	0.070	0.165
0.075	0.102	0.822	0.001
0.057	0.037	0.802	0.104
0.183	0.184	0.017	0.616
0.069	0.714	0.167	0.050
0.790	0.078	0.028	0.104
0.084	0.751	0.078	0.087
0.105	0.860	0.001	0.034
>GTTTTGTY	4-GTTTTGTY	7.579660	-7.132306	0	T:20.0(12.27%),B:166.5(5.59%),P:1e-3,FDR:1	Tpos:42.3,Tstd:22.7,Bpos:46.4,Bstd:25.3,StrandBias:-0.7,Multiplicity:1.95
0.001	0.001	0.997	0.001
0.001	0.325	0.001	0.673
0.001	0.001	0.001	0.997
0.001	0.228	0.001	0.770
0.154	0.259	0.001	0.586
0.001	0.001	0.603	0.395
0.001	0.001	0.001	0.997
0.001	0.442	0.001	0.556
>CTGACCCT	5-CTGACCCT	8.236954	-2.102010	0	T:2.0(1.23%),B:11.3(0.38%),P:1e0,FDR:1	Tpos:53.6,Tstd:26.6,Bpos:49.9,Bstd:24.3,StrandBias:-10.0,Multiplicity:7.00
0.100	0.700	0.100	0.100
0.100	0.100	0.100	0.700
0.100	0.100	0.700	0.100
0.700	0.100	0.100	0.100
0.100	0.700	0.100	0.100
0.100	0.700	0.100	0.100
0.100	0.700	0.100	0.100
0.100	0.100	0.100	0.700
>AAAAAAAA	6-AAAAAAAA	10.171444	-1.671117	0	T:4.0(2.45%),B:41.8(1.40%),P:1e0,FDR:1	Tpos:37.0,Tstd:9.0,Bpos:50.5,Bstd:22.1,StrandBias:-0.4,Multiplicity:1.00
0.922	0.076	0.001	0.001
0.902	0.096	0.001	0.001
0.949	0.049	0.001	0.001
0.791	0.207	0.001	0.001
0.785	0.213	0.001	0.001
0.997	0.001	0.001	0.001
0.930	0.068	0.001	0.001
0.878	0.120	0.001	0.001
