>GCCGGATATT	1-GCCGGATATT	4.936491	-23.662172	0	T:5.0(8.20%),B:1.9(0.07%),P:1e-10,FDR:0.4	Tpos:45.6,Tstd:30.4,Bpos:26.5,Bstd:5.6,StrandBias:2.0,Multiplicity:1.00
0.001	0.001	0.997	0.001
0.001	0.997	0.001	0.001
0.001	0.997	0.001	0.001
0.001	0.001	0.997	0.001
0.001	0.001	0.811	0.187
0.955	0.001	0.043	0.001
0.001	0.001	0.001	0.997
0.833	0.001	0.001	0.165
0.001	0.001	0.001	0.997
0.001	0.209	0.001	0.789
>CTTCTCTGAT	2-CTTCTCTGAT	7.972309	-22.219110	0	T:14.0(22.95%),B:63.2(2.47%),P:1e-9,FDR:0.4	Tpos:46.4,Tstd:26.7,Bpos:44.6,Bstd:38.5,StrandBias:-0.4,Multiplicity:1.14
0.081	0.837	0.081	0.001
0.081	0.001	0.081	0.837
0.001	0.085	0.004	0.910
0.001	0.721	0.139	0.139
0.001	0.081	0.001	0.917
0.081	0.917	0.001	0.001
0.244	0.047	0.001	0.708
0.001	0.001	0.917	0.081
0.808	0.001	0.139	0.052
0.226	0.163	0.163	0.448
>TTGTTGSAGT	3-TTGTTGSAGT	7.794854	-16.011786	0	T:10.0(16.39%),B:45.1(1.76%),P:1e-6,FDR:0.8	Tpos:50.7,Tstd:26.8,Bpos:51.3,Bstd:20.1,StrandBias:1.4,Multiplicity:1.80
0.001	0.001	0.001	0.997
0.121	0.001	0.242	0.636
0.001	0.121	0.757	0.121
0.001	0.120	0.001	0.878
0.121	0.121	0.121	0.637
0.001	0.001	0.997	0.001
0.125	0.363	0.511	0.001
0.997	0.001	0.001	0.001
0.125	0.001	0.753	0.121
0.120	0.001	0.001	0.878
>AAAAGGACCG	4-AAAAGGACCG	9.979295	-15.492022	0	T:4.0(6.56%),B:2.6(0.10%),P:1e-6,FDR:0.8	Tpos:48.2,Tstd:16.3,Bpos:30.1,Bstd:20.8,StrandBias:0.0,Multiplicity:1.00
0.509	0.001	0.245	0.245
0.754	0.001	0.244	0.001
0.997	0.001	0.001	0.001
0.799	0.001	0.001	0.199
0.001	0.001	0.997	0.001
0.001	0.001	0.997	0.001
0.997	0.001	0.001	0.001
0.245	0.532	0.222	0.001
0.266	0.488	0.001	0.245
0.001	0.001	0.997	0.001
>TTGHTGCATC	5-TTGHTGCATC	9.735595	-11.880176	0	T:4.0(6.56%),B:5.7(0.22%),P:1e-5,FDR:0.8	Tpos:39.8,Tstd:19.3,Bpos:32.5,Bstd:8.1,StrandBias:-1.6,Multiplicity:1.00
0.305	0.001	0.001	0.693
0.001	0.019	0.001	0.979
0.001	0.001	0.997	0.001
0.387	0.306	0.001	0.306
0.019	0.001	0.001	0.979
0.001	0.305	0.693	0.001
0.001	0.693	0.001	0.305
0.979	0.001	0.001	0.019
0.001	0.001	0.001	0.997
0.001	0.693	0.001	0.305
