>GCCGGATATT	1-GCCGGATATT	4.936491	-23.662172	0	T:5.0(8.20%),B:1.9(0.07%),P:1e-10,FDR:0.4	Tpos:45.6,Tstd:30.4,Bpos:26.5,Bstd:5.6,StrandBias:2.0,Multiplicity:1.00
0.001	0.001	0.997	0.001
0.001	0.997	0.001	0.001
0.001	0.997	0.001	0.001
0.001	0.001	0.997	0.001
0.001	0.001	0.811	0.187
0.955	0.001	0.043	0.001
0.001	0.001	0.001	0.997
0.833	0.001	0.001	0.165
0.001	0.001	0.001	0.997
0.001	0.209	0.001	0.789
>CTTCTCTGAT	2-CTTCTCTGAT	7.972309	-22.219110	0	T:14.0(22.95%),B:63.2(2.47%),P:1e-9,FDR:0.4	Tpos:46.4,Tstd:26.7,Bpos:44.6,Bstd:38.5,StrandBias:-0.4,Multiplicity:1.14
0.081	0.837	0.081	0.001
0.081	0.001	0.081	0.837
0.001	0.085	0.004	0.910
0.001	0.721	0.139	0.139
0.001	0.081	0.001	0.917
0.081	0.917	0.001	0.001
0.244	0.047	0.001	0.708
0.001	0.001	0.917	0.081
0.808	0.001	0.139	0.052
0.226	0.163	0.163	0.448
>TTGTTGSAGT	3-TTGTTGSAGT	7.794854	-16.011786	0	T:10.0(16.39%),B:45.1(1.76%),P:1e-6,FDR:0.8	Tpos:50.7,Tstd:26.8,Bpos:51.3,Bstd:20.1,StrandBias:1.4,Multiplicity:1.80
0.001	0.001	0.001	0.997
0.121	0.001	0.242	0.636
0.001	0.121	0.757	0.121
0.001	0.120	0.001	0.878
0.121	0.121	0.121	0.637
0.001	0.001	0.997	0.001
0.125	0.363	0.511	0.001
0.997	0.001	0.001	0.001
0.125	0.001	0.753	0.121
0.120	0.001	0.001	0.878
>AAAAGGACCG	4-AAAAGGACCG	9.979295	-15.492022	0	T:4.0(6.56%),B:2.6(0.10%),P:1e-6,FDR:0.8	Tpos:48.2,Tstd:16.3,Bpos:30.1,Bstd:20.8,StrandBias:0.0,Multiplicity:1.00
0.509	0.001	0.245	0.245
0.754	0.001	0.244	0.001
0.997	0.001	0.001	0.001
0.799	0.001	0.001	0.199
0.001	0.001	0.997	0.001
0.001	0.001	0.997	0.001
0.997	0.001	0.001	0.001
0.245	0.532	0.222	0.001
0.266	0.488	0.001	0.245
0.001	0.001	0.997	0.001
>TTGHTGCATC	5-TTGHTGCATC	9.735595	-11.880176	0	T:4.0(6.56%),B:5.7(0.22%),P:1e-5,FDR:0.8	Tpos:39.8,Tstd:19.3,Bpos:32.5,Bstd:8.1,StrandBias:-1.6,Multiplicity:1.00
0.305	0.001	0.001	0.693
0.001	0.019	0.001	0.979
0.001	0.001	0.997	0.001
0.387	0.306	0.001	0.306
0.019	0.001	0.001	0.979
0.001	0.305	0.693	0.001
0.001	0.693	0.001	0.305
0.979	0.001	0.001	0.019
0.001	0.001	0.001	0.997
0.001	0.693	0.001	0.305
>GTGGTCTTTATC	1-GTGGTCTTTATC	7.752876	-23.662172	0	T:5.0(8.20%),B:1.8(0.07%),P:1e-10,FDR:0.8	Tpos:58.0,Tstd:30.2,Bpos:51.2,Bstd:6.9,StrandBias:0.6,Multiplicity:1.00
0.001	0.001	0.801	0.197
0.001	0.001	0.001	0.997
0.197	0.001	0.801	0.001
0.001	0.001	0.997	0.001
0.001	0.209	0.001	0.789
0.001	0.906	0.092	0.001
0.001	0.001	0.001	0.997
0.001	0.001	0.092	0.906
0.001	0.001	0.001	0.997
0.789	0.001	0.209	0.001
0.001	0.001	0.001	0.997
0.001	0.997	0.001	0.001
>CTGGATGGAGTG	2-CTGGATGGAGTG	8.652875	-17.712234	0	T:6.0(9.84%),B:7.6(0.30%),P:1e-7,FDR:0.9	Tpos:37.9,Tstd:21.0,Bpos:42.1,Bstd:21.3,StrandBias:2.0,Multiplicity:1.67
0.063	0.935	0.001	0.001
0.305	0.001	0.001	0.693
0.306	0.001	0.676	0.017
0.001	0.306	0.629	0.064
0.611	0.001	0.001	0.387
0.001	0.305	0.001	0.693
0.001	0.001	0.997	0.001
0.001	0.001	0.997	0.001
0.997	0.001	0.001	0.001
0.001	0.001	0.997	0.001
0.001	0.001	0.001	0.997
0.314	0.001	0.684	0.001
>KGAAGGAAGAGG	3-KGAAGGAAGAGG	8.822262	-14.386347	0	T:11.0(18.03%),B:68.1(2.66%),P:1e-6,FDR:1	Tpos:63.5,Tstd:20.0,Bpos:38.8,Bstd:31.1,StrandBias:0.3,Multiplicity:1.00
0.160	0.174	0.319	0.347
0.159	0.001	0.839	0.001
0.839	0.001	0.159	0.001
0.520	0.160	0.160	0.160
0.159	0.159	0.681	0.001
0.001	0.159	0.839	0.001
0.680	0.001	0.318	0.001
0.997	0.001	0.001	0.001
0.014	0.159	0.826	0.001
0.839	0.001	0.159	0.001
0.159	0.001	0.839	0.001
0.159	0.001	0.839	0.001
>TGTTVACACAAT	4-TGTTVACACAAT	12.307182	-13.071606	0	T:3.0(4.92%),B:0.8(0.03%),P:1e-5,FDR:1	Tpos:48.0,Tstd:21.6,Bpos:32.0,Bstd:0.0,StrandBias:10.0,Multiplicity:1.00
0.001	0.001	0.001	0.997
0.001	0.001	0.997	0.001
0.001	0.001	0.360	0.638
0.305	0.001	0.001	0.693
0.387	0.306	0.306	0.001
0.693	0.305	0.001	0.001
0.305	0.693	0.001	0.001
0.997	0.001	0.001	0.001
0.026	0.972	0.001	0.001
0.997	0.001	0.001	0.001
0.693	0.305	0.001	0.001
0.001	0.305	0.001	0.693
>AAGGATGCHGGG	5-AAGGATGCHGGG	11.027505	-11.168647	0	T:4.0(6.56%),B:6.6(0.26%),P:1e-4,FDR:1	Tpos:53.5,Tstd:30.1,Bpos:42.0,Bstd:21.7,StrandBias:1.6,Multiplicity:1.00
0.693	0.001	0.001	0.305
0.621	0.001	0.314	0.064
0.001	0.001	0.997	0.001
0.001	0.305	0.693	0.001
0.629	0.306	0.064	0.001
0.001	0.064	0.306	0.629
0.001	0.001	0.997	0.001
0.001	0.997	0.001	0.001
0.306	0.306	0.001	0.387
0.001	0.001	0.997	0.001
0.305	0.001	0.693	0.001
0.305	0.001	0.693	0.001
>TGCTGTTGTTGC	6-TGCTGTTGTTGC	11.897485	-11.009122	0	T:3.0(4.92%),B:2.1(0.08%),P:1e-4,FDR:1	Tpos:46.2,Tstd:24.0,Bpos:44.4,Bstd:15.7,StrandBias:2.3,Multiplicity:2.00
0.001	0.001	0.001	0.997
0.001	0.001	0.997	0.001
0.001	0.971	0.001	0.027
0.001	0.233	0.001	0.765
0.261	0.001	0.737	0.001
0.001	0.233	0.001	0.765
0.001	0.233	0.001	0.765
0.001	0.234	0.531	0.234
0.233	0.001	0.001	0.765
0.001	0.001	0.001	0.997
0.234	0.031	0.734	0.001
0.001	0.997	0.001	0.001
>CTAAGATG	1-CTAAGATG	8.267993	-20.704669	0	T:8.0(13.11%),B:13.7(0.53%),P:1e-8,FDR:0.4	Tpos:60.9,Tstd:23.1,Bpos:53.1,Bstd:18.9,StrandBias:-1.0,Multiplicity:1.12
0.001	0.997	0.001	0.001
0.001	0.001	0.001	0.997
0.776	0.001	0.082	0.141
0.997	0.001	0.001	0.001
0.001	0.001	0.997	0.001
0.858	0.140	0.001	0.001
0.001	0.001	0.001	0.997
0.001	0.140	0.858	0.001
>NGAATTTA	2-NGAATTTA	7.564160	-18.548242	0	T:9.0(14.75%),B:25.8(1.01%),P:1e-8,FDR:0.4	Tpos:48.2,Tstd:20.6,Bpos:61.6,Bstd:29.1,StrandBias:-1.8,Multiplicity:1.00
0.192	0.300	0.292	0.216
0.001	0.001	0.997	0.001
0.571	0.214	0.001	0.214
0.575	0.001	0.001	0.423
0.356	0.001	0.001	0.642
0.001	0.001	0.001	0.997
0.001	0.001	0.001	0.997
0.997	0.001	0.001	0.001
>AGCAAGAG	3-AGCAAGAG	7.770612	-16.125211	0	T:13.0(21.31%),B:86.3(3.37%),P:1e-7,FDR:0.4	Tpos:59.4,Tstd:24.2,Bpos:41.8,Bstd:30.9,StrandBias:-0.7,Multiplicity:1.00
0.927	0.001	0.071	0.001
0.001	0.001	0.997	0.001
0.001	0.761	0.237	0.001
0.782	0.055	0.162	0.001
0.948	0.001	0.050	0.001
0.102	0.001	0.896	0.001
0.997	0.001	0.001	0.001
0.139	0.178	0.682	0.001
>ACGCACCC	4-ACGCACCC	4.056986	-14.386347	0	T:11.0(18.03%),B:68.4(2.67%),P:1e-6,FDR:0.4	Tpos:52.0,Tstd:29.4,Bpos:47.1,Bstd:28.9,StrandBias:-0.8,Multiplicity:1.00
0.997	0.001	0.001	0.001
0.001	0.997	0.001	0.001
0.001	0.282	0.636	0.081
0.001	0.997	0.001	0.001
0.997	0.001	0.001	0.001
0.071	0.898	0.001	0.030
0.001	0.997	0.001	0.001
0.001	0.997	0.001	0.001
>ATTCCCCA	5-ATTCCCCA	8.236954	-11.009122	0	T:3.0(4.92%),B:2.6(0.10%),P:1e-4,FDR:0.44	Tpos:40.7,Tstd:37.7,Bpos:41.3,Bstd:17.4,StrandBias:1.0,Multiplicity:1.00
0.700	0.100	0.100	0.100
0.100	0.100	0.100	0.700
0.100	0.100	0.100	0.700
0.100	0.700	0.100	0.100
0.100	0.700	0.100	0.100
0.100	0.700	0.100	0.100
0.100	0.700	0.100	0.100
0.700	0.100	0.100	0.100
>TGATGCTG	6-TGATGCTG	7.091483	-10.615189	0	T:12.0(19.67%),B:121.4(4.74%),P:1e-4,FDR:0.44	Tpos:57.9,Tstd:24.1,Bpos:51.0,Bstd:33.3,StrandBias:0.7,Multiplicity:1.33
0.001	0.001	0.132	0.866
0.001	0.001	0.997	0.001
0.783	0.193	0.001	0.023
0.035	0.001	0.048	0.916
0.001	0.068	0.930	0.001
0.001	0.813	0.088	0.098
0.001	0.001	0.137	0.861
0.001	0.074	0.868	0.057
>CTTGTTGG	7-CTTGTTGG	8.715444	-5.656695	0	T:4.0(6.56%),B:26.9(1.05%),P:1e-2,FDR:0.571428571428571	Tpos:50.1,Tstd:29.7,Bpos:59.2,Bstd:26.6,StrandBias:10.0,Multiplicity:2.50
0.001	0.997	0.001	0.001
0.001	0.001	0.001	0.997
0.001	0.001	0.001	0.997
0.001	0.001	0.997	0.001
0.001	0.001	0.001	0.997
0.001	0.001	0.001	0.997
0.001	0.001	0.997	0.001
0.095	0.001	0.794	0.110
