>CTAAGATG	1-CTAAGATG	8.267993	-20.704669	0	T:8.0(13.11%),B:13.7(0.53%),P:1e-8,FDR:0.4	Tpos:60.9,Tstd:23.1,Bpos:53.1,Bstd:18.9,StrandBias:-1.0,Multiplicity:1.12
0.001	0.997	0.001	0.001
0.001	0.001	0.001	0.997
0.776	0.001	0.082	0.141
0.997	0.001	0.001	0.001
0.001	0.001	0.997	0.001
0.858	0.140	0.001	0.001
0.001	0.001	0.001	0.997
0.001	0.140	0.858	0.001
>NGAATTTA	2-NGAATTTA	7.564160	-18.548242	0	T:9.0(14.75%),B:25.8(1.01%),P:1e-8,FDR:0.4	Tpos:48.2,Tstd:20.6,Bpos:61.6,Bstd:29.1,StrandBias:-1.8,Multiplicity:1.00
0.192	0.300	0.292	0.216
0.001	0.001	0.997	0.001
0.571	0.214	0.001	0.214
0.575	0.001	0.001	0.423
0.356	0.001	0.001	0.642
0.001	0.001	0.001	0.997
0.001	0.001	0.001	0.997
0.997	0.001	0.001	0.001
>AGCAAGAG	3-AGCAAGAG	7.770612	-16.125211	0	T:13.0(21.31%),B:86.3(3.37%),P:1e-7,FDR:0.4	Tpos:59.4,Tstd:24.2,Bpos:41.8,Bstd:30.9,StrandBias:-0.7,Multiplicity:1.00
0.927	0.001	0.071	0.001
0.001	0.001	0.997	0.001
0.001	0.761	0.237	0.001
0.782	0.055	0.162	0.001
0.948	0.001	0.050	0.001
0.102	0.001	0.896	0.001
0.997	0.001	0.001	0.001
0.139	0.178	0.682	0.001
>ACGCACCC	4-ACGCACCC	4.056986	-14.386347	0	T:11.0(18.03%),B:68.4(2.67%),P:1e-6,FDR:0.4	Tpos:52.0,Tstd:29.4,Bpos:47.1,Bstd:28.9,StrandBias:-0.8,Multiplicity:1.00
0.997	0.001	0.001	0.001
0.001	0.997	0.001	0.001
0.001	0.282	0.636	0.081
0.001	0.997	0.001	0.001
0.997	0.001	0.001	0.001
0.071	0.898	0.001	0.030
0.001	0.997	0.001	0.001
0.001	0.997	0.001	0.001
>ATTCCCCA	5-ATTCCCCA	8.236954	-11.009122	0	T:3.0(4.92%),B:2.6(0.10%),P:1e-4,FDR:0.44	Tpos:40.7,Tstd:37.7,Bpos:41.3,Bstd:17.4,StrandBias:1.0,Multiplicity:1.00
0.700	0.100	0.100	0.100
0.100	0.100	0.100	0.700
0.100	0.100	0.100	0.700
0.100	0.700	0.100	0.100
0.100	0.700	0.100	0.100
0.100	0.700	0.100	0.100
0.100	0.700	0.100	0.100
0.700	0.100	0.100	0.100
>TGATGCTG	6-TGATGCTG	7.091483	-10.615189	0	T:12.0(19.67%),B:121.4(4.74%),P:1e-4,FDR:0.44	Tpos:57.9,Tstd:24.1,Bpos:51.0,Bstd:33.3,StrandBias:0.7,Multiplicity:1.33
0.001	0.001	0.132	0.866
0.001	0.001	0.997	0.001
0.783	0.193	0.001	0.023
0.035	0.001	0.048	0.916
0.001	0.068	0.930	0.001
0.001	0.813	0.088	0.098
0.001	0.001	0.137	0.861
0.001	0.074	0.868	0.057
>CTTGTTGG	7-CTTGTTGG	8.715444	-5.656695	0	T:4.0(6.56%),B:26.9(1.05%),P:1e-2,FDR:0.571428571428571	Tpos:50.1,Tstd:29.7,Bpos:59.2,Bstd:26.6,StrandBias:10.0,Multiplicity:2.50
0.001	0.997	0.001	0.001
0.001	0.001	0.001	0.997
0.001	0.001	0.001	0.997
0.001	0.001	0.997	0.001
0.001	0.001	0.001	0.997
0.001	0.001	0.001	0.997
0.001	0.001	0.997	0.001
0.095	0.001	0.794	0.110
