>WGAGAGCCAC	1-WGAGAGCCAC	8.614891	-23.041860	0	T:14.0(17.28%),B:51.0(1.69%),P:1e-10,FDR:0.6	Tpos:51.7,Tstd:26.6,Bpos:50.4,Bstd:27.1,StrandBias:0.4,Multiplicity:1.00
0.432	0.001	0.001	0.566
0.001	0.007	0.875	0.117
0.681	0.001	0.124	0.194
0.001	0.001	0.882	0.116
0.649	0.117	0.117	0.117
0.117	0.234	0.567	0.082
0.001	0.932	0.001	0.066
0.001	0.882	0.001	0.116
0.997	0.001	0.001	0.001
0.001	0.997	0.001	0.001
>TTTGACACAG	2-TTTGACACAG	11.927532	-23.020483	0	T:5.0(6.17%),B:1.5(0.05%),P:1e-9,FDR:0.6	Tpos:46.7,Tstd:18.4,Bpos:38.9,Bstd:5.3,StrandBias:1.0,Multiplicity:1.20
0.001	0.001	0.001	0.997
0.001	0.001	0.001	0.997
0.001	0.001	0.181	0.817
0.001	0.001	0.997	0.001
0.997	0.001	0.001	0.001
0.001	0.997	0.001	0.001
0.997	0.001	0.001	0.001
0.001	0.997	0.001	0.001
0.997	0.001	0.001	0.001
0.001	0.181	0.817	0.001
>CATCTGAAAC	3-CATCTGAAAC	11.121572	-20.641194	0	T:7.0(8.64%),B:7.9(0.26%),P:1e-8,FDR:0.6	Tpos:58.3,Tstd:15.7,Bpos:40.3,Bstd:22.0,StrandBias:0.4,Multiplicity:1.00
0.001	0.856	0.001	0.142
0.856	0.142	0.001	0.001
0.001	0.001	0.001	0.997
0.001	0.856	0.001	0.142
0.001	0.001	0.001	0.997
0.001	0.142	0.856	0.001
0.856	0.142	0.001	0.001
0.856	0.001	0.142	0.001
0.997	0.001	0.001	0.001
0.001	0.997	0.001	0.001
>TTCTGGAGTG	4-TTCTGGAGTG	7.834271	-20.278336	0	T:8.0(9.88%),B:13.0(0.43%),P:1e-8,FDR:0.6	Tpos:39.9,Tstd:35.2,Bpos:58.2,Bstd:32.4,StrandBias:-0.7,Multiplicity:1.00
0.204	0.001	0.001	0.794
0.001	0.001	0.001	0.997
0.001	0.738	0.260	0.001
0.001	0.001	0.001	0.997
0.001	0.001	0.997	0.001
0.001	0.001	0.943	0.055
0.997	0.001	0.001	0.001
0.001	0.001	0.997	0.001
0.001	0.001	0.001	0.997
0.001	0.216	0.782	0.001
>AGASCAGNMG	5-AGASCAGNMG	10.156607	-18.471526	0	T:9.0(11.11%),B:22.1(0.73%),P:1e-8,FDR:0.6	Tpos:61.7,Tstd:29.2,Bpos:38.6,Bstd:28.4,StrandBias:1.8,Multiplicity:1.00
0.997	0.001	0.001	0.001
0.001	0.001	0.997	0.001
0.997	0.001	0.001	0.001
0.001	0.356	0.447	0.196
0.001	0.997	0.001	0.001
0.997	0.001	0.001	0.001
0.001	0.196	0.802	0.001
0.208	0.356	0.208	0.227
0.379	0.423	0.001	0.196
0.001	0.001	0.997	0.001
>TTCCAGGAAA	6-TTCCAGGAAA	9.356777	-17.884201	0	T:10.0(12.35%),B:32.0(1.06%),P:1e-7,FDR:0.6	Tpos:58.6,Tstd:25.0,Bpos:46.6,Bstd:27.1,StrandBias:-1.2,Multiplicity:1.00
0.087	0.001	0.087	0.825
0.087	0.001	0.091	0.821
0.087	0.825	0.087	0.001
0.087	0.825	0.087	0.001
0.547	0.087	0.087	0.279
0.173	0.001	0.825	0.001
0.087	0.001	0.825	0.087
0.997	0.001	0.001	0.001
0.813	0.099	0.001	0.087
0.716	0.137	0.055	0.092
>CACCCACATG	7-CACCCACATG	11.419774	-15.852338	0	T:9.0(11.11%),B:30.8(1.02%),P:1e-6,FDR:0.6	Tpos:52.7,Tstd:23.9,Bpos:52.2,Bstd:31.6,StrandBias:-1.0,Multiplicity:1.00
0.001	0.997	0.001	0.001
0.816	0.001	0.001	0.182
0.268	0.730	0.001	0.001
0.001	0.997	0.001	0.001
0.001	0.816	0.001	0.182
0.997	0.001	0.001	0.001
0.001	0.997	0.001	0.001
0.997	0.001	0.001	0.001
0.001	0.001	0.001	0.997
0.001	0.001	0.816	0.182
>TCTCTCTCTC	8-TCTCTCTCTC	11.654264	-2.903015	0	T:2.0(2.47%),B:14.6(0.48%),P:1e-1,FDR:0.775	Tpos:28.0,Tstd:7.7,Bpos:53.5,Bstd:32.0,StrandBias:3.2,Multiplicity:1.00
0.001	0.001	0.001	0.997
0.001	0.997	0.001	0.001
0.001	0.001	0.001	0.997
0.001	0.997	0.001	0.001
0.001	0.001	0.001	0.997
0.001	0.997	0.001	0.001
0.001	0.001	0.001	0.997
0.001	0.997	0.001	0.001
0.200	0.001	0.001	0.798
0.001	0.857	0.001	0.141
