>GGGBBGGGGGGA	1-GGGBBGGGGGGA	10.537843	-11.901063	0	T:2.0(66.67%),B:10.8(0.16%),P:1e-5,FDR:1	Tpos:57.3,Tstd:18.6,Bpos:71.0,Bstd:50.1,StrandBias:-10.0,Multiplicity:1.00
0.319	0.001	0.639	0.041
0.001	0.360	0.638	0.001
0.041	0.319	0.639	0.001
0.001	0.319	0.319	0.361
0.001	0.319	0.319	0.361
0.001	0.001	0.997	0.001
0.001	0.001	0.958	0.040
0.001	0.001	0.997	0.001
0.001	0.001	0.997	0.001
0.001	0.001	0.997	0.001
0.319	0.041	0.639	0.001
0.997	0.001	0.001	0.001
>DGAGTGGTHGAG	2-DGAGTGGTHGAG	7.773400	-11.580835	0	T:3.0(100.00%),B:140.2(2.11%),P:1e-5,FDR:1	Tpos:10.2,Tstd:2.9,Bpos:50.4,Bstd:41.6,StrandBias:0.0,Multiplicity:1.00
0.361	0.001	0.319	0.319
0.001	0.001	0.679	0.319
0.679	0.001	0.319	0.001
0.001	0.001	0.997	0.001
0.001	0.360	0.001	0.638
0.360	0.001	0.638	0.001
0.319	0.001	0.679	0.001
0.001	0.319	0.001	0.679
0.361	0.319	0.001	0.319
0.001	0.001	0.679	0.319
0.997	0.001	0.001	0.001
0.001	0.360	0.638	0.001
>TCDTGAGATVAT	3-TCDTGAGATVAT	8.473229	-10.325354	0	T:2.0(66.67%),B:22.9(0.34%),P:1e-4,FDR:1	Tpos:68.5,Tstd:7.5,Bpos:72.2,Bstd:34.6,StrandBias:0.0,Multiplicity:1.00
0.010	0.010	0.340	0.640
0.010	0.649	0.021	0.320
0.319	0.001	0.351	0.329
0.001	0.001	0.329	0.669
0.320	0.010	0.649	0.021
0.639	0.030	0.330	0.001
0.340	0.010	0.640	0.010
0.639	0.001	0.021	0.339
0.010	0.320	0.011	0.659
0.319	0.329	0.351	0.001
0.660	0.319	0.001	0.020
0.001	0.019	0.001	0.979
>TGBGDTCAGGGT	4-TGBGDTCAGGGT	8.911226	-8.356090	0	T:2.0(66.67%),B:59.1(0.89%),P:1e-3,FDR:1	Tpos:92.0,Tstd:1.0,Bpos:44.1,Bstd:45.7,StrandBias:10.0,Multiplicity:1.00
0.006	0.018	0.337	0.639
0.006	0.349	0.639	0.006
0.001	0.343	0.337	0.320
0.029	0.326	0.639	0.006
0.326	0.012	0.331	0.331
0.005	0.011	0.001	0.983
0.006	0.663	0.325	0.006
0.976	0.006	0.006	0.012
0.001	0.011	0.657	0.331
0.338	0.017	0.639	0.006
0.018	0.331	0.645	0.006
0.320	0.017	0.024	0.639
>GTGTTGGGGGAG	5-GTGTTGGGGGAG	12.355432	-7.703459	0	T:1.0(33.33%),B:0.0(0.00%),P:1e-3,FDR:1	Tpos:24.0,Tstd:0.0,Bpos:0.0,Bstd:0.0,StrandBias:10.0,Multiplicity:1.00
0.100	0.100	0.700	0.100
0.100	0.100	0.100	0.700
0.100	0.100	0.700	0.100
0.100	0.100	0.100	0.700
0.100	0.100	0.100	0.700
0.100	0.100	0.700	0.100
0.100	0.100	0.700	0.100
0.100	0.100	0.700	0.100
0.100	0.100	0.700	0.100
0.100	0.100	0.700	0.100
0.700	0.100	0.100	0.100
0.100	0.100	0.700	0.100
>GGTACGGTGATG	6-GGTACGGTGATG	12.355432	-7.703459	0	T:1.0(33.33%),B:0.0(0.00%),P:1e-3,FDR:1	Tpos:37.0,Tstd:0.0,Bpos:0.0,Bstd:0.0,StrandBias:10.0,Multiplicity:1.00
0.100	0.100	0.700	0.100
0.100	0.100	0.700	0.100
0.100	0.100	0.100	0.700
0.700	0.100	0.100	0.100
0.100	0.700	0.100	0.100
0.100	0.100	0.700	0.100
0.100	0.100	0.700	0.100
0.100	0.100	0.100	0.700
0.100	0.100	0.700	0.100
0.700	0.100	0.100	0.100
0.100	0.100	0.100	0.700
0.100	0.100	0.700	0.100
>CCAATCAGAAGC	7-CCAATCAGAAGC	12.355432	-7.703459	0	T:1.0(33.33%),B:0.0(0.00%),P:1e-3,FDR:1	Tpos:53.0,Tstd:0.0,Bpos:0.0,Bstd:0.0,StrandBias:10.0,Multiplicity:1.00
0.100	0.700	0.100	0.100
0.100	0.700	0.100	0.100
0.700	0.100	0.100	0.100
0.700	0.100	0.100	0.100
0.100	0.100	0.100	0.700
0.100	0.700	0.100	0.100
0.700	0.100	0.100	0.100
0.100	0.100	0.700	0.100
0.700	0.100	0.100	0.100
0.700	0.100	0.100	0.100
0.100	0.100	0.700	0.100
0.100	0.700	0.100	0.100
>CATTGTGGGCAG	8-CATTGTGGGCAG	12.355432	-7.703459	0	T:1.0(33.33%),B:0.0(0.00%),P:1e-3,FDR:1	Tpos:23.0,Tstd:0.0,Bpos:0.0,Bstd:0.0,StrandBias:10.0,Multiplicity:1.00
0.100	0.700	0.100	0.100
0.700	0.100	0.100	0.100
0.100	0.100	0.100	0.700
0.100	0.100	0.100	0.700
0.100	0.100	0.700	0.100
0.100	0.100	0.100	0.700
0.100	0.100	0.700	0.100
0.100	0.100	0.700	0.100
0.100	0.100	0.700	0.100
0.100	0.700	0.100	0.100
0.700	0.100	0.100	0.100
0.100	0.100	0.700	0.100
