>CTGYTAAGGCAK	1-CTGYTAAGGCAK	8.816710	-25.936348	0	T:8.0(10.00%),B:6.0(0.20%),P:1e-11	Tpos:48.4,Tstd:29.7,Bpos:45.3,Bstd:25.3,StrandBias:-0.4,Multiplicity:1.00
0.001	0.701	0.001	0.297
0.001	0.001	0.001	0.997
0.001	0.001	0.997	0.001
0.001	0.467	0.001	0.531
0.001	0.031	0.001	0.967
0.997	0.001	0.001	0.001
0.997	0.001	0.001	0.001
0.001	0.001	0.997	0.001
0.297	0.234	0.468	0.001
0.234	0.531	0.234	0.001
0.997	0.001	0.001	0.001
0.001	0.001	0.467	0.531
>GTTTCTGTTCAA	2-GTTTCTGTTCAA	10.569142	-19.102276	0	T:6.0(7.50%),B:5.0(0.16%),P:1e-8	Tpos:39.7,Tstd:38.0,Bpos:30.0,Bstd:17.2,StrandBias:0.0,Multiplicity:1.00
0.137	0.275	0.587	0.001
0.001	0.412	0.001	0.586
0.001	0.275	0.137	0.587
0.001	0.001	0.001	0.997
0.001	0.997	0.001	0.001
0.029	0.001	0.001	0.969
0.002	0.001	0.860	0.137
0.137	0.137	0.001	0.725
0.283	0.001	0.167	0.549
0.001	0.722	0.275	0.002
0.997	0.001	0.001	0.001
0.725	0.137	0.001	0.137
>AGCTTGTGCCAT	3-AGCTTGTGCCAT	10.784585	-17.863596	0	T:4.0(5.00%),B:1.0(0.03%),P:1e-7	Tpos:37.5,Tstd:13.4,Bpos:8.0,Bstd:0.0,StrandBias:10.0,Multiplicity:1.00
0.785	0.001	0.213	0.001
0.001	0.001	0.997	0.001
0.001	0.997	0.001	0.001
0.001	0.070	0.001	0.928
0.001	0.001	0.001	0.997
0.001	0.213	0.785	0.001
0.001	0.001	0.001	0.997
0.001	0.001	0.928	0.070
0.001	0.997	0.001	0.001
0.001	0.997	0.001	0.001
0.997	0.001	0.001	0.001
0.001	0.001	0.001	0.997
>ACACAGCCCCWK	4-ACACAGCCCCWK	10.494033	-17.124726	0	T:6.0(7.50%),B:7.0(0.23%),P:1e-7	Tpos:43.3,Tstd:24.0,Bpos:52.8,Bstd:22.7,StrandBias:3.2,Multiplicity:1.67
0.997	0.001	0.001	0.001
0.158	0.840	0.001	0.001
0.997	0.001	0.001	0.001
0.001	0.840	0.001	0.158
0.680	0.318	0.001	0.001
0.001	0.001	0.840	0.158
0.001	0.670	0.159	0.170
0.001	0.840	0.001	0.158
0.001	0.997	0.001	0.001
0.001	0.669	0.001	0.329
0.341	0.159	0.181	0.319
0.001	0.001	0.477	0.521
>GCTATRGCTGYT	5-GCTATRGCTGYT	10.758815	-12.377749	0	T:4.0(5.00%),B:4.0(0.13%),P:1e-5	Tpos:51.3,Tstd:25.4,Bpos:30.2,Bstd:19.8,StrandBias:1.0,Multiplicity:2.25
0.001	0.049	0.949	0.001
0.001	0.997	0.001	0.001
0.233	0.001	0.001	0.765
0.715	0.050	0.234	0.001
0.001	0.001	0.001	0.997
0.467	0.001	0.531	0.001
0.238	0.234	0.527	0.001
0.001	0.997	0.001	0.001
0.233	0.001	0.001	0.765
0.234	0.234	0.531	0.001
0.001	0.467	0.001	0.531
0.001	0.001	0.233	0.765
>TATTGTTTTGTT	6-TATTGTTTTGTT	11.370057	-10.730018	0	T:3.0(3.75%),B:2.0(0.07%),P:1e-4	Tpos:47.9,Tstd:11.3,Bpos:90.0,Bstd:2.2,StrandBias:1.3,Multiplicity:1.00
0.001	0.001	0.001	0.997
0.997	0.001	0.001	0.001
0.001	0.001	0.001	0.997
0.001	0.001	0.001	0.997
0.035	0.001	0.785	0.179
0.144	0.001	0.001	0.854
0.034	0.001	0.001	0.964
0.001	0.001	0.001	0.997
0.001	0.001	0.001	0.997
0.213	0.001	0.785	0.001
0.001	0.001	0.001	0.997
0.001	0.001	0.001	0.997
