>CAGGGGACCTAT	1-CAGGGGACCTAT	11.558511	-28.676297	0	T:6.0(7.50%),B:1.0(0.03%),P:1e-12	Tpos:62.3,Tstd:26.2,Bpos:59.0,Bstd:0.0,StrandBias:-1.0,Multiplicity:1.00
0.001	0.997	0.001	0.001
0.997	0.001	0.001	0.001
0.001	0.001	0.997	0.001
0.001	0.166	0.832	0.001
0.001	0.001	0.997	0.001
0.001	0.166	0.832	0.001
0.667	0.001	0.166	0.166
0.167	0.500	0.167	0.167
0.001	0.997	0.001	0.001
0.001	0.001	0.001	0.997
0.666	0.332	0.001	0.001
0.001	0.001	0.166	0.832
>TAGGTAGTCTGT	2-TAGGTAGTCTGT	11.379093	-28.676297	0	T:6.0(7.50%),B:1.0(0.03%),P:1e-12	Tpos:57.2,Tstd:22.2,Bpos:31.0,Bstd:0.0,StrandBias:-1.0,Multiplicity:1.00
0.001	0.166	0.166	0.667
0.997	0.001	0.001	0.001
0.001	0.001	0.832	0.166
0.001	0.001	0.832	0.166
0.001	0.001	0.166	0.832
0.832	0.001	0.001	0.166
0.001	0.001	0.997	0.001
0.166	0.333	0.001	0.500
0.001	0.997	0.001	0.001
0.001	0.001	0.001	0.997
0.001	0.001	0.997	0.001
0.001	0.166	0.001	0.832
>WCTRMTKGGAAG	3-WCTRMTKGGAAG	11.787041	-12.790676	0	T:3.0(3.75%),B:0.0(0.00%),P:1e-5	Tpos:39.7,Tstd:24.9,Bpos:0.0,Bstd:0.0,StrandBias:-2.3,Multiplicity:2.00
0.559	0.001	0.001	0.439
0.001	0.997	0.001	0.001
0.001	0.001	0.001	0.997
0.439	0.001	0.559	0.001
0.559	0.439	0.001	0.001
0.001	0.001	0.001	0.997
0.001	0.001	0.439	0.559
0.001	0.001	0.997	0.001
0.001	0.001	0.997	0.001
0.997	0.001	0.001	0.001
0.916	0.001	0.001	0.082
0.001	0.001	0.997	0.001
>TGTTTCTTTATT	4-TGTTTCTTTATT	9.464400	-11.842273	0	T:5.0(6.25%),B:10.0(0.33%),P:1e-5	Tpos:51.1,Tstd:19.6,Bpos:52.2,Bstd:28.9,StrandBias:1.8,Multiplicity:1.00
0.001	0.001	0.034	0.964
0.179	0.001	0.819	0.001
0.001	0.001	0.001	0.997
0.001	0.001	0.001	0.997
0.001	0.001	0.001	0.997
0.213	0.785	0.001	0.001
0.001	0.001	0.001	0.997
0.001	0.001	0.001	0.997
0.001	0.001	0.001	0.997
0.997	0.001	0.001	0.001
0.001	0.001	0.001	0.997
0.001	0.001	0.001	0.997
>CCACCASCAACA	5-CCACCASCAACA	8.545014	-8.004252	0	T:8.0(10.00%),B:66.0(2.15%),P:1e-3	Tpos:57.9,Tstd:29.3,Bpos:50.8,Bstd:25.6,StrandBias:2.3,Multiplicity:1.12
0.001	0.637	0.241	0.121
0.001	0.997	0.001	0.001
0.637	0.241	0.121	0.001
0.121	0.637	0.121	0.121
0.001	0.878	0.001	0.120
0.757	0.241	0.001	0.001
0.146	0.490	0.362	0.001
0.241	0.637	0.001	0.121
0.878	0.120	0.001	0.001
0.753	0.125	0.121	0.001
0.026	0.732	0.001	0.241
0.997	0.001	0.001	0.001
>AGATAMAATGTA	6-AGATAMAATGTA	15.907333	-6.648057	0	T:2.0(2.50%),B:2.0(0.07%),P:1e-2	Tpos:47.8,Tstd:26.9,Bpos:65.5,Bstd:7.5,StrandBias:10.0,Multiplicity:2.00
0.997	0.001	0.001	0.001
0.001	0.001	0.997	0.001
0.997	0.001	0.001	0.001
0.001	0.001	0.001	0.997
0.997	0.001	0.001	0.001
0.499	0.499	0.001	0.001
0.997	0.001	0.001	0.001
0.997	0.001	0.001	0.001
0.001	0.001	0.001	0.997
0.001	0.001	0.997	0.001
0.001	0.001	0.001	0.997
0.997	0.001	0.001	0.001
>CCARRYAAMCAA	7-CCARRYAAMCAA	13.653281	-6.648057	0	T:2.0(2.50%),B:2.0(0.07%),P:1e-2	Tpos:22.2,Tstd:10.5,Bpos:49.0,Bstd:13.0,StrandBias:2.3,Multiplicity:3.00
0.001	0.997	0.001	0.001
0.001	0.997	0.001	0.001
0.997	0.001	0.001	0.001
0.559	0.001	0.439	0.001
0.479	0.001	0.519	0.001
0.001	0.479	0.001	0.519
0.997	0.001	0.001	0.001
0.997	0.001	0.001	0.001
0.439	0.559	0.001	0.001
0.001	0.997	0.001	0.001
0.997	0.001	0.001	0.001
0.997	0.001	0.001	0.001
>TCTTTTTGTTAA	8-TCTTTTTGTTAA	15.470490	-3.660246	0	T:1.0(1.25%),B:0.0(0.00%),P:1e-1	Tpos:89.0,Tstd:0.0,Bpos:0.0,Bstd:0.0,StrandBias:10.0,Multiplicity:1.00
0.001	0.001	0.168	0.830
0.001	0.953	0.001	0.045
0.001	0.001	0.001	0.997
0.001	0.001	0.001	0.997
0.001	0.001	0.001	0.997
0.001	0.001	0.001	0.997
0.001	0.001	0.001	0.997
0.001	0.001	0.785	0.213
0.168	0.001	0.001	0.830
0.001	0.001	0.001	0.997
0.785	0.001	0.001	0.213
0.785	0.001	0.001	0.213
