>KYCCTSATGACY	1-KYCCTSATGACY	7.138671	-24.538070	0	T:6.0(7.50%),B:2.0(0.07%),P:1e-10	Tpos:54.5,Tstd:30.3,Bpos:39.0,Bstd:20.0,StrandBias:0.0,Multiplicity:1.00
0.001	0.001	0.559	0.439
0.001	0.439	0.001	0.559
0.001	0.997	0.001	0.001
0.001	0.997	0.001	0.001
0.001	0.001	0.001	0.997
0.001	0.439	0.559	0.001
0.997	0.001	0.001	0.001
0.001	0.001	0.001	0.997
0.001	0.001	0.939	0.059
0.997	0.001	0.001	0.001
0.001	0.997	0.001	0.001
0.001	0.559	0.001	0.439
>CTTCTTCCACTA	2-CTTCTTCCACTA	8.670040	-18.341507	0	T:11.0(13.75%),B:41.0(1.34%),P:1e-7	Tpos:44.1,Tstd:21.1,Bpos:43.3,Bstd:26.0,StrandBias:1.4,Multiplicity:1.00
0.001	0.569	0.215	0.215
0.001	0.215	0.001	0.783
0.001	0.001	0.001	0.997
0.001	0.891	0.001	0.107
0.108	0.215	0.001	0.676
0.216	0.108	0.216	0.461
0.001	0.568	0.108	0.323
0.001	0.997	0.001	0.001
0.675	0.001	0.001	0.323
0.001	0.774	0.224	0.001
0.001	0.009	0.001	0.989
0.676	0.108	0.108	0.108
>AAGGAAASTCTC	3-AAGGAAASTCTC	11.504816	-17.719919	0	T:5.0(6.25%),B:3.0(0.10%),P:1e-7	Tpos:45.6,Tstd:28.0,Bpos:71.3,Bstd:13.2,StrandBias:-2.0,Multiplicity:1.00
0.765	0.233	0.001	0.001
0.765	0.001	0.233	0.001
0.001	0.001	0.997	0.001
0.001	0.001	0.997	0.001
0.744	0.254	0.001	0.001
0.997	0.001	0.001	0.001
0.765	0.001	0.233	0.001
0.001	0.510	0.488	0.001
0.233	0.001	0.001	0.765
0.001	0.744	0.001	0.254
0.001	0.234	0.234	0.531
0.001	0.997	0.001	0.001
>MWGAGCWGCTCA	4-MWGAGCWGCTCA	10.358801	-15.658110	0	T:6.0(7.50%),B:9.0(0.29%),P:1e-6	Tpos:49.0,Tstd:23.3,Bpos:44.2,Bstd:24.8,StrandBias:-0.3,Multiplicity:1.00
0.478	0.485	0.036	0.001
0.515	0.001	0.001	0.483
0.001	0.158	0.840	0.001
0.963	0.001	0.001	0.035
0.001	0.001	0.997	0.001
0.001	0.838	0.160	0.001
0.482	0.159	0.001	0.358
0.001	0.001	0.840	0.158
0.001	0.997	0.001	0.001
0.001	0.001	0.001	0.997
0.001	0.675	0.323	0.001
0.644	0.001	0.001	0.354
>CTCCCTGAGGGA	5-CTCCCTGAGGGA	12.183371	-15.110795	0	T:4.0(5.00%),B:2.0(0.07%),P:1e-6	Tpos:74.0,Tstd:20.4,Bpos:47.5,Bstd:21.5,StrandBias:-0.6,Multiplicity:1.00
0.001	0.997	0.001	0.001
0.001	0.001	0.001	0.997
0.001	0.765	0.233	0.001
0.001	0.997	0.001	0.001
0.001	0.765	0.001	0.233
0.001	0.233	0.001	0.765
0.025	0.234	0.507	0.234
0.960	0.001	0.038	0.001
0.233	0.001	0.765	0.001
0.001	0.001	0.997	0.001
0.001	0.001	0.765	0.233
0.997	0.001	0.001	0.001
