>GGATGACAGT	1-GGATGACAGT	10.818174	-32.459986	0	T:12.0(1.40%),B:1.0(0.04%),P:1e-14	Tpos:36.4,Tstd:24.3,Bpos:91.0,Bstd:0.0,StrandBias:1.2,Multiplicity:1.08
0.001	0.001	0.888	0.110
0.001	0.001	0.888	0.110
0.997	0.001	0.001	0.001
0.001	0.001	0.110	0.888
0.001	0.001	0.997	0.001
0.888	0.110	0.001	0.001
0.110	0.888	0.001	0.001
0.888	0.001	0.001	0.110
0.001	0.001	0.888	0.110
0.001	0.110	0.001	0.888
>CGCYTATGAG	2-CGCYTATGAG	9.188432	-28.954990	0	T:11.0(1.28%),B:1.0(0.04%),P:1e-12	Tpos:53.6,Tstd:25.4,Bpos:54.0,Bstd:0.0,StrandBias:0.5,Multiplicity:1.00
0.001	0.848	0.132	0.019
0.271	0.119	0.497	0.113
0.112	0.886	0.001	0.001
0.001	0.547	0.001	0.451
0.019	0.113	0.001	0.867
0.773	0.001	0.225	0.001
0.001	0.001	0.001	0.997
0.358	0.001	0.640	0.001
0.997	0.001	0.001	0.001
0.001	0.001	0.997	0.001
>AGGGGGGCTG	3-AGGGGGGCTG	9.797223	-23.656667	0	T:21.0(2.44%),B:9.0(0.38%),P:1e-10	Tpos:54.4,Tstd:25.6,Bpos:44.7,Bstd:29.1,StrandBias:0.1,Multiplicity:1.25
0.997	0.001	0.001	0.001
0.001	0.001	0.916	0.082
0.001	0.001	0.944	0.054
0.054	0.001	0.944	0.001
0.001	0.001	0.997	0.001
0.055	0.055	0.544	0.346
0.054	0.001	0.810	0.135
0.054	0.944	0.001	0.001
0.054	0.001	0.054	0.891
0.001	0.001	0.997	0.001
>GAAGTATGTT	4-GAAGTATGTT	8.034694	-23.621810	0	T:23.0(2.67%),B:11.0(0.47%),P:1e-10	Tpos:43.8,Tstd:27.2,Bpos:52.7,Bstd:26.8,StrandBias:-0.6,Multiplicity:1.00
0.001	0.129	0.662	0.208
0.779	0.001	0.142	0.078
0.754	0.001	0.103	0.142
0.001	0.051	0.909	0.039
0.182	0.142	0.065	0.611
0.482	0.065	0.181	0.272
0.013	0.001	0.220	0.766
0.001	0.051	0.910	0.038
0.026	0.116	0.155	0.703
0.296	0.001	0.168	0.535
>GAGAGTGTGT	5-GAGAGTGTGT	10.628476	-22.431388	0	T:13.0(1.51%),B:3.0(0.13%),P:1e-9	Tpos:49.3,Tstd:27.4,Bpos:13.0,Bstd:1.0,StrandBias:0.6,Multiplicity:1.00
0.001	0.001	0.997	0.001
0.897	0.001	0.101	0.001
0.101	0.001	0.897	0.001
0.837	0.061	0.101	0.001
0.101	0.001	0.897	0.001
0.101	0.001	0.001	0.897
0.001	0.001	0.897	0.101
0.001	0.001	0.101	0.897
0.001	0.001	0.897	0.101
0.001	0.001	0.101	0.897
>CTGAGGGAGG	6-CTGAGGGAGG	8.197383	-22.391869	0	T:45.0(5.23%),B:41.0(1.74%),P:1e-9	Tpos:51.5,Tstd:26.5,Bpos:53.1,Bstd:24.0,StrandBias:0.7,Multiplicity:1.20
0.096	0.648	0.191	0.065
0.135	0.001	0.011	0.853
0.001	0.312	0.659	0.028
0.771	0.063	0.054	0.112
0.147	0.001	0.789	0.063
0.114	0.021	0.802	0.063
0.118	0.096	0.681	0.105
0.790	0.104	0.043	0.063
0.063	0.021	0.895	0.021
0.076	0.083	0.737	0.104
>GCCCGAGCGG	7-GCCCGAGCGG	6.781101	-16.539560	0	T:45.0(5.23%),B:50.0(2.13%),P:1e-7	Tpos:55.2,Tstd:26.0,Bpos:50.6,Bstd:25.6,StrandBias:-0.2,Multiplicity:1.02
0.032	0.030	0.877	0.061
0.001	0.935	0.034	0.030
0.002	0.844	0.122	0.032
0.034	0.597	0.245	0.124
0.063	0.218	0.689	0.030
0.692	0.184	0.061	0.063
0.030	0.061	0.908	0.001
0.160	0.655	0.124	0.061
0.096	0.033	0.592	0.279
0.123	0.030	0.817	0.030
>KTTTTTTTTT	8-KTTTTTTTTT	6.596085	-9.327526	0	T:133.0(15.47%),B:263.0(11.19%),P:1e-4	Tpos:51.8,Tstd:25.7,Bpos:48.3,Bstd:25.6,StrandBias:0.5,Multiplicity:1.23
0.060	0.227	0.281	0.431
0.029	0.094	0.249	0.628
0.010	0.153	0.222	0.615
0.063	0.042	0.049	0.846
0.133	0.157	0.252	0.458
0.033	0.177	0.099	0.691
0.055	0.061	0.283	0.601
0.001	0.026	0.070	0.903
0.001	0.065	0.331	0.603
0.049	0.108	0.198	0.645
