>GTTCCTGGAT	1-GTTCCTGGAT	8.670717	-44.764308	0	T:31.0(3.60%),B:9.0(0.38%),P:1e-19	Tpos:48.5,Tstd:27.6,Bpos:46.9,Bstd:28.3,StrandBias:-0.6,Multiplicity:1.06
0.057	0.115	0.827	0.001
0.001	0.057	0.057	0.885
0.001	0.057	0.001	0.941
0.001	0.827	0.057	0.115
0.001	0.997	0.001	0.001
0.001	0.001	0.001	0.997
0.085	0.325	0.589	0.001
0.008	0.219	0.658	0.115
0.563	0.321	0.058	0.058
0.061	0.001	0.001	0.937
>TCCCCCCCCC	2-TCCCCCCCCC	10.800950	-33.376980	0	T:15.0(1.74%),B:2.0(0.09%),P:1e-14	Tpos:50.3,Tstd:24.8,Bpos:28.5,Bstd:13.5,StrandBias:-0.2,Multiplicity:1.07
0.001	0.006	0.146	0.847
0.145	0.853	0.001	0.001
0.001	0.997	0.001	0.001
0.146	0.707	0.001	0.146
0.148	0.849	0.001	0.002
0.001	0.959	0.039	0.001
0.001	0.783	0.001	0.215
0.001	0.853	0.001	0.145
0.001	0.997	0.001	0.001
0.001	0.997	0.001	0.001
>WAGRTGATTM	3-WAGRTGATTM	7.240638	-28.954990	0	T:11.0(1.28%),B:0.0(0.00%),P:1e-12	Tpos:60.5,Tstd:26.8,Bpos:0.0,Bstd:0.0,StrandBias:1.7,Multiplicity:1.18
0.547	0.028	0.001	0.424
0.634	0.001	0.196	0.169
0.319	0.078	0.511	0.092
0.328	0.053	0.470	0.149
0.324	0.001	0.188	0.487
0.017	0.155	0.757	0.071
0.559	0.176	0.007	0.258
0.001	0.014	0.385	0.600
0.162	0.120	0.163	0.555
0.481	0.497	0.014	0.007
>GTGTAAAGGG	4-GTGTAAAGGG	6.507006	-26.065189	0	T:16.0(1.86%),B:4.0(0.17%),P:1e-11	Tpos:58.4,Tstd:25.3,Bpos:88.0,Bstd:4.2,StrandBias:-0.2,Multiplicity:1.06
0.141	0.124	0.590	0.145
0.187	0.018	0.195	0.600
0.081	0.154	0.605	0.160
0.161	0.140	0.175	0.524
0.552	0.170	0.154	0.124
0.591	0.173	0.140	0.096
0.677	0.033	0.141	0.149
0.206	0.017	0.645	0.132
0.166	0.025	0.673	0.136
0.197	0.127	0.547	0.129
>CTACTCATAG	5-CTACTCATAG	6.512870	-22.431388	0	T:13.0(1.51%),B:3.0(0.13%),P:1e-9	Tpos:50.4,Tstd:25.8,Bpos:59.3,Bstd:4.5,StrandBias:0.2,Multiplicity:1.15
0.127	0.481	0.243	0.149
0.349	0.008	0.001	0.642
0.464	0.196	0.144	0.196
0.121	0.606	0.267	0.006
0.149	0.243	0.003	0.605
0.006	0.621	0.150	0.223
0.533	0.189	0.065	0.213
0.169	0.117	0.217	0.496
0.517	0.003	0.233	0.247
0.025	0.127	0.652	0.196
>TATCTATCTA	6-TATCTATCTA	7.176549	-16.247356	0	T:47.0(5.47%),B:54.0(2.30%),P:1e-7	Tpos:46.5,Tstd:26.0,Bpos:54.2,Bstd:24.9,StrandBias:0.2,Multiplicity:1.26
0.034	0.118	0.034	0.814
0.760	0.050	0.034	0.156
0.017	0.140	0.017	0.826
0.123	0.553	0.235	0.089
0.050	0.050	0.001	0.899
0.776	0.034	0.017	0.173
0.034	0.017	0.088	0.861
0.067	0.770	0.107	0.056
0.093	0.017	0.017	0.873
0.882	0.017	0.067	0.034
>CAAGGCCACA	7-CAAGGCCACA	8.852352	-15.690616	0	T:28.0(3.26%),B:24.0(1.02%),P:1e-6	Tpos:50.2,Tstd:23.8,Bpos:49.7,Bstd:25.2,StrandBias:-1.1,Multiplicity:1.54
0.002	0.942	0.028	0.028
0.871	0.127	0.001	0.001
0.997	0.001	0.001	0.001
0.144	0.005	0.850	0.001
0.001	0.001	0.861	0.137
0.001	0.871	0.127	0.001
0.127	0.871	0.001	0.001
0.871	0.127	0.001	0.001
0.127	0.745	0.001	0.127
0.834	0.137	0.028	0.001
>CACACACACA	8-CACACACACA	7.460642	-12.408479	0	T:49.0(5.70%),B:66.0(2.81%),P:1e-5	Tpos:50.9,Tstd:27.8,Bpos:44.7,Bstd:25.9,StrandBias:0.1,Multiplicity:1.08
0.085	0.741	0.099	0.075
0.815	0.053	0.066	0.066
0.056	0.795	0.092	0.057
0.800	0.061	0.028	0.111
0.057	0.806	0.090	0.047
0.817	0.103	0.009	0.071
0.038	0.867	0.076	0.019
0.828	0.056	0.019	0.097
0.106	0.710	0.099	0.085
0.830	0.062	0.028	0.080
