>CRTCAGACCC	1-CRTCAGACCC	9.184229	-39.706740	0	T:14.0(1.63%),B:1.0(0.04%),P:1e-17	Tpos:34.4,Tstd:24.1,Bpos:32.0,Bstd:0.0,StrandBias:0.6,Multiplicity:1.07
0.156	0.567	0.001	0.276
0.358	0.082	0.493	0.067
0.067	0.202	0.001	0.730
0.001	0.997	0.001	0.001
0.850	0.001	0.001	0.148
0.001	0.001	0.997	0.001
0.864	0.001	0.001	0.134
0.202	0.596	0.135	0.067
0.001	0.997	0.001	0.001
0.001	0.932	0.001	0.066
>TGCATTCGAA	2-TGCATTCGAA	9.429663	-33.092217	0	T:17.0(1.98%),B:3.0(0.13%),P:1e-14	Tpos:40.6,Tstd:24.4,Bpos:41.3,Bstd:14.3,StrandBias:-0.2,Multiplicity:1.00
0.001	0.001	0.001	0.997
0.088	0.177	0.694	0.041
0.088	0.516	0.088	0.308
0.911	0.001	0.001	0.087
0.001	0.001	0.133	0.865
0.001	0.001	0.001	0.997
0.001	0.576	0.001	0.422
0.264	0.159	0.576	0.001
0.911	0.001	0.001	0.087
0.911	0.001	0.001	0.087
>TATGGCCTTA	3-TATGGCCTTA	10.832924	-25.537741	0	T:10.0(1.16%),B:1.0(0.04%),P:1e-11	Tpos:58.0,Tstd:24.7,Bpos:71.0,Bstd:0.0,StrandBias:0.8,Multiplicity:1.10
0.001	0.117	0.117	0.765
0.706	0.001	0.292	0.001
0.001	0.001	0.117	0.881
0.117	0.001	0.881	0.001
0.001	0.001	0.997	0.001
0.001	0.997	0.001	0.001
0.001	0.997	0.001	0.001
0.001	0.001	0.001	0.997
0.001	0.001	0.001	0.997
0.881	0.001	0.117	0.001
>ATATACACAC	4-ATATACACAC	10.348179	-22.216403	0	T:9.0(1.05%),B:1.0(0.04%),P:1e-9	Tpos:45.7,Tstd:25.6,Bpos:45.0,Bstd:0.0,StrandBias:-1.0,Multiplicity:1.33
0.828	0.170	0.001	0.001
0.171	0.079	0.001	0.749
0.997	0.001	0.001	0.001
0.001	0.045	0.001	0.953
0.997	0.001	0.001	0.001
0.001	0.997	0.001	0.001
0.997	0.001	0.001	0.001
0.001	0.997	0.001	0.001
0.997	0.001	0.001	0.001
0.171	0.486	0.171	0.171
>AGYGGGAGGG	5-AGYGGGAGGG	10.430337	-21.660544	0	T:11.0(1.28%),B:2.0(0.09%),P:1e-9	Tpos:56.2,Tstd:24.9,Bpos:74.5,Bstd:12.5,StrandBias:1.7,Multiplicity:1.18
0.587	0.206	0.001	0.206
0.001	0.206	0.792	0.001
0.001	0.431	0.001	0.567
0.001	0.001	0.997	0.001
0.001	0.001	0.997	0.001
0.001	0.001	0.997	0.001
0.652	0.001	0.247	0.100
0.001	0.040	0.634	0.325
0.206	0.001	0.792	0.001
0.001	0.001	0.997	0.001
>CACCACCACC	6-CACCACCACC	10.139126	-21.303629	0	T:14.0(1.63%),B:4.0(0.17%),P:1e-9	Tpos:65.6,Tstd:24.1,Bpos:48.2,Bstd:24.8,StrandBias:0.7,Multiplicity:1.14
0.032	0.966	0.001	0.001
0.997	0.001	0.001	0.001
0.032	0.935	0.001	0.032
0.001	0.997	0.001	0.001
0.966	0.001	0.001	0.032
0.001	0.935	0.032	0.032
0.032	0.966	0.001	0.001
0.966	0.001	0.001	0.032
0.032	0.966	0.001	0.001
0.001	0.997	0.001	0.001
>AGGTTAGGCC	7-AGGTTAGGCC	7.145975	-18.933878	0	T:10.0(1.16%),B:2.0(0.09%),P:1e-8	Tpos:45.7,Tstd:23.5,Bpos:22.0,Bstd:8.0,StrandBias:1.2,Multiplicity:1.00
0.621	0.097	0.120	0.162
0.130	0.077	0.642	0.151
0.136	0.138	0.594	0.132
0.143	0.134	0.148	0.575
0.118	0.164	0.162	0.556
0.627	0.093	0.153	0.127
0.132	0.098	0.641	0.129
0.158	0.129	0.590	0.123
0.150	0.551	0.147	0.152
0.164	0.604	0.087	0.145
>AGGGTTAGGG	8-AGGGTTAGGG	10.098289	-6.961813	0	T:6.0(0.70%),B:3.0(0.13%),P:1e-3	Tpos:40.8,Tstd:26.4,Bpos:35.5,Bstd:30.4,StrandBias:4.6,Multiplicity:4.33
0.997	0.001	0.001	0.001
0.001	0.001	0.997	0.001
0.001	0.001	0.997	0.001
0.001	0.001	0.997	0.001
0.001	0.001	0.001	0.997
0.001	0.001	0.025	0.973
0.973	0.001	0.025	0.001
0.001	0.001	0.997	0.001
0.001	0.001	0.997	0.001
0.001	0.025	0.973	0.001
