>GCCGTKTC	1-GCCGTKTC	8.025769	-27.835146	0	T:22.0(2.56%),B:8.0(0.34%),P:1e-12	Tpos:54.7,Tstd:25.9,Bpos:42.2,Bstd:14.7,StrandBias:1.1,Multiplicity:1.00
0.001	0.001	0.997	0.001
0.001	0.811	0.001	0.187
0.001	0.997	0.001	0.001
0.001	0.001	0.863	0.135
0.001	0.001	0.001	0.997
0.001	0.001	0.466	0.532
0.001	0.187	0.001	0.811
0.001	0.997	0.001	0.001
>CTGACCCA	2-CTGACCCA	7.572461	-25.460162	0	T:25.0(2.91%),B:12.0(0.51%),P:1e-11	Tpos:53.8,Tstd:27.8,Bpos:56.1,Bstd:30.9,StrandBias:0.3,Multiplicity:1.00
0.001	0.997	0.001	0.001
0.001	0.001	0.046	0.952
0.001	0.001	0.997	0.001
0.997	0.001	0.001	0.001
0.001	0.997	0.001	0.001
0.001	0.881	0.117	0.001
0.001	0.743	0.047	0.209
0.997	0.001	0.001	0.001
>AGTTGGCC	3-AGTTGGCC	7.939629	-21.660544	0	T:11.0(1.28%),B:2.0(0.09%),P:1e-9	Tpos:57.8,Tstd:28.6,Bpos:55.5,Bstd:26.5,StrandBias:-0.7,Multiplicity:1.18
0.997	0.001	0.001	0.001
0.050	0.001	0.948	0.001
0.001	0.001	0.001	0.997
0.001	0.001	0.001	0.997
0.001	0.001	0.997	0.001
0.001	0.001	0.997	0.001
0.001	0.997	0.001	0.001
0.001	0.872	0.126	0.001
>WWTCACKG	4-WWTCACKG	7.013514	-20.005281	0	T:39.0(4.53%),B:35.0(1.49%),P:1e-8	Tpos:60.4,Tstd:25.2,Bpos:53.8,Bstd:25.4,StrandBias:-0.4,Multiplicity:1.23
0.443	0.001	0.001	0.555
0.454	0.001	0.001	0.544
0.006	0.006	0.371	0.617
0.066	0.810	0.123	0.001
0.637	0.352	0.001	0.010
0.001	0.685	0.313	0.001
0.001	0.055	0.435	0.509
0.001	0.055	0.889	0.055
>CNCCATCW	5-CNCCATCW	4.785735	-18.365362	0	T:364.0(42.33%),B:778.0(33.11%),P:1e-7	Tpos:50.7,Tstd:27.2,Bpos:50.1,Bstd:26.9,StrandBias:-0.1,Multiplicity:1.34
0.001	0.634	0.140	0.225
0.271	0.271	0.262	0.196
0.001	0.772	0.212	0.015
0.001	0.997	0.001	0.001
0.759	0.032	0.001	0.208
0.019	0.124	0.167	0.690
0.179	0.575	0.190	0.056
0.440	0.215	0.001	0.343
>AGGGACCT	6-AGGGACCT	9.894908	-18.120385	0	T:16.0(1.86%),B:7.0(0.30%),P:1e-7	Tpos:61.3,Tstd:20.1,Bpos:39.6,Bstd:26.1,StrandBias:0.0,Multiplicity:1.00
0.997	0.001	0.001	0.001
0.001	0.001	0.997	0.001
0.001	0.001	0.997	0.001
0.001	0.001	0.997	0.001
0.689	0.001	0.001	0.309
0.001	0.997	0.001	0.001
0.001	0.997	0.001	0.001
0.001	0.001	0.001	0.997
>TTGGTGAG	7-TTGGTGAG	8.236954	-13.776079	0	T:8.0(0.93%),B:2.0(0.09%),P:1e-5	Tpos:44.5,Tstd:20.9,Bpos:52.0,Bstd:39.0,StrandBias:2.8,Multiplicity:1.00
0.100	0.100	0.100	0.700
0.100	0.100	0.100	0.700
0.100	0.100	0.700	0.100
0.100	0.100	0.700	0.100
0.100	0.100	0.100	0.700
0.100	0.100	0.700	0.100
0.700	0.100	0.100	0.100
0.100	0.100	0.700	0.100
>AAATGGTA	8-AAATGGTA	8.236954	-9.088279	0	T:6.0(0.70%),B:2.0(0.09%),P:1e-3	Tpos:46.7,Tstd:27.5,Bpos:52.5,Bstd:39.5,StrandBias:-1.3,Multiplicity:1.17
0.700	0.100	0.100	0.100
0.700	0.100	0.100	0.100
0.700	0.100	0.100	0.100
0.100	0.100	0.100	0.700
0.100	0.100	0.700	0.100
0.100	0.100	0.700	0.100
0.100	0.100	0.100	0.700
0.700	0.100	0.100	0.100
