>GGCCCCCTGCGC	1-GGCCCCCTGCGC	9.470699	-39.706740	0	T:14.0(1.63%),B:1.0(0.04%),P:1e-17	Tpos:55.8,Tstd:25.6,Bpos:20.0,Bstd:0.0,StrandBias:0.6,Multiplicity:1.07
0.071	0.071	0.787	0.071
0.001	0.001	0.856	0.142
0.001	0.857	0.071	0.071
0.001	0.856	0.001	0.142
0.001	0.928	0.001	0.070
0.071	0.787	0.071	0.071
0.001	0.928	0.001	0.070
0.001	0.001	0.001	0.997
0.001	0.001	0.997	0.001
0.143	0.643	0.143	0.071
0.143	0.214	0.572	0.071
0.070	0.928	0.001	0.001
>CAGAAARCATRA	2-CAGAAARCATRA	10.262849	-36.045857	0	T:13.0(1.51%),B:1.0(0.04%),P:1e-15	Tpos:51.5,Tstd:31.3,Bpos:93.0,Bstd:0.0,StrandBias:1.7,Multiplicity:1.00
0.105	0.893	0.001	0.001
0.704	0.001	0.001	0.294
0.056	0.222	0.718	0.004
0.946	0.001	0.052	0.001
0.879	0.053	0.067	0.001
0.840	0.053	0.001	0.106
0.434	0.001	0.564	0.001
0.056	0.890	0.053	0.001
0.730	0.268	0.001	0.001
0.283	0.001	0.106	0.610
0.412	0.001	0.534	0.053
0.829	0.114	0.001	0.056
>GGTAGCATCCAT	3-GGTAGCATCCAT	10.328377	-28.954990	0	T:11.0(1.28%),B:1.0(0.04%),P:1e-12	Tpos:58.7,Tstd:21.1,Bpos:76.0,Bstd:0.0,StrandBias:1.7,Multiplicity:1.18
0.038	0.001	0.960	0.001
0.001	0.092	0.815	0.092
0.001	0.184	0.001	0.814
0.815	0.092	0.092	0.001
0.092	0.092	0.632	0.184
0.184	0.814	0.001	0.001
0.997	0.001	0.001	0.001
0.001	0.092	0.092	0.815
0.184	0.632	0.092	0.092
0.001	0.997	0.001	0.001
0.997	0.001	0.001	0.001
0.001	0.001	0.184	0.814
>CACCATGGTTAC	4-CACCATGGTTAC	11.598719	-28.954990	0	T:11.0(1.28%),B:0.0(0.00%),P:1e-12	Tpos:50.2,Tstd:29.7,Bpos:0.0,Bstd:0.0,StrandBias:-0.2,Multiplicity:1.18
0.201	0.768	0.030	0.001
0.877	0.121	0.001	0.001
0.001	0.997	0.001	0.001
0.001	0.997	0.001	0.001
0.828	0.001	0.001	0.170
0.001	0.001	0.001	0.997
0.029	0.001	0.969	0.001
0.005	0.001	0.647	0.347
0.001	0.001	0.346	0.652
0.029	0.001	0.001	0.969
0.481	0.171	0.171	0.176
0.001	0.828	0.001	0.170
>TGTGACAGAATA	5-TGTGACAGAATA	10.271498	-25.537741	0	T:10.0(1.16%),B:1.0(0.04%),P:1e-11	Tpos:50.0,Tstd:23.6,Bpos:34.0,Bstd:0.0,StrandBias:1.3,Multiplicity:1.40
0.001	0.001	0.001	0.997
0.170	0.001	0.828	0.001
0.170	0.001	0.001	0.828
0.171	0.171	0.486	0.171
0.997	0.001	0.001	0.001
0.170	0.828	0.001	0.001
0.981	0.001	0.001	0.017
0.001	0.017	0.981	0.001
0.828	0.001	0.001	0.170
0.811	0.171	0.017	0.001
0.001	0.001	0.001	0.997
0.640	0.171	0.188	0.001
>TTGHTGTTGTTG	6-TTGHTGTTGTTG	10.279717	-7.665298	0	T:17.0(1.98%),B:18.0(0.77%),P:1e-3	Tpos:45.1,Tstd:23.5,Bpos:48.2,Bstd:22.8,StrandBias:1.6,Multiplicity:1.41
0.192	0.196	0.099	0.513
0.001	0.001	0.239	0.759
0.001	0.294	0.704	0.001
0.298	0.394	0.001	0.307
0.001	0.001	0.001	0.997
0.051	0.151	0.506	0.292
0.001	0.267	0.058	0.674
0.001	0.001	0.001	0.997
0.001	0.001	0.752	0.246
0.001	0.155	0.099	0.745
0.001	0.001	0.001	0.997
0.001	0.001	0.841	0.157
>CAGTGAAAGCAG	7-CAGTGAAAGCAG	7.307484	-4.409751	0	T:48.0(5.58%),B:93.0(3.96%),P:1e-1	Tpos:46.7,Tstd:25.3,Bpos:49.8,Bstd:27.9,StrandBias:0.4,Multiplicity:1.21
0.089	0.808	0.068	0.035
0.776	0.067	0.011	0.146
0.067	0.045	0.832	0.056
0.158	0.078	0.134	0.630
0.067	0.122	0.733	0.078
0.709	0.101	0.134	0.056
0.697	0.112	0.146	0.045
0.754	0.045	0.156	0.045
0.067	0.090	0.809	0.034
0.146	0.696	0.113	0.045
0.810	0.078	0.034	0.078
0.123	0.056	0.754	0.067
>TATCTATCTATC	8-TATCTATCTATC	8.463612	-1.668091	0	T:8.0(0.93%),B:15.0(0.64%),P:1e0	Tpos:55.9,Tstd:25.8,Bpos:53.7,Bstd:25.7,StrandBias:4.2,Multiplicity:1.25
0.100	0.100	0.100	0.700
0.700	0.100	0.100	0.100
0.100	0.100	0.100	0.700
0.100	0.700	0.100	0.100
0.100	0.100	0.100	0.700
0.700	0.100	0.100	0.100
0.100	0.100	0.100	0.700
0.100	0.700	0.100	0.100
0.100	0.100	0.100	0.700
0.700	0.100	0.100	0.100
0.100	0.100	0.100	0.700
0.100	0.700	0.100	0.100
