>CGTGTCGA	1-CGTGTCGA	6.597075	-29.191385	0	T:26.0(3.02%),B:11.0(0.47%),P:1e-12	Tpos:48.0,Tstd:28.2,Bpos:40.8,Bstd:24.9,StrandBias:0.1,Multiplicity:1.04
0.001	0.734	0.005	0.260
0.010	0.001	0.911	0.078
0.075	0.150	0.001	0.774
0.001	0.004	0.916	0.079
0.003	0.052	0.001	0.944
0.001	0.615	0.001	0.383
0.075	0.075	0.849	0.001
0.559	0.154	0.075	0.212
>TCTAAATC	2-TCTAAATC	7.259230	-26.314036	0	T:39.0(4.53%),B:28.0(1.19%),P:1e-11	Tpos:49.0,Tstd:27.0,Bpos:47.2,Bstd:27.4,StrandBias:0.4,Multiplicity:1.03
0.061	0.001	0.001	0.937
0.024	0.951	0.024	0.001
0.212	0.001	0.001	0.786
0.792	0.001	0.146	0.061
0.886	0.036	0.077	0.001
0.825	0.001	0.017	0.157
0.036	0.069	0.055	0.840
0.001	0.978	0.020	0.001
>CACTTAGC	3-CACTTAGC	6.677191	-21.415081	0	T:64.0(7.44%),B:74.0(3.15%),P:1e-9	Tpos:48.5,Tstd:26.3,Bpos:51.4,Bstd:25.9,StrandBias:0.2,Multiplicity:1.16
0.009	0.962	0.001	0.028
0.853	0.001	0.069	0.077
0.027	0.971	0.001	0.001
0.013	0.001	0.001	0.985
0.001	0.107	0.209	0.683
0.798	0.028	0.087	0.087
0.069	0.028	0.902	0.001
0.020	0.895	0.055	0.030
>GCTACATG	4-GCTACATG	10.881787	-19.000832	0	T:8.0(0.93%),B:1.0(0.04%),P:1e-8	Tpos:42.0,Tstd:20.1,Bpos:20.0,Bstd:0.0,StrandBias:0.7,Multiplicity:1.00
0.001	0.001	0.997	0.001
0.001	0.997	0.001	0.001
0.001	0.001	0.001	0.997
0.997	0.001	0.001	0.001
0.001	0.829	0.169	0.001
0.997	0.001	0.001	0.001
0.001	0.001	0.001	0.997
0.001	0.001	0.997	0.001
>AATGTCCA	5-AATGTCCA	8.236954	-13.776079	0	T:8.0(0.93%),B:2.0(0.09%),P:1e-5	Tpos:40.0,Tstd:28.0,Bpos:46.5,Bstd:24.5,StrandBias:1.6,Multiplicity:1.00
0.700	0.100	0.100	0.100
0.700	0.100	0.100	0.100
0.100	0.100	0.100	0.700
0.100	0.100	0.700	0.100
0.100	0.100	0.100	0.700
0.100	0.700	0.100	0.100
0.100	0.700	0.100	0.100
0.700	0.100	0.100	0.100
>TAAGGTTA	6-TAAGGTTA	5.834023	-12.093492	0	T:28.0(3.26%),B:29.0(1.23%),P:1e-5	Tpos:43.6,Tstd:24.7,Bpos:48.5,Bstd:28.6,StrandBias:2.0,Multiplicity:1.79
0.075	0.122	0.001	0.802
0.528	0.105	0.047	0.320
0.502	0.018	0.281	0.199
0.198	0.001	0.556	0.245
0.035	0.001	0.678	0.286
0.197	0.188	0.103	0.512
0.016	0.279	0.082	0.623
0.569	0.136	0.091	0.204
>AAAAARRA	7-AAAAARRA	7.991913	-8.342526	0	T:69.0(8.02%),B:121.0(5.15%),P:1e-3	Tpos:55.5,Tstd:27.9,Bpos:45.7,Bstd:27.0,StrandBias:0.6,Multiplicity:1.16
0.859	0.085	0.001	0.055
0.997	0.001	0.001	0.001
0.908	0.001	0.001	0.090
0.997	0.001	0.001	0.001
0.700	0.001	0.298	0.001
0.436	0.001	0.562	0.001
0.512	0.001	0.486	0.001
0.715	0.001	0.283	0.001
>ATCAGCTA	8-ATCAGCTA	8.236954	-3.268341	0	T:3.0(0.35%),B:2.0(0.09%),P:1e-1	Tpos:41.2,Tstd:24.0,Bpos:79.5,Bstd:10.5,StrandBias:2.8,Multiplicity:2.67
0.700	0.100	0.100	0.100
0.100	0.100	0.100	0.700
0.100	0.700	0.100	0.100
0.700	0.100	0.100	0.100
0.100	0.100	0.700	0.100
0.100	0.700	0.100	0.100
0.100	0.100	0.100	0.700
0.700	0.100	0.100	0.100
