>AADTCCHCACCC	1-AADTCCHCACCC	9.831947	-34.232492	0	T:25.0(2.91%),B:8.0(0.34%),P:1e-14	Tpos:44.9,Tstd:26.2,Bpos:50.2,Bstd:26.0,StrandBias:0.3,Multiplicity:1.21
0.567	0.241	0.191	0.001
0.557	0.255	0.187	0.001
0.319	0.001	0.315	0.365
0.183	0.187	0.200	0.430
0.067	0.931	0.001	0.001
0.237	0.758	0.001	0.004
0.384	0.360	0.001	0.255
0.001	0.694	0.246	0.059
0.876	0.122	0.001	0.001
0.001	0.997	0.001	0.001
0.001	0.997	0.001	0.001
0.001	0.744	0.001	0.254
>GCAAATGTGTAG	2-GCAAATGTGTAG	9.544927	-33.483438	0	T:22.0(2.56%),B:6.0(0.26%),P:1e-14	Tpos:46.9,Tstd:29.8,Bpos:39.7,Bstd:19.3,StrandBias:1.3,Multiplicity:1.09
0.105	0.001	0.893	0.001
0.106	0.720	0.053	0.121
0.946	0.001	0.052	0.001
0.946	0.052	0.001	0.001
0.735	0.159	0.053	0.053
0.052	0.001	0.001	0.946
0.106	0.053	0.682	0.159
0.265	0.053	0.053	0.629
0.001	0.052	0.946	0.001
0.159	0.159	0.001	0.681
0.946	0.052	0.001	0.001
0.001	0.014	0.984	0.001
>ACAKTGTAGCCC	3-ACAKTGTAGCCC	10.580942	-33.376980	0	T:15.0(1.74%),B:2.0(0.09%),P:1e-14	Tpos:59.8,Tstd:24.2,Bpos:65.5,Bstd:15.5,StrandBias:0.3,Multiplicity:1.20
0.852	0.001	0.146	0.001
0.001	0.997	0.001	0.001
0.777	0.001	0.148	0.074
0.084	0.001	0.471	0.444
0.001	0.001	0.145	0.853
0.001	0.001	0.707	0.291
0.322	0.001	0.001	0.676
0.752	0.001	0.246	0.001
0.002	0.146	0.752	0.100
0.002	0.704	0.001	0.293
0.001	0.997	0.001	0.001
0.001	0.694	0.001	0.304
>TGKCCTGTGATT	4-TGKCCTGTGATT	10.885635	-24.474486	0	T:12.0(1.40%),B:2.0(0.09%),P:1e-10	Tpos:58.5,Tstd:18.9,Bpos:56.0,Bstd:14.0,StrandBias:1.5,Multiplicity:1.25
0.112	0.001	0.001	0.886
0.001	0.001	0.997	0.001
0.113	0.001	0.512	0.374
0.001	0.660	0.113	0.226
0.001	0.997	0.001	0.001
0.148	0.001	0.001	0.850
0.001	0.001	0.997	0.001
0.001	0.001	0.112	0.886
0.225	0.001	0.773	0.001
0.886	0.001	0.001	0.112
0.113	0.113	0.001	0.773
0.001	0.001	0.164	0.834
>TCAGGGTCAGGG	5-TCAGGGTCAGGG	11.314739	-21.660544	0	T:11.0(1.28%),B:2.0(0.09%),P:1e-9	Tpos:47.4,Tstd:23.7,Bpos:56.5,Bstd:9.5,StrandBias:2.0,Multiplicity:2.27
0.088	0.027	0.338	0.547
0.013	0.911	0.001	0.075
0.997	0.001	0.001	0.001
0.362	0.001	0.636	0.001
0.001	0.001	0.997	0.001
0.001	0.001	0.997	0.001
0.001	0.163	0.336	0.500
0.150	0.700	0.075	0.075
0.849	0.001	0.149	0.001
0.276	0.013	0.710	0.001
0.001	0.001	0.997	0.001
0.074	0.001	0.924	0.001
>TATCAATMTGTA	6-TATCAATMTGTA	7.949951	-19.000832	0	T:8.0(0.93%),B:1.0(0.04%),P:1e-8	Tpos:50.7,Tstd:26.4,Bpos:50.0,Bstd:0.0,StrandBias:2.8,Multiplicity:2.00
0.001	0.001	0.001	0.997
0.997	0.001	0.001	0.001
0.001	0.001	0.001	0.997
0.001	0.997	0.001	0.001
0.792	0.206	0.001	0.001
0.565	0.413	0.021	0.001
0.226	0.001	0.001	0.772
0.413	0.359	0.001	0.227
0.206	0.001	0.001	0.792
0.001	0.001	0.997	0.001
0.020	0.001	0.001	0.978
0.997	0.001	0.001	0.001
>CTGTTGCCGTGG	7-CTGTTGCCGTGG	10.409522	-12.654985	0	T:10.0(1.16%),B:4.0(0.17%),P:1e-5	Tpos:55.3,Tstd:26.8,Bpos:53.8,Bstd:20.5,StrandBias:1.6,Multiplicity:1.20
0.100	0.700	0.100	0.100
0.100	0.100	0.100	0.700
0.100	0.100	0.700	0.100
0.100	0.100	0.100	0.700
0.100	0.100	0.100	0.700
0.100	0.100	0.700	0.100
0.100	0.700	0.100	0.100
0.100	0.700	0.100	0.100
0.100	0.100	0.700	0.100
0.100	0.100	0.100	0.700
0.100	0.100	0.700	0.100
0.100	0.100	0.700	0.100
>CTTCCTTCCTTC	8-CTTCCTTCCTTC	13.584035	-10.127237	0	T:5.0(0.58%),B:1.0(0.04%),P:1e-4	Tpos:37.7,Tstd:13.2,Bpos:91.0,Bstd:0.0,StrandBias:2.0,Multiplicity:1.40
0.001	0.997	0.001	0.001
0.001	0.001	0.001	0.997
0.001	0.080	0.001	0.918
0.001	0.918	0.001	0.080
0.001	0.997	0.001	0.001
0.001	0.001	0.001	0.997
0.001	0.080	0.001	0.918
0.001	0.997	0.001	0.001
0.081	0.837	0.001	0.081
0.001	0.080	0.001	0.918
0.001	0.081	0.081	0.837
0.001	0.997	0.001	0.001
