>CGCTTCTT	1-CGCTTCTT	7.616005	-15.499976	0	T:10.0(25.00%),B:4260.0(2.95%),P:1e-6	Tpos:41.2,Tstd:26.0,Bpos:50.2,Bstd:27.1,StrandBias:-0.5,Multiplicity:1.20
0.075	0.853	0.071	0.001
0.096	0.001	0.902	0.001
0.001	0.864	0.001	0.134
0.001	0.001	0.001	0.997
0.001	0.109	0.102	0.788
0.001	0.997	0.001	0.001
0.001	0.093	0.189	0.717
0.001	0.001	0.001	0.997
>CCCATTAG	2-CCCATTAG	7.850248	-11.941348	0	T:7.0(17.50%),B:2587.0(1.79%),P:1e-5	Tpos:54.9,Tstd:27.5,Bpos:49.7,Bstd:27.9,StrandBias:2.0,Multiplicity:1.43
0.001	0.997	0.001	0.001
0.001	0.812	0.186	0.001
0.001	0.852	0.001	0.146
0.651	0.254	0.001	0.094
0.001	0.001	0.001	0.997
0.001	0.088	0.103	0.808
0.997	0.001	0.001	0.001
0.001	0.001	0.997	0.001
>CGAGGATA	3-CGAGGATA	8.397447	-10.485494	0	T:6.0(15.00%),B:2165.0(1.50%),P:1e-4	Tpos:55.7,Tstd:20.7,Bpos:49.6,Bstd:27.0,StrandBias:-0.4,Multiplicity:1.17
0.117	0.636	0.120	0.127
0.128	0.001	0.728	0.143
0.997	0.001	0.001	0.001
0.001	0.001	0.997	0.001
0.001	0.001	0.997	0.001
0.997	0.001	0.001	0.001
0.001	0.154	0.001	0.844
0.997	0.001	0.001	0.001
>CAAGATAT	4-CAAGATAT	7.983570	-9.530874	0	T:5.0(12.50%),B:1571.0(1.09%),P:1e-4	Tpos:39.6,Tstd:35.0,Bpos:50.2,Bstd:27.0,StrandBias:1.3,Multiplicity:1.20
0.001	0.997	0.001	0.001
0.861	0.137	0.001	0.001
0.653	0.229	0.117	0.001
0.001	0.141	0.857	0.001
0.997	0.001	0.001	0.001
0.114	0.001	0.001	0.884
0.892	0.001	0.106	0.001
0.001	0.001	0.001	0.997
>TATTCGTA	5-TATTCGTA	8.236954	-5.250900	0	T:1.0(2.50%),B:19.0(0.01%),P:1e-2	Tpos:76.0,Tstd:0.0,Bpos:40.1,Bstd:25.4,StrandBias:10.0,Multiplicity:1.00
0.100	0.100	0.100	0.700
0.700	0.100	0.100	0.100
0.100	0.100	0.100	0.700
0.100	0.100	0.100	0.700
0.100	0.700	0.100	0.100
0.100	0.100	0.700	0.100
0.100	0.100	0.100	0.700
0.700	0.100	0.100	0.100
