>GTTAATTGATTC	1-GTTAATTGATTC	12.090247	-16.677404	0	T:3.0(7.50%),B:26.0(0.02%),P:1e-7	Tpos:42.0,Tstd:31.9,Bpos:46.1,Bstd:21.9,StrandBias:1.0,Multiplicity:1.00
0.001	0.001	0.997	0.001
0.001	0.001	0.001	0.997
0.332	0.001	0.001	0.666
0.997	0.001	0.001	0.001
0.666	0.332	0.001	0.001
0.001	0.332	0.001	0.666
0.001	0.332	0.001	0.666
0.001	0.001	0.666	0.332
0.997	0.001	0.001	0.001
0.332	0.001	0.001	0.666
0.001	0.001	0.001	0.997
0.001	0.997	0.001	0.001
>TAYCACATCCAT	2-TAYCACATCCAT	7.476823	-14.303289	0	T:9.0(22.50%),B:3691.0(2.55%),P:1e-6	Tpos:50.6,Tstd:25.7,Bpos:50.4,Bstd:26.4,StrandBias:0.7,Multiplicity:1.00
0.163	0.163	0.163	0.511
0.673	0.001	0.163	0.163
0.001	0.490	0.163	0.346
0.163	0.673	0.163	0.001
0.997	0.001	0.001	0.001
0.001	0.997	0.001	0.001
0.673	0.163	0.001	0.163
0.001	0.163	0.326	0.510
0.162	0.836	0.001	0.001
0.001	0.510	0.326	0.163
0.510	0.326	0.001	0.163
0.162	0.001	0.001	0.836
>AGSYCACAWTCW	3-AGSYCACAWTCW	11.638044	-13.801229	0	T:3.0(7.50%),B:68.0(0.05%),P:1e-5	Tpos:35.3,Tstd:12.1,Bpos:49.4,Bstd:23.7,StrandBias:1.0,Multiplicity:1.00
0.978	0.001	0.001	0.020
0.001	0.001	0.997	0.001
0.001	0.431	0.567	0.001
0.001	0.496	0.001	0.502
0.001	0.978	0.001	0.020
0.938	0.020	0.041	0.001
0.001	0.997	0.001	0.001
0.997	0.001	0.001	0.001
0.503	0.067	0.001	0.429
0.001	0.063	0.001	0.935
0.001	0.997	0.001	0.001
0.569	0.001	0.001	0.429
>CBAGGCCACACC	4-CBAGGCCACACC	12.137446	-11.585601	0	T:3.0(7.50%),B:143.0(0.10%),P:1e-5	Tpos:35.2,Tstd:35.2,Bpos:49.9,Bstd:26.1,StrandBias:-1.6,Multiplicity:1.33
0.001	0.990	0.001	0.008
0.033	0.230	0.374	0.363
0.997	0.001	0.001	0.001
0.001	0.001	0.997	0.001
0.229	0.001	0.769	0.001
0.362	0.636	0.001	0.001
0.362	0.636	0.001	0.001
0.621	0.001	0.016	0.362
0.001	0.769	0.229	0.001
0.636	0.362	0.001	0.001
0.001	0.997	0.001	0.001
0.001	0.997	0.001	0.001
>GGAAGATGTATC	5-GGAAGATGTATC	12.355432	-8.192913	0	T:1.0(2.50%),B:1.0(0.00%),P:1e-3	Tpos:48.4,Tstd:26.4,Bpos:51.8,Bstd:20.9,StrandBias:10.0,Multiplicity:5.00
0.100	0.100	0.700	0.100
0.100	0.100	0.700	0.100
0.700	0.100	0.100	0.100
0.700	0.100	0.100	0.100
0.100	0.100	0.700	0.100
0.700	0.100	0.100	0.100
0.100	0.100	0.100	0.700
0.100	0.100	0.700	0.100
0.100	0.100	0.100	0.700
0.700	0.100	0.100	0.100
0.100	0.100	0.100	0.700
0.100	0.700	0.100	0.100
>CTTTGTCCCTAC	6-CTTTGTCCCTAC	12.355432	-8.192913	0	T:1.0(2.50%),B:1.0(0.00%),P:1e-3	Tpos:8.0,Tstd:0.0,Bpos:52.0,Bstd:0.0,StrandBias:10.0,Multiplicity:1.00
0.100	0.700	0.100	0.100
0.100	0.100	0.100	0.700
0.100	0.100	0.100	0.700
0.100	0.100	0.100	0.700
0.100	0.100	0.700	0.100
0.100	0.100	0.100	0.700
0.100	0.700	0.100	0.100
0.100	0.700	0.100	0.100
0.100	0.700	0.100	0.100
0.100	0.100	0.100	0.700
0.700	0.100	0.100	0.100
0.100	0.700	0.100	0.100
>TTGACCTCCTTA	7-TTGACCTCCTTA	12.355432	-7.499901	0	T:1.0(2.50%),B:2.0(0.00%),P:1e-3	Tpos:37.0,Tstd:0.0,Bpos:46.0,Bstd:6.0,StrandBias:10.0,Multiplicity:1.00
0.100	0.100	0.100	0.700
0.100	0.100	0.100	0.700
0.100	0.100	0.700	0.100
0.700	0.100	0.100	0.100
0.100	0.700	0.100	0.100
0.100	0.700	0.100	0.100
0.100	0.100	0.100	0.700
0.100	0.700	0.100	0.100
0.100	0.700	0.100	0.100
0.100	0.100	0.100	0.700
0.100	0.100	0.100	0.700
0.700	0.100	0.100	0.100
>ATCAGATGAKGG	8-ATCAGATGAKGG	9.427758	-5.764487	0	T:3.0(7.50%),B:1055.0(0.73%),P:1e-2	Tpos:20.0,Tstd:7.5,Bpos:49.7,Bstd:25.5,StrandBias:1.6,Multiplicity:1.00
0.515	0.001	0.242	0.242
0.242	0.242	0.001	0.515
0.001	0.756	0.242	0.001
0.997	0.001	0.001	0.001
0.242	0.242	0.515	0.001
0.485	0.242	0.001	0.272
0.001	0.001	0.001	0.997
0.242	0.001	0.756	0.001
0.485	0.001	0.272	0.242
0.001	0.001	0.484	0.514
0.001	0.001	0.997	0.001
0.001	0.001	0.997	0.001
