>CAGTGCATGTGG	1-CAGTGCATGTGG	11.502089	-28.928545	0	T:5.0(18.52%),B:1.0(0.03%),P:1e-12	Tpos:47.8,Tstd:24.3,Bpos:44.0,Bstd:0.0,StrandBias:-0.6,Multiplicity:1.00
0.311	0.661	0.027	0.001
0.670	0.001	0.001	0.328
0.001	0.001	0.997	0.001
0.001	0.001	0.311	0.687
0.001	0.001	0.997	0.001
0.001	0.622	0.010	0.367
0.657	0.001	0.010	0.332
0.311	0.001	0.017	0.671
0.001	0.311	0.671	0.017
0.001	0.001	0.001	0.997
0.001	0.001	0.997	0.001
0.001	0.001	0.982	0.016
>GCTCAAAATCCT	2-GCTCAAAATCCT	12.852735	-22.410317	0	T:4.0(14.81%),B:0.0(0.00%),P:1e-9	Tpos:59.0,Tstd:24.5,Bpos:0.0,Bstd:0.0,StrandBias:1.6,Multiplicity:1.00
0.001	0.001	0.997	0.001
0.001	0.997	0.001	0.001
0.001	0.001	0.001	0.997
0.001	0.997	0.001	0.001
0.749	0.001	0.001	0.249
0.500	0.250	0.001	0.250
0.997	0.001	0.001	0.001
0.997	0.001	0.001	0.001
0.001	0.001	0.249	0.749
0.001	0.997	0.001	0.001
0.001	0.997	0.001	0.001
0.250	0.250	0.001	0.500
>AATCAGATGAGA	3-AATCAGATGAGA	5.494321	-15.084169	0	T:17.0(62.96%),B:560.0(17.97%),P:1e-6	Tpos:48.7,Tstd:22.6,Bpos:49.6,Bstd:26.1,StrandBias:0.2,Multiplicity:1.35
0.699	0.043	0.129	0.129
0.770	0.001	0.171	0.058
0.171	0.001	0.273	0.555
0.172	0.497	0.288	0.043
0.699	0.043	0.043	0.215
0.102	0.093	0.719	0.086
0.533	0.093	0.245	0.129
0.086	0.086	0.172	0.656
0.055	0.086	0.730	0.129
0.625	0.043	0.276	0.056
0.043	0.129	0.681	0.147
0.847	0.001	0.016	0.136
>WGWGGRYGTGRY	4-WGWGGRYGTGRY	8.483205	-9.380536	0	T:4.0(14.81%),B:27.0(0.87%),P:1e-4	Tpos:60.7,Tstd:27.8,Bpos:42.5,Bstd:25.1,StrandBias:1.0,Multiplicity:1.50
0.546	0.001	0.001	0.452
0.001	0.001	0.997	0.001
0.452	0.001	0.001	0.546
0.005	0.001	0.993	0.001
0.001	0.001	0.920	0.078
0.452	0.001	0.468	0.078
0.001	0.452	0.001	0.546
0.001	0.001	0.997	0.001
0.001	0.001	0.001	0.997
0.001	0.001	0.997	0.001
0.452	0.001	0.546	0.001
0.001	0.455	0.001	0.543
>TGTCTCGAAAAC	5-TGTCTCGAAAAC	12.355432	-4.063656	0	T:1.0(3.70%),B:2.0(0.06%),P:1e-1	Tpos:5.0,Tstd:0.0,Bpos:58.5,Bstd:31.5,StrandBias:-10.0,Multiplicity:1.00
0.100	0.100	0.100	0.700
0.100	0.100	0.700	0.100
0.100	0.100	0.100	0.700
0.100	0.700	0.100	0.100
0.100	0.100	0.100	0.700
0.100	0.700	0.100	0.100
0.100	0.100	0.700	0.100
0.700	0.100	0.100	0.100
0.700	0.100	0.100	0.100
0.700	0.100	0.100	0.100
0.700	0.100	0.100	0.100
0.100	0.700	0.100	0.100
