>CDYTAAACAGGD	1-CDYTAAACAGGD	7.232953	-13.786358	0	T:7.0(31.82%),B:3906.0(2.62%),P:1e-5	Tpos:39.6,Tstd:11.3,Bpos:50.1,Bstd:26.3,StrandBias:0.4,Multiplicity:1.00
0.131	0.493	0.247	0.130
0.377	0.130	0.247	0.247
0.001	0.500	0.123	0.376
0.369	0.001	0.006	0.624
0.623	0.001	0.246	0.130
0.745	0.253	0.001	0.001
0.870	0.123	0.006	0.001
0.001	0.876	0.001	0.122
0.997	0.001	0.001	0.001
0.123	0.247	0.500	0.130
0.123	0.124	0.506	0.247
0.370	0.124	0.247	0.260
>CTTCTGCGGAAG	2-CTTCTGCGGAAG	12.355432	-8.127042	0	T:1.0(4.55%),B:2.0(0.00%),P:1e-3	Tpos:85.0,Tstd:0.0,Bpos:53.0,Bstd:26.0,StrandBias:-10.0,Multiplicity:1.00
0.100	0.700	0.100	0.100
0.100	0.100	0.100	0.700
0.100	0.100	0.100	0.700
0.100	0.700	0.100	0.100
0.100	0.100	0.100	0.700
0.100	0.100	0.700	0.100
0.100	0.700	0.100	0.100
0.100	0.100	0.700	0.100
0.100	0.100	0.700	0.100
0.700	0.100	0.100	0.100
0.700	0.100	0.100	0.100
0.100	0.100	0.700	0.100
>AGGGTTGGACAA	3-AGGGTTGGACAA	12.355432	-8.127042	0	T:1.0(4.55%),B:2.0(0.00%),P:1e-3	Tpos:67.0,Tstd:0.0,Bpos:63.5,Bstd:16.5,StrandBias:10.0,Multiplicity:1.00
0.700	0.100	0.100	0.100
0.100	0.100	0.700	0.100
0.100	0.100	0.700	0.100
0.100	0.100	0.700	0.100
0.100	0.100	0.100	0.700
0.100	0.100	0.100	0.700
0.100	0.100	0.700	0.100
0.100	0.100	0.700	0.100
0.700	0.100	0.100	0.100
0.100	0.700	0.100	0.100
0.700	0.100	0.100	0.100
0.700	0.100	0.100	0.100
>GAGCCCTGTAAT	4-GAGCCCTGTAAT	12.355432	-8.127042	0	T:1.0(4.55%),B:2.0(0.00%),P:1e-3	Tpos:87.0,Tstd:0.0,Bpos:32.5,Bstd:22.5,StrandBias:-10.0,Multiplicity:1.00
0.100	0.100	0.700	0.100
0.700	0.100	0.100	0.100
0.100	0.100	0.700	0.100
0.100	0.700	0.100	0.100
0.100	0.700	0.100	0.100
0.100	0.700	0.100	0.100
0.100	0.100	0.100	0.700
0.100	0.100	0.700	0.100
0.100	0.100	0.100	0.700
0.700	0.100	0.100	0.100
0.700	0.100	0.100	0.100
0.100	0.100	0.100	0.700
>TCAGCTTAGCCA	5-TCAGCTTAGCCA	12.355432	-8.127042	0	T:1.0(4.55%),B:2.0(0.00%),P:1e-3	Tpos:12.0,Tstd:0.0,Bpos:33.0,Bstd:10.0,StrandBias:-10.0,Multiplicity:1.00
0.100	0.100	0.100	0.700
0.100	0.700	0.100	0.100
0.700	0.100	0.100	0.100
0.100	0.100	0.700	0.100
0.100	0.700	0.100	0.100
0.100	0.100	0.100	0.700
0.100	0.100	0.100	0.700
0.700	0.100	0.100	0.100
0.100	0.100	0.700	0.100
0.100	0.700	0.100	0.100
0.100	0.700	0.100	0.100
0.700	0.100	0.100	0.100
>GACCTGAGGAAC	6-GACCTGAGGAAC	12.355432	-8.127042	0	T:1.0(4.55%),B:2.0(0.00%),P:1e-3	Tpos:60.0,Tstd:0.0,Bpos:26.0,Bstd:1.0,StrandBias:-10.0,Multiplicity:1.00
0.100	0.100	0.700	0.100
0.700	0.100	0.100	0.100
0.100	0.700	0.100	0.100
0.100	0.700	0.100	0.100
0.100	0.100	0.100	0.700
0.100	0.100	0.700	0.100
0.700	0.100	0.100	0.100
0.100	0.100	0.700	0.100
0.100	0.100	0.700	0.100
0.700	0.100	0.100	0.100
0.700	0.100	0.100	0.100
0.100	0.700	0.100	0.100
>NDGGACTTTCTA	7-NDGGACTTTCTA	6.252644	-7.796056	0	T:7.0(31.82%),B:9941.0(6.68%),P:1e-3	Tpos:51.2,Tstd:29.8,Bpos:50.1,Bstd:26.4,StrandBias:-0.6,Multiplicity:1.14
0.257	0.250	0.247	0.247
0.373	0.130	0.250	0.247
0.246	0.001	0.750	0.003
0.123	0.123	0.504	0.250
0.623	0.003	0.127	0.247
0.373	0.621	0.003	0.003
0.126	0.001	0.126	0.747
0.001	0.122	0.001	0.876
0.122	0.001	0.001	0.876
0.003	0.870	0.001	0.126
0.127	0.250	0.123	0.500
0.493	0.260	0.001	0.246
>TCCTCCTCCTCC	8-TCCTCCTCCTCC	13.791097	-3.874220	0	T:1.0(4.55%),B:142.0(0.10%),P:1e-1	Tpos:51.5,Tstd:3.4,Bpos:56.7,Bstd:25.5,StrandBias:10.0,Multiplicity:1.00
0.205	0.026	0.001	0.768
0.001	0.831	0.001	0.167
0.001	0.997	0.001	0.001
0.001	0.357	0.001	0.641
0.001	0.997	0.001	0.001
0.001	0.814	0.001	0.184
0.001	0.001	0.219	0.779
0.001	0.809	0.001	0.189
0.001	0.794	0.001	0.204
0.001	0.404	0.002	0.593
0.001	0.997	0.001	0.001
0.001	0.594	0.001	0.404
