>CTTCAAAT	1-CTTCAAAT	7.633982	-15.809880	0	T:8.0(36.36%),B:4435.0(2.98%),P:1e-6	Tpos:53.5,Tstd:23.0,Bpos:50.3,Bstd:27.2,StrandBias:0.7,Multiplicity:1.00
0.001	0.997	0.001	0.001
0.001	0.334	0.001	0.664
0.001	0.001	0.001	0.997
0.001	0.685	0.313	0.001
0.898	0.100	0.001	0.001
0.997	0.001	0.001	0.001
0.922	0.001	0.076	0.001
0.001	0.001	0.239	0.759
>GAAAACTC	2-GAAAACTC	7.059807	-13.872441	0	T:9.0(40.91%),B:7969.0(5.35%),P:1e-6	Tpos:55.6,Tstd:25.2,Bpos:50.4,Bstd:27.3,StrandBias:0.6,Multiplicity:1.11
0.001	0.234	0.764	0.001
0.796	0.001	0.202	0.001
0.719	0.260	0.020	0.001
0.774	0.224	0.001	0.001
0.710	0.001	0.010	0.279
0.001	0.997	0.001	0.001
0.344	0.001	0.001	0.654
0.001	0.997	0.001	0.001
>ACTACCAA	3-ACTACCAA	8.513354	-12.934375	0	T:5.0(22.73%),B:1506.0(1.01%),P:1e-5	Tpos:33.4,Tstd:16.7,Bpos:50.1,Bstd:26.8,StrandBias:-0.6,Multiplicity:1.00
0.828	0.001	0.170	0.001
0.001	0.817	0.181	0.001
0.001	0.001	0.001	0.997
0.858	0.140	0.001	0.001
0.001	0.839	0.159	0.001
0.001	0.997	0.001	0.001
0.997	0.001	0.001	0.001
0.831	0.001	0.167	0.001
>TGTCCATA	4-TGTCCATA	8.442863	-11.404824	0	T:5.0(22.73%),B:2067.0(1.39%),P:1e-4	Tpos:44.5,Tstd:31.8,Bpos:50.5,Bstd:26.5,StrandBias:0.0,Multiplicity:1.20
0.001	0.001	0.001	0.997
0.229	0.001	0.769	0.001
0.001	0.001	0.001	0.997
0.001	0.997	0.001	0.001
0.218	0.780	0.001	0.001
0.997	0.001	0.001	0.001
0.001	0.147	0.001	0.851
0.813	0.185	0.001	0.001
>GCTGCATA	5-GCTGCATA	8.236954	-5.826909	0	T:2.0(9.09%),B:545.0(0.37%),P:1e-2	Tpos:56.7,Tstd:36.0,Bpos:48.0,Bstd:28.3,StrandBias:10.0,Multiplicity:1.50
0.100	0.100	0.700	0.100
0.100	0.700	0.100	0.100
0.100	0.100	0.100	0.700
0.100	0.100	0.700	0.100
0.100	0.700	0.100	0.100
0.700	0.100	0.100	0.100
0.100	0.100	0.100	0.700
0.700	0.100	0.100	0.100
