>GGCAATGCCC	1-GGCAATGCCC	11.270745	-15.166322	0	T:4.0(11.11%),B:216.5(0.15%),P:1e-6,FDR:1	Tpos:33.8,Tstd:21.2,Bpos:52.2,Bstd:31.2,StrandBias:0.6,Multiplicity:1.00
0.001	0.001	0.730	0.268
0.001	0.037	0.961	0.001
0.001	0.997	0.001	0.001
0.997	0.001	0.001	0.001
0.652	0.001	0.001	0.346
0.001	0.001	0.001	0.997
0.001	0.001	0.997	0.001
0.001	0.684	0.314	0.001
0.001	0.997	0.001	0.001
0.001	0.997	0.001	0.001
>GCCCATCCTS	2-GCCCATCCTS	10.306614	-11.945252	0	T:4.0(11.11%),B:489.3(0.33%),P:1e-5,FDR:1	Tpos:49.7,Tstd:24.9,Bpos:47.6,Bstd:30.6,StrandBias:1.0,Multiplicity:1.50
0.118	0.001	0.880	0.001
0.001	0.616	0.382	0.001
0.001	0.997	0.001	0.001
0.001	0.997	0.001	0.001
0.997	0.001	0.001	0.001
0.001	0.001	0.106	0.892
0.001	0.997	0.001	0.001
0.001	0.997	0.001	0.001
0.049	0.001	0.058	0.892
0.001	0.501	0.497	0.001
>ATCCACTTGG	3-ATCCACTTGG	6.375384	-11.377148	0	T:5.0(13.89%),B:1215.6(0.82%),P:1e-4,FDR:1	Tpos:60.0,Tstd:25.6,Bpos:49.5,Bstd:29.7,StrandBias:2.6,Multiplicity:1.40
0.997	0.001	0.001	0.001
0.001	0.150	0.001	0.848
0.001	0.997	0.001	0.001
0.001	0.997	0.001	0.001
0.997	0.001	0.001	0.001
0.001	0.997	0.001	0.001
0.001	0.001	0.001	0.997
0.178	0.001	0.001	0.820
0.001	0.001	0.997	0.001
0.151	0.001	0.820	0.028
>ATTGGGTTCG	4-ATTGGGTTCG	10.296193	-8.320025	0	T:1.0(2.78%),B:1.2(0.00%),P:1e-3,FDR:1	Tpos:68.0,Tstd:0.0,Bpos:19.0,Bstd:0.0,StrandBias:10.0,Multiplicity:1.00
0.700	0.100	0.100	0.100
0.100	0.100	0.100	0.700
0.100	0.100	0.100	0.700
0.100	0.100	0.700	0.100
0.100	0.100	0.700	0.100
0.100	0.100	0.700	0.100
0.100	0.100	0.100	0.700
0.100	0.100	0.100	0.700
0.100	0.700	0.100	0.100
0.100	0.100	0.700	0.100
>CGGTTTAGAC	5-CGGTTTAGAC	10.296193	-8.320025	0	T:1.0(2.78%),B:0.5(0.00%),P:1e-3,FDR:1	Tpos:19.0,Tstd:0.0,Bpos:33.0,Bstd:0.0,StrandBias:10.0,Multiplicity:1.00
0.100	0.700	0.100	0.100
0.100	0.100	0.700	0.100
0.100	0.100	0.700	0.100
0.100	0.100	0.100	0.700
0.100	0.100	0.100	0.700
0.100	0.100	0.100	0.700
0.700	0.100	0.100	0.100
0.100	0.100	0.700	0.100
0.700	0.100	0.100	0.100
0.100	0.700	0.100	0.100
>ACGAGCTCTA	6-ACGAGCTCTA	10.296193	-7.626997	0	T:1.0(2.78%),B:2.7(0.00%),P:1e-3,FDR:1	Tpos:52.0,Tstd:0.0,Bpos:44.3,Bstd:14.2,StrandBias:-10.0,Multiplicity:1.00
0.700	0.100	0.100	0.100
0.100	0.700	0.100	0.100
0.100	0.100	0.700	0.100
0.700	0.100	0.100	0.100
0.100	0.100	0.700	0.100
0.100	0.700	0.100	0.100
0.100	0.100	0.100	0.700
0.100	0.700	0.100	0.100
0.100	0.100	0.100	0.700
0.700	0.100	0.100	0.100
>ATAAGCGCTT	7-ATAAGCGCTT	10.296193	-7.626997	0	T:1.0(2.78%),B:3.0(0.00%),P:1e-3,FDR:1	Tpos:29.0,Tstd:0.0,Bpos:19.6,Bstd:16.4,StrandBias:-10.0,Multiplicity:1.00
0.700	0.100	0.100	0.100
0.100	0.100	0.100	0.700
0.700	0.100	0.100	0.100
0.700	0.100	0.100	0.100
0.100	0.100	0.700	0.100
0.100	0.700	0.100	0.100
0.100	0.100	0.700	0.100
0.100	0.700	0.100	0.100
0.100	0.100	0.100	0.700
0.100	0.100	0.100	0.700
>CCTGTACCGA	8-CCTGTACCGA	10.296193	-7.626997	0	T:1.0(2.78%),B:2.8(0.00%),P:1e-3,FDR:1	Tpos:47.0,Tstd:0.0,Bpos:24.1,Bstd:10.5,StrandBias:10.0,Multiplicity:1.00
0.100	0.700	0.100	0.100
0.100	0.700	0.100	0.100
0.100	0.100	0.100	0.700
0.100	0.100	0.700	0.100
0.100	0.100	0.100	0.700
0.700	0.100	0.100	0.100
0.100	0.700	0.100	0.100
0.100	0.700	0.100	0.100
0.100	0.100	0.700	0.100
0.700	0.100	0.100	0.100
>AACCTCAWCYAC	1-AACCTCAWCYAC	11.235896	-21.086701	0	T:5.0(13.89%),B:168.6(0.11%),P:1e-9,FDR:0.6	Tpos:57.3,Tstd:22.5,Bpos:50.8,Bstd:29.6,StrandBias:2.6,Multiplicity:1.40
0.751	0.247	0.001	0.001
0.722	0.001	0.001	0.276
0.001	0.997	0.001	0.001
0.001	0.997	0.001	0.001
0.001	0.247	0.001	0.751
0.001	0.997	0.001	0.001
0.997	0.001	0.001	0.001
0.474	0.001	0.001	0.524
0.001	0.997	0.001	0.001
0.001	0.504	0.001	0.494
0.525	0.227	0.247	0.001
0.001	0.751	0.001	0.247
>GCATRTTKAAAG	2-GCATRTTKAAAG	9.565579	-19.930729	0	T:3.0(8.33%),B:10.7(0.01%),P:1e-8,FDR:0.6	Tpos:63.3,Tstd:18.2,Bpos:70.0,Bstd:22.4,StrandBias:1.0,Multiplicity:1.00
0.001	0.001	0.997	0.001
0.001	0.997	0.001	0.001
0.997	0.001	0.001	0.001
0.001	0.001	0.001	0.997
0.527	0.001	0.471	0.001
0.001	0.001	0.001	0.997
0.001	0.001	0.001	0.997
0.001	0.001	0.527	0.471
0.942	0.001	0.001	0.056
0.942	0.001	0.001	0.056
0.997	0.001	0.001	0.001
0.001	0.001	0.997	0.001
>ATGGGCTYGTAC	3-ATGGGCTYGTAC	8.067699	-17.414143	0	T:7.0(19.44%),B:1301.2(0.88%),P:1e-7,FDR:0.6	Tpos:50.4,Tstd:25.7,Bpos:49.8,Bstd:28.6,StrandBias:0.4,Multiplicity:1.00
0.485	0.001	0.242	0.271
0.268	0.001	0.001	0.730
0.001	0.001	0.997	0.001
0.001	0.242	0.515	0.242
0.001	0.245	0.728	0.026
0.001	0.756	0.001	0.242
0.001	0.001	0.001	0.997
0.001	0.484	0.001	0.514
0.242	0.001	0.756	0.001
0.001	0.245	0.242	0.512
0.973	0.025	0.001	0.001
0.242	0.485	0.001	0.271
>TTATRCCYTCTG	4-TTATRCCYTCTG	7.639694	-14.002538	0	T:9.0(25.00%),B:4397.1(2.98%),P:1e-6,FDR:0.6	Tpos:40.8,Tstd:25.2,Bpos:50.5,Bstd:28.3,StrandBias:0.0,Multiplicity:1.11
0.001	0.205	0.001	0.793
0.001	0.001	0.357	0.641
0.587	0.206	0.001	0.206
0.001	0.001	0.001	0.997
0.436	0.001	0.357	0.206
0.001	0.587	0.001	0.411
0.001	0.997	0.001	0.001
0.206	0.436	0.001	0.357
0.206	0.001	0.151	0.642
0.001	0.587	0.206	0.206
0.001	0.206	0.206	0.587
0.205	0.001	0.793	0.001
>TTTACTCTCCAC	5-TTTACTCTCCAC	12.355432	-8.320025	0	T:1.0(2.78%),B:1.6(0.00%),P:1e-3,FDR:0.88	Tpos:78.0,Tstd:0.0,Bpos:80.4,Bstd:4.8,StrandBias:10.0,Multiplicity:1.00
0.100	0.100	0.100	0.700
0.100	0.100	0.100	0.700
0.100	0.100	0.100	0.700
0.700	0.100	0.100	0.100
0.100	0.700	0.100	0.100
0.100	0.100	0.100	0.700
0.100	0.700	0.100	0.100
0.100	0.100	0.100	0.700
0.100	0.700	0.100	0.100
0.100	0.700	0.100	0.100
0.700	0.100	0.100	0.100
0.100	0.700	0.100	0.100
>CCCGGCTGTGAC	6-CCCGGCTGTGAC	12.355432	-8.320025	0	T:1.0(2.78%),B:0.6(0.00%),P:1e-3,FDR:0.88	Tpos:81.0,Tstd:0.0,Bpos:38.0,Bstd:0.0,StrandBias:-10.0,Multiplicity:1.00
0.100	0.700	0.100	0.100
0.100	0.700	0.100	0.100
0.100	0.700	0.100	0.100
0.100	0.100	0.700	0.100
0.100	0.100	0.700	0.100
0.100	0.700	0.100	0.100
0.100	0.100	0.100	0.700
0.100	0.100	0.700	0.100
0.100	0.100	0.100	0.700
0.100	0.100	0.700	0.100
0.700	0.100	0.100	0.100
0.100	0.700	0.100	0.100
>CACGTATGCAGA	7-CACGTATGCAGA	12.355432	-7.626997	0	T:1.0(2.78%),B:2.1(0.00%),P:1e-3,FDR:1	Tpos:6.0,Tstd:0.0,Bpos:40.2,Bstd:5.4,StrandBias:-10.0,Multiplicity:1.00
0.100	0.700	0.100	0.100
0.700	0.100	0.100	0.100
0.100	0.700	0.100	0.100
0.100	0.100	0.700	0.100
0.100	0.100	0.100	0.700
0.700	0.100	0.100	0.100
0.100	0.100	0.100	0.700
0.100	0.100	0.700	0.100
0.100	0.700	0.100	0.100
0.700	0.100	0.100	0.100
0.100	0.100	0.700	0.100
0.700	0.100	0.100	0.100
>TTCTTTGTTTKT	8-TTCTTTGTTTKT	10.712027	-3.465108	0	T:3.0(8.33%),B:2827.3(1.91%),P:1e-1,FDR:1	Tpos:69.2,Tstd:20.0,Bpos:50.9,Bstd:29.2,StrandBias:-3.5,Multiplicity:1.00
0.001	0.001	0.372	0.626
0.173	0.001	0.061	0.765
0.001	0.492	0.182	0.325
0.001	0.007	0.011	0.981
0.001	0.001	0.305	0.693
0.001	0.001	0.067	0.931
0.001	0.177	0.563	0.259
0.001	0.001	0.173	0.825
0.001	0.001	0.001	0.997
0.001	0.001	0.001	0.997
0.001	0.184	0.399	0.417
0.001	0.001	0.064	0.934
>GAAGAACC	1-GAAGAACC	7.632040	-15.447759	0	T:10.0(27.78%),B:4930.9(3.34%),P:1e-6,FDR:0.4	Tpos:49.8,Tstd:28.3,Bpos:49.8,Bstd:30.5,StrandBias:0.8,Multiplicity:1.10
0.097	0.001	0.767	0.135
0.997	0.001	0.001	0.001
0.997	0.001	0.001	0.001
0.001	0.001	0.997	0.001
0.792	0.103	0.104	0.001
0.709	0.097	0.078	0.116
0.076	0.922	0.001	0.001
0.080	0.918	0.001	0.001
>AGTAACCT	2-AGTAACCT	9.054590	-13.599026	0	T:6.0(16.67%),B:1430.0(0.97%),P:1e-5,FDR:0.5	Tpos:74.5,Tstd:18.1,Bpos:50.8,Bstd:28.2,StrandBias:2.3,Multiplicity:1.00
0.773	0.001	0.225	0.001
0.001	0.001	0.997	0.001
0.001	0.001	0.001	0.997
0.997	0.001	0.001	0.001
0.652	0.001	0.172	0.175
0.001	0.997	0.001	0.001
0.001	0.997	0.001	0.001
0.001	0.001	0.001	0.997
>CCGCTAGT	3-CCGCTAGT	8.026943	-13.535012	0	T:6.0(16.67%),B:1445.3(0.98%),P:1e-5,FDR:0.5	Tpos:47.6,Tstd:35.0,Bpos:50.7,Bstd:30.6,StrandBias:0.7,Multiplicity:1.33
0.001	0.997	0.001	0.001
0.001	0.889	0.001	0.109
0.302	0.001	0.696	0.001
0.001	0.997	0.001	0.001
0.001	0.001	0.151	0.847
0.997	0.001	0.001	0.001
0.001	0.001	0.997	0.001
0.132	0.001	0.131	0.736
>AAGACACA	4-AAGACACA	6.230962	-9.230161	0	T:13.0(36.11%),B:16834.8(11.39%),P:1e-4,FDR:0.8	Tpos:58.7,Tstd:27.3,Bpos:50.1,Bstd:30.0,StrandBias:-0.2,Multiplicity:1.31
0.803	0.001	0.087	0.109
0.647	0.001	0.351	0.001
0.001	0.105	0.745	0.149
0.741	0.001	0.257	0.001
0.092	0.817	0.001	0.090
0.997	0.001	0.001	0.001
0.096	0.518	0.049	0.337
0.997	0.001	0.001	0.001
>CCCATCCT	5-CCCATCCT	9.042681	-7.780869	0	T:5.0(13.89%),B:2620.7(1.77%),P:1e-3,FDR:0.8	Tpos:47.1,Tstd:23.9,Bpos:49.4,Bstd:30.4,StrandBias:0.4,Multiplicity:1.40
0.001	0.836	0.162	0.001
0.001	0.997	0.001	0.001
0.001	0.997	0.001	0.001
0.997	0.001	0.001	0.001
0.001	0.001	0.001	0.997
0.001	0.811	0.001	0.187
0.001	0.997	0.001	0.001
0.001	0.001	0.001	0.997
