>AACCTCAWCYAC	1-AACCTCAWCYAC	11.235896	-21.086701	0	T:5.0(13.89%),B:168.6(0.11%),P:1e-9,FDR:0.6	Tpos:57.3,Tstd:22.5,Bpos:50.8,Bstd:29.6,StrandBias:2.6,Multiplicity:1.40
0.751	0.247	0.001	0.001
0.722	0.001	0.001	0.276
0.001	0.997	0.001	0.001
0.001	0.997	0.001	0.001
0.001	0.247	0.001	0.751
0.001	0.997	0.001	0.001
0.997	0.001	0.001	0.001
0.474	0.001	0.001	0.524
0.001	0.997	0.001	0.001
0.001	0.504	0.001	0.494
0.525	0.227	0.247	0.001
0.001	0.751	0.001	0.247
>GCATRTTKAAAG	2-GCATRTTKAAAG	9.565579	-19.930729	0	T:3.0(8.33%),B:10.7(0.01%),P:1e-8,FDR:0.6	Tpos:63.3,Tstd:18.2,Bpos:70.0,Bstd:22.4,StrandBias:1.0,Multiplicity:1.00
0.001	0.001	0.997	0.001
0.001	0.997	0.001	0.001
0.997	0.001	0.001	0.001
0.001	0.001	0.001	0.997
0.527	0.001	0.471	0.001
0.001	0.001	0.001	0.997
0.001	0.001	0.001	0.997
0.001	0.001	0.527	0.471
0.942	0.001	0.001	0.056
0.942	0.001	0.001	0.056
0.997	0.001	0.001	0.001
0.001	0.001	0.997	0.001
>ATGGGCTYGTAC	3-ATGGGCTYGTAC	8.067699	-17.414143	0	T:7.0(19.44%),B:1301.2(0.88%),P:1e-7,FDR:0.6	Tpos:50.4,Tstd:25.7,Bpos:49.8,Bstd:28.6,StrandBias:0.4,Multiplicity:1.00
0.485	0.001	0.242	0.271
0.268	0.001	0.001	0.730
0.001	0.001	0.997	0.001
0.001	0.242	0.515	0.242
0.001	0.245	0.728	0.026
0.001	0.756	0.001	0.242
0.001	0.001	0.001	0.997
0.001	0.484	0.001	0.514
0.242	0.001	0.756	0.001
0.001	0.245	0.242	0.512
0.973	0.025	0.001	0.001
0.242	0.485	0.001	0.271
>TTATRCCYTCTG	4-TTATRCCYTCTG	7.639694	-14.002538	0	T:9.0(25.00%),B:4397.1(2.98%),P:1e-6,FDR:0.6	Tpos:40.8,Tstd:25.2,Bpos:50.5,Bstd:28.3,StrandBias:0.0,Multiplicity:1.11
0.001	0.205	0.001	0.793
0.001	0.001	0.357	0.641
0.587	0.206	0.001	0.206
0.001	0.001	0.001	0.997
0.436	0.001	0.357	0.206
0.001	0.587	0.001	0.411
0.001	0.997	0.001	0.001
0.206	0.436	0.001	0.357
0.206	0.001	0.151	0.642
0.001	0.587	0.206	0.206
0.001	0.206	0.206	0.587
0.205	0.001	0.793	0.001
>TTTACTCTCCAC	5-TTTACTCTCCAC	12.355432	-8.320025	0	T:1.0(2.78%),B:1.6(0.00%),P:1e-3,FDR:0.88	Tpos:78.0,Tstd:0.0,Bpos:80.4,Bstd:4.8,StrandBias:10.0,Multiplicity:1.00
0.100	0.100	0.100	0.700
0.100	0.100	0.100	0.700
0.100	0.100	0.100	0.700
0.700	0.100	0.100	0.100
0.100	0.700	0.100	0.100
0.100	0.100	0.100	0.700
0.100	0.700	0.100	0.100
0.100	0.100	0.100	0.700
0.100	0.700	0.100	0.100
0.100	0.700	0.100	0.100
0.700	0.100	0.100	0.100
0.100	0.700	0.100	0.100
>CCCGGCTGTGAC	6-CCCGGCTGTGAC	12.355432	-8.320025	0	T:1.0(2.78%),B:0.6(0.00%),P:1e-3,FDR:0.88	Tpos:81.0,Tstd:0.0,Bpos:38.0,Bstd:0.0,StrandBias:-10.0,Multiplicity:1.00
0.100	0.700	0.100	0.100
0.100	0.700	0.100	0.100
0.100	0.700	0.100	0.100
0.100	0.100	0.700	0.100
0.100	0.100	0.700	0.100
0.100	0.700	0.100	0.100
0.100	0.100	0.100	0.700
0.100	0.100	0.700	0.100
0.100	0.100	0.100	0.700
0.100	0.100	0.700	0.100
0.700	0.100	0.100	0.100
0.100	0.700	0.100	0.100
>CACGTATGCAGA	7-CACGTATGCAGA	12.355432	-7.626997	0	T:1.0(2.78%),B:2.1(0.00%),P:1e-3,FDR:1	Tpos:6.0,Tstd:0.0,Bpos:40.2,Bstd:5.4,StrandBias:-10.0,Multiplicity:1.00
0.100	0.700	0.100	0.100
0.700	0.100	0.100	0.100
0.100	0.700	0.100	0.100
0.100	0.100	0.700	0.100
0.100	0.100	0.100	0.700
0.700	0.100	0.100	0.100
0.100	0.100	0.100	0.700
0.100	0.100	0.700	0.100
0.100	0.700	0.100	0.100
0.700	0.100	0.100	0.100
0.100	0.100	0.700	0.100
0.700	0.100	0.100	0.100
>TTCTTTGTTTKT	8-TTCTTTGTTTKT	10.712027	-3.465108	0	T:3.0(8.33%),B:2827.3(1.91%),P:1e-1,FDR:1	Tpos:69.2,Tstd:20.0,Bpos:50.9,Bstd:29.2,StrandBias:-3.5,Multiplicity:1.00
0.001	0.001	0.372	0.626
0.173	0.001	0.061	0.765
0.001	0.492	0.182	0.325
0.001	0.007	0.011	0.981
0.001	0.001	0.305	0.693
0.001	0.001	0.067	0.931
0.001	0.177	0.563	0.259
0.001	0.001	0.173	0.825
0.001	0.001	0.001	0.997
0.001	0.001	0.001	0.997
0.001	0.184	0.399	0.417
0.001	0.001	0.064	0.934
