>CAGTTAAC	1-CAGTTAAC	7.657066	-18.840945	0	T:13.0(17.81%),B:3440.0(2.19%),P:1e-8	Tpos:40.3,Tstd:32.1,Bpos:49.5,Bstd:27.2,StrandBias:-1.6,Multiplicity:1.08
0.081	0.809	0.109	0.001
0.997	0.001	0.001	0.001
0.001	0.001	0.997	0.001
0.001	0.091	0.001	0.907
0.001	0.001	0.080	0.918
0.812	0.186	0.001	0.001
0.837	0.043	0.001	0.119
0.098	0.814	0.087	0.001
>GGCTCATG	2-GGCTCATG	8.236954	-9.367650	0	T:4.0(5.48%),B:489.0(0.31%),P:1e-4	Tpos:34.8,Tstd:29.7,Bpos:51.1,Bstd:26.9,StrandBias:-2.0,Multiplicity:1.25
0.100	0.100	0.700	0.100
0.100	0.100	0.700	0.100
0.100	0.700	0.100	0.100
0.100	0.100	0.100	0.700
0.100	0.700	0.100	0.100
0.700	0.100	0.100	0.100
0.100	0.100	0.100	0.700
0.100	0.100	0.700	0.100
>CCTCTCAT	3-CCTCTCAT	5.701353	-7.802878	0	T:28.0(38.36%),B:32549.0(20.68%),P:1e-3	Tpos:56.0,Tstd:26.8,Bpos:49.7,Bstd:27.4,StrandBias:0.2,Multiplicity:1.46
0.001	0.919	0.001	0.079
0.251	0.648	0.001	0.100
0.001	0.231	0.001	0.767
0.001	0.844	0.001	0.154
0.163	0.001	0.001	0.835
0.048	0.700	0.251	0.001
0.726	0.035	0.001	0.238
0.143	0.043	0.195	0.619
>GCTCCACG	4-GCTCCACG	9.195892	-5.832830	0	T:3.0(4.11%),B:608.0(0.39%),P:1e-2	Tpos:44.0,Tstd:12.5,Bpos:51.8,Bstd:27.6,StrandBias:10.0,Multiplicity:1.67
0.001	0.001	0.997	0.001
0.190	0.650	0.001	0.159
0.001	0.114	0.001	0.884
0.001	0.997	0.001	0.001
0.001	0.997	0.001	0.001
0.997	0.001	0.001	0.001
0.001	0.909	0.001	0.089
0.001	0.001	0.997	0.001
>GCGTGCGT	5-GCGTGCGT	8.518276	-3.180475	0	T:2.0(2.74%),B:694.0(0.44%),P:1e-1	Tpos:60.2,Tstd:12.4,Bpos:48.8,Bstd:26.0,StrandBias:3.5,Multiplicity:6.00
0.001	0.001	0.997	0.001
0.001	0.997	0.001	0.001
0.001	0.001	0.997	0.001
0.001	0.001	0.001	0.997
0.001	0.001	0.997	0.001
0.078	0.920	0.001	0.001
0.001	0.001	0.997	0.001
0.001	0.001	0.001	0.997
