>GGCGAGGA	1-GGCGAGGA	6.556506	-15.165690	0	T:25.0(15.34%),B:7482.0(4.76%),P:1e-6	Tpos:54.5,Tstd:28.6,Bpos:50.6,Bstd:27.2,StrandBias:0.1,Multiplicity:1.16
0.039	0.060	0.838	0.063
0.061	0.036	0.818	0.085
0.125	0.774	0.001	0.100
0.001	0.001	0.968	0.030
0.953	0.045	0.001	0.001
0.001	0.001	0.932	0.066
0.052	0.001	0.946	0.001
0.803	0.001	0.134	0.062
>CAGTGCTG	2-CAGTGCTG	7.832264	-12.414387	0	T:25.0(15.34%),B:8723.0(5.54%),P:1e-5	Tpos:56.3,Tstd:30.8,Bpos:50.2,Bstd:27.2,StrandBias:1.0,Multiplicity:1.08
0.001	0.997	0.001	0.001
0.804	0.001	0.093	0.102
0.035	0.001	0.963	0.001
0.110	0.001	0.075	0.814
0.073	0.103	0.823	0.001
0.078	0.920	0.001	0.001
0.001	0.001	0.001	0.997
0.001	0.001	0.701	0.297
>CCAGWCTA	3-CCAGWCTA	7.715506	-10.253017	0	T:13.0(7.98%),B:3214.0(2.04%),P:1e-4	Tpos:47.8,Tstd:31.9,Bpos:50.0,Bstd:27.7,StrandBias:-0.4,Multiplicity:1.08
0.001	0.997	0.001	0.001
0.001	0.853	0.001	0.145
0.902	0.001	0.001	0.096
0.001	0.001	0.875	0.123
0.301	0.177	0.156	0.366
0.001	0.997	0.001	0.001
0.001	0.001	0.001	0.997
0.997	0.001	0.001	0.001
>STGTGGTA	4-STGTGGTA	-3.132365	-5.088989	0	T:70.0(42.94%),B:52307.0(33.25%),P:1e-2	Tpos:49.1,Tstd:26.4,Bpos:50.0,Bstd:27.0,StrandBias:0.3,Multiplicity:1.43
0.001	0.493	0.505	0.001
0.001	0.019	0.001	0.979
0.001	0.001	0.997	0.001
0.001	0.310	0.001	0.688
0.001	0.001	0.997	0.001
0.001	0.001	0.997	0.001
0.001	0.001	0.001	0.997
0.997	0.001	0.001	0.001
>ATMATCAT	5-ATMATCAT	8.700349	-3.739211	0	T:2.0(1.23%),B:228.0(0.14%),P:1e-1	Tpos:50.8,Tstd:30.5,Bpos:49.7,Bstd:28.1,StrandBias:-2.0,Multiplicity:2.50
0.585	0.001	0.042	0.372
0.043	0.061	0.001	0.895
0.476	0.480	0.043	0.001
0.766	0.071	0.094	0.069
0.001	0.001	0.126	0.872
0.109	0.889	0.001	0.001
0.886	0.001	0.112	0.001
0.264	0.042	0.001	0.693
