>ATGGATGA	1-ATGGATGA	7.021621	-19.085732	0	T:23.0(14.11%),B:5172.0(3.29%),P:1e-8	Tpos:40.7,Tstd:26.3,Bpos:49.5,Bstd:27.7,StrandBias:-0.8,Multiplicity:1.09
0.953	0.001	0.001	0.045
0.099	0.001	0.037	0.863
0.001	0.125	0.873	0.001
0.048	0.001	0.950	0.001
0.824	0.174	0.001	0.001
0.001	0.001	0.124	0.874
0.082	0.068	0.849	0.001
0.957	0.001	0.041	0.001
>AGCGGCTA	2-AGCGGCTA	7.704453	-15.357622	0	T:14.0(8.59%),B:2356.0(1.50%),P:1e-6	Tpos:54.8,Tstd:26.4,Bpos:49.7,Bstd:26.8,StrandBias:-0.6,Multiplicity:1.07
0.997	0.001	0.001	0.001
0.001	0.001	0.997	0.001
0.107	0.851	0.001	0.041
0.032	0.093	0.607	0.268
0.001	0.088	0.804	0.107
0.001	0.997	0.001	0.001
0.001	0.001	0.089	0.909
0.924	0.043	0.032	0.001
>GCGCACGG	3-GCGCACGG	7.729241	-14.541420	0	T:13.0(7.98%),B:2149.0(1.37%),P:1e-6	Tpos:51.8,Tstd:19.6,Bpos:50.5,Bstd:26.9,StrandBias:1.3,Multiplicity:1.08
0.001	0.248	0.750	0.001
0.068	0.930	0.001	0.001
0.001	0.059	0.939	0.001
0.001	0.997	0.001	0.001
0.890	0.047	0.001	0.062
0.001	0.898	0.100	0.001
0.001	0.086	0.912	0.001
0.001	0.001	0.997	0.001
>CAACGGTG	4-CAACGGTG	7.503978	-14.402656	0	T:12.0(7.36%),B:1820.0(1.16%),P:1e-6	Tpos:47.2,Tstd:15.7,Bpos:49.3,Bstd:27.3,StrandBias:0.0,Multiplicity:1.00
0.001	0.866	0.001	0.132
0.833	0.050	0.001	0.116
0.953	0.001	0.045	0.001
0.113	0.788	0.041	0.058
0.001	0.001	0.966	0.032
0.001	0.001	0.997	0.001
0.084	0.001	0.100	0.815
0.001	0.001	0.885	0.113
>CTCCTCCT	5-CTCCTCCT	7.597022	-11.247658	0	T:29.0(17.79%),B:11841.0(7.53%),P:1e-4	Tpos:44.4,Tstd:28.6,Bpos:50.3,Bstd:26.8,StrandBias:-0.4,Multiplicity:1.10
0.021	0.958	0.001	0.020
0.001	0.001	0.001	0.997
0.032	0.947	0.020	0.001
0.024	0.910	0.001	0.065
0.001	0.212	0.087	0.700
0.001	0.997	0.001	0.001
0.001	0.882	0.001	0.116
0.001	0.149	0.060	0.790
