>GCAAGCTT	1-GCAAGCTT	6.877807	-16.466983	0	T:12.0(16.44%),B:3475.0(2.21%),P:1e-7	Tpos:65.0,Tstd:29.6,Bpos:49.9,Bstd:27.5,StrandBias:0.7,Multiplicity:1.08
0.001	0.001	0.997	0.001
0.001	0.997	0.001	0.001
0.684	0.001	0.118	0.197
0.997	0.001	0.001	0.001
0.087	0.001	0.911	0.001
0.001	0.910	0.088	0.001
0.001	0.001	0.001	0.997
0.001	0.001	0.049	0.949
>GGTTTGAA	2-GGTTTGAA	7.778185	-13.774610	0	T:11.0(15.07%),B:3671.0(2.33%),P:1e-5	Tpos:42.7,Tstd:20.9,Bpos:49.9,Bstd:27.8,StrandBias:-0.5,Multiplicity:1.09
0.001	0.001	0.926	0.072
0.087	0.072	0.766	0.075
0.001	0.001	0.105	0.893
0.001	0.088	0.098	0.813
0.001	0.001	0.090	0.908
0.001	0.001	0.997	0.001
0.890	0.001	0.001	0.108
0.886	0.001	0.001	0.112
>GGCGATTG	3-GGCGATTG	7.632367	-11.328888	0	T:9.0(12.33%),B:3044.0(1.93%),P:1e-4	Tpos:54.1,Tstd:22.8,Bpos:50.2,Bstd:26.8,StrandBias:0.0,Multiplicity:1.11
0.001	0.001	0.997	0.001
0.001	0.001	0.997	0.001
0.001	0.848	0.070	0.081
0.119	0.001	0.781	0.099
0.783	0.096	0.001	0.120
0.001	0.001	0.001	0.997
0.001	0.001	0.110	0.888
0.001	0.001	0.836	0.162
>AGGAGCAT	4-AGGAGCAT	8.361721	-8.230537	0	T:7.0(9.59%),B:2703.0(1.72%),P:1e-3	Tpos:51.7,Tstd:21.8,Bpos:50.2,Bstd:26.9,StrandBias:-1.2,Multiplicity:1.43
0.997	0.001	0.001	0.001
0.001	0.001	0.997	0.001
0.100	0.001	0.898	0.001
0.997	0.001	0.001	0.001
0.104	0.125	0.770	0.001
0.001	0.997	0.001	0.001
0.861	0.001	0.137	0.001
0.001	0.001	0.001	0.997
>CCATGGAG	5-CCATGGAG	7.794514	-7.799931	0	T:9.0(12.33%),B:4851.0(3.08%),P:1e-3	Tpos:43.4,Tstd:24.5,Bpos:49.6,Bstd:27.0,StrandBias:0.2,Multiplicity:1.33
0.001	0.752	0.246	0.001
0.001	0.997	0.001	0.001
0.621	0.001	0.377	0.001
0.001	0.001	0.001	0.997
0.001	0.001	0.997	0.001
0.001	0.001	0.740	0.258
0.789	0.001	0.001	0.209
0.001	0.001	0.579	0.419
