>CTCGGGAGGC	1-CTCGGGAGGC	7.613260	-31.239141	0	T:29.0(17.79%),B:4829.0(3.07%),P:1e-13	Tpos:56.1,Tstd:25.3,Bpos:50.2,Bstd:26.7,StrandBias:0.3,Multiplicity:1.00
0.001	0.846	0.001	0.152
0.001	0.085	0.137	0.777
0.141	0.680	0.071	0.108
0.093	0.103	0.803	0.001
0.001	0.173	0.825	0.001
0.027	0.107	0.865	0.001
0.997	0.001	0.001	0.001
0.118	0.123	0.758	0.001
0.107	0.109	0.647	0.137
0.090	0.805	0.051	0.054
>GACCTGCAGC	2-GACCTGCAGC	10.421635	-18.797412	0	T:10.0(6.13%),B:732.0(0.47%),P:1e-8	Tpos:41.8,Tstd:24.0,Bpos:50.6,Bstd:26.2,StrandBias:0.6,Multiplicity:1.00
0.001	0.082	0.916	0.001
0.848	0.072	0.079	0.001
0.001	0.997	0.001	0.001
0.149	0.849	0.001	0.001
0.001	0.001	0.001	0.997
0.001	0.001	0.997	0.001
0.001	0.898	0.100	0.001
0.852	0.146	0.001	0.001
0.124	0.001	0.874	0.001
0.001	0.863	0.001	0.135
>CGTCTGCKCC	3-CGTCTGCKCC	5.380164	-16.449674	0	T:9.0(5.52%),B:707.0(0.45%),P:1e-7	Tpos:65.9,Tstd:26.0,Bpos:49.8,Bstd:26.5,StrandBias:0.2,Multiplicity:1.44
0.001	0.997	0.001	0.001
0.001	0.001	0.997	0.001
0.402	0.001	0.001	0.596
0.001	0.997	0.001	0.001
0.001	0.001	0.001	0.997
0.001	0.001	0.997	0.001
0.001	0.997	0.001	0.001
0.001	0.165	0.461	0.373
0.001	0.578	0.001	0.420
0.001	0.791	0.207	0.001
>GGTACTAAAT	4-GGTACTAAAT	11.849562	-12.672518	0	T:3.0(1.84%),B:26.0(0.02%),P:1e-5	Tpos:56.2,Tstd:25.7,Bpos:51.7,Bstd:30.2,StrandBias:-10.0,Multiplicity:2.00
0.001	0.001	0.997	0.001
0.001	0.001	0.997	0.001
0.001	0.169	0.001	0.829
0.833	0.001	0.001	0.165
0.001	0.997	0.001	0.001
0.001	0.001	0.001	0.997
0.997	0.001	0.001	0.001
0.997	0.001	0.001	0.001
0.997	0.001	0.001	0.001
0.001	0.001	0.001	0.997
>GTGTACTCAC	5-GTGTACTCAC	10.169875	-12.426242	0	T:5.0(3.07%),B:220.0(0.14%),P:1e-5	Tpos:37.1,Tstd:28.6,Bpos:49.8,Bstd:28.1,StrandBias:1.6,Multiplicity:1.60
0.077	0.001	0.921	0.001
0.001	0.356	0.001	0.642
0.001	0.001	0.997	0.001
0.001	0.001	0.001	0.997
0.741	0.001	0.001	0.257
0.001	0.997	0.001	0.001
0.001	0.306	0.001	0.692
0.001	0.997	0.001	0.001
0.997	0.001	0.001	0.001
0.001	0.997	0.001	0.001
