>AGATGCAAAAGC	1-AGATGCAAAAGC	14.553249	-22.392802	0	T:4.0(2.45%),B:8.0(0.01%),P:1e-9	Tpos:53.2,Tstd:24.2,Bpos:67.6,Bstd:20.9,StrandBias:0.0,Multiplicity:1.00
0.997	0.001	0.001	0.001
0.001	0.001	0.997	0.001
0.997	0.001	0.001	0.001
0.001	0.001	0.001	0.997
0.001	0.001	0.732	0.266
0.001	0.732	0.266	0.001
0.997	0.001	0.001	0.001
0.759	0.001	0.239	0.001
0.997	0.001	0.001	0.001
0.997	0.001	0.001	0.001
0.001	0.001	0.997	0.001
0.001	0.997	0.001	0.001
>CACACTGTTVCA	2-CACACTGTTVCA	9.951043	-18.088135	0	T:7.0(4.29%),B:259.0(0.16%),P:1e-7	Tpos:35.6,Tstd:19.8,Bpos:50.0,Bstd:25.2,StrandBias:0.4,Multiplicity:1.00
0.001	0.980	0.018	0.001
0.997	0.001	0.001	0.001
0.001	0.997	0.001	0.001
0.997	0.001	0.001	0.001
0.001	0.714	0.284	0.001
0.001	0.353	0.001	0.645
0.001	0.353	0.645	0.001
0.294	0.001	0.001	0.704
0.018	0.001	0.001	0.980
0.295	0.420	0.284	0.001
0.001	0.997	0.001	0.001
0.983	0.001	0.001	0.015
>CACCCTCCGCAC	3-CACCCTCCGCAC	14.488577	-17.397913	0	T:4.0(2.45%),B:28.0(0.02%),P:1e-7	Tpos:53.0,Tstd:28.5,Bpos:48.4,Bstd:24.8,StrandBias:-1.6,Multiplicity:1.00
0.001	0.997	0.001	0.001
0.997	0.001	0.001	0.001
0.001	0.748	0.250	0.001
0.001	0.997	0.001	0.001
0.001	0.997	0.001	0.001
0.001	0.001	0.001	0.997
0.001	0.997	0.001	0.001
0.001	0.757	0.001	0.241
0.001	0.001	0.997	0.001
0.001	0.997	0.001	0.001
0.786	0.001	0.001	0.212
0.001	0.997	0.001	0.001
>NWAAADAAANAA	4-NWAAADAAANAA	4.204187	-7.233596	0	T:78.0(47.85%),B:55687.0(35.40%),P:1e-3	Tpos:50.8,Tstd:24.5,Bpos:50.3,Bstd:25.6,StrandBias:0.3,Multiplicity:1.32
0.213	0.302	0.250	0.235
0.269	0.200	0.164	0.368
0.525	0.223	0.108	0.144
0.754	0.054	0.121	0.071
0.573	0.168	0.214	0.045
0.296	0.161	0.221	0.322
0.644	0.139	0.126	0.091
0.796	0.081	0.108	0.015
0.613	0.122	0.191	0.074
0.298	0.171	0.275	0.256
0.709	0.106	0.135	0.050
0.503	0.225	0.227	0.045
>GGGGAGGGTAAT	5-GGGGAGGGTAAT	12.355432	-6.180125	0	T:1.0(0.61%),B:2.0(0.00%),P:1e-2	Tpos:45.0,Tstd:26.2,Bpos:42.5,Bstd:7.5,StrandBias:10.0,Multiplicity:3.00
0.100	0.100	0.700	0.100
0.100	0.100	0.700	0.100
0.100	0.100	0.700	0.100
0.100	0.100	0.700	0.100
0.700	0.100	0.100	0.100
0.100	0.100	0.700	0.100
0.100	0.100	0.700	0.100
0.100	0.100	0.700	0.100
0.100	0.100	0.100	0.700
0.700	0.100	0.100	0.100
0.700	0.100	0.100	0.100
0.100	0.100	0.100	0.700
