>GCTGCTGGGT	1-GCTGCTGGGT	10.465856	-20.581048	0	T:11.0(6.75%),B:803.0(0.51%),P:1e-8	Tpos:51.1,Tstd:26.4,Bpos:50.4,Bstd:26.7,StrandBias:0.3,Multiplicity:1.00
0.001	0.001	0.997	0.001
0.109	0.800	0.090	0.001
0.001	0.135	0.123	0.741
0.001	0.001	0.997	0.001
0.001	0.997	0.001	0.001
0.001	0.126	0.001	0.872
0.001	0.001	0.997	0.001
0.001	0.001	0.997	0.001
0.103	0.070	0.726	0.101
0.059	0.001	0.001	0.939
>CVTATSGGAR	2-CVTATSGGAR	6.603655	-20.518041	0	T:32.0(19.63%),B:9111.0(5.79%),P:1e-8	Tpos:48.3,Tstd:29.2,Bpos:50.0,Bstd:26.6,StrandBias:-0.6,Multiplicity:1.12
0.206	0.501	0.001	0.292
0.416	0.266	0.317	0.001
0.001	0.001	0.001	0.997
0.564	0.290	0.001	0.145
0.001	0.001	0.001	0.997
0.076	0.487	0.436	0.001
0.317	0.001	0.681	0.001
0.002	0.001	0.996	0.001
0.939	0.001	0.059	0.001
0.434	0.001	0.361	0.204
>GTCTCTACAA	3-GTCTCTACAA	9.913826	-15.527019	0	T:7.0(4.29%),B:379.0(0.24%),P:1e-6	Tpos:34.7,Tstd:23.0,Bpos:51.5,Bstd:27.4,StrandBias:-0.4,Multiplicity:1.00
0.001	0.193	0.805	0.001
0.288	0.001	0.001	0.710
0.001	0.997	0.001	0.001
0.273	0.001	0.001	0.725
0.001	0.997	0.001	0.001
0.001	0.001	0.001	0.997
0.814	0.184	0.001	0.001
0.001	0.997	0.001	0.001
0.997	0.001	0.001	0.001
0.652	0.058	0.001	0.289
>CAACAGTTGT	4-CAACAGTTGT	7.525755	-13.077753	0	T:13.0(7.98%),B:2456.0(1.56%),P:1e-5	Tpos:50.0,Tstd:25.9,Bpos:50.6,Bstd:26.3,StrandBias:0.8,Multiplicity:1.23
0.073	0.880	0.046	0.001
0.792	0.074	0.001	0.133
0.831	0.003	0.127	0.039
0.044	0.850	0.001	0.105
0.674	0.001	0.057	0.268
0.096	0.144	0.717	0.043
0.047	0.036	0.054	0.863
0.032	0.001	0.045	0.922
0.001	0.124	0.701	0.174
0.035	0.179	0.001	0.785
>STGCWCTGCA	5-STGCWCTGCA	7.470111	-4.993396	0	T:13.0(7.98%),B:5707.0(3.63%),P:1e-2	Tpos:43.6,Tstd:24.8,Bpos:49.6,Bstd:26.5,StrandBias:-0.4,Multiplicity:1.46
0.010	0.438	0.551	0.001
0.001	0.008	0.091	0.900
0.001	0.151	0.847	0.001
0.001	0.997	0.001	0.001
0.498	0.015	0.120	0.367
0.171	0.650	0.178	0.001
0.001	0.136	0.182	0.681
0.001	0.001	0.997	0.001
0.001	0.847	0.151	0.001
0.889	0.001	0.001	0.109
