>MGTGGKAGKGGC	1-MGTGGKAGKGGC	10.481909	-17.034400	0	T:10.0(6.13%),B:885.0(0.56%),P:1e-7	Tpos:52.9,Tstd:20.5,Bpos:49.3,Bstd:25.0,StrandBias:1.4,Multiplicity:1.22
0.379	0.402	0.218	0.001
0.001	0.001	0.848	0.150
0.075	0.001	0.001	0.923
0.001	0.001	0.997	0.001
0.001	0.001	0.997	0.001
0.001	0.001	0.497	0.501
0.864	0.057	0.001	0.078
0.001	0.001	0.997	0.001
0.108	0.001	0.511	0.380
0.362	0.001	0.543	0.094
0.001	0.001	0.997	0.001
0.001	0.848	0.001	0.150
>GGAGGAGGAGCA	2-GGAGGAGGAGCA	9.640566	-13.980888	0	T:14.0(8.59%),B:2648.0(1.68%),P:1e-6	Tpos:45.6,Tstd:23.2,Bpos:50.3,Bstd:25.7,StrandBias:1.1,Multiplicity:1.57
0.001	0.001	0.997	0.001
0.001	0.057	0.902	0.040
0.715	0.068	0.147	0.070
0.001	0.067	0.931	0.001
0.001	0.085	0.913	0.001
0.747	0.082	0.170	0.001
0.001	0.056	0.942	0.001
0.114	0.040	0.764	0.082
0.804	0.082	0.113	0.001
0.037	0.001	0.961	0.001
0.050	0.655	0.213	0.082
0.676	0.201	0.001	0.122
>GTAACCGTGTAC	3-GTAACCGTGTAC	8.034333	-10.092810	0	T:3.0(1.84%),B:62.0(0.04%),P:1e-4	Tpos:52.9,Tstd:28.8,Bpos:44.2,Bstd:22.8,StrandBias:0.6,Multiplicity:3.33
0.001	0.001	0.968	0.030
0.001	0.001	0.001	0.997
0.938	0.001	0.001	0.060
0.997	0.001	0.001	0.001
0.001	0.997	0.001	0.001
0.122	0.873	0.001	0.004
0.001	0.030	0.968	0.001
0.030	0.001	0.030	0.939
0.001	0.001	0.997	0.001
0.001	0.001	0.001	0.997
0.938	0.001	0.001	0.060
0.001	0.997	0.001	0.001
>ACACACACACAC	4-ACACACACACAC	11.924279	-4.452999	0	T:4.0(2.45%),B:837.0(0.53%),P:1e-1	Tpos:55.1,Tstd:16.4,Bpos:48.8,Bstd:27.2,StrandBias:0.0,Multiplicity:1.25
0.996	0.002	0.001	0.001
0.001	0.992	0.004	0.003
0.664	0.005	0.330	0.001
0.001	0.992	0.004	0.003
0.997	0.001	0.001	0.001
0.001	0.992	0.004	0.003
0.829	0.001	0.169	0.001
0.001	0.992	0.004	0.003
0.838	0.001	0.160	0.001
0.234	0.586	0.176	0.004
0.558	0.001	0.234	0.207
0.003	0.612	0.382	0.003
>MAAAACAAAAAC	5-MAAAACAAAAAC	11.220919	-3.113438	0	T:6.0(3.68%),B:2466.0(1.57%),P:1e-1	Tpos:38.7,Tstd:20.7,Bpos:51.7,Bstd:24.7,StrandBias:-10.0,Multiplicity:2.50
0.392	0.430	0.085	0.094
0.997	0.001	0.001	0.001
0.942	0.056	0.001	0.001
0.997	0.001	0.001	0.001
0.811	0.107	0.081	0.001
0.216	0.782	0.001	0.001
0.799	0.116	0.084	0.001
0.919	0.001	0.079	0.001
0.991	0.001	0.007	0.001
0.997	0.001	0.001	0.001
0.783	0.215	0.001	0.001
0.276	0.562	0.161	0.001
