>GCAAACTTTGAG	1-GCAAACTTTGAG	8.831734	-66.955891	0	T:31.0(1.61%),B:1.0(0.08%),P:1e-29	Tpos:52.0,Tstd:21.0,Bpos:43.0,Bstd:0.0,StrandBias:0.7,Multiplicity:1.00
0.056	0.010	0.755	0.179
0.032	0.559	0.344	0.065
0.720	0.066	0.021	0.193
0.737	0.041	0.181	0.041
0.700	0.078	0.201	0.021
0.001	0.905	0.052	0.042
0.141	0.021	0.010	0.828
0.064	0.135	0.304	0.497
0.097	0.001	0.335	0.567
0.033	0.084	0.811	0.072
0.679	0.001	0.139	0.181
0.170	0.001	0.745	0.084
>ACTAAGCAGTTT	2-ACTAAGCAGTTT	8.777533	-55.011845	0	T:27.0(1.40%),B:1.0(0.08%),P:1e-23	Tpos:51.9,Tstd:28.2,Bpos:18.0,Bstd:0.0,StrandBias:0.8,Multiplicity:1.22
0.567	0.049	0.204	0.180
0.085	0.563	0.303	0.049
0.134	0.049	0.001	0.816
0.796	0.099	0.080	0.025
0.963	0.001	0.035	0.001
0.024	0.099	0.876	0.001
0.001	0.988	0.001	0.010
0.974	0.001	0.001	0.024
0.001	0.049	0.949	0.001
0.049	0.085	0.085	0.781
0.064	0.124	0.204	0.608
0.228	0.253	0.074	0.445
>CCTGCCTCCYBC	3-CCTGCCTCCYBC	9.184775	-52.398185	0	T:44.0(2.28%),B:4.0(0.31%),P:1e-22	Tpos:48.4,Tstd:22.0,Bpos:27.5,Bstd:13.6,StrandBias:-0.2,Multiplicity:1.09
0.031	0.629	0.135	0.205
0.079	0.867	0.005	0.049
0.137	0.101	0.003	0.759
0.027	0.292	0.475	0.206
0.161	0.649	0.083	0.107
0.005	0.794	0.003	0.198
0.011	0.182	0.001	0.806
0.005	0.631	0.104	0.260
0.008	0.810	0.005	0.177
0.213	0.326	0.003	0.459
0.130	0.265	0.332	0.273
0.102	0.604	0.134	0.160
>CCTGGTTGGTCG	4-CCTGGTTGGTCG	9.033016	-49.255550	0	T:25.0(1.30%),B:1.0(0.08%),P:1e-21	Tpos:44.9,Tstd:24.2,Bpos:38.0,Bstd:0.0,StrandBias:-0.8,Multiplicity:1.08
0.045	0.909	0.045	0.001
0.001	0.909	0.045	0.045
0.045	0.045	0.001	0.909
0.090	0.001	0.908	0.001
0.136	0.046	0.772	0.046
0.045	0.001	0.045	0.909
0.090	0.001	0.001	0.908
0.001	0.045	0.953	0.001
0.001	0.045	0.909	0.045
0.001	0.045	0.045	0.909
0.091	0.500	0.318	0.091
0.091	0.091	0.727	0.091
>CATTTTCCCCTC	5-CATTTTCCCCTC	9.683816	-46.436013	0	T:24.0(1.24%),B:1.0(0.08%),P:1e-20	Tpos:44.1,Tstd:27.2,Bpos:33.0,Bstd:0.0,StrandBias:-1.3,Multiplicity:1.00
0.032	0.806	0.097	0.065
0.645	0.161	0.065	0.129
0.097	0.129	0.129	0.645
0.001	0.096	0.064	0.839
0.032	0.065	0.032	0.871
0.001	0.031	0.001	0.967
0.001	0.934	0.064	0.001
0.064	0.806	0.001	0.129
0.064	0.903	0.001	0.032
0.096	0.807	0.001	0.096
0.031	0.001	0.001	0.967
0.064	0.871	0.001	0.064
>TGTGACCAGTCA	6-TGTGACCAGTCA	9.468150	-35.587096	0	T:20.0(1.04%),B:1.0(0.08%),P:1e-15	Tpos:46.3,Tstd:25.0,Bpos:47.0,Bstd:0.0,StrandBias:-0.1,Multiplicity:1.15
0.041	0.001	0.001	0.957
0.001	0.166	0.750	0.083
0.001	0.001	0.083	0.915
0.125	0.001	0.832	0.042
0.833	0.042	0.042	0.083
0.042	0.750	0.125	0.083
0.042	0.833	0.042	0.083
0.957	0.001	0.001	0.041
0.042	0.083	0.874	0.001
0.083	0.083	0.167	0.667
0.042	0.874	0.042	0.042
0.997	0.001	0.001	0.001
>TGTTGTTGTTGT	7-TGTTGTTGTTGT	10.454913	-18.606639	0	T:13.0(0.67%),B:1.0(0.08%),P:1e-8	Tpos:46.5,Tstd:22.8,Bpos:61.0,Bstd:0.0,StrandBias:1.1,Multiplicity:1.62
0.039	0.027	0.042	0.892
0.217	0.080	0.632	0.071
0.066	0.306	0.067	0.561
0.054	0.039	0.042	0.865
0.069	0.131	0.730	0.070
0.064	0.244	0.002	0.690
0.013	0.039	0.029	0.919
0.206	0.066	0.650	0.078
0.026	0.410	0.001	0.563
0.054	0.018	0.081	0.847
0.255	0.078	0.533	0.134
0.054	0.379	0.014	0.553
>AGABAGABAGAN	8-AGABAGABAGAN	7.108640	-12.373675	0	T:94.0(4.88%),B:38.0(2.98%),P:1e-5	Tpos:50.8,Tstd:24.7,Bpos:46.5,Bstd:26.6,StrandBias:0.2,Multiplicity:1.18
0.747	0.060	0.100	0.093
0.099	0.250	0.569	0.082
0.718	0.083	0.097	0.102
0.089	0.316	0.300	0.295
0.753	0.052	0.085	0.110
0.091	0.284	0.549	0.076
0.753	0.070	0.096	0.081
0.095	0.263	0.375	0.266
0.771	0.051	0.095	0.083
0.232	0.269	0.450	0.049
0.749	0.091	0.070	0.090
0.203	0.260	0.250	0.287
