>AGATGCTA	1-AGATGCTA	7.089914	-53.751883	0	T:111.0(5.76%),B:24.0(1.88%),P:1e-23	Tpos:45.9,Tstd:26.1,Bpos:54.8,Bstd:28.5,StrandBias:0.3,Multiplicity:1.05
0.995	0.001	0.001	0.003
0.282	0.229	0.488	0.001
0.759	0.013	0.001	0.227
0.205	0.001	0.001	0.793
0.001	0.001	0.612	0.386
0.001	0.997	0.001	0.001
0.142	0.223	0.001	0.634
0.723	0.001	0.275	0.001
>GTCCCTGC	2-GTCCCTGC	7.963471	-46.682031	0	T:57.0(2.96%),B:8.0(0.63%),P:1e-20	Tpos:51.4,Tstd:28.3,Bpos:53.2,Bstd:24.9,StrandBias:0.0,Multiplicity:1.07
0.001	0.001	0.997	0.001
0.001	0.001	0.001	0.997
0.001	0.997	0.001	0.001
0.001	0.997	0.001	0.001
0.001	0.997	0.001	0.001
0.001	0.001	0.001	0.997
0.001	0.183	0.815	0.001
0.001	0.754	0.001	0.244
>AAAACACC	3-AAAACACC	9.808533	-43.848918	0	T:35.0(1.82%),B:3.0(0.24%),P:1e-19	Tpos:54.7,Tstd:26.2,Bpos:26.0,Bstd:14.4,StrandBias:0.7,Multiplicity:1.03
0.714	0.284	0.001	0.001
0.997	0.001	0.001	0.001
0.997	0.001	0.001	0.001
0.997	0.001	0.001	0.001
0.001	0.997	0.001	0.001
0.997	0.001	0.001	0.001
0.001	0.997	0.001	0.001
0.001	0.995	0.003	0.001
>GGSGAGCT	4-GGSGAGCT	6.171357	-41.543871	0	T:223.0(11.57%),B:79.0(6.20%),P:1e-18	Tpos:47.5,Tstd:27.4,Bpos:51.8,Bstd:27.4,StrandBias:-0.4,Multiplicity:1.15
0.110	0.001	0.888	0.001
0.001	0.141	0.857	0.001
0.094	0.380	0.440	0.086
0.137	0.190	0.566	0.107
0.900	0.088	0.011	0.001
0.001	0.265	0.590	0.144
0.001	0.923	0.075	0.001
0.001	0.102	0.001	0.896
>GYGMTWCC	5-GYGMTWCC	7.232899	-38.856919	0	T:37.0(1.92%),B:4.0(0.31%),P:1e-16	Tpos:50.0,Tstd:28.8,Bpos:44.8,Bstd:14.7,StrandBias:-0.1,Multiplicity:1.00
0.001	0.146	0.852	0.001
0.159	0.304	0.110	0.427
0.139	0.016	0.727	0.118
0.391	0.391	0.206	0.012
0.005	0.005	0.140	0.850
0.524	0.001	0.053	0.422
0.005	0.873	0.099	0.023
0.001	0.997	0.001	0.001
>CGCATACT	6-CGCATACT	7.292245	-35.587096	0	T:20.0(1.04%),B:1.0(0.08%),P:1e-15	Tpos:49.9,Tstd:27.3,Bpos:51.0,Bstd:0.0,StrandBias:-0.6,Multiplicity:1.00
0.025	0.973	0.001	0.001
0.001	0.040	0.945	0.014
0.001	0.761	0.161	0.077
0.618	0.001	0.079	0.302
0.001	0.358	0.001	0.640
0.691	0.154	0.001	0.154
0.345	0.559	0.082	0.014
0.001	0.001	0.007	0.991
>ACKGKACA	7-ACKGKACA	5.523448	-31.698303	0	T:33.0(1.71%),B:4.0(0.31%),P:1e-13	Tpos:51.5,Tstd:25.7,Bpos:65.8,Bstd:24.4,StrandBias:-0.3,Multiplicity:1.36
0.997	0.001	0.001	0.001
0.001	0.997	0.001	0.001
0.001	0.001	0.447	0.551
0.001	0.001	0.997	0.001
0.001	0.001	0.503	0.495
0.984	0.001	0.014	0.001
0.001	0.997	0.001	0.001
0.997	0.001	0.001	0.001
>CTACACTG	8-CTACACTG	8.236954	-17.581745	0	T:17.0(0.88%),B:2.0(0.16%),P:1e-7	Tpos:40.2,Tstd:26.6,Bpos:21.0,Bstd:4.0,StrandBias:-0.5,Multiplicity:1.00
0.100	0.700	0.100	0.100
0.100	0.100	0.100	0.700
0.700	0.100	0.100	0.100
0.100	0.700	0.100	0.100
0.700	0.100	0.100	0.100
0.100	0.700	0.100	0.100
0.100	0.100	0.100	0.700
0.100	0.100	0.700	0.100
