>GGCACTGAGCTC	1-GGCACTGAGCTC	9.375074	-82.604735	0	T:36.0(1.87%),B:1.0(0.08%),P:1e-35	Tpos:57.8,Tstd:23.7,Bpos:31.0,Bstd:0.0,StrandBias:0.2,Multiplicity:1.00
0.119	0.037	0.717	0.127
0.074	0.037	0.795	0.094
0.126	0.807	0.066	0.001
0.770	0.077	0.067	0.086
0.001	0.841	0.037	0.121
0.121	0.001	0.037	0.841
0.001	0.037	0.915	0.047
0.925	0.001	0.073	0.001
0.052	0.037	0.910	0.001
0.084	0.804	0.111	0.001
0.037	0.074	0.037	0.852
0.001	0.851	0.111	0.037
>GTTTGTTCCCCA	2-GTTTGTTCCCCA	7.932292	-63.918949	0	T:30.0(1.56%),B:1.0(0.08%),P:1e-27	Tpos:44.3,Tstd:23.5,Bpos:56.0,Bstd:0.0,StrandBias:0.2,Multiplicity:1.00
0.091	0.165	0.615	0.129
0.085	0.156	0.103	0.656
0.071	0.157	0.142	0.630
0.066	0.064	0.104	0.766
0.080	0.171	0.604	0.145
0.074	0.124	0.084	0.718
0.102	0.109	0.084	0.705
0.091	0.584	0.112	0.213
0.118	0.668	0.068	0.146
0.118	0.720	0.039	0.123
0.148	0.651	0.061	0.140
0.687	0.095	0.072	0.146
>ACTCCCATTATC	3-ACTCCCATTATC	8.176461	-59.094478	0	T:36.0(1.87%),B:2.0(0.16%),P:1e-25	Tpos:52.8,Tstd:24.6,Bpos:34.0,Bstd:11.0,StrandBias:-1.2,Multiplicity:1.11
0.682	0.150	0.085	0.083
0.078	0.826	0.037	0.059
0.046	0.046	0.009	0.899
0.028	0.778	0.083	0.111
0.046	0.828	0.037	0.089
0.057	0.854	0.020	0.069
0.757	0.122	0.019	0.102
0.046	0.122	0.166	0.666
0.037	0.185	0.113	0.665
0.586	0.172	0.135	0.107
0.094	0.055	0.121	0.730
0.092	0.777	0.055	0.076
>AAGCCAACCAAG	4-AAGCCAACCAAG	6.786352	-56.512046	0	T:63.0(3.27%),B:8.0(0.63%),P:1e-24	Tpos:47.7,Tstd:27.8,Bpos:61.0,Bstd:23.7,StrandBias:-0.2,Multiplicity:1.02
0.479	0.214	0.167	0.140
0.581	0.115	0.143	0.161
0.158	0.147	0.562	0.133
0.179	0.563	0.155	0.103
0.204	0.588	0.081	0.127
0.687	0.115	0.066	0.132
0.605	0.126	0.159	0.110
0.154	0.594	0.141	0.111
0.166	0.652	0.078	0.104
0.661	0.156	0.073	0.110
0.562	0.104	0.203	0.131
0.219	0.170	0.463	0.148
>ATTCAGAAGGGA	5-ATTCAGAAGGGA	9.252671	-49.255550	0	T:25.0(1.30%),B:1.0(0.08%),P:1e-21	Tpos:44.3,Tstd:22.2,Bpos:65.0,Bstd:0.0,StrandBias:0.2,Multiplicity:1.12
0.795	0.020	0.184	0.001
0.041	0.075	0.186	0.698
0.001	0.097	0.174	0.728
0.001	0.902	0.077	0.020
0.825	0.077	0.001	0.097
0.096	0.001	0.902	0.001
0.757	0.034	0.154	0.055
0.748	0.001	0.097	0.154
0.001	0.001	0.845	0.153
0.001	0.001	0.997	0.001
0.001	0.096	0.902	0.001
0.902	0.001	0.001	0.096
>GATMCAGGGAGC	6-GATMCAGGGAGC	8.621260	-48.058990	0	T:37.0(1.92%),B:3.0(0.24%),P:1e-20	Tpos:42.1,Tstd:27.8,Bpos:39.7,Bstd:11.0,StrandBias:0.1,Multiplicity:1.08
0.001	0.070	0.928	0.001
0.504	0.142	0.142	0.212
0.106	0.177	0.036	0.681
0.525	0.473	0.001	0.001
0.001	0.997	0.001	0.001
0.963	0.001	0.001	0.035
0.001	0.001	0.997	0.001
0.141	0.001	0.743	0.115
0.036	0.059	0.881	0.024
0.467	0.001	0.311	0.221
0.001	0.230	0.768	0.001
0.160	0.768	0.001	0.071
>TGGGGAGTTTGA	7-TGGGGAGTTTGA	8.463612	-35.526360	0	T:26.0(1.35%),B:2.0(0.16%),P:1e-15	Tpos:43.0,Tstd:26.1,Bpos:49.0,Bstd:40.0,StrandBias:0.1,Multiplicity:1.04
0.100	0.100	0.100	0.700
0.100	0.100	0.700	0.100
0.100	0.100	0.700	0.100
0.100	0.100	0.700	0.100
0.100	0.100	0.700	0.100
0.700	0.100	0.100	0.100
0.100	0.100	0.700	0.100
0.100	0.100	0.100	0.700
0.100	0.100	0.100	0.700
0.100	0.100	0.100	0.700
0.100	0.100	0.700	0.100
0.700	0.100	0.100	0.100
>GCTCCCGGAGCT	8-GCTCCCGGAGCT	8.463612	-33.358670	0	T:25.0(1.30%),B:2.0(0.16%),P:1e-14	Tpos:50.6,Tstd:27.2,Bpos:55.5,Bstd:4.5,StrandBias:0.3,Multiplicity:1.12
0.100	0.100	0.700	0.100
0.100	0.700	0.100	0.100
0.100	0.100	0.100	0.700
0.100	0.700	0.100	0.100
0.100	0.700	0.100	0.100
0.100	0.700	0.100	0.100
0.100	0.100	0.700	0.100
0.100	0.100	0.700	0.100
0.700	0.100	0.100	0.100
0.100	0.100	0.700	0.100
0.100	0.700	0.100	0.100
0.100	0.100	0.100	0.700
