>ATTGGTTTCTDT	1-ATTGGTTTCTDT	10.505152	-21.098691	0	T:4.0(66.67%),B:6.0(0.26%),P:1e-9	Tpos:43.8,Tstd:37.8,Bpos:57.7,Bstd:25.2,StrandBias:1.6,Multiplicity:1.00
0.683	0.315	0.001	0.001
0.368	0.001	0.001	0.630
0.001	0.001	0.001	0.997
0.315	0.001	0.683	0.001
0.001	0.001	0.997	0.001
0.001	0.315	0.001	0.683
0.001	0.001	0.001	0.997
0.001	0.368	0.001	0.630
0.001	0.997	0.001	0.001
0.017	0.351	0.001	0.631
0.351	0.001	0.333	0.315
0.315	0.017	0.001	0.667
>MTGTTKTGTTSY	2-MTGTTKTGTTSY	8.983874	-15.408046	0	T:3.0(50.00%),B:5.0(0.22%),P:1e-6	Tpos:53.3,Tstd:17.7,Bpos:31.0,Bstd:16.8,StrandBias:1.0,Multiplicity:1.00
0.460	0.538	0.001	0.001
0.001	0.001	0.001	0.997
0.001	0.001	0.997	0.001
0.001	0.001	0.076	0.922
0.001	0.001	0.001	0.997
0.001	0.001	0.538	0.460
0.001	0.001	0.001	0.997
0.001	0.001	0.922	0.076
0.001	0.001	0.001	0.997
0.001	0.001	0.001	0.997
0.001	0.538	0.460	0.001
0.001	0.538	0.001	0.460
>CWGACAGCTTAR	3-CWGACAGCTTAR	9.227266	-12.328001	0	T:3.0(50.00%),B:14.0(0.61%),P:1e-5	Tpos:45.8,Tstd:32.4,Bpos:47.8,Bstd:23.9,StrandBias:0.0,Multiplicity:1.33
0.240	0.519	0.240	0.001
0.519	0.001	0.001	0.479
0.239	0.001	0.759	0.001
0.759	0.001	0.239	0.001
0.001	0.759	0.239	0.001
0.759	0.001	0.001	0.239
0.001	0.240	0.519	0.240
0.001	0.997	0.001	0.001
0.239	0.001	0.001	0.759
0.240	0.001	0.240	0.519
0.759	0.001	0.001	0.239
0.479	0.001	0.519	0.001
>GKTRKRSAWWTG	4-GKTRKRSAWWTG	11.161069	-8.392730	0	T:2.0(33.33%),B:9.0(0.39%),P:1e-3	Tpos:56.5,Tstd:10.5,Bpos:47.9,Bstd:25.9,StrandBias:-10.0,Multiplicity:1.00
0.001	0.001	0.997	0.001
0.026	0.001	0.486	0.487
0.001	0.001	0.001	0.997
0.568	0.001	0.430	0.001
0.001	0.001	0.487	0.511
0.430	0.001	0.568	0.001
0.001	0.487	0.430	0.081
0.978	0.001	0.001	0.020
0.568	0.001	0.001	0.430
0.511	0.001	0.001	0.487
0.001	0.001	0.001	0.997
0.001	0.001	0.997	0.001
>GAGGCCCARGGA	5-GAGGCCCARGGA	11.388350	-5.951728	0	T:1.0(16.67%),B:1.0(0.04%),P:1e-2	Tpos:6.0,Tstd:0.0,Bpos:8.0,Bstd:0.0,StrandBias:10.0,Multiplicity:1.00
0.001	0.001	0.997	0.001
0.612	0.001	0.386	0.001
0.193	0.001	0.805	0.001
0.001	0.386	0.612	0.001
0.386	0.612	0.001	0.001
0.221	0.585	0.193	0.001
0.193	0.779	0.001	0.027
0.585	0.193	0.001	0.221
0.387	0.001	0.419	0.193
0.001	0.001	0.997	0.001
0.001	0.193	0.613	0.193
0.419	0.194	0.194	0.194
