>TCCCSYCTTTCT	1-TCCCSYCTTTCT	10.183100	-19.949355	0	T:4.0(66.67%),B:8.0(0.35%),P:1e-8	Tpos:61.2,Tstd:29.7,Bpos:61.4,Bstd:26.4,StrandBias:1.6,Multiplicity:1.00
0.239	0.001	0.001	0.759
0.240	0.519	0.240	0.001
0.240	0.519	0.240	0.001
0.001	0.997	0.001	0.001
0.001	0.519	0.479	0.001
0.001	0.479	0.001	0.519
0.239	0.759	0.001	0.001
0.240	0.240	0.001	0.519
0.001	0.001	0.279	0.719
0.001	0.239	0.001	0.759
0.001	0.997	0.001	0.001
0.001	0.001	0.001	0.997
>GVDGATAGGGCC	2-GVDGATAGGGCC	9.859329	-12.328001	0	T:3.0(50.00%),B:14.0(0.61%),P:1e-5	Tpos:56.7,Tstd:26.8,Bpos:43.9,Bstd:25.3,StrandBias:-1.0,Multiplicity:1.00
0.315	0.001	0.683	0.001
0.315	0.368	0.315	0.001
0.315	0.001	0.315	0.368
0.315	0.001	0.683	0.001
0.683	0.315	0.001	0.001
0.053	0.315	0.001	0.631
0.997	0.001	0.001	0.001
0.001	0.001	0.997	0.001
0.315	0.001	0.683	0.001
0.001	0.001	0.997	0.001
0.315	0.683	0.001	0.001
0.001	0.997	0.001	0.001
>ACWSWRSCYTTW	3-ACWSWRSCYTTW	11.269955	-8.183168	0	T:2.0(33.33%),B:10.0(0.43%),P:1e-3	Tpos:30.5,Tstd:11.5,Bpos:53.0,Bstd:29.5,StrandBias:0.0,Multiplicity:1.00
0.933	0.065	0.001	0.001
0.001	0.997	0.001	0.001
0.471	0.001	0.001	0.527
0.001	0.471	0.527	0.001
0.460	0.001	0.001	0.538
0.461	0.011	0.527	0.001
0.001	0.460	0.538	0.001
0.001	0.997	0.001	0.001
0.001	0.527	0.001	0.471
0.001	0.066	0.011	0.922
0.001	0.001	0.001	0.997
0.460	0.001	0.001	0.538
>ACTYTYACTTTC	4-ACTYTYACTTTC	14.629354	-5.951728	0	T:1.0(16.67%),B:1.0(0.04%),P:1e-2	Tpos:56.7,Tstd:14.3,Bpos:64.0,Bstd:0.0,StrandBias:-10.0,Multiplicity:3.00
0.517	0.241	0.001	0.241
0.001	0.997	0.001	0.001
0.001	0.001	0.001	0.997
0.001	0.481	0.001	0.517
0.001	0.001	0.001	0.997
0.001	0.517	0.001	0.481
0.997	0.001	0.001	0.001
0.001	0.997	0.001	0.001
0.001	0.001	0.001	0.997
0.001	0.001	0.001	0.997
0.001	0.001	0.001	0.997
0.001	0.997	0.001	0.001
>CAGCAGCCAAGA	5-CAGCAGCCAAGA	12.355432	-5.951728	0	T:1.0(16.67%),B:0.0(0.00%),P:1e-2	Tpos:7.0,Tstd:0.0,Bpos:0.0,Bstd:0.0,StrandBias:10.0,Multiplicity:1.00
0.100	0.700	0.100	0.100
0.700	0.100	0.100	0.100
0.100	0.100	0.700	0.100
0.100	0.700	0.100	0.100
0.700	0.100	0.100	0.100
0.100	0.100	0.700	0.100
0.100	0.700	0.100	0.100
0.100	0.700	0.100	0.100
0.700	0.100	0.100	0.100
0.700	0.100	0.100	0.100
0.100	0.100	0.700	0.100
0.700	0.100	0.100	0.100
