>CYCCCMTGAM	1-CYCCCMTGAM	10.267178	-12.969856	0	T:3.0(13.04%),B:3.0(0.11%),P:1e-5	Tpos:60.0,Tstd:30.8,Bpos:61.7,Bstd:15.4,StrandBias:-1.0,Multiplicity:1.00
0.001	0.997	0.001	0.001
0.001	0.452	0.094	0.452
0.001	0.997	0.001	0.001
0.001	0.997	0.001	0.001
0.001	0.997	0.001	0.001
0.452	0.546	0.001	0.001
0.001	0.001	0.001	0.997
0.001	0.001	0.997	0.001
0.997	0.001	0.001	0.001
0.452	0.546	0.001	0.001
>TAAGTGAGAT	2-TAAGTGAGAT	7.398878	-11.448393	0	T:3.0(13.04%),B:5.0(0.18%),P:1e-4	Tpos:67.2,Tstd:17.7,Bpos:61.4,Bstd:15.4,StrandBias:0.0,Multiplicity:1.00
0.001	0.001	0.001	0.997
0.941	0.001	0.001	0.057
0.826	0.001	0.001	0.172
0.001	0.001	0.997	0.001
0.001	0.001	0.001	0.997
0.001	0.057	0.941	0.001
0.997	0.001	0.001	0.001
0.001	0.172	0.826	0.001
0.997	0.001	0.001	0.001
0.001	0.001	0.001	0.997
>CCTGACAACA	3-CCTGACAACA	11.869789	-10.290730	0	T:2.0(8.70%),B:1.0(0.04%),P:1e-4	Tpos:51.3,Tstd:26.5,Bpos:41.0,Bstd:0.0,StrandBias:2.6,Multiplicity:3.50
0.001	0.997	0.001	0.001
0.001	0.997	0.001	0.001
0.001	0.001	0.001	0.997
0.001	0.001	0.997	0.001
0.858	0.140	0.001	0.001
0.001	0.997	0.001	0.001
0.997	0.001	0.001	0.001
0.997	0.001	0.001	0.001
0.001	0.997	0.001	0.001
0.997	0.001	0.001	0.001
>GTGTGTGGGG	4-GTGTGTGGGG	11.946466	-7.533551	0	T:2.0(8.70%),B:4.0(0.15%),P:1e-3	Tpos:78.0,Tstd:7.1,Bpos:53.8,Bstd:20.4,StrandBias:1.0,Multiplicity:1.00
0.001	0.001	0.997	0.001
0.001	0.001	0.001	0.997
0.001	0.001	0.997	0.001
0.001	0.001	0.001	0.997
0.001	0.001	0.997	0.001
0.001	0.001	0.268	0.730
0.001	0.001	0.730	0.268
0.001	0.001	0.768	0.230
0.001	0.001	0.997	0.001
0.001	0.001	0.997	0.001
>CTCTCTCTCT	5-CTCTCTCTCT	8.530104	-5.508955	0	T:5.0(21.74%),B:130.0(4.77%),P:1e-2	Tpos:41.1,Tstd:18.3,Bpos:47.1,Bstd:26.5,StrandBias:1.8,Multiplicity:1.20
0.001	0.728	0.001	0.270
0.059	0.001	0.001	0.939
0.001	0.627	0.162	0.210
0.001	0.179	0.001	0.819
0.001	0.997	0.001	0.001
0.001	0.162	0.001	0.836
0.001	0.836	0.001	0.162
0.180	0.162	0.001	0.657
0.001	0.986	0.012	0.001
0.001	0.360	0.001	0.638
