>GCACCCTA	1-GCACCCTA	8.401091	-12.617263	0	T:5.0(21.74%),B:28.0(1.03%),P:1e-5	Tpos:62.8,Tstd:8.9,Bpos:55.8,Bstd:26.9,StrandBias:1.0,Multiplicity:1.20
0.176	0.001	0.822	0.001
0.001	0.997	0.001	0.001
0.846	0.152	0.001	0.001
0.144	0.659	0.001	0.196
0.001	0.997	0.001	0.001
0.001	0.997	0.001	0.001
0.001	0.001	0.001	0.997
0.835	0.001	0.163	0.001
>GGATTGTA	2-GGATTGTA	7.305736	-11.415112	0	T:6.0(26.09%),B:63.0(2.31%),P:1e-4	Tpos:50.4,Tstd:26.1,Bpos:47.0,Bstd:25.5,StrandBias:0.4,Multiplicity:1.17
0.001	0.001	0.997	0.001
0.001	0.001	0.997	0.001
0.773	0.001	0.001	0.225
0.199	0.001	0.001	0.799
0.001	0.001	0.001	0.997
0.001	0.129	0.869	0.001
0.001	0.001	0.001	0.997
0.826	0.001	0.172	0.001
>TCAGCAAG	3-TCAGCAAG	8.919353	-10.667472	0	T:5.0(21.74%),B:42.0(1.54%),P:1e-4	Tpos:48.4,Tstd:25.7,Bpos:44.0,Bstd:24.0,StrandBias:-0.4,Multiplicity:1.40
0.001	0.129	0.001	0.869
0.001	0.997	0.001	0.001
0.997	0.001	0.001	0.001
0.001	0.001	0.997	0.001
0.001	0.809	0.001	0.189
0.705	0.293	0.001	0.001
0.997	0.001	0.001	0.001
0.001	0.001	0.997	0.001
>TCTGAGTC	4-TCTGAGTC	7.419149	-9.325380	0	T:7.0(30.43%),B:135.0(4.96%),P:1e-4	Tpos:36.7,Tstd:30.6,Bpos:49.6,Bstd:26.4,StrandBias:0.7,Multiplicity:1.29
0.001	0.001	0.190	0.808
0.001	0.997	0.001	0.001
0.074	0.001	0.001	0.924
0.001	0.001	0.997	0.001
0.997	0.001	0.001	0.001
0.001	0.360	0.638	0.001
0.001	0.001	0.146	0.852
0.208	0.790	0.001	0.001
>CATTATTT	5-CATTATTT	7.777566	-7.411395	0	T:4.0(17.39%),B:47.0(1.73%),P:1e-3	Tpos:55.0,Tstd:25.8,Bpos:56.1,Bstd:28.0,StrandBias:1.3,Multiplicity:1.75
0.001	0.997	0.001	0.001
0.842	0.156	0.001	0.001
0.001	0.001	0.228	0.770
0.001	0.228	0.001	0.770
0.842	0.156	0.001	0.001
0.001	0.001	0.001	0.997
0.001	0.001	0.001	0.997
0.001	0.001	0.001	0.997
