>TTCTGTTA	1-TTCTGTTA	6.953612	-20.216773	0	T:21.0(14.09%),B:86.0(2.82%),P:1e-8	Tpos:38.2,Tstd:28.3,Bpos:48.1,Bstd:27.4,StrandBias:-1.2,Multiplicity:1.10
0.099	0.001	0.001	0.899
0.001	0.030	0.001	0.968
0.001	0.966	0.032	0.001
0.033	0.133	0.001	0.833
0.086	0.001	0.912	0.001
0.115	0.115	0.001	0.769
0.130	0.038	0.001	0.831
0.856	0.142	0.001	0.001
>AACTTTTT	2-AACTTTTT	6.822762	-17.259315	0	T:13.0(8.72%),B:36.0(1.18%),P:1e-7	Tpos:52.0,Tstd:30.4,Bpos:51.9,Bstd:27.6,StrandBias:-0.7,Multiplicity:1.00
0.997	0.001	0.001	0.001
0.997	0.001	0.001	0.001
0.001	0.997	0.001	0.001
0.001	0.001	0.195	0.803
0.001	0.137	0.001	0.861
0.001	0.001	0.001	0.997
0.127	0.001	0.001	0.871
0.097	0.001	0.001	0.901
>GGCTTCAA	3-GGCTTCAA	7.638359	-15.924678	0	T:16.0(10.74%),B:64.0(2.10%),P:1e-6	Tpos:52.1,Tstd:27.1,Bpos:50.8,Bstd:29.9,StrandBias:-0.7,Multiplicity:1.00
0.001	0.001	0.997	0.001
0.001	0.092	0.906	0.001
0.164	0.693	0.001	0.142
0.001	0.001	0.001	0.997
0.001	0.001	0.071	0.927
0.001	0.997	0.001	0.001
0.742	0.256	0.001	0.001
0.729	0.001	0.269	0.001
>GAGCGAGT	4-GAGCGAGT	7.869300	-14.608759	0	T:12.0(8.05%),B:38.0(1.24%),P:1e-6	Tpos:39.5,Tstd:27.0,Bpos:46.8,Bstd:30.6,StrandBias:-1.6,Multiplicity:1.00
0.001	0.063	0.935	0.001
0.900	0.001	0.001	0.098
0.001	0.001	0.997	0.001
0.058	0.790	0.151	0.001
0.001	0.031	0.904	0.064
0.805	0.001	0.193	0.001
0.001	0.001	0.997	0.001
0.083	0.001	0.127	0.789
>AAGTGCAA	5-AAGTGCAA	8.977357	-8.482324	0	T:6.0(4.03%),B:17.0(0.56%),P:1e-3	Tpos:51.0,Tstd:27.5,Bpos:55.1,Bstd:24.8,StrandBias:-1.6,Multiplicity:1.33
0.849	0.001	0.149	0.001
0.997	0.001	0.001	0.001
0.001	0.001	0.997	0.001
0.001	0.001	0.001	0.997
0.001	0.001	0.997	0.001
0.001	0.997	0.001	0.001
0.997	0.001	0.001	0.001
0.826	0.001	0.001	0.172
