>AGGTATAT	1-AGGTATAT	6.198620	-23.077504	0	T:41.0(16.02%),B:150.0(5.09%),P:1e-10	Tpos:46.5,Tstd:26.2,Bpos:50.1,Bstd:27.3,StrandBias:0.7,Multiplicity:1.15
0.889	0.001	0.109	0.001
0.145	0.001	0.617	0.237
0.038	0.085	0.705	0.172
0.162	0.038	0.001	0.799
0.923	0.038	0.038	0.001
0.046	0.264	0.059	0.631
0.869	0.010	0.120	0.001
0.003	0.001	0.125	0.871
>ACTCTGGT	2-ACTCTGGT	7.229683	-15.182570	0	T:27.0(10.55%),B:100.0(3.39%),P:1e-6	Tpos:48.4,Tstd:25.8,Bpos:51.6,Bstd:27.9,StrandBias:1.1,Multiplicity:1.04
0.846	0.001	0.152	0.001
0.086	0.702	0.001	0.211
0.062	0.071	0.030	0.837
0.231	0.603	0.084	0.082
0.293	0.001	0.001	0.705
0.001	0.001	0.997	0.001
0.047	0.001	0.951	0.001
0.001	0.001	0.338	0.660
>TCTTCGAA	3-TCTTCGAA	7.807889	-14.956667	0	T:16.0(6.25%),B:38.0(1.29%),P:1e-6	Tpos:61.7,Tstd:28.3,Bpos:44.1,Bstd:22.2,StrandBias:0.0,Multiplicity:1.00
0.106	0.001	0.001	0.892
0.106	0.892	0.001	0.001
0.001	0.106	0.001	0.892
0.001	0.001	0.001	0.997
0.119	0.808	0.001	0.072
0.160	0.001	0.759	0.080
0.920	0.001	0.078	0.001
0.892	0.106	0.001	0.001
>AATCTGAT	4-AATCTGAT	5.942195	-13.351851	0	T:47.0(18.36%),B:262.0(8.89%),P:1e-5	Tpos:44.8,Tstd:24.0,Bpos:51.7,Bstd:26.8,StrandBias:-0.1,Multiplicity:1.50
0.539	0.078	0.070	0.313
0.704	0.202	0.090	0.004
0.001	0.143	0.115	0.741
0.001	0.997	0.001	0.001
0.069	0.001	0.194	0.736
0.001	0.330	0.668	0.001
0.680	0.025	0.294	0.001
0.084	0.074	0.099	0.743
>AAATGCAC	5-AAATGCAC	9.737516	-12.827236	0	T:9.0(3.52%),B:13.0(0.44%),P:1e-5	Tpos:51.4,Tstd:28.6,Bpos:52.1,Bstd:30.8,StrandBias:0.0,Multiplicity:1.11
0.997	0.001	0.001	0.001
0.734	0.264	0.001	0.001
0.997	0.001	0.001	0.001
0.001	0.001	0.001	0.997
0.001	0.001	0.997	0.001
0.001	0.997	0.001	0.001
0.997	0.001	0.001	0.001
0.001	0.997	0.001	0.001
>TTGATGCC	6-TTGATGCC	8.236954	-10.338934	0	T:4.0(1.56%),B:2.0(0.07%),P:1e-4	Tpos:50.5,Tstd:33.2,Bpos:25.5,Bstd:14.5,StrandBias:10.0,Multiplicity:1.00
0.100	0.100	0.100	0.700
0.100	0.100	0.100	0.700
0.100	0.100	0.700	0.100
0.700	0.100	0.100	0.100
0.100	0.100	0.100	0.700
0.100	0.100	0.700	0.100
0.100	0.700	0.100	0.100
0.100	0.700	0.100	0.100
>TTGGGTTA	7-TTGGGTTA	6.497719	-9.351369	0	T:29.0(11.33%),B:154.0(5.23%),P:1e-4	Tpos:46.3,Tstd:26.4,Bpos:47.6,Bstd:26.8,StrandBias:1.0,Multiplicity:1.52
0.058	0.039	0.001	0.902
0.328	0.001	0.001	0.670
0.120	0.001	0.878	0.001
0.061	0.001	0.919	0.019
0.001	0.039	0.909	0.051
0.001	0.001	0.001	0.997
0.001	0.001	0.044	0.954
0.763	0.116	0.058	0.063
>CCTCACTC	8-CCTCACTC	8.432869	-8.476864	0	T:8.0(3.12%),B:18.0(0.61%),P:1e-3	Tpos:52.2,Tstd:30.5,Bpos:57.6,Bstd:26.0,StrandBias:1.2,Multiplicity:1.25
0.001	0.997	0.001	0.001
0.001	0.997	0.001	0.001
0.001	0.001	0.001	0.997
0.001	0.997	0.001	0.001
0.997	0.001	0.001	0.001
0.001	0.914	0.001	0.084
0.001	0.001	0.148	0.850
0.001	0.997	0.001	0.001
