>TTAAGTACTT	1-TTAAGTACTT	8.105550	-20.029894	0	T:11.0(4.30%),B:10.0(0.34%),P:1e-8	Tpos:38.5,Tstd:27.6,Bpos:56.4,Bstd:24.8,StrandBias:0.2,Multiplicity:1.00
0.062	0.062	0.001	0.875
0.067	0.124	0.124	0.685
0.634	0.113	0.062	0.191
0.870	0.001	0.067	0.062
0.124	0.001	0.751	0.124
0.124	0.001	0.062	0.813
0.813	0.001	0.185	0.001
0.001	0.997	0.001	0.001
0.001	0.045	0.001	0.953
0.062	0.062	0.248	0.628
>AGCCAGCTGC	2-AGCCAGCTGC	8.457858	-20.029470	0	T:20.0(7.81%),B:43.0(1.46%),P:1e-8	Tpos:51.5,Tstd:29.1,Bpos:50.0,Bstd:24.1,StrandBias:-0.9,Multiplicity:1.00
0.729	0.135	0.135	0.001
0.135	0.135	0.729	0.001
0.404	0.594	0.001	0.001
0.134	0.864	0.001	0.001
0.997	0.001	0.001	0.001
0.001	0.001	0.997	0.001
0.135	0.819	0.023	0.023
0.001	0.001	0.001	0.997
0.001	0.001	0.997	0.001
0.001	0.725	0.135	0.139
>CMGWCCARCA	3-CMGWCCARCA	7.825579	-16.572169	0	T:19.0(7.42%),B:48.0(1.63%),P:1e-7	Tpos:43.3,Tstd:25.2,Bpos:55.9,Bstd:24.7,StrandBias:-0.8,Multiplicity:1.22
0.001	0.917	0.081	0.001
0.509	0.366	0.001	0.124
0.061	0.061	0.634	0.244
0.366	0.197	0.001	0.437
0.061	0.756	0.061	0.122
0.001	0.938	0.001	0.060
0.673	0.071	0.001	0.255
0.438	0.001	0.500	0.061
0.001	0.938	0.060	0.001
0.806	0.183	0.001	0.010
>RTGGGTACAC	4-RTGGGTACAC	11.398313	-13.719580	0	T:5.0(1.95%),B:2.0(0.07%),P:1e-5	Tpos:41.7,Tstd:33.3,Bpos:68.5,Bstd:25.5,StrandBias:0.4,Multiplicity:1.40
0.430	0.001	0.568	0.001
0.001	0.001	0.001	0.997
0.001	0.001	0.997	0.001
0.001	0.001	0.809	0.189
0.001	0.001	0.997	0.001
0.001	0.001	0.001	0.997
0.997	0.001	0.001	0.001
0.189	0.809	0.001	0.001
0.997	0.001	0.001	0.001
0.001	0.997	0.001	0.001
>CWTKTDWSAG	5-CWTKTDWSAG	6.503182	-11.762915	0	T:5.0(1.95%),B:3.0(0.10%),P:1e-5	Tpos:53.8,Tstd:25.9,Bpos:51.0,Bstd:29.3,StrandBias:1.8,Multiplicity:1.80
0.119	0.451	0.142	0.288
0.431	0.223	0.001	0.345
0.038	0.001	0.274	0.687
0.024	0.243	0.427	0.307
0.114	0.127	0.114	0.645
0.280	0.082	0.371	0.268
0.394	0.062	0.133	0.412
0.185	0.410	0.348	0.057
0.769	0.005	0.014	0.212
0.076	0.091	0.497	0.336
>AGAGAGACAG	6-AGAGAGACAG	7.339101	-10.746381	0	T:35.0(13.67%),B:189.0(6.41%),P:1e-4	Tpos:54.6,Tstd:28.8,Bpos:48.6,Bstd:25.4,StrandBias:0.1,Multiplicity:1.34
0.825	0.060	0.046	0.069
0.071	0.091	0.788	0.050
0.807	0.001	0.145	0.047
0.070	0.054	0.815	0.061
0.678	0.055	0.128	0.139
0.116	0.131	0.701	0.052
0.837	0.052	0.079	0.032
0.107	0.799	0.093	0.001
0.860	0.060	0.020	0.060
0.030	0.032	0.898	0.040
>TAATCTGTAT	7-TAATCTGTAT	8.567398	-10.395035	0	T:5.0(1.95%),B:4.0(0.14%),P:1e-4	Tpos:51.4,Tstd:28.0,Bpos:60.2,Bstd:20.3,StrandBias:3.7,Multiplicity:2.80
0.001	0.285	0.001	0.713
0.997	0.001	0.001	0.001
0.997	0.001	0.001	0.001
0.257	0.001	0.001	0.741
0.001	0.915	0.083	0.001
0.083	0.001	0.001	0.915
0.001	0.001	0.997	0.001
0.083	0.001	0.001	0.915
0.997	0.001	0.001	0.001
0.001	0.001	0.001	0.997
>GTTGGTTGGT	8-GTTGGTTGGT	10.296193	-1.471781	0	T:1.0(0.39%),B:3.0(0.10%),P:1e0	Tpos:82.0,Tstd:9.2,Bpos:15.7,Bstd:11.5,StrandBias:10.0,Multiplicity:1.00
0.100	0.100	0.700	0.100
0.100	0.100	0.100	0.700
0.100	0.100	0.100	0.700
0.100	0.100	0.700	0.100
0.100	0.100	0.700	0.100
0.100	0.100	0.100	0.700
0.100	0.100	0.100	0.700
0.100	0.100	0.700	0.100
0.100	0.100	0.700	0.100
0.100	0.100	0.100	0.700
