>GYGAGATGGCTC	1-GYGAGATGGCTC	9.500159	-31.059438	0	T:19.0(7.42%),B:20.0(0.68%),P:1e-13	Tpos:53.5,Tstd:25.0,Bpos:45.6,Bstd:19.4,StrandBias:0.0,Multiplicity:1.05
0.007	0.001	0.843	0.149
0.180	0.413	0.136	0.271
0.269	0.001	0.729	0.001
0.459	0.001	0.270	0.270
0.001	0.001	0.857	0.141
0.451	0.271	0.142	0.135
0.001	0.001	0.001	0.997
0.001	0.001	0.997	0.001
0.001	0.001	0.997	0.001
0.001	0.997	0.001	0.001
0.001	0.149	0.001	0.849
0.420	0.578	0.001	0.001
>ACCTGGGTTCAA	2-ACCTGGGTTCAA	12.031875	-21.007156	0	T:7.0(2.73%),B:2.0(0.07%),P:1e-9	Tpos:46.6,Tstd:29.7,Bpos:49.0,Bstd:30.0,StrandBias:1.3,Multiplicity:1.00
0.516	0.227	0.030	0.227
0.001	0.997	0.001	0.001
0.001	0.997	0.001	0.001
0.001	0.001	0.001	0.997
0.226	0.001	0.772	0.001
0.001	0.001	0.997	0.001
0.001	0.001	0.997	0.001
0.226	0.001	0.001	0.772
0.001	0.001	0.001	0.997
0.001	0.997	0.001	0.001
0.741	0.257	0.001	0.001
0.772	0.001	0.226	0.001
>CCAATATCACAA	3-CCAATATCACAA	7.831296	-19.121242	0	T:17.0(6.64%),B:32.0(1.09%),P:1e-8	Tpos:45.3,Tstd:23.2,Bpos:45.4,Bstd:23.3,StrandBias:-0.5,Multiplicity:1.00
0.076	0.507	0.139	0.278
0.003	0.927	0.001	0.069
0.926	0.072	0.001	0.001
0.577	0.139	0.076	0.208
0.069	0.069	0.142	0.720
0.713	0.208	0.078	0.001
0.073	0.069	0.069	0.789
0.073	0.715	0.073	0.139
0.860	0.001	0.001	0.138
0.139	0.577	0.211	0.073
0.996	0.001	0.001	0.002
0.723	0.069	0.139	0.069
>CTCAGCGAATAG	4-CTCAGCGAATAG	12.141230	-17.114527	0	T:5.0(1.95%),B:0.0(0.00%),P:1e-7	Tpos:60.2,Tstd:25.9,Bpos:0.0,Bstd:0.0,StrandBias:2.3,Multiplicity:1.20
0.001	0.997	0.001	0.001
0.001	0.001	0.001	0.997
0.001	0.799	0.199	0.001
0.997	0.001	0.001	0.001
0.001	0.001	0.997	0.001
0.399	0.599	0.001	0.001
0.001	0.200	0.599	0.200
0.599	0.001	0.399	0.001
0.799	0.001	0.199	0.001
0.001	0.001	0.001	0.997
0.997	0.001	0.001	0.001
0.001	0.001	0.997	0.001
>CCAGAGCTCTTC	5-CCAGAGCTCTTC	9.235110	-16.042485	0	T:16.0(6.25%),B:35.0(1.19%),P:1e-6	Tpos:56.8,Tstd:23.3,Bpos:45.3,Bstd:25.2,StrandBias:-0.3,Multiplicity:1.44
0.062	0.850	0.062	0.026
0.062	0.808	0.001	0.129
0.935	0.001	0.062	0.002
0.001	0.134	0.741	0.124
0.592	0.001	0.254	0.153
0.062	0.134	0.680	0.124
0.001	0.874	0.124	0.001
0.124	0.203	0.001	0.672
0.061	0.937	0.001	0.001
0.062	0.141	0.003	0.794
0.001	0.005	0.062	0.932
0.220	0.652	0.127	0.001
>TTHACAATTGTT	6-TTHACAATTGTT	10.486132	-11.762915	0	T:5.0(1.95%),B:3.0(0.10%),P:1e-5	Tpos:32.0,Tstd:20.9,Bpos:75.0,Bstd:11.6,StrandBias:-0.3,Multiplicity:1.40
0.001	0.001	0.001	0.997
0.024	0.024	0.024	0.928
0.411	0.294	0.001	0.294
0.997	0.001	0.001	0.001
0.293	0.705	0.001	0.001
0.975	0.001	0.001	0.023
0.705	0.001	0.293	0.001
0.001	0.001	0.001	0.997
0.001	0.001	0.001	0.997
0.001	0.001	0.997	0.001
0.001	0.293	0.001	0.705
0.293	0.001	0.001	0.705
>YTGCCTGGYTGK	7-YTGCCTGGYTGK	10.932123	-10.338934	0	T:4.0(1.56%),B:2.0(0.07%),P:1e-4	Tpos:54.9,Tstd:29.1,Bpos:53.0,Bstd:26.0,StrandBias:0.3,Multiplicity:1.25
0.212	0.466	0.001	0.320
0.001	0.001	0.001	0.997
0.106	0.011	0.882	0.001
0.128	0.533	0.338	0.001
0.001	0.551	0.118	0.330
0.107	0.001	0.106	0.786
0.107	0.001	0.891	0.001
0.001	0.115	0.883	0.001
0.106	0.447	0.001	0.446
0.009	0.001	0.106	0.884
0.001	0.106	0.777	0.116
0.011	0.213	0.456	0.320
>ACACACACACAC	8-ACACACACACAC	8.127975	-1.420563	0	T:8.0(3.12%),B:68.0(2.31%),P:1e0	Tpos:41.0,Tstd:18.7,Bpos:46.9,Bstd:26.4,StrandBias:5.6,Multiplicity:1.00
0.997	0.001	0.001	0.001
0.064	0.827	0.001	0.108
0.997	0.001	0.001	0.001
0.107	0.891	0.001	0.001
0.997	0.001	0.001	0.001
0.108	0.783	0.001	0.108
0.997	0.001	0.001	0.001
0.217	0.671	0.004	0.108
0.997	0.001	0.001	0.001
0.227	0.769	0.001	0.003
0.783	0.108	0.001	0.108
0.083	0.863	0.001	0.053
