>CTCAGTCTTA	1-CTCAGTCTTA	10.331139	-30.336765	0	T:8.0(3.12%),B:0.0(0.00%),P:1e-13	Tpos:57.6,Tstd:29.2,Bpos:0.0,Bstd:0.0,StrandBias:-2.0,Multiplicity:1.25
0.001	0.997	0.001	0.001
0.001	0.293	0.001	0.705
0.001	0.997	0.001	0.001
0.997	0.001	0.001	0.001
0.293	0.001	0.705	0.001
0.001	0.001	0.001	0.997
0.001	0.898	0.085	0.016
0.001	0.293	0.001	0.705
0.001	0.001	0.001	0.997
0.997	0.001	0.001	0.001
>CTCGAAAGGA	2-CTCGAAAGGA	9.552049	-24.866319	0	T:8.0(3.12%),B:2.0(0.07%),P:1e-10	Tpos:34.1,Tstd:27.3,Bpos:30.0,Bstd:12.0,StrandBias:1.6,Multiplicity:1.00
0.001	0.997	0.001	0.001
0.001	0.293	0.001	0.705
0.001	0.921	0.039	0.039
0.001	0.001	0.705	0.293
0.997	0.001	0.001	0.001
0.705	0.001	0.293	0.001
0.997	0.001	0.001	0.001
0.001	0.001	0.997	0.001
0.001	0.001	0.997	0.001
0.997	0.001	0.001	0.001
>AGCACCTGAT	3-AGCACCTGAT	10.834989	-19.527908	0	T:10.0(3.91%),B:8.0(0.27%),P:1e-8	Tpos:59.7,Tstd:29.6,Bpos:45.3,Bstd:28.2,StrandBias:0.5,Multiplicity:1.20
0.997	0.001	0.001	0.001
0.001	0.001	0.997	0.001
0.001	0.997	0.001	0.001
0.827	0.001	0.001	0.171
0.001	0.896	0.001	0.102
0.001	0.896	0.001	0.102
0.103	0.103	0.001	0.793
0.001	0.001	0.997	0.001
0.820	0.076	0.001	0.103
0.001	0.001	0.001	0.997
>CTGTACACTC	4-CTGTACACTC	10.410276	-14.924522	0	T:6.0(2.34%),B:3.0(0.10%),P:1e-6	Tpos:49.1,Tstd:27.6,Bpos:59.7,Bstd:36.6,StrandBias:-0.3,Multiplicity:1.50
0.001	0.997	0.001	0.001
0.001	0.001	0.001	0.997
0.001	0.001	0.997	0.001
0.001	0.001	0.092	0.906
0.705	0.001	0.001	0.293
0.001	0.705	0.293	0.001
0.997	0.001	0.001	0.001
0.001	0.997	0.001	0.001
0.001	0.001	0.001	0.997
0.293	0.705	0.001	0.001
>ASGCACACAC	5-ASGCACACAC	8.256809	-10.343027	0	T:16.0(6.25%),B:55.0(1.87%),P:1e-4	Tpos:54.9,Tstd:26.2,Bpos:43.6,Bstd:26.8,StrandBias:0.7,Multiplicity:1.12
0.927	0.011	0.001	0.061
0.103	0.382	0.412	0.103
0.153	0.110	0.519	0.218
0.103	0.817	0.004	0.076
0.995	0.001	0.001	0.003
0.001	0.795	0.102	0.102
0.684	0.103	0.107	0.106
0.001	0.997	0.001	0.001
0.783	0.107	0.001	0.109
0.001	0.997	0.001	0.001
>GTTAGGGTTA	6-GTTAGGGTTA	8.548161	-8.785033	0	T:4.0(1.56%),B:3.0(0.10%),P:1e-3	Tpos:53.1,Tstd:25.1,Bpos:32.9,Bstd:19.1,StrandBias:4.5,Multiplicity:5.75
0.001	0.001	0.997	0.001
0.051	0.001	0.001	0.947
0.001	0.001	0.001	0.997
0.997	0.001	0.001	0.001
0.104	0.001	0.843	0.052
0.001	0.001	0.997	0.001
0.001	0.001	0.997	0.001
0.001	0.001	0.001	0.997
0.051	0.001	0.001	0.947
0.997	0.001	0.001	0.001
>ATGMCTCATC	7-ATGMCTCATC	9.684924	-8.118083	0	T:8.0(3.12%),B:19.0(0.64%),P:1e-3	Tpos:34.5,Tstd:27.5,Bpos:51.0,Bstd:27.5,StrandBias:-0.8,Multiplicity:1.50
0.511	0.001	0.163	0.325
0.162	0.001	0.001	0.836
0.001	0.001	0.997	0.001
0.510	0.488	0.001	0.001
0.001	0.808	0.190	0.001
0.001	0.001	0.001	0.997
0.001	0.997	0.001	0.001
0.836	0.162	0.001	0.001
0.001	0.008	0.188	0.803
0.001	0.879	0.001	0.119
>AGTGCAGGCA	8-AGTGCAGGCA	13.600180	-1.835518	0	T:1.0(0.39%),B:2.0(0.07%),P:1e0	Tpos:53.4,Tstd:29.1,Bpos:38.0,Bstd:13.0,StrandBias:10.0,Multiplicity:7.00
0.997	0.001	0.001	0.001
0.001	0.001	0.997	0.001
0.001	0.001	0.001	0.997
0.001	0.001	0.997	0.001
0.001	0.997	0.001	0.001
0.997	0.001	0.001	0.001
0.001	0.001	0.997	0.001
0.001	0.001	0.790	0.208
0.001	0.997	0.001	0.001
0.997	0.001	0.001	0.001
