>GCACCTCTAG	1-GCACCTCTAG	11.557282	-24.842875	0	T:6.0(4.03%),B:1.0(0.03%),P:1e-10	Tpos:43.0,Tstd:29.9,Bpos:94.0,Bstd:0.0,StrandBias:10.0,Multiplicity:1.00
0.001	0.001	0.997	0.001
0.001	0.997	0.001	0.001
0.799	0.199	0.001	0.001
0.001	0.997	0.001	0.001
0.001	0.799	0.001	0.199
0.001	0.001	0.001	0.997
0.001	0.997	0.001	0.001
0.001	0.199	0.001	0.799
0.997	0.001	0.001	0.001
0.001	0.199	0.799	0.001
>TCTCAGCCTA	2-TCTCAGCCTA	6.734992	-24.031574	0	T:8.0(5.37%),B:4.0(0.13%),P:1e-10	Tpos:40.1,Tstd:22.1,Bpos:27.0,Bstd:21.0,StrandBias:0.3,Multiplicity:1.12
0.001	0.001	0.001	0.997
0.048	0.950	0.001	0.001
0.246	0.001	0.001	0.752
0.048	0.950	0.001	0.001
0.997	0.001	0.001	0.001
0.001	0.001	0.950	0.048
0.001	0.950	0.048	0.001
0.001	0.997	0.001	0.001
0.001	0.001	0.001	0.997
0.997	0.001	0.001	0.001
>AGGAGGGAGG	3-AGGAGGGAGG	10.453739	-19.102966	0	T:9.0(6.04%),B:11.0(0.36%),P:1e-8	Tpos:53.0,Tstd:25.3,Bpos:42.6,Bstd:29.2,StrandBias:1.2,Multiplicity:1.11
0.905	0.001	0.047	0.047
0.001	0.001	0.997	0.001
0.001	0.094	0.904	0.001
0.811	0.094	0.001	0.094
0.001	0.001	0.997	0.001
0.073	0.001	0.925	0.001
0.001	0.053	0.852	0.094
0.811	0.094	0.001	0.094
0.001	0.001	0.997	0.001
0.001	0.001	0.997	0.001
>TCCCTCAGGG	4-TCCCTCAGGG	8.117019	-14.713512	0	T:14.0(9.40%),B:53.0(1.74%),P:1e-6	Tpos:58.4,Tstd:25.1,Bpos:53.6,Bstd:27.3,StrandBias:-0.2,Multiplicity:1.07
0.070	0.001	0.267	0.662
0.067	0.732	0.134	0.067
0.066	0.867	0.001	0.066
0.133	0.666	0.001	0.200
0.001	0.114	0.066	0.819
0.066	0.863	0.070	0.001
0.864	0.066	0.001	0.069
0.001	0.001	0.932	0.066
0.114	0.001	0.817	0.068
0.066	0.133	0.800	0.001
>GCTGCCAGCG	5-GCTGCCAGCG	11.557282	-14.581264	0	T:5.0(3.36%),B:3.0(0.10%),P:1e-6	Tpos:35.2,Tstd:28.0,Bpos:28.0,Bstd:12.7,StrandBias:0.0,Multiplicity:1.00
0.001	0.199	0.799	0.001
0.001	0.997	0.001	0.001
0.199	0.001	0.001	0.799
0.001	0.001	0.997	0.001
0.001	0.799	0.199	0.001
0.001	0.997	0.001	0.001
0.997	0.001	0.001	0.001
0.001	0.001	0.997	0.001
0.001	0.799	0.199	0.001
0.001	0.001	0.997	0.001
