>AAGACACTGA	1-AAGACACTGA	11.091263	-24.000799	0	T:10.0(3.91%),B:5.0(0.17%),P:1e-10	Tpos:60.3,Tstd:29.3,Bpos:62.7,Bstd:29.8,StrandBias:0.6,Multiplicity:1.00
0.856	0.001	0.142	0.001
0.997	0.001	0.001	0.001
0.001	0.001	0.997	0.001
0.713	0.143	0.143	0.001
0.001	0.997	0.001	0.001
0.856	0.142	0.001	0.001
0.142	0.856	0.001	0.001
0.142	0.001	0.001	0.856
0.001	0.001	0.997	0.001
0.997	0.001	0.001	0.001
>CAGTTTCTGA	2-CAGTTTCTGA	10.517991	-22.253327	0	T:10.0(3.91%),B:6.0(0.20%),P:1e-9	Tpos:44.8,Tstd:25.6,Bpos:53.0,Bstd:21.8,StrandBias:-0.8,Multiplicity:1.10
0.090	0.908	0.001	0.001
0.908	0.001	0.001	0.090
0.001	0.001	0.997	0.001
0.091	0.206	0.001	0.702
0.001	0.091	0.091	0.817
0.001	0.001	0.001	0.997
0.001	0.997	0.001	0.001
0.001	0.001	0.001	0.997
0.066	0.001	0.932	0.001
0.817	0.001	0.091	0.091
>CTATGGAATA	3-CTATGGAATA	11.490573	-21.371131	0	T:6.0(2.34%),B:1.0(0.03%),P:1e-9	Tpos:61.7,Tstd:31.3,Bpos:76.0,Bstd:0.0,StrandBias:-1.0,Multiplicity:1.00
0.001	0.997	0.001	0.001
0.001	0.001	0.001	0.997
0.599	0.200	0.200	0.001
0.001	0.001	0.001	0.997
0.001	0.001	0.997	0.001
0.001	0.001	0.997	0.001
0.997	0.001	0.001	0.001
0.997	0.001	0.001	0.001
0.001	0.001	0.199	0.799
0.799	0.199	0.001	0.001
>TGACTACAGC	4-TGACTACAGC	10.697914	-17.114527	0	T:5.0(1.95%),B:1.0(0.03%),P:1e-7	Tpos:51.8,Tstd:24.6,Bpos:60.0,Bstd:0.0,StrandBias:2.0,Multiplicity:2.00
0.014	0.001	0.322	0.663
0.308	0.014	0.674	0.004
0.691	0.001	0.307	0.001
0.013	0.985	0.001	0.001
0.294	0.112	0.001	0.593
0.587	0.117	0.001	0.295
0.013	0.985	0.001	0.001
0.985	0.013	0.001	0.001
0.001	0.001	0.997	0.001
0.028	0.902	0.028	0.042
>CACTGCCAGT	5-CACTGCCAGT	11.103926	-13.719580	0	T:5.0(1.95%),B:2.0(0.07%),P:1e-5	Tpos:54.7,Tstd:33.6,Bpos:22.0,Bstd:14.0,StrandBias:0.6,Multiplicity:1.40
0.001	0.997	0.001	0.001
0.866	0.001	0.001	0.132
0.132	0.866	0.001	0.001
0.001	0.001	0.001	0.997
0.001	0.001	0.997	0.001
0.132	0.566	0.301	0.001
0.001	0.997	0.001	0.001
0.997	0.001	0.001	0.001
0.001	0.001	0.997	0.001
0.001	0.001	0.001	0.997
>CTCTCTCTCT	6-CTCTCTCTCT	6.721234	-13.336099	0	T:52.0(20.31%),B:304.0(10.32%),P:1e-5	Tpos:45.0,Tstd:25.8,Bpos:47.2,Bstd:25.8,StrandBias:-0.4,Multiplicity:1.15
0.069	0.760	0.114	0.057
0.045	0.063	0.019	0.873
0.037	0.740	0.114	0.109
0.062	0.138	0.001	0.799
0.056	0.825	0.094	0.025
0.037	0.112	0.043	0.808
0.056	0.769	0.101	0.074
0.040	0.068	0.008	0.884
0.056	0.749	0.056	0.139
0.086	0.099	0.019	0.796
>GTKCGAGGTC	7-GTKCGAGGTC	8.098177	-11.717184	0	T:12.0(4.69%),B:28.0(0.95%),P:1e-5	Tpos:51.1,Tstd:22.0,Bpos:51.1,Bstd:26.1,StrandBias:2.8,Multiplicity:1.33
0.001	0.001	0.765	0.233
0.001	0.233	0.001	0.765
0.001	0.078	0.498	0.423
0.366	0.623	0.001	0.010
0.078	0.156	0.688	0.078
0.921	0.077	0.001	0.001
0.001	0.077	0.921	0.001
0.001	0.001	0.989	0.009
0.001	0.057	0.001	0.941
0.001	0.921	0.077	0.001
>GTTGTTGTTG	8-GTTGTTGTTG	11.559764	-4.139843	0	T:3.0(1.17%),B:6.0(0.20%),P:1e-1	Tpos:43.0,Tstd:16.9,Bpos:39.4,Bstd:26.3,StrandBias:3.0,Multiplicity:1.33
0.001	0.001	0.997	0.001
0.001	0.001	0.001	0.997
0.001	0.001	0.138	0.860
0.138	0.001	0.860	0.001
0.001	0.001	0.001	0.997
0.001	0.001	0.001	0.997
0.138	0.001	0.860	0.001
0.001	0.001	0.001	0.997
0.001	0.001	0.001	0.997
0.001	0.001	0.997	0.001
