>CCAGGCCHACTG	1-CCAGGCCHACTG	10.731845	-21.007156	0	T:7.0(2.73%),B:2.0(0.07%),P:1e-9	Tpos:59.4,Tstd:24.4,Bpos:7.0,Bstd:1.0,StrandBias:-0.7,Multiplicity:1.00
0.293	0.705	0.001	0.001
0.001	0.997	0.001	0.001
0.997	0.001	0.001	0.001
0.293	0.001	0.705	0.001
0.001	0.001	0.997	0.001
0.001	0.997	0.001	0.001
0.001	0.997	0.001	0.001
0.411	0.294	0.001	0.294
0.941	0.001	0.029	0.029
0.293	0.705	0.001	0.001
0.029	0.001	0.001	0.969
0.001	0.293	0.705	0.001
>GTACAACCTCCA	2-GTACAACCTCCA	10.518935	-20.826104	0	T:9.0(3.52%),B:5.0(0.17%),P:1e-9	Tpos:48.3,Tstd:23.8,Bpos:42.0,Bstd:17.8,StrandBias:0.3,Multiplicity:1.00
0.001	0.111	0.777	0.111
0.001	0.001	0.001	0.997
0.555	0.001	0.222	0.222
0.001	0.997	0.001	0.001
0.777	0.221	0.001	0.001
0.888	0.001	0.110	0.001
0.001	0.888	0.001	0.110
0.111	0.777	0.001	0.111
0.111	0.111	0.001	0.777
0.001	0.997	0.001	0.001
0.001	0.888	0.001	0.110
0.888	0.110	0.001	0.001
>SCCCTCAGCCCC	3-SCCCTCAGCCCC	10.296564	-18.170851	0	T:14.0(5.47%),B:22.0(0.75%),P:1e-7	Tpos:43.0,Tstd:26.1,Bpos:44.1,Bstd:24.7,StrandBias:1.0,Multiplicity:1.50
0.129	0.486	0.384	0.001
0.180	0.719	0.090	0.011
0.089	0.909	0.001	0.001
0.001	0.997	0.001	0.001
0.307	0.229	0.001	0.463
0.001	0.795	0.203	0.001
0.909	0.001	0.001	0.089
0.001	0.001	0.909	0.089
0.001	0.997	0.001	0.001
0.001	0.909	0.001	0.089
0.001	0.898	0.001	0.100
0.001	0.819	0.090	0.090
>AAACACACACHC	4-AAACACACACHC	11.448759	-17.759889	0	T:8.0(3.12%),B:5.0(0.17%),P:1e-7	Tpos:42.4,Tstd:19.6,Bpos:47.7,Bstd:23.9,StrandBias:1.8,Multiplicity:1.00
0.705	0.001	0.001	0.293
0.883	0.115	0.001	0.001
0.705	0.001	0.001	0.293
0.001	0.997	0.001	0.001
0.997	0.001	0.001	0.001
0.379	0.596	0.024	0.001
0.620	0.001	0.294	0.085
0.377	0.621	0.001	0.001
0.997	0.001	0.001	0.001
0.001	0.997	0.001	0.001
0.411	0.294	0.001	0.294
0.001	0.997	0.001	0.001
>TGTGTCTGTCTG	5-TGTGTCTGTCTG	7.704128	-17.355854	0	T:32.0(12.50%),B:121.0(4.11%),P:1e-7	Tpos:55.3,Tstd:25.5,Bpos:43.9,Bstd:25.9,StrandBias:-0.3,Multiplicity:1.35
0.099	0.067	0.132	0.702
0.033	0.134	0.767	0.066
0.133	0.100	0.034	0.733
0.133	0.267	0.567	0.033
0.066	0.067	0.264	0.603
0.001	0.834	0.099	0.066
0.066	0.066	0.001	0.867
0.264	0.067	0.603	0.066
0.101	0.067	0.001	0.831
0.001	0.601	0.233	0.165
0.034	0.198	0.001	0.767
0.299	0.035	0.467	0.199
>GGGTGTGGCCAA	6-GGGTGTGGCCAA	12.094307	-13.719580	0	T:5.0(1.95%),B:2.0(0.07%),P:1e-5	Tpos:53.3,Tstd:21.1,Bpos:61.5,Bstd:17.5,StrandBias:0.6,Multiplicity:2.00
0.311	0.001	0.687	0.001
0.293	0.001	0.705	0.001
0.001	0.001	0.997	0.001
0.001	0.001	0.001	0.997
0.001	0.001	0.997	0.001
0.001	0.001	0.001	0.997
0.001	0.001	0.997	0.001
0.293	0.001	0.705	0.001
0.001	0.705	0.293	0.001
0.001	0.640	0.294	0.065
0.981	0.017	0.001	0.001
0.705	0.001	0.001	0.293
>GCAGGGCACGCA	7-GCAGGGCACGCA	8.280566	-13.043381	0	T:4.0(1.56%),B:1.0(0.03%),P:1e-5	Tpos:57.3,Tstd:26.5,Bpos:64.0,Bstd:32.0,StrandBias:3.6,Multiplicity:3.25
0.001	0.001	0.997	0.001
0.001	0.974	0.024	0.001
0.997	0.001	0.001	0.001
0.001	0.001	0.997	0.001
0.001	0.001	0.713	0.285
0.001	0.001	0.997	0.001
0.001	0.868	0.001	0.130
0.997	0.001	0.001	0.001
0.285	0.713	0.001	0.001
0.001	0.001	0.997	0.001
0.001	0.997	0.001	0.001
0.997	0.001	0.001	0.001
>CTCAGCAAGGTC	8-CTCAGCAAGGTC	9.138782	-10.338934	0	T:4.0(1.56%),B:2.0(0.07%),P:1e-4	Tpos:39.9,Tstd:27.0,Bpos:34.5,Bstd:11.5,StrandBias:1.6,Multiplicity:2.00
0.001	0.997	0.001	0.001
0.001	0.001	0.001	0.997
0.001	0.997	0.001	0.001
0.953	0.045	0.001	0.001
0.001	0.001	0.758	0.240
0.001	0.997	0.001	0.001
0.997	0.001	0.001	0.001
0.758	0.001	0.240	0.001
0.240	0.001	0.758	0.001
0.001	0.045	0.953	0.001
0.001	0.001	0.001	0.997
0.001	0.953	0.045	0.001
