>ATYTACTG	1-ATYTACTG	6.889489	-15.514920	0	T:18.0(12.08%),B:84.0(2.75%),P:1e-6	Tpos:42.2,Tstd:24.3,Bpos:49.5,Bstd:24.4,StrandBias:-1.1,Multiplicity:1.22
0.879	0.119	0.001	0.001
0.001	0.107	0.001	0.891
0.186	0.395	0.136	0.283
0.001	0.110	0.001	0.888
0.997	0.001	0.001	0.001
0.155	0.843	0.001	0.001
0.120	0.137	0.001	0.742
0.001	0.114	0.706	0.179
>RAGAAACA	2-RAGAAACA	6.570859	-11.167862	0	T:42.0(28.19%),B:446.0(14.60%),P:1e-4	Tpos:46.6,Tstd:24.6,Bpos:49.9,Bstd:26.8,StrandBias:0.5,Multiplicity:1.52
0.398	0.032	0.518	0.052
0.745	0.001	0.044	0.210
0.217	0.285	0.498	0.001
0.652	0.346	0.001	0.001
0.510	0.260	0.229	0.001
0.997	0.001	0.001	0.001
0.001	0.735	0.001	0.263
0.997	0.001	0.001	0.001
>GTCTAGGC	3-GTCTAGGC	8.688618	-11.050852	0	T:7.0(4.70%),B:16.0(0.52%),P:1e-4	Tpos:68.5,Tstd:20.5,Bpos:58.5,Bstd:25.4,StrandBias:0.0,Multiplicity:1.00
0.001	0.001	0.997	0.001
0.001	0.001	0.001	0.997
0.001	0.997	0.001	0.001
0.113	0.001	0.001	0.885
0.997	0.001	0.001	0.001
0.001	0.001	0.997	0.001
0.182	0.001	0.816	0.001
0.001	0.997	0.001	0.001
>ATCATGCG	4-ATCATGCG	8.981241	-10.908607	0	T:3.0(2.01%),B:1.0(0.03%),P:1e-4	Tpos:55.2,Tstd:14.8,Bpos:57.0,Bstd:0.0,StrandBias:10.0,Multiplicity:1.67
0.836	0.001	0.162	0.001
0.001	0.001	0.001	0.997
0.001	0.997	0.001	0.001
0.997	0.001	0.001	0.001
0.001	0.001	0.001	0.997
0.001	0.126	0.872	0.001
0.001	0.997	0.001	0.001
0.126	0.001	0.872	0.001
>TTGTGCCT	5-TTGTGCCT	8.236954	-9.051215	0	T:4.0(2.68%),B:5.0(0.16%),P:1e-3	Tpos:57.5,Tstd:18.2,Bpos:34.6,Bstd:21.7,StrandBias:0.0,Multiplicity:1.00
0.100	0.100	0.100	0.700
0.100	0.100	0.100	0.700
0.100	0.100	0.700	0.100
0.100	0.100	0.100	0.700
0.100	0.100	0.700	0.100
0.100	0.700	0.100	0.100
0.100	0.700	0.100	0.100
0.100	0.100	0.100	0.700
