>CTGACGGC	1-CTGACGGC	5.641060	-16.632584	0	T:11.0(4.30%),B:14.0(0.48%),P:1e-7	Tpos:49.7,Tstd:25.7,Bpos:48.9,Bstd:33.0,StrandBias:1.3,Multiplicity:1.09
0.001	0.796	0.202	0.001
0.001	0.001	0.001	0.997
0.001	0.001	0.997	0.001
0.997	0.001	0.001	0.001
0.001	0.997	0.001	0.001
0.001	0.001	0.997	0.001
0.260	0.001	0.713	0.026
0.001	0.831	0.084	0.084
>GCTTCCCC	2-GCTTCCCC	7.191307	-12.196512	0	T:23.0(8.98%),B:90.0(3.05%),P:1e-5	Tpos:49.6,Tstd:24.3,Bpos:49.1,Bstd:25.6,StrandBias:0.9,Multiplicity:1.13
0.001	0.155	0.843	0.001
0.001	0.997	0.001	0.001
0.048	0.078	0.001	0.873
0.001	0.001	0.001	0.997
0.001	0.997	0.001	0.001
0.001	0.997	0.001	0.001
0.152	0.846	0.001	0.001
0.001	0.997	0.001	0.001
>AGGCTTTC	3-AGGCTTTC	8.236954	-11.744642	0	T:7.0(2.73%),B:8.0(0.27%),P:1e-5	Tpos:54.6,Tstd:30.6,Bpos:49.1,Bstd:22.4,StrandBias:1.3,Multiplicity:1.00
0.700	0.100	0.100	0.100
0.100	0.100	0.700	0.100
0.100	0.100	0.700	0.100
0.100	0.700	0.100	0.100
0.100	0.100	0.100	0.700
0.100	0.100	0.100	0.700
0.100	0.100	0.100	0.700
0.100	0.700	0.100	0.100
>TAGCAGCA	4-TAGCAGCA	5.506141	-10.213596	0	T:54.0(21.09%),B:358.0(12.15%),P:1e-4	Tpos:49.5,Tstd:26.0,Bpos:51.3,Bstd:26.8,StrandBias:0.1,Multiplicity:1.22
0.038	0.287	0.032	0.643
0.961	0.001	0.037	0.001
0.001	0.001	0.862	0.136
0.001	0.969	0.029	0.001
0.895	0.001	0.070	0.034
0.107	0.001	0.891	0.001
0.001	0.868	0.130	0.001
0.997	0.001	0.001	0.001
>GGAAAAAA	5-GGAAAAAA	9.440081	-8.860309	0	T:8.0(3.12%),B:17.0(0.58%),P:1e-3	Tpos:57.4,Tstd:24.4,Bpos:47.9,Bstd:26.9,StrandBias:1.4,Multiplicity:1.12
0.001	0.001	0.997	0.001
0.001	0.001	0.997	0.001
0.772	0.001	0.226	0.001
0.997	0.001	0.001	0.001
0.997	0.001	0.001	0.001
0.997	0.001	0.001	0.001
0.997	0.001	0.001	0.001
0.865	0.001	0.001	0.133
>TMGAGTTA	6-TMGAGTTA	8.960319	-7.705198	0	T:6.0(2.34%),B:11.0(0.37%),P:1e-3	Tpos:62.2,Tstd:27.6,Bpos:63.7,Bstd:18.2,StrandBias:0.0,Multiplicity:1.00
0.001	0.001	0.001	0.997
0.497	0.501	0.001	0.001
0.001	0.001	0.997	0.001
0.820	0.001	0.178	0.001
0.001	0.001	0.997	0.001
0.001	0.001	0.001	0.997
0.296	0.001	0.001	0.702
0.997	0.001	0.001	0.001
>GGTTAGAG	7-GGTTAGAG	7.393872	-4.933873	0	T:16.0(6.25%),B:92.0(3.12%),P:1e-2	Tpos:46.4,Tstd:27.3,Bpos:48.3,Bstd:26.4,StrandBias:1.2,Multiplicity:1.88
0.001	0.001	0.997	0.001
0.001	0.001	0.997	0.001
0.001	0.001	0.001	0.997
0.001	0.203	0.001	0.795
0.997	0.001	0.001	0.001
0.380	0.001	0.618	0.001
0.760	0.001	0.238	0.001
0.157	0.001	0.841	0.001
