>GCASTGTCTGCA	1-GCASTGTCTGCA	10.091756	-16.090678	0	T:5.0(15.62%),B:11.0(0.35%),P:1e-6	Tpos:48.0,Tstd:24.3,Bpos:41.0,Bstd:25.4,StrandBias:-0.3,Multiplicity:1.40
0.001	0.236	0.762	0.001
0.001	0.997	0.001	0.001
0.762	0.001	0.236	0.001
0.001	0.473	0.525	0.001
0.237	0.001	0.237	0.525
0.237	0.237	0.525	0.001
0.237	0.001	0.237	0.525
0.236	0.762	0.001	0.001
0.001	0.001	0.001	0.997
0.001	0.001	0.997	0.001
0.236	0.762	0.001	0.001
0.997	0.001	0.001	0.001
>TGGCCTATAGDG	2-TGGCCTATAGDG	10.956516	-13.947391	0	T:4.0(12.50%),B:7.0(0.23%),P:1e-6	Tpos:59.8,Tstd:25.1,Bpos:66.3,Bstd:26.2,StrandBias:-0.6,Multiplicity:1.00
0.001	0.001	0.001	0.997
0.001	0.001	0.688	0.310
0.001	0.001	0.997	0.001
0.001	0.630	0.310	0.059
0.001	0.997	0.001	0.001
0.314	0.001	0.001	0.684
0.688	0.310	0.001	0.001
0.001	0.365	0.001	0.633
0.997	0.001	0.001	0.001
0.373	0.001	0.625	0.001
0.314	0.001	0.314	0.370
0.001	0.314	0.684	0.001
>GGGGCACAAGGG	3-GGGGCACAAGGG	11.293536	-11.488008	0	T:3.0(9.38%),B:4.0(0.13%),P:1e-4	Tpos:38.8,Tstd:26.8,Bpos:44.0,Bstd:27.8,StrandBias:2.0,Multiplicity:1.67
0.001	0.001	0.997	0.001
0.249	0.001	0.749	0.001
0.249	0.001	0.749	0.001
0.001	0.001	0.749	0.249
0.001	0.749	0.001	0.249
0.997	0.001	0.001	0.001
0.001	0.749	0.249	0.001
0.749	0.001	0.001	0.249
0.997	0.001	0.001	0.001
0.001	0.001	0.997	0.001
0.001	0.001	0.997	0.001
0.249	0.001	0.749	0.001
>VAAGBAGGTGTG	4-VAAGBAGGTGTG	9.171738	-7.932056	0	T:4.0(12.50%),B:33.0(1.06%),P:1e-3	Tpos:39.0,Tstd:25.2,Bpos:46.7,Bstd:25.4,StrandBias:0.0,Multiplicity:1.50
0.326	0.326	0.348	0.001
0.707	0.001	0.291	0.001
0.673	0.001	0.325	0.001
0.001	0.001	0.997	0.001
0.001	0.326	0.277	0.397
0.997	0.001	0.001	0.001
0.276	0.001	0.722	0.001
0.001	0.001	0.997	0.001
0.027	0.001	0.001	0.971
0.001	0.325	0.673	0.001
0.001	0.001	0.001	0.997
0.001	0.325	0.673	0.001
>ASGTSAKGTGMM	5-ASGTSAKGTGMM	11.837503	-7.131920	0	T:2.0(6.25%),B:4.0(0.13%),P:1e-3	Tpos:63.8,Tstd:25.8,Bpos:54.8,Bstd:26.9,StrandBias:1.6,Multiplicity:2.00
0.950	0.001	0.001	0.048
0.001	0.450	0.548	0.001
0.001	0.001	0.997	0.001
0.001	0.001	0.001	0.997
0.001	0.548	0.450	0.001
0.997	0.001	0.001	0.001
0.001	0.001	0.548	0.450
0.001	0.001	0.997	0.001
0.001	0.001	0.001	0.997
0.001	0.001	0.997	0.001
0.548	0.450	0.001	0.001
0.451	0.451	0.001	0.098
