>GCTCAGGCTG	1-GCTCAGGCTG	5.423971	-17.416117	0	T:22.0(68.75%),B:694.0(22.31%),P:1e-7	Tpos:43.8,Tstd:26.3,Bpos:49.8,Bstd:26.5,StrandBias:-0.3,Multiplicity:1.50
0.125	0.131	0.615	0.129
0.025	0.829	0.055	0.091
0.103	0.246	0.066	0.585
0.075	0.607	0.218	0.100
0.759	0.039	0.075	0.127
0.089	0.025	0.785	0.101
0.232	0.131	0.611	0.026
0.001	0.739	0.074	0.186
0.123	0.025	0.044	0.808
0.159	0.072	0.669	0.100
>ATCAKAGTGG	2-ATCAKAGTGG	8.868445	-12.344068	0	T:3.0(9.38%),B:3.0(0.10%),P:1e-5	Tpos:18.0,Tstd:2.4,Bpos:60.3,Bstd:32.1,StrandBias:-1.0,Multiplicity:1.00
0.665	0.167	0.001	0.167
0.127	0.351	0.001	0.521
0.167	0.665	0.167	0.001
0.832	0.166	0.001	0.001
0.167	0.185	0.295	0.353
0.997	0.001	0.001	0.001
0.001	0.166	0.832	0.001
0.001	0.001	0.127	0.871
0.167	0.001	0.816	0.016
0.168	0.184	0.481	0.167
>TGGTCCTATC	3-TGGTCCTATC	10.641493	-9.885250	0	T:2.0(6.25%),B:1.0(0.03%),P:1e-4	Tpos:47.2,Tstd:24.8,Bpos:6.0,Bstd:0.0,StrandBias:1.6,Multiplicity:2.00
0.001	0.001	0.001	0.997
0.001	0.001	0.997	0.001
0.001	0.199	0.799	0.001
0.001	0.001	0.001	0.997
0.001	0.997	0.001	0.001
0.001	0.799	0.001	0.199
0.001	0.399	0.001	0.599
0.799	0.001	0.199	0.001
0.001	0.199	0.001	0.799
0.001	0.997	0.001	0.001
>GGGGGGGGGG	4-GGGGGGGGGG	11.281819	-6.333811	0	T:2.0(6.25%),B:6.0(0.19%),P:1e-2	Tpos:74.0,Tstd:21.9,Bpos:41.6,Bstd:26.6,StrandBias:10.0,Multiplicity:1.00
0.001	0.001	0.893	0.105
0.001	0.001	0.997	0.001
0.001	0.001	0.997	0.001
0.001	0.001	0.997	0.001
0.001	0.001	0.928	0.070
0.001	0.001	0.941	0.057
0.001	0.001	0.848	0.150
0.150	0.001	0.721	0.128
0.001	0.001	0.871	0.127
0.001	0.001	0.884	0.114
>GTGTAGTGTG	5-GTGTAGTGTG	11.873576	-6.333811	0	T:2.0(6.25%),B:6.0(0.19%),P:1e-2	Tpos:70.8,Tstd:24.1,Bpos:30.2,Bstd:32.6,StrandBias:1.6,Multiplicity:2.00
0.001	0.001	0.997	0.001
0.001	0.001	0.001	0.997
0.001	0.001	0.997	0.001
0.249	0.001	0.001	0.749
0.997	0.001	0.001	0.001
0.001	0.249	0.749	0.001
0.001	0.001	0.001	0.997
0.249	0.001	0.749	0.001
0.001	0.001	0.001	0.997
0.001	0.001	0.997	0.001
