>TAASAAGACC	1-TAASAAGACC	9.204303	-17.326055	0	T:6.0(18.75%),B:18.0(0.58%),P:1e-7	Tpos:35.3,Tstd:14.4,Bpos:47.8,Bstd:24.0,StrandBias:-0.4,Multiplicity:1.17
0.001	0.001	0.236	0.762
0.749	0.001	0.001	0.249
0.749	0.249	0.001	0.001
0.001	0.525	0.473	0.001
0.997	0.001	0.001	0.001
0.997	0.001	0.001	0.001
0.001	0.001	0.997	0.001
0.749	0.001	0.237	0.013
0.001	0.762	0.236	0.001
0.001	0.762	0.001	0.236
>TYTACCTTTA	2-TYTACCTTTA	6.918988	-15.690378	0	T:11.0(34.38%),B:149.0(4.79%),P:1e-6	Tpos:55.5,Tstd:26.0,Bpos:50.6,Bstd:26.5,StrandBias:1.3,Multiplicity:1.27
0.164	0.082	0.001	0.753
0.164	0.422	0.005	0.409
0.001	0.168	0.001	0.830
0.504	0.245	0.250	0.001
0.001	0.829	0.007	0.163
0.245	0.753	0.001	0.001
0.001	0.083	0.001	0.915
0.001	0.081	0.001	0.917
0.164	0.246	0.094	0.496
0.668	0.245	0.001	0.086
>ATACAATGTA	3-ATACAATGTA	10.122369	-11.324837	0	T:7.0(21.88%),B:78.0(2.51%),P:1e-4	Tpos:58.2,Tstd:19.7,Bpos:51.7,Bstd:24.2,StrandBias:0.3,Multiplicity:1.00
0.848	0.150	0.001	0.001
0.224	0.169	0.001	0.606
0.997	0.001	0.001	0.001
0.001	0.997	0.001	0.001
0.997	0.001	0.001	0.001
0.821	0.001	0.001	0.177
0.155	0.001	0.001	0.843
0.001	0.001	0.997	0.001
0.001	0.001	0.001	0.997
0.997	0.001	0.001	0.001
>ACCGTTTTTT	4-ACCGTTTTTT	9.071195	-9.885250	0	T:2.0(6.25%),B:1.0(0.03%),P:1e-4	Tpos:55.0,Tstd:10.0,Bpos:96.0,Bstd:0.0,StrandBias:-10.0,Multiplicity:1.00
0.735	0.138	0.035	0.092
0.231	0.582	0.046	0.141
0.131	0.604	0.138	0.127
0.039	0.188	0.585	0.188
0.138	0.046	0.092	0.724
0.001	0.001	0.177	0.821
0.046	0.141	0.001	0.812
0.046	0.092	0.092	0.770
0.092	0.138	0.206	0.564
0.001	0.138	0.046	0.815
>ACCTGCGCAG	5-ACCTGCGCAG	12.266909	-7.131920	0	T:2.0(6.25%),B:4.0(0.13%),P:1e-3	Tpos:76.0,Tstd:13.4,Bpos:31.9,Bstd:4.1,StrandBias:1.0,Multiplicity:1.00
0.769	0.001	0.229	0.001
0.270	0.459	0.270	0.001
0.001	0.997	0.001	0.001
0.001	0.001	0.001	0.997
0.001	0.001	0.997	0.001
0.001	0.997	0.001	0.001
0.001	0.001	0.997	0.001
0.001	0.997	0.001	0.001
0.997	0.001	0.001	0.001
0.001	0.001	0.997	0.001
