>TAAAAATA	1-TAAAAATA	8.094616	-20.914319	0	T:8.0(25.00%),B:31.0(1.00%),P:1e-9	Tpos:47.7,Tstd:29.9,Bpos:51.9,Bstd:27.7,StrandBias:-0.6,Multiplicity:1.12
0.001	0.001	0.001	0.997
0.796	0.094	0.001	0.109
0.765	0.001	0.001	0.233
0.863	0.001	0.001	0.135
0.848	0.001	0.001	0.150
0.997	0.001	0.001	0.001
0.001	0.001	0.077	0.921
0.895	0.001	0.103	0.001
>TGAGGCGG	2-TGAGGCGG	7.083287	-15.200332	0	T:10.0(31.25%),B:122.0(3.92%),P:1e-6	Tpos:58.8,Tstd:21.5,Bpos:49.2,Bstd:26.6,StrandBias:-1.2,Multiplicity:1.00
0.066	0.001	0.001	0.932
0.262	0.001	0.736	0.001
0.633	0.001	0.365	0.001
0.001	0.001	0.815	0.183
0.189	0.007	0.803	0.001
0.066	0.708	0.004	0.222
0.015	0.001	0.876	0.108
0.001	0.001	0.837	0.161
>TRCGGCTA	3-TRCGGCTA	6.792274	-9.030600	0	T:6.0(18.75%),B:77.0(2.48%),P:1e-3	Tpos:57.7,Tstd:26.0,Bpos:43.8,Bstd:25.2,StrandBias:-1.0,Multiplicity:1.00
0.110	0.169	0.065	0.656
0.401	0.220	0.285	0.093
0.007	0.738	0.203	0.052
0.273	0.128	0.441	0.157
0.001	0.001	0.997	0.001
0.001	0.895	0.103	0.001
0.001	0.001	0.001	0.997
0.913	0.001	0.001	0.085
>GAGAGAGA	4-GAGAGAGA	4.868224	-7.231702	0	T:19.0(59.38%),B:954.0(30.67%),P:1e-3	Tpos:47.1,Tstd:28.5,Bpos:48.8,Bstd:27.2,StrandBias:0.6,Multiplicity:1.47
0.186	0.079	0.710	0.025
0.728	0.019	0.089	0.164
0.144	0.022	0.674	0.160
0.758	0.001	0.092	0.149
0.064	0.054	0.812	0.070
0.885	0.023	0.069	0.023
0.116	0.108	0.649	0.127
0.798	0.046	0.130	0.026
>CCATAGTT	5-CCATAGTT	5.805658	-4.210543	0	T:7.0(21.88%),B:260.0(8.36%),P:1e-1	Tpos:56.3,Tstd:19.7,Bpos:46.8,Bstd:26.9,StrandBias:3.3,Multiplicity:1.57
0.001	0.853	0.001	0.145
0.001	0.581	0.186	0.232
0.826	0.001	0.115	0.058
0.236	0.001	0.001	0.762
0.800	0.001	0.071	0.128
0.158	0.001	0.840	0.001
0.067	0.195	0.131	0.607
0.001	0.149	0.075	0.775
