>TNGCAGWCCT	1-TNGCAGWCCT	8.996207	-26.574379	0	T:10.0(31.25%),B:37.0(1.19%),P:1e-11	Tpos:47.5,Tstd:26.9,Bpos:51.5,Bstd:25.3,StrandBias:0.0,Multiplicity:1.00
0.001	0.001	0.001	0.997
0.239	0.262	0.260	0.239
0.001	0.283	0.715	0.001
0.001	0.997	0.001	0.001
0.997	0.001	0.001	0.001
0.001	0.237	0.525	0.237
0.498	0.001	0.001	0.500
0.021	0.736	0.001	0.242
0.001	0.762	0.001	0.236
0.001	0.001	0.001	0.997
>CAGATATCTA	2-CAGATATCTA	11.436928	-15.625928	0	T:3.0(9.38%),B:0.0(0.00%),P:1e-6	Tpos:45.0,Tstd:30.8,Bpos:0.0,Bstd:0.0,StrandBias:1.0,Multiplicity:2.00
0.001	0.997	0.001	0.001
0.997	0.001	0.001	0.001
0.001	0.001	0.997	0.001
0.997	0.001	0.001	0.001
0.001	0.001	0.193	0.805
0.997	0.001	0.001	0.001
0.001	0.417	0.001	0.581
0.001	0.805	0.001	0.193
0.001	0.001	0.001	0.997
0.997	0.001	0.001	0.001
>CTCTSTSTGT	3-CTCTSTSTGT	10.890990	-7.131920	0	T:2.0(6.25%),B:4.0(0.13%),P:1e-3	Tpos:69.0,Tstd:13.5,Bpos:50.5,Bstd:22.0,StrandBias:-10.0,Multiplicity:1.50
0.001	0.823	0.175	0.001
0.001	0.172	0.001	0.826
0.173	0.516	0.310	0.001
0.001	0.007	0.007	0.985
0.181	0.370	0.448	0.001
0.001	0.007	0.001	0.991
0.001	0.494	0.504	0.001
0.154	0.001	0.001	0.844
0.001	0.195	0.803	0.001
0.001	0.001	0.001	0.997
>TGAACAATTG	4-TGAACAATTG	12.698221	-4.581942	0	T:1.0(3.12%),B:1.0(0.03%),P:1e-1	Tpos:23.0,Tstd:0.0,Bpos:73.0,Bstd:0.0,StrandBias:10.0,Multiplicity:1.00
0.001	0.001	0.001	0.997
0.200	0.200	0.400	0.200
0.997	0.001	0.001	0.001
0.997	0.001	0.001	0.001
0.001	0.997	0.001	0.001
0.997	0.001	0.001	0.001
0.997	0.001	0.001	0.001
0.001	0.001	0.001	0.997
0.001	0.001	0.001	0.997
0.001	0.001	0.799	0.199
>TCTGTCTGTC	5-TCTGTCTGTC	12.838396	-2.665753	0	T:1.0(3.12%),B:7.0(0.23%),P:1e-1	Tpos:73.0,Tstd:0.0,Bpos:35.2,Bstd:22.5,StrandBias:-10.0,Multiplicity:1.00
0.001	0.001	0.001	0.997
0.001	0.667	0.331	0.001
0.001	0.001	0.001	0.997
0.001	0.001	0.997	0.001
0.001	0.001	0.001	0.997
0.001	0.997	0.001	0.001
0.001	0.001	0.001	0.997
0.001	0.174	0.824	0.001
0.331	0.001	0.001	0.667
0.001	0.997	0.001	0.001
