>CTGTTWACTRKC	1-CTGTTWACTRKC	10.706643	-17.955034	0	T:4.0(14.81%),B:146.0(0.10%),P:1e-7	Tpos:43.2,Tstd:20.1,Bpos:47.5,Bstd:25.6,StrandBias:0.0,Multiplicity:1.00
0.001	0.997	0.001	0.001
0.001	0.001	0.001	0.997
0.001	0.001	0.997	0.001
0.001	0.001	0.281	0.717
0.001	0.252	0.001	0.746
0.534	0.001	0.001	0.464
0.520	0.001	0.253	0.226
0.001	0.746	0.001	0.252
0.253	0.253	0.001	0.494
0.519	0.001	0.479	0.001
0.001	0.001	0.479	0.519
0.267	0.731	0.001	0.001
>TGGCCGGTTCCT	2-TGGCCGGTTCCT	15.117810	-14.743012	0	T:2.0(7.41%),B:5.0(0.00%),P:1e-6	Tpos:50.0,Tstd:14.9,Bpos:29.8,Bstd:9.0,StrandBias:-10.0,Multiplicity:1.50
0.001	0.001	0.001	0.997
0.001	0.001	0.997	0.001
0.001	0.001	0.997	0.001
0.001	0.997	0.001	0.001
0.001	0.997	0.001	0.001
0.001	0.001	0.997	0.001
0.001	0.001	0.997	0.001
0.001	0.347	0.001	0.651
0.001	0.001	0.001	0.997
0.001	0.997	0.001	0.001
0.001	0.997	0.001	0.001
0.001	0.347	0.001	0.651
>GGWCGGTRGGTT	3-GGWCGGTRGGTT	7.170708	-12.602595	0	T:7.0(25.93%),B:3702.0(2.49%),P:1e-5	Tpos:41.7,Tstd:27.4,Bpos:49.9,Bstd:26.2,StrandBias:-2.3,Multiplicity:1.00
0.163	0.163	0.673	0.001
0.164	0.164	0.655	0.017
0.327	0.164	0.164	0.346
0.001	0.509	0.327	0.163
0.001	0.001	0.835	0.163
0.163	0.001	0.673	0.163
0.163	0.001	0.017	0.819
0.344	0.001	0.492	0.163
0.163	0.001	0.835	0.001
0.163	0.001	0.835	0.001
0.001	0.163	0.001	0.835
0.327	0.163	0.001	0.509
>GCCGCCCYTNCC	4-GCCGCCCYTNCC	8.900574	-12.517961	0	T:5.0(18.52%),B:1313.0(0.88%),P:1e-5	Tpos:31.7,Tstd:29.5,Bpos:50.5,Bstd:25.9,StrandBias:-1.0,Multiplicity:1.20
0.242	0.001	0.756	0.001
0.242	0.756	0.001	0.001
0.001	0.756	0.242	0.001
0.001	0.001	0.997	0.001
0.001	0.756	0.001	0.242
0.001	0.486	0.271	0.243
0.242	0.756	0.001	0.001
0.001	0.513	0.001	0.485
0.001	0.243	0.243	0.513
0.243	0.243	0.243	0.271
0.001	0.756	0.242	0.001
0.001	0.997	0.001	0.001
>AATAGACCTACT	5-AATAGACCTACT	12.355432	-8.615308	0	T:1.0(3.70%),B:1.0(0.00%),P:1e-3	Tpos:13.0,Tstd:0.0,Bpos:11.0,Bstd:0.0,StrandBias:-10.0,Multiplicity:1.00
0.700	0.100	0.100	0.100
0.700	0.100	0.100	0.100
0.100	0.100	0.100	0.700
0.700	0.100	0.100	0.100
0.100	0.100	0.700	0.100
0.700	0.100	0.100	0.100
0.100	0.700	0.100	0.100
0.100	0.700	0.100	0.100
0.100	0.100	0.100	0.700
0.700	0.100	0.100	0.100
0.100	0.700	0.100	0.100
0.100	0.100	0.100	0.700
>CAAACCTATTTC	6-CAAACCTATTTC	12.355432	-8.615308	0	T:1.0(3.70%),B:0.0(0.00%),P:1e-3	Tpos:35.0,Tstd:0.0,Bpos:0.0,Bstd:0.0,StrandBias:10.0,Multiplicity:1.00
0.100	0.700	0.100	0.100
0.700	0.100	0.100	0.100
0.700	0.100	0.100	0.100
0.700	0.100	0.100	0.100
0.100	0.700	0.100	0.100
0.100	0.700	0.100	0.100
0.100	0.100	0.100	0.700
0.700	0.100	0.100	0.100
0.100	0.100	0.100	0.700
0.100	0.100	0.100	0.700
0.100	0.100	0.100	0.700
0.100	0.700	0.100	0.100
>ATCTCCTTAGAG	7-ATCTCCTTAGAG	12.355432	-7.922248	0	T:1.0(3.70%),B:2.0(0.00%),P:1e-3	Tpos:36.0,Tstd:0.0,Bpos:60.0,Bstd:14.0,StrandBias:10.0,Multiplicity:1.00
0.700	0.100	0.100	0.100
0.100	0.100	0.100	0.700
0.100	0.700	0.100	0.100
0.100	0.100	0.100	0.700
0.100	0.700	0.100	0.100
0.100	0.700	0.100	0.100
0.100	0.100	0.100	0.700
0.100	0.100	0.100	0.700
0.700	0.100	0.100	0.100
0.100	0.100	0.700	0.100
0.700	0.100	0.100	0.100
0.100	0.100	0.700	0.100
>GYTYSKTTGTYK	8-GYTYSKTTGTYK	12.425281	-6.321007	0	T:3.0(11.11%),B:1336.0(0.90%),P:1e-2	Tpos:68.8,Tstd:18.3,Bpos:50.1,Bstd:25.2,StrandBias:2.0,Multiplicity:1.00
0.001	0.001	0.997	0.001
0.001	0.457	0.001	0.541
0.001	0.001	0.001	0.997
0.001	0.457	0.001	0.541
0.001	0.457	0.541	0.001
0.001	0.001	0.457	0.541
0.001	0.001	0.001	0.997
0.001	0.001	0.001	0.997
0.001	0.001	0.997	0.001
0.001	0.001	0.001	0.997
0.001	0.457	0.001	0.541
0.001	0.001	0.457	0.541
