>AGCCTCCA	1-AGCCTCCA	3.568435	-17.205353	0	T:15.0(55.56%),B:17037.0(11.44%),P:1e-7	Tpos:56.8,Tstd:22.7,Bpos:49.7,Bstd:27.4,StrandBias:1.1,Multiplicity:1.07
0.997	0.001	0.001	0.001
0.001	0.001	0.997	0.001
0.001	0.917	0.001	0.081
0.243	0.599	0.001	0.157
0.243	0.157	0.001	0.599
0.001	0.997	0.001	0.001
0.001	0.997	0.001	0.001
0.997	0.001	0.001	0.001
>CWGGVCAC	2-CWGGVCAC	7.130779	-12.022723	0	T:9.0(33.33%),B:7824.0(5.25%),P:1e-5	Tpos:59.7,Tstd:25.7,Bpos:50.6,Bstd:26.5,StrandBias:-0.2,Multiplicity:1.33
0.001	0.622	0.363	0.014
0.497	0.001	0.001	0.501
0.130	0.001	0.868	0.001
0.001	0.054	0.859	0.086
0.344	0.286	0.275	0.095
0.129	0.810	0.060	0.001
0.850	0.066	0.002	0.082
0.177	0.720	0.102	0.001
>CTGGAAAG	3-CTGGAAAG	7.746858	-9.906657	0	T:7.0(25.93%),B:5623.0(3.78%),P:1e-4	Tpos:60.2,Tstd:23.8,Bpos:50.1,Bstd:27.4,StrandBias:0.3,Multiplicity:1.29
0.001	0.997	0.001	0.001
0.001	0.001	0.121	0.877
0.244	0.001	0.754	0.001
0.091	0.085	0.823	0.001
0.909	0.089	0.001	0.001
0.887	0.064	0.048	0.001
0.903	0.001	0.001	0.095
0.085	0.001	0.913	0.001
>TCATGAAT	4-TCATGAAT	8.656267	-9.884364	0	T:4.0(14.81%),B:1132.0(0.76%),P:1e-4	Tpos:43.2,Tstd:35.7,Bpos:50.3,Bstd:27.6,StrandBias:0.0,Multiplicity:1.00
0.001	0.001	0.001	0.997
0.001	0.997	0.001	0.001
0.809	0.001	0.001	0.189
0.001	0.001	0.001	0.997
0.001	0.001	0.997	0.001
0.997	0.001	0.001	0.001
0.585	0.001	0.413	0.001
0.193	0.001	0.001	0.805
>AAATTTCG	5-AAATTTCG	8.236954	-5.481733	0	T:1.0(3.70%),B:23.0(0.02%),P:1e-2	Tpos:90.0,Tstd:0.0,Bpos:60.2,Bstd:21.9,StrandBias:-10.0,Multiplicity:1.00
0.700	0.100	0.100	0.100
0.700	0.100	0.100	0.100
0.700	0.100	0.100	0.100
0.100	0.100	0.100	0.700
0.100	0.100	0.100	0.700
0.100	0.100	0.100	0.700
0.100	0.700	0.100	0.100
0.100	0.100	0.700	0.100
