>CCTCTSDC	1-CCTCTSDC	6.685388	-12.693532	0	T:11.0(40.74%),B:11814.0(7.93%),P:1e-5	Tpos:45.8,Tstd:31.1,Bpos:49.7,Bstd:27.3,StrandBias:-0.2,Multiplicity:1.18
0.018	0.704	0.116	0.162
0.001	0.844	0.001	0.154
0.001	0.232	0.252	0.515
0.104	0.894	0.001	0.001
0.001	0.034	0.001	0.964
0.009	0.487	0.356	0.148
0.422	0.003	0.290	0.286
0.001	0.917	0.005	0.077
>TAGGCAGA	2-TAGGCAGA	6.407966	-11.680128	0	T:10.0(37.04%),B:10514.0(7.06%),P:1e-5	Tpos:42.8,Tstd:26.2,Bpos:49.6,Bstd:27.5,StrandBias:1.7,Multiplicity:1.30
0.001	0.001	0.207	0.791
0.991	0.001	0.007	0.001
0.195	0.001	0.554	0.250
0.001	0.001	0.962	0.036
0.001	0.958	0.040	0.001
0.997	0.001	0.001	0.001
0.001	0.001	0.703	0.295
0.916	0.033	0.050	0.001
>TGCTGATG	3-TGCTGATG	8.651935	-10.139938	0	T:6.0(22.22%),B:3622.0(2.43%),P:1e-4	Tpos:54.8,Tstd:33.2,Bpos:49.5,Bstd:27.3,StrandBias:1.0,Multiplicity:1.00
0.001	0.194	0.001	0.804
0.001	0.001	0.666	0.332
0.001	0.997	0.001	0.001
0.001	0.001	0.001	0.997
0.001	0.001	0.997	0.001
0.997	0.001	0.001	0.001
0.001	0.001	0.332	0.666
0.001	0.001	0.997	0.001
>TATCGTGA	4-TATCGTGA	9.100986	-5.385356	0	T:2.0(7.41%),B:555.0(0.37%),P:1e-2	Tpos:69.4,Tstd:11.7,Bpos:47.6,Bstd:26.7,StrandBias:-0.6,Multiplicity:2.00
0.001	0.001	0.001	0.997
0.997	0.001	0.001	0.001
0.001	0.265	0.001	0.733
0.001	0.997	0.001	0.001
0.231	0.001	0.578	0.190
0.001	0.001	0.001	0.997
0.001	0.001	0.997	0.001
0.997	0.001	0.001	0.001
>GGTTTTGG	5-GGTTTTGG	4.161567	-4.365245	0	T:3.0(11.11%),B:2709.0(1.82%),P:1e-1	Tpos:47.2,Tstd:15.3,Bpos:50.0,Bstd:27.2,StrandBias:3.0,Multiplicity:3.00
0.001	0.001	0.997	0.001
0.001	0.001	0.997	0.001
0.001	0.001	0.001	0.997
0.001	0.001	0.001	0.997
0.001	0.001	0.001	0.997
0.001	0.001	0.001	0.997
0.001	0.001	0.997	0.001
0.001	0.130	0.868	0.001
