>AGGCTAGVGCAG	1-AGGCTAGVGCAG	8.511008	-14.490639	0	T:4.0(44.44%),B:19.4(0.82%),P:1e-6,FDR:1	Tpos:52.0,Tstd:30.8,Bpos:57.3,Bstd:30.2,StrandBias:0.0,Multiplicity:1.00
0.951	0.001	0.047	0.001
0.314	0.001	0.684	0.001
0.001	0.047	0.638	0.314
0.314	0.684	0.001	0.001
0.001	0.001	0.314	0.684
0.684	0.314	0.001	0.001
0.001	0.001	0.684	0.314
0.314	0.314	0.370	0.001
0.001	0.314	0.684	0.001
0.361	0.637	0.001	0.001
0.997	0.001	0.001	0.001
0.001	0.370	0.628	0.001
>TAGTAMKRYSTG	2-TAGTAMKRYSTG	12.806792	-11.954676	0	T:2.0(22.22%),B:0.0(0.00%),P:1e-5,FDR:1	Tpos:67.0,Tstd:26.0,Bpos:0.0,Bstd:0.0,StrandBias:1.6,Multiplicity:2.00
0.001	0.001	0.001	0.997
0.921	0.038	0.038	0.003
0.038	0.003	0.921	0.038
0.001	0.001	0.001	0.997
0.995	0.001	0.003	0.001
0.500	0.497	0.002	0.002
0.001	0.038	0.459	0.502
0.461	0.041	0.459	0.039
0.001	0.458	0.001	0.540
0.001	0.537	0.459	0.003
0.001	0.001	0.001	0.997
0.001	0.001	0.997	0.001
>GGGTCTGAGCCC	3-GGGTCTGAGCCC	10.038651	-11.954676	0	T:2.0(22.22%),B:0.0(0.00%),P:1e-5,FDR:1	Tpos:48.0,Tstd:16.7,Bpos:0.0,Bstd:0.0,StrandBias:-10.0,Multiplicity:1.50
0.011	0.001	0.987	0.001
0.001	0.001	0.997	0.001
0.001	0.001	0.997	0.001
0.001	0.011	0.001	0.987
0.011	0.977	0.011	0.001
0.001	0.001	0.151	0.847
0.001	0.001	0.997	0.001
0.870	0.001	0.128	0.001
0.001	0.001	0.997	0.001
0.001	0.997	0.001	0.001
0.001	0.997	0.001	0.001
0.011	0.987	0.001	0.001
>MKYYTCTKGYTG	4-MKYYTCTKGYTG	9.150688	-10.983032	0	T:3.0(33.33%),B:14.5(0.61%),P:1e-4,FDR:1	Tpos:42.7,Tstd:16.8,Bpos:41.0,Bstd:14.7,StrandBias:-1.0,Multiplicity:1.00
0.459	0.459	0.082	0.001
0.001	0.001	0.458	0.540
0.001	0.458	0.001	0.540
0.082	0.459	0.001	0.459
0.001	0.001	0.001	0.997
0.001	0.997	0.001	0.001
0.001	0.001	0.001	0.997
0.001	0.001	0.540	0.458
0.001	0.001	0.997	0.001
0.001	0.540	0.001	0.458
0.001	0.001	0.001	0.997
0.001	0.001	0.997	0.001
>SSCAGGMGKCMK	5-SSCAGGMGKCMK	7.021522	-9.510920	0	T:3.0(33.33%),B:23.8(1.00%),P:1e-4,FDR:1	Tpos:42.7,Tstd:25.5,Bpos:55.5,Bstd:33.0,StrandBias:1.0,Multiplicity:1.00
0.001	0.458	0.540	0.001
0.069	0.459	0.471	0.001
0.001	0.997	0.001	0.001
0.997	0.001	0.001	0.001
0.001	0.001	0.997	0.001
0.001	0.001	0.997	0.001
0.540	0.458	0.001	0.001
0.001	0.001	0.997	0.001
0.001	0.082	0.459	0.459
0.069	0.929	0.001	0.001
0.540	0.458	0.001	0.001
0.001	0.012	0.459	0.528
