>CTCTCCTGAT	1-CTCTCCTGAT	5.842947	-12.891719	0	T:5.0(45.45%),B:54.2(2.28%),P:1e-5,FDR:1	Tpos:46.0,Tstd:11.1,Bpos:48.9,Bstd:44.7,StrandBias:2.0,Multiplicity:1.00
0.001	0.997	0.001	0.001
0.001	0.001	0.001	0.997
0.001	0.870	0.127	0.002
0.001	0.022	0.129	0.848
0.001	0.997	0.001	0.001
0.001	0.867	0.001	0.131
0.001	0.001	0.001	0.997
0.001	0.001	0.997	0.001
0.842	0.156	0.001	0.001
0.001	0.001	0.001	0.997
>GTCTCTGTTG	2-GTCTCTGTTG	8.223322	-8.773174	0	T:2.0(18.18%),B:4.6(0.20%),P:1e-3,FDR:1	Tpos:70.7,Tstd:18.1,Bpos:23.8,Bstd:14.7,StrandBias:1.0,Multiplicity:1.50
0.001	0.001	0.997	0.001
0.001	0.001	0.001	0.997
0.001	0.997	0.001	0.001
0.001	0.001	0.001	0.997
0.001	0.997	0.001	0.001
0.001	0.001	0.001	0.997
0.132	0.024	0.843	0.001
0.001	0.003	0.001	0.995
0.001	0.001	0.152	0.846
0.001	0.001	0.997	0.001
>TCACCCTACA	3-TCACCCTACA	10.296193	-5.375701	0	T:1.0(9.09%),B:0.2(0.01%),P:1e-2,FDR:1	Tpos:83.0,Tstd:0.0,Bpos:16.0,Bstd:0.0,StrandBias:-10.0,Multiplicity:1.00
0.100	0.100	0.100	0.700
0.100	0.700	0.100	0.100
0.700	0.100	0.100	0.100
0.100	0.700	0.100	0.100
0.100	0.700	0.100	0.100
0.100	0.700	0.100	0.100
0.100	0.100	0.100	0.700
0.700	0.100	0.100	0.100
0.100	0.700	0.100	0.100
0.700	0.100	0.100	0.100
>CAGGCCCTCT	4-CAGGCCCTCT	10.296193	-5.375701	0	T:1.0(9.09%),B:0.8(0.03%),P:1e-2,FDR:1	Tpos:57.0,Tstd:0.0,Bpos:27.8,Bstd:9.1,StrandBias:-10.0,Multiplicity:1.00
0.100	0.700	0.100	0.100
0.700	0.100	0.100	0.100
0.100	0.100	0.700	0.100
0.100	0.100	0.700	0.100
0.100	0.700	0.100	0.100
0.100	0.700	0.100	0.100
0.100	0.700	0.100	0.100
0.100	0.100	0.100	0.700
0.100	0.700	0.100	0.100
0.100	0.100	0.100	0.700
>CAGCCCCTAC	5-CAGCCCCTAC	9.076484	-4.874404	0	T:2.0(18.18%),B:29.6(1.25%),P:1e-2,FDR:1	Tpos:45.3,Tstd:30.6,Bpos:52.4,Bstd:40.0,StrandBias:-1.0,Multiplicity:1.50
0.027	0.971	0.001	0.001
0.654	0.344	0.001	0.001
0.341	0.026	0.632	0.001
0.001	0.997	0.001	0.001
0.001	0.684	0.001	0.314
0.001	0.680	0.318	0.001
0.053	0.945	0.001	0.001
0.028	0.004	0.314	0.654
0.628	0.057	0.314	0.001
0.001	0.997	0.001	0.001
>KCGGTWTTCYCT	1-KCGGTWTTCYCT	6.988493	-16.519236	0	T:4.0(36.36%),B:9.5(0.40%),P:1e-7,FDR:1	Tpos:45.2,Tstd:32.3,Bpos:47.6,Bstd:34.7,StrandBias:0.0,Multiplicity:1.00
0.001	0.004	0.462	0.533
0.001	0.927	0.001	0.071
0.001	0.071	0.919	0.009
0.001	0.001	0.997	0.001
0.001	0.084	0.001	0.914
0.457	0.001	0.001	0.541
0.001	0.003	0.001	0.995
0.001	0.001	0.001	0.997
0.001	0.997	0.001	0.001
0.001	0.541	0.001	0.457
0.001	0.997	0.001	0.001
0.001	0.003	0.001	0.995
>TGTTGAGGGAAA	2-TGTTGAGGGAAA	8.018722	-9.835982	0	T:4.0(36.36%),B:49.9(2.10%),P:1e-4,FDR:1	Tpos:36.6,Tstd:12.1,Bpos:53.6,Bstd:32.2,StrandBias:-2.0,Multiplicity:1.25
0.161	0.001	0.161	0.677
0.161	0.001	0.677	0.161
0.001	0.001	0.161	0.837
0.001	0.001	0.322	0.676
0.001	0.001	0.837	0.161
0.515	0.161	0.001	0.323
0.161	0.001	0.677	0.161
0.161	0.161	0.677	0.001
0.001	0.001	0.676	0.322
0.837	0.001	0.001	0.161
0.646	0.001	0.352	0.001
0.676	0.322	0.001	0.001
>CTGAGAGAGGTG	3-CTGAGAGAGGTG	12.355432	-5.375701	0	T:1.0(9.09%),B:0.4(0.02%),P:1e-2,FDR:1	Tpos:87.0,Tstd:0.0,Bpos:26.0,Bstd:0.0,StrandBias:10.0,Multiplicity:1.00
0.100	0.700	0.100	0.100
0.100	0.100	0.100	0.700
0.100	0.100	0.700	0.100
0.700	0.100	0.100	0.100
0.100	0.100	0.700	0.100
0.700	0.100	0.100	0.100
0.100	0.100	0.700	0.100
0.700	0.100	0.100	0.100
0.100	0.100	0.700	0.100
0.100	0.100	0.700	0.100
0.100	0.100	0.100	0.700
0.100	0.100	0.700	0.100
>GGGCCTGACCCC	4-GGGCCTGACCCC	12.355432	-5.375701	0	T:1.0(9.09%),B:2.0(0.08%),P:1e-2,FDR:1	Tpos:20.0,Tstd:0.0,Bpos:60.0,Bstd:0.0,StrandBias:10.0,Multiplicity:1.00
0.100	0.100	0.700	0.100
0.100	0.100	0.700	0.100
0.100	0.100	0.700	0.100
0.100	0.700	0.100	0.100
0.100	0.700	0.100	0.100
0.100	0.100	0.100	0.700
0.100	0.100	0.700	0.100
0.700	0.100	0.100	0.100
0.100	0.700	0.100	0.100
0.100	0.700	0.100	0.100
0.100	0.700	0.100	0.100
0.100	0.700	0.100	0.100
>CCGAATGCTGAC	5-CCGAATGCTGAC	12.355432	-5.375701	0	T:1.0(9.09%),B:0.2(0.01%),P:1e-2,FDR:1	Tpos:30.0,Tstd:0.0,Bpos:6.0,Bstd:0.0,StrandBias:-10.0,Multiplicity:1.00
0.100	0.700	0.100	0.100
0.100	0.700	0.100	0.100
0.100	0.100	0.700	0.100
0.700	0.100	0.100	0.100
0.700	0.100	0.100	0.100
0.100	0.100	0.100	0.700
0.100	0.100	0.700	0.100
0.100	0.700	0.100	0.100
0.100	0.100	0.100	0.700
0.100	0.100	0.700	0.100
0.700	0.100	0.100	0.100
0.100	0.700	0.100	0.100
>GYTTTCCC	1-GYTTTCCC	6.335415	-10.802692	0	T:7.0(63.64%),B:233.2(9.83%),P:1e-4,FDR:1	Tpos:44.7,Tstd:26.1,Bpos:53.9,Bstd:41.4,StrandBias:-0.3,Multiplicity:1.29
0.178	0.001	0.774	0.047
0.001	0.547	0.047	0.405
0.128	0.054	0.095	0.723
0.001	0.004	0.051	0.944
0.128	0.058	0.287	0.527
0.127	0.871	0.001	0.001
0.128	0.709	0.001	0.162
0.001	0.941	0.001	0.057
>TTGTCTCG	2-TTGTCTCG	8.236954	-5.375701	0	T:1.0(9.09%),B:0.6(0.03%),P:1e-2,FDR:1	Tpos:58.0,Tstd:0.0,Bpos:22.7,Bstd:0.5,StrandBias:10.0,Multiplicity:1.00
0.100	0.100	0.100	0.700
0.100	0.100	0.100	0.700
0.100	0.100	0.700	0.100
0.100	0.100	0.100	0.700
0.100	0.700	0.100	0.100
0.100	0.100	0.100	0.700
0.100	0.700	0.100	0.100
0.100	0.100	0.700	0.100
>GGTGTAAA	3-GGTGTAAA	8.236954	-4.684660	0	T:1.0(9.09%),B:2.3(0.10%),P:1e-2,FDR:1	Tpos:60.0,Tstd:0.0,Bpos:53.8,Bstd:8.8,StrandBias:10.0,Multiplicity:1.00
0.100	0.100	0.700	0.100
0.100	0.100	0.700	0.100
0.100	0.100	0.100	0.700
0.100	0.100	0.700	0.100
0.100	0.100	0.100	0.700
0.700	0.100	0.100	0.100
0.700	0.100	0.100	0.100
0.700	0.100	0.100	0.100
>CCTAGTCG	4-CCTAGTCG	8.236954	-4.684660	0	T:1.0(9.09%),B:2.4(0.10%),P:1e-2,FDR:1	Tpos:80.0,Tstd:0.0,Bpos:43.2,Bstd:13.7,StrandBias:10.0,Multiplicity:1.00
0.100	0.700	0.100	0.100
0.100	0.700	0.100	0.100
0.100	0.100	0.100	0.700
0.700	0.100	0.100	0.100
0.100	0.100	0.700	0.100
0.100	0.100	0.100	0.700
0.100	0.700	0.100	0.100
0.100	0.100	0.700	0.100
>TGGAATTT	5-TGGAATTT	8.236954	-4.684660	0	T:1.0(9.09%),B:2.6(0.11%),P:1e-2,FDR:1	Tpos:69.0,Tstd:0.0,Bpos:70.4,Bstd:18.6,StrandBias:10.0,Multiplicity:1.00
0.100	0.100	0.100	0.700
0.100	0.100	0.700	0.100
0.100	0.100	0.700	0.100
0.700	0.100	0.100	0.100
0.700	0.100	0.100	0.100
0.100	0.100	0.100	0.700
0.100	0.100	0.100	0.700
0.100	0.100	0.100	0.700
