>MCSACYTCARCM	1-MCSACYTCARCM	8.670901	-19.341085	0	T:5.0(10.87%),B:3.9(0.16%),P:1e-8,FDR:1	Tpos:45.0,Tstd:20.9,Bpos:57.4,Bstd:28.0,StrandBias:0.6,Multiplicity:1.00
0.443	0.555	0.001	0.001
0.001	0.997	0.001	0.001
0.111	0.444	0.444	0.001
0.997	0.001	0.001	0.001
0.001	0.997	0.001	0.001
0.001	0.555	0.001	0.443
0.001	0.001	0.001	0.997
0.001	0.997	0.001	0.001
0.997	0.001	0.001	0.001
0.443	0.001	0.555	0.001
0.036	0.962	0.001	0.001
0.518	0.444	0.037	0.001
>GGATTGGGCKGG	2-GGATTGGGCKGG	10.960087	-17.916890	0	T:5.0(10.87%),B:4.5(0.19%),P:1e-7,FDR:1	Tpos:56.8,Tstd:16.7,Bpos:31.5,Bstd:7.2,StrandBias:2.0,Multiplicity:1.00
0.001	0.001	0.997	0.001
0.001	0.011	0.987	0.001
0.495	0.257	0.001	0.246
0.270	0.235	0.012	0.483
0.247	0.001	0.282	0.471
0.001	0.234	0.764	0.001
0.001	0.001	0.997	0.001
0.001	0.010	0.988	0.001
0.270	0.482	0.001	0.247
0.001	0.001	0.517	0.481
0.001	0.001	0.997	0.001
0.023	0.001	0.965	0.011
>TCGGGAGGCAGC	3-TCGGGAGGCAGC	10.604096	-16.390623	0	T:4.0(8.70%),B:3.0(0.12%),P:1e-7,FDR:1	Tpos:58.2,Tstd:28.0,Bpos:33.0,Bstd:0.0,StrandBias:1.6,Multiplicity:1.00
0.001	0.001	0.001	0.997
0.001	0.798	0.200	0.001
0.001	0.001	0.997	0.001
0.001	0.001	0.932	0.066
0.001	0.001	0.997	0.001
0.997	0.001	0.001	0.001
0.001	0.001	0.997	0.001
0.001	0.001	0.932	0.066
0.001	0.997	0.001	0.001
0.997	0.001	0.001	0.001
0.001	0.001	0.997	0.001
0.001	0.798	0.001	0.200
>TTTGWAAYTTCA	4-TTTGWAAYTTCA	8.106394	-13.739103	0	T:3.0(6.52%),B:0.2(0.01%),P:1e-5,FDR:1	Tpos:51.4,Tstd:20.3,Bpos:43.0,Bstd:0.0,StrandBias:0.6,Multiplicity:1.00
0.088	0.001	0.001	0.910
0.001	0.001	0.001	0.997
0.001	0.001	0.001	0.997
0.001	0.017	0.981	0.001
0.555	0.001	0.001	0.443
0.981	0.001	0.017	0.001
0.979	0.001	0.019	0.001
0.001	0.443	0.001	0.555
0.001	0.001	0.088	0.910
0.020	0.089	0.001	0.890
0.001	0.997	0.001	0.001
0.997	0.001	0.001	0.001
>GCGCGCACACGB	5-GCGCGCACACGB	10.123024	-7.254487	0	T:3.0(6.52%),B:9.4(0.39%),P:1e-3,FDR:1	Tpos:71.9,Tstd:12.2,Bpos:86.5,Bstd:13.4,StrandBias:0.3,Multiplicity:1.67
0.001	0.001	0.997	0.001
0.001	0.965	0.001	0.033
0.001	0.001	0.997	0.001
0.033	0.965	0.001	0.001
0.341	0.001	0.657	0.001
0.001	0.691	0.001	0.307
0.615	0.001	0.383	0.001
0.001	0.691	0.001	0.307
0.623	0.001	0.375	0.001
0.001	0.656	0.001	0.342
0.349	0.001	0.649	0.001
0.034	0.350	0.308	0.308
