>KGTGGCAGGGCC	1-KGTGGCAGGGCC	7.846409	-12.329274	0	T:5.0(62.50%),B:96.0(3.87%),P:1e-5	Tpos:35.4,Tstd:12.2,Bpos:49.4,Bstd:26.3,StrandBias:-0.6,Multiplicity:1.00
0.001	0.001	0.478	0.520
0.239	0.001	0.759	0.001
0.239	0.001	0.001	0.759
0.239	0.001	0.759	0.001
0.239	0.001	0.759	0.001
0.239	0.479	0.001	0.281
0.759	0.001	0.239	0.001
0.001	0.239	0.521	0.239
0.239	0.001	0.759	0.001
0.001	0.001	0.997	0.001
0.239	0.521	0.001	0.239
0.239	0.759	0.001	0.001
>ABADAGAGATCT	2-ABADAGAGATCT	10.174838	-11.525519	0	T:3.0(37.50%),B:14.0(0.56%),P:1e-5	Tpos:54.0,Tstd:6.5,Bpos:53.7,Bstd:24.5,StrandBias:1.0,Multiplicity:1.00
0.684	0.001	0.314	0.001
0.001	0.315	0.315	0.369
0.684	0.001	0.314	0.001
0.369	0.001	0.315	0.315
0.629	0.001	0.001	0.369
0.001	0.314	0.684	0.001
0.997	0.001	0.001	0.001
0.314	0.001	0.684	0.001
0.684	0.314	0.001	0.001
0.001	0.001	0.001	0.997
0.001	0.684	0.001	0.314
0.001	0.001	0.001	0.997
>TSTGKKTMTSTG	3-TSTGKKTMTSTG	12.963017	-10.915950	0	T:2.0(25.00%),B:2.0(0.08%),P:1e-4	Tpos:48.0,Tstd:41.0,Bpos:37.0,Bstd:7.0,StrandBias:-10.0,Multiplicity:1.00
0.001	0.001	0.001	0.997
0.001	0.459	0.539	0.001
0.001	0.001	0.001	0.997
0.001	0.001	0.997	0.001
0.001	0.001	0.539	0.459
0.001	0.001	0.459	0.539
0.001	0.001	0.001	0.997
0.460	0.460	0.001	0.080
0.001	0.001	0.001	0.997
0.001	0.459	0.539	0.001
0.001	0.001	0.001	0.997
0.001	0.001	0.919	0.079
>CAGCCAATCAGA	4-CAGCCAATCAGA	12.355432	-5.045845	0	T:1.0(12.50%),B:2.0(0.08%),P:1e-2	Tpos:11.0,Tstd:0.0,Bpos:32.5,Bstd:17.5,StrandBias:10.0,Multiplicity:1.00
0.100	0.700	0.100	0.100
0.700	0.100	0.100	0.100
0.100	0.100	0.700	0.100
0.100	0.700	0.100	0.100
0.100	0.700	0.100	0.100
0.700	0.100	0.100	0.100
0.700	0.100	0.100	0.100
0.100	0.100	0.100	0.700
0.100	0.700	0.100	0.100
0.700	0.100	0.100	0.100
0.100	0.100	0.700	0.100
0.700	0.100	0.100	0.100
>CTCGCACCTGCG	5-CTCGCACCTGCG	12.355432	-5.045845	0	T:1.0(12.50%),B:2.0(0.08%),P:1e-2	Tpos:66.0,Tstd:0.0,Bpos:45.0,Bstd:30.0,StrandBias:10.0,Multiplicity:1.00
0.100	0.700	0.100	0.100
0.100	0.100	0.100	0.700
0.100	0.700	0.100	0.100
0.100	0.100	0.700	0.100
0.100	0.700	0.100	0.100
0.700	0.100	0.100	0.100
0.100	0.700	0.100	0.100
0.100	0.700	0.100	0.100
0.100	0.100	0.100	0.700
0.100	0.100	0.700	0.100
0.100	0.700	0.100	0.100
0.100	0.100	0.700	0.100
