>GAAACTGCAG	1-GAAACTGCAG	9.002997	-11.984937	0	T:3.0(37.50%),B:12.0(0.48%),P:1e-5	Tpos:29.0,Tstd:7.9,Bpos:69.9,Bstd:11.5,StrandBias:0.0,Multiplicity:1.00
0.001	0.001	0.997	0.001
0.834	0.001	0.164	0.001
0.997	0.001	0.001	0.001
0.944	0.001	0.001	0.054
0.001	0.997	0.001	0.001
0.001	0.001	0.001	0.997
0.001	0.054	0.944	0.001
0.001	0.944	0.054	0.001
0.997	0.001	0.001	0.001
0.001	0.001	0.997	0.001
>GATRCCCTCY	2-GATRCCCTCY	7.082221	-10.985404	0	T:4.0(50.00%),B:56.0(2.26%),P:1e-4	Tpos:52.5,Tstd:17.4,Bpos:52.6,Bstd:25.7,StrandBias:1.6,Multiplicity:1.00
0.227	0.001	0.771	0.001
0.545	0.151	0.303	0.001
0.152	0.152	0.087	0.609
0.455	0.001	0.468	0.076
0.152	0.542	0.154	0.152
0.076	0.772	0.151	0.001
0.239	0.533	0.152	0.076
0.076	0.001	0.151	0.772
0.076	0.696	0.227	0.001
0.076	0.380	0.228	0.317
>VTTTCTCCDG	3-VTTTCTCCDG	8.385275	-10.586149	0	T:4.0(50.00%),B:62.0(2.50%),P:1e-4	Tpos:68.0,Tstd:11.5,Bpos:46.5,Bstd:26.8,StrandBias:0.0,Multiplicity:1.00
0.315	0.315	0.369	0.001
0.001	0.001	0.001	0.997
0.001	0.001	0.001	0.997
0.001	0.001	0.001	0.997
0.001	0.997	0.001	0.001
0.001	0.314	0.001	0.684
0.001	0.629	0.001	0.369
0.001	0.997	0.001	0.001
0.315	0.001	0.315	0.369
0.001	0.001	0.629	0.369
>TTAGCTGCCT	4-TTAGCTGCCT	10.296193	-5.737581	0	T:1.0(12.50%),B:1.0(0.04%),P:1e-2	Tpos:10.0,Tstd:0.0,Bpos:75.0,Bstd:0.0,StrandBias:-10.0,Multiplicity:1.00
0.100	0.100	0.100	0.700
0.100	0.100	0.100	0.700
0.700	0.100	0.100	0.100
0.100	0.100	0.700	0.100
0.100	0.700	0.100	0.100
0.100	0.100	0.100	0.700
0.100	0.100	0.700	0.100
0.100	0.700	0.100	0.100
0.100	0.700	0.100	0.100
0.100	0.100	0.100	0.700
>GGAGCTGTTT	5-GGAGCTGTTT	10.296193	-5.045845	0	T:1.0(12.50%),B:2.0(0.08%),P:1e-2	Tpos:72.0,Tstd:0.0,Bpos:86.5,Bstd:1.5,StrandBias:-10.0,Multiplicity:1.00
0.100	0.100	0.700	0.100
0.100	0.100	0.700	0.100
0.700	0.100	0.100	0.100
0.100	0.100	0.700	0.100
0.100	0.700	0.100	0.100
0.100	0.100	0.100	0.700
0.100	0.100	0.700	0.100
0.100	0.100	0.100	0.700
0.100	0.100	0.100	0.700
0.100	0.100	0.100	0.700
