>WMCTTCTKGGMM	1-WMCTTCTKGGMM	10.988998	-17.345064	0	T:3.0(37.50%),B:2.0(0.08%),P:1e-7	Tpos:67.7,Tstd:27.8,Bpos:48.0,Bstd:38.0,StrandBias:-1.0,Multiplicity:1.00
0.539	0.001	0.001	0.459
0.539	0.459	0.001	0.001
0.079	0.919	0.001	0.001
0.001	0.001	0.001	0.997
0.001	0.001	0.001	0.997
0.001	0.997	0.001	0.001
0.001	0.001	0.001	0.997
0.001	0.001	0.459	0.539
0.001	0.001	0.997	0.001
0.001	0.001	0.997	0.001
0.539	0.459	0.001	0.001
0.459	0.539	0.001	0.001
>CAAGAMYGAAAK	2-CAAGAMYGAAAK	8.032900	-16.774468	0	T:5.0(62.50%),B:39.0(1.57%),P:1e-7	Tpos:67.2,Tstd:18.1,Bpos:47.5,Bstd:24.0,StrandBias:1.0,Multiplicity:1.20
0.162	0.675	0.162	0.001
0.828	0.170	0.001	0.001
0.837	0.001	0.001	0.161
0.001	0.001	0.997	0.001
0.513	0.001	0.324	0.162
0.343	0.486	0.009	0.162
0.162	0.343	0.171	0.324
0.162	0.162	0.667	0.009
0.837	0.161	0.001	0.001
0.513	0.001	0.324	0.162
0.997	0.001	0.001	0.001
0.001	0.001	0.513	0.485
>GCCWRAGGWYTM	3-GCCWRAGGWYTM	6.960195	-14.055284	0	T:3.0(37.50%),B:6.0(0.24%),P:1e-6	Tpos:35.7,Tstd:24.1,Bpos:46.5,Bstd:23.7,StrandBias:10.0,Multiplicity:1.00
0.001	0.001	0.997	0.001
0.001	0.997	0.001	0.001
0.079	0.919	0.001	0.001
0.528	0.011	0.001	0.460
0.539	0.001	0.459	0.001
0.931	0.001	0.001	0.067
0.001	0.001	0.997	0.001
0.001	0.067	0.931	0.001
0.459	0.001	0.001	0.539
0.001	0.459	0.001	0.539
0.001	0.001	0.001	0.997
0.459	0.539	0.001	0.001
>TTGTTAGCTGTT	4-TTGTTAGCTGTT	9.016301	-12.512919	0	T:4.0(50.00%),B:38.0(1.53%),P:1e-5	Tpos:49.6,Tstd:22.0,Bpos:53.5,Bstd:23.5,StrandBias:0.6,Multiplicity:1.25
0.001	0.001	0.314	0.684
0.001	0.001	0.001	0.997
0.001	0.001	0.629	0.369
0.001	0.001	0.314	0.684
0.001	0.314	0.001	0.684
0.684	0.001	0.001	0.314
0.369	0.001	0.629	0.001
0.314	0.684	0.001	0.001
0.314	0.001	0.001	0.684
0.001	0.001	0.997	0.001
0.001	0.314	0.001	0.684
0.001	0.314	0.001	0.684
>ACTGCCCASAGC	5-ACTGCCCASAGC	9.257830	-10.464604	0	T:3.0(37.50%),B:20.0(0.81%),P:1e-4	Tpos:29.7,Tstd:14.4,Bpos:51.0,Bstd:26.6,StrandBias:-1.0,Multiplicity:1.00
0.479	0.001	0.245	0.275
0.001	0.719	0.279	0.001
0.239	0.001	0.244	0.516
0.001	0.001	0.997	0.001
0.239	0.479	0.001	0.281
0.239	0.479	0.280	0.001
0.001	0.997	0.001	0.001
0.997	0.001	0.001	0.001
0.001	0.479	0.519	0.001
0.724	0.239	0.001	0.036
0.274	0.001	0.724	0.001
0.240	0.520	0.239	0.001
