>CWTGKGACMS	1-CWTGKGACMS	10.778717	-13.685298	0	T:3.0(6.25%),B:1.0(0.04%),P:1e-5	Tpos:52.4,Tstd:22.8,Bpos:30.0,Bstd:0.0,StrandBias:1.3,Multiplicity:2.33
0.001	0.997	0.001	0.001
0.555	0.001	0.001	0.443
0.003	0.009	0.001	0.987
0.001	0.001	0.997	0.001
0.049	0.001	0.444	0.506
0.003	0.001	0.993	0.003
0.946	0.003	0.050	0.001
0.001	0.899	0.050	0.050
0.552	0.444	0.001	0.003
0.001	0.443	0.555	0.001
>GAGCWMACAC	2-GAGCWMACAC	11.252211	-13.685298	0	T:3.0(6.25%),B:1.0(0.04%),P:1e-5	Tpos:43.5,Tstd:31.2,Bpos:0.0,Bstd:0.0,StrandBias:10.0,Multiplicity:1.33
0.366	0.001	0.632	0.001
0.997	0.001	0.001	0.001
0.367	0.043	0.589	0.001
0.001	0.997	0.001	0.001
0.494	0.001	0.001	0.504
0.494	0.504	0.001	0.001
0.968	0.001	0.030	0.001
0.001	0.997	0.001	0.001
0.956	0.001	0.001	0.042
0.043	0.882	0.074	0.001
>GCTCAGCAGA	3-GCTCAGCAGA	11.305587	-11.619536	0	T:3.0(6.25%),B:2.0(0.08%),P:1e-5	Tpos:52.0,Tstd:26.9,Bpos:24.5,Bstd:2.5,StrandBias:-1.0,Multiplicity:1.00
0.001	0.001	0.997	0.001
0.001	0.997	0.001	0.001
0.001	0.167	0.167	0.665
0.167	0.544	0.288	0.001
0.498	0.167	0.001	0.334
0.001	0.001	0.997	0.001
0.001	0.997	0.001	0.001
0.498	0.001	0.167	0.334
0.001	0.001	0.997	0.001
0.877	0.001	0.121	0.001
>AGATAGATAG	4-AGATAGATAG	2.065540	-4.068154	0	T:10.0(20.83%),B:243.0(9.86%),P:1e-1	Tpos:43.8,Tstd:24.1,Bpos:48.2,Bstd:25.9,StrandBias:2.2,Multiplicity:1.20
0.997	0.001	0.001	0.001
0.001	0.111	0.777	0.111
0.888	0.001	0.110	0.001
0.001	0.110	0.001	0.888
0.997	0.001	0.001	0.001
0.001	0.110	0.888	0.001
0.888	0.001	0.110	0.001
0.001	0.110	0.001	0.888
0.997	0.001	0.001	0.001
0.001	0.110	0.888	0.001
>CAGTGAGCAC	5-CAGTGAGCAC	13.456105	-3.948266	0	T:1.0(2.08%),B:1.0(0.04%),P:1e-1	Tpos:42.0,Tstd:18.8,Bpos:78.0,Bstd:0.0,StrandBias:-10.0,Multiplicity:3.00
0.001	0.997	0.001	0.001
0.997	0.001	0.001	0.001
0.001	0.001	0.997	0.001
0.001	0.001	0.001	0.997
0.001	0.001	0.997	0.001
0.997	0.001	0.001	0.001
0.001	0.001	0.997	0.001
0.001	0.684	0.001	0.314
0.997	0.001	0.001	0.001
0.001	0.997	0.001	0.001
>CTGTATCCAC	6-CTGTATCCAC	10.296193	-3.264610	0	T:1.0(2.08%),B:2.0(0.08%),P:1e-1	Tpos:42.5,Tstd:25.7,Bpos:15.0,Bstd:6.0,StrandBias:-10.0,Multiplicity:4.00
0.100	0.700	0.100	0.100
0.100	0.100	0.100	0.700
0.100	0.100	0.700	0.100
0.100	0.100	0.100	0.700
0.700	0.100	0.100	0.100
0.100	0.100	0.100	0.700
0.100	0.700	0.100	0.100
0.100	0.700	0.100	0.100
0.700	0.100	0.100	0.100
0.100	0.700	0.100	0.100
