>ATGAACTGAG	1-ATGAACTGAG	11.490573	-14.709564	0	T:4.0(8.33%),B:3.0(0.12%),P:1e-6	Tpos:40.8,Tstd:31.6,Bpos:46.0,Bstd:17.6,StrandBias:1.0,Multiplicity:1.50
0.997	0.001	0.001	0.001
0.001	0.001	0.199	0.799
0.001	0.001	0.997	0.001
0.599	0.200	0.001	0.200
0.997	0.001	0.001	0.001
0.001	0.997	0.001	0.001
0.001	0.001	0.001	0.997
0.001	0.199	0.799	0.001
0.997	0.001	0.001	0.001
0.001	0.001	0.997	0.001
>TCATGAGAAA	2-TCATGAGAAA	8.399742	-13.877822	0	T:7.0(14.58%),B:27.0(1.10%),P:1e-6	Tpos:58.0,Tstd:30.5,Bpos:57.0,Bstd:27.9,StrandBias:1.8,Multiplicity:1.29
0.001	0.159	0.001	0.839
0.167	0.831	0.001	0.001
0.839	0.159	0.001	0.001
0.001	0.001	0.167	0.831
0.320	0.001	0.519	0.160
0.997	0.001	0.001	0.001
0.160	0.168	0.671	0.001
0.997	0.001	0.001	0.001
0.831	0.160	0.008	0.001
0.679	0.160	0.160	0.001
>ATACCTGACT	3-ATACCTGACT	7.219167	-10.952816	0	T:6.0(12.50%),B:28.0(1.14%),P:1e-4	Tpos:43.4,Tstd:27.6,Bpos:46.0,Bstd:25.7,StrandBias:2.0,Multiplicity:1.67
0.815	0.001	0.183	0.001
0.184	0.001	0.043	0.772
0.956	0.042	0.001	0.001
0.001	0.997	0.001	0.001
0.001	0.958	0.001	0.040
0.001	0.001	0.001	0.997
0.001	0.233	0.765	0.001
0.997	0.001	0.001	0.001
0.001	0.765	0.001	0.233
0.001	0.042	0.001	0.956
>CTCCCTCCCT	4-CTCCCTCCCT	10.464196	-9.292647	0	T:4.0(8.33%),B:12.0(0.49%),P:1e-4	Tpos:56.4,Tstd:21.6,Bpos:42.2,Bstd:28.9,StrandBias:1.8,Multiplicity:1.50
0.409	0.589	0.001	0.001
0.001	0.001	0.001	0.997
0.001	0.997	0.001	0.001
0.001	0.997	0.001	0.001
0.001	0.997	0.001	0.001
0.409	0.001	0.001	0.589
0.001	0.997	0.001	0.001
0.001	0.794	0.204	0.001
0.001	0.997	0.001	0.001
0.001	0.001	0.001	0.997
>AAAAAAAAAA	5-AAAAAAAAAA	9.318979	-2.936298	0	T:2.0(4.17%),B:19.0(0.77%),P:1e-1	Tpos:70.5,Tstd:5.5,Bpos:44.9,Bstd:29.3,StrandBias:10.0,Multiplicity:1.00
0.722	0.002	0.274	0.002
0.667	0.114	0.164	0.055
0.833	0.002	0.055	0.110
0.723	0.057	0.110	0.110
0.778	0.055	0.112	0.055
0.725	0.110	0.110	0.055
0.723	0.057	0.110	0.110
0.557	0.166	0.222	0.055
0.560	0.164	0.112	0.164
0.723	0.112	0.164	0.001
