>RCGCGCGTKA	1-RCGCGCGTKA	9.700206	-16.104310	0	T:4.0(4.94%),B:75.0(0.05%),P:1e-6	Tpos:41.8,Tstd:30.8,Bpos:43.9,Bstd:23.4,StrandBias:2.0,Multiplicity:1.25
0.544	0.001	0.454	0.001
0.001	0.997	0.001	0.001
0.001	0.001	0.997	0.001
0.001	0.997	0.001	0.001
0.001	0.001	0.727	0.271
0.001	0.727	0.271	0.001
0.001	0.001	0.997	0.001
0.271	0.001	0.001	0.727
0.001	0.001	0.454	0.544
0.997	0.001	0.001	0.001
>GAGTGCGTAC	2-GAGTGCGTAC	10.296193	-7.522821	0	T:1.0(1.23%),B:1.0(0.00%),P:1e-3	Tpos:10.0,Tstd:0.0,Bpos:62.0,Bstd:0.0,StrandBias:10.0,Multiplicity:1.00
0.100	0.100	0.700	0.100
0.700	0.100	0.100	0.100
0.100	0.100	0.700	0.100
0.100	0.100	0.100	0.700
0.100	0.100	0.700	0.100
0.100	0.700	0.100	0.100
0.100	0.100	0.700	0.100
0.100	0.100	0.100	0.700
0.700	0.100	0.100	0.100
0.100	0.700	0.100	0.100
>CGAGGCGAAT	3-CGAGGCGAAT	10.296193	-6.829941	0	T:1.0(1.23%),B:2.0(0.00%),P:1e-2	Tpos:14.0,Tstd:0.0,Bpos:55.5,Bstd:9.5,StrandBias:10.0,Multiplicity:1.00
0.100	0.700	0.100	0.100
0.100	0.100	0.700	0.100
0.700	0.100	0.100	0.100
0.100	0.100	0.700	0.100
0.100	0.100	0.700	0.100
0.100	0.700	0.100	0.100
0.100	0.100	0.700	0.100
0.700	0.100	0.100	0.100
0.700	0.100	0.100	0.100
0.100	0.100	0.100	0.700
>TAGGCTACGA	4-TAGGCTACGA	10.296193	-6.829941	0	T:1.0(1.23%),B:2.0(0.00%),P:1e-2	Tpos:83.0,Tstd:0.0,Bpos:66.5,Bstd:7.5,StrandBias:10.0,Multiplicity:1.00
0.100	0.100	0.100	0.700
0.700	0.100	0.100	0.100
0.100	0.100	0.700	0.100
0.100	0.100	0.700	0.100
0.100	0.700	0.100	0.100
0.100	0.100	0.100	0.700
0.700	0.100	0.100	0.100
0.100	0.700	0.100	0.100
0.100	0.100	0.700	0.100
0.700	0.100	0.100	0.100
>TTTTTTTTTT	5-TTTTTTTTTT	9.987669	-1.692869	0	T:4.0(4.94%),B:4120.0(2.75%),P:1e0	Tpos:36.5,Tstd:24.3,Bpos:51.3,Bstd:25.5,StrandBias:-1.0,Multiplicity:3.25
0.001	0.001	0.001	0.997
0.001	0.001	0.022	0.976
0.001	0.001	0.358	0.640
0.001	0.001	0.302	0.696
0.001	0.001	0.314	0.684
0.001	0.001	0.001	0.997
0.001	0.001	0.089	0.909
0.001	0.001	0.292	0.706
0.001	0.001	0.368	0.630
0.001	0.001	0.313	0.685
