>ATCACTAG	1-ATCACTAG	6.612698	-18.554363	0	T:17.0(20.99%),B:5682.0(3.79%),P:1e-8	Tpos:54.2,Tstd:25.8,Bpos:50.3,Bstd:26.1,StrandBias:-0.5,Multiplicity:1.00
0.845	0.070	0.001	0.084
0.001	0.048	0.069	0.882
0.001	0.891	0.107	0.001
0.997	0.001	0.001	0.001
0.001	0.997	0.001	0.001
0.076	0.069	0.001	0.854
0.859	0.001	0.050	0.090
0.001	0.001	0.762	0.236
>TGTAAAAG	2-TGTAAAAG	6.943584	-16.676364	0	T:17.0(20.99%),B:6469.0(4.32%),P:1e-7	Tpos:54.4,Tstd:25.3,Bpos:49.9,Bstd:26.9,StrandBias:-0.5,Multiplicity:1.24
0.001	0.001	0.077	0.921
0.001	0.001	0.820	0.178
0.001	0.057	0.039	0.903
0.874	0.001	0.124	0.001
0.849	0.001	0.149	0.001
0.855	0.080	0.064	0.001
0.926	0.001	0.072	0.001
0.001	0.001	0.914	0.084
>GCAAGACA	3-GCAAGACA	7.688502	-11.612009	0	T:12.0(14.81%),B:4725.0(3.15%),P:1e-5	Tpos:54.3,Tstd:32.3,Bpos:50.1,Bstd:27.2,StrandBias:-0.8,Multiplicity:1.17
0.141	0.001	0.857	0.001
0.089	0.909	0.001	0.001
0.889	0.109	0.001	0.001
0.997	0.001	0.001	0.001
0.092	0.001	0.906	0.001
0.814	0.001	0.001	0.184
0.001	0.805	0.001	0.193
0.830	0.001	0.001	0.168
>AGGTAATG	4-AGGTAATG	5.283633	-9.036679	0	T:21.0(25.93%),B:16305.0(10.89%),P:1e-3	Tpos:47.2,Tstd:29.9,Bpos:49.9,Bstd:27.3,StrandBias:-0.2,Multiplicity:1.24
0.697	0.103	0.124	0.076
0.168	0.001	0.750	0.081
0.106	0.015	0.773	0.106
0.079	0.023	0.049	0.849
0.854	0.013	0.018	0.115
0.679	0.036	0.164	0.121
0.179	0.072	0.001	0.748
0.085	0.057	0.670	0.188
>GCTGTATA	5-GCTGTATA	5.677350	-7.704800	0	T:9.0(11.11%),B:4198.0(2.80%),P:1e-3	Tpos:54.2,Tstd:24.5,Bpos:50.2,Bstd:27.3,StrandBias:-0.8,Multiplicity:1.22
0.059	0.146	0.578	0.217
0.102	0.584	0.116	0.198
0.101	0.001	0.053	0.845
0.087	0.243	0.571	0.099
0.114	0.117	0.175	0.594
0.724	0.102	0.047	0.127
0.048	0.173	0.204	0.575
0.562	0.207	0.086	0.145
