>CTAACTTACA	1-CTAACTTACA	13.588722	-24.742035	0	T:4.0(8.51%),B:15.3(0.01%),P:1e-10,FDR:0.4	Tpos:62.0,Tstd:25.2,Bpos:56.9,Bstd:25.8,StrandBias:-10.0,Multiplicity:1.25
0.001	0.997	0.001	0.001
0.001	0.001	0.001	0.997
0.997	0.001	0.001	0.001
0.997	0.001	0.001	0.001
0.001	0.997	0.001	0.001
0.001	0.001	0.001	0.997
0.001	0.001	0.001	0.997
0.997	0.001	0.001	0.001
0.001	0.781	0.001	0.217
0.997	0.001	0.001	0.001
>GGTTGTCTCA	2-GGTTGTCTCA	11.517979	-18.949970	0	T:4.0(8.51%),B:64.5(0.04%),P:1e-8,FDR:0.4	Tpos:43.2,Tstd:30.8,Bpos:44.9,Bstd:36.0,StrandBias:10.0,Multiplicity:1.25
0.001	0.001	0.997	0.001
0.001	0.001	0.853	0.145
0.001	0.001	0.163	0.835
0.001	0.001	0.001	0.997
0.001	0.001	0.997	0.001
0.001	0.001	0.001	0.997
0.001	0.997	0.001	0.001
0.001	0.001	0.001	0.997
0.178	0.820	0.001	0.001
0.856	0.001	0.001	0.142
>CAGGCAGAGT	3-CAGGCAGAGT	10.296193	-15.562731	0	T:4.0(8.51%),B:150.5(0.10%),P:1e-6,FDR:0.4	Tpos:40.4,Tstd:24.8,Bpos:52.0,Bstd:39.3,StrandBias:-10.0,Multiplicity:2.00
0.100	0.700	0.100	0.100
0.700	0.100	0.100	0.100
0.100	0.100	0.700	0.100
0.100	0.100	0.700	0.100
0.100	0.700	0.100	0.100
0.700	0.100	0.100	0.100
0.100	0.100	0.700	0.100
0.700	0.100	0.100	0.100
0.100	0.100	0.700	0.100
0.100	0.100	0.100	0.700
>TTGCCATGGC	4-TTGCCATGGC	8.768347	-12.860250	0	T:7.0(14.89%),B:1956.8(1.31%),P:1e-5,FDR:0.4	Tpos:42.0,Tstd:18.1,Bpos:51.2,Bstd:34.1,StrandBias:0.0,Multiplicity:1.00
0.001	0.001	0.001	0.997
0.187	0.154	0.182	0.476
0.143	0.298	0.558	0.001
0.001	0.817	0.001	0.181
0.001	0.842	0.001	0.156
0.850	0.148	0.001	0.001
0.001	0.001	0.119	0.879
0.007	0.001	0.991	0.001
0.187	0.179	0.633	0.001
0.001	0.993	0.001	0.005
>TAAAAAAAAA	5-TAAAAAAAAA	11.374814	-7.942922	0	T:3.0(6.38%),B:432.3(0.29%),P:1e-3,FDR:0.72	Tpos:58.0,Tstd:22.7,Bpos:56.2,Bstd:30.6,StrandBias:2.8,Multiplicity:1.00
0.364	0.113	0.001	0.522
0.587	0.146	0.163	0.104
0.997	0.001	0.001	0.001
0.997	0.001	0.001	0.001
0.997	0.001	0.001	0.001
0.997	0.001	0.001	0.001
0.997	0.001	0.001	0.001
0.997	0.001	0.001	0.001
0.997	0.001	0.001	0.001
0.997	0.001	0.001	0.001
>GGACAGGCTA	6-GGACAGGCTA	11.637216	-6.976264	0	T:2.0(4.26%),B:142.0(0.09%),P:1e-3,FDR:1	Tpos:54.4,Tstd:29.5,Bpos:48.7,Bstd:35.3,StrandBias:-10.0,Multiplicity:3.50
0.132	0.001	0.866	0.001
0.001	0.001	0.997	0.001
0.997	0.001	0.001	0.001
0.001	0.997	0.001	0.001
0.997	0.001	0.001	0.001
0.001	0.001	0.997	0.001
0.160	0.001	0.838	0.001
0.001	0.997	0.001	0.001
0.001	0.001	0.001	0.997
0.997	0.001	0.001	0.001
>CGACCTCTAA	7-CGACCTCTAA	13.553539	-6.679766	0	T:1.0(2.13%),B:4.7(0.00%),P:1e-2,FDR:1	Tpos:62.8,Tstd:23.8,Bpos:74.0,Bstd:17.1,StrandBias:-10.0,Multiplicity:4.00
0.001	0.997	0.001	0.001
0.001	0.001	0.997	0.001
0.997	0.001	0.001	0.001
0.001	0.997	0.001	0.001
0.001	0.997	0.001	0.001
0.001	0.001	0.001	0.997
0.001	0.997	0.001	0.001
0.001	0.001	0.001	0.997
0.997	0.001	0.001	0.001
0.754	0.001	0.001	0.244
>CCTAACCCTA	8-CCTAACCCTA	13.560382	-3.409028	0	T:1.0(2.13%),B:107.0(0.07%),P:1e-1,FDR:1	Tpos:60.2,Tstd:18.6,Bpos:52.7,Bstd:58.9,StrandBias:-10.0,Multiplicity:4.00
0.001	0.997	0.001	0.001
0.001	0.997	0.001	0.001
0.001	0.001	0.001	0.997
0.997	0.001	0.001	0.001
0.997	0.001	0.001	0.001
0.001	0.997	0.001	0.001
0.001	0.997	0.001	0.001
0.001	0.870	0.001	0.128
0.128	0.001	0.001	0.870
0.997	0.001	0.001	0.001
>TAAGTTAGGAAG	1-TAAGTTAGGAAG	15.913954	-31.177027	0	T:4.0(8.51%),B:3.5(0.00%),P:1e-13,FDR:0.2	Tpos:65.2,Tstd:24.6,Bpos:32.0,Bstd:0.0,StrandBias:10.0,Multiplicity:1.25
0.001	0.001	0.001	0.997
0.997	0.001	0.001	0.001
0.997	0.001	0.001	0.001
0.001	0.001	0.997	0.001
0.001	0.001	0.001	0.997
0.001	0.001	0.001	0.997
0.997	0.001	0.001	0.001
0.147	0.001	0.851	0.001
0.155	0.001	0.843	0.001
0.997	0.001	0.001	0.001
0.696	0.001	0.156	0.147
0.001	0.001	0.997	0.001
>GGCAGAGTATGA	2-GGCAGAGTATGA	14.315695	-29.449964	0	T:5.0(10.64%),B:24.8(0.02%),P:1e-12,FDR:0.2	Tpos:40.1,Tstd:23.4,Bpos:37.0,Bstd:33.7,StrandBias:-2.6,Multiplicity:1.40
0.001	0.001	0.997	0.001
0.001	0.001	0.997	0.001
0.001	0.997	0.001	0.001
0.997	0.001	0.001	0.001
0.001	0.001	0.997	0.001
0.798	0.001	0.200	0.001
0.001	0.001	0.997	0.001
0.001	0.001	0.001	0.997
0.646	0.001	0.161	0.192
0.001	0.001	0.001	0.997
0.001	0.001	0.786	0.212
0.997	0.001	0.001	0.001
>CCCAGGGTTGTC	3-CCCAGGGTTGTC	12.442292	-27.878825	0	T:6.0(12.77%),B:97.4(0.07%),P:1e-12,FDR:0.2	Tpos:56.3,Tstd:25.3,Bpos:54.6,Bstd:37.4,StrandBias:2.6,Multiplicity:1.17
0.001	0.997	0.001	0.001
0.001	0.695	0.001	0.303
0.001	0.997	0.001	0.001
0.695	0.001	0.001	0.303
0.001	0.001	0.997	0.001
0.001	0.001	0.714	0.284
0.001	0.001	0.985	0.013
0.001	0.001	0.373	0.625
0.001	0.001	0.001	0.997
0.001	0.001	0.714	0.284
0.359	0.001	0.001	0.639
0.001	0.997	0.001	0.001
>DKGHKDKDGYYA	4-DKGHKDKDGYYA	6.724970	-9.335000	0	T:10.0(21.28%),B:7445.1(4.98%),P:1e-4,FDR:0.75	Tpos:38.6,Tstd:24.8,Bpos:49.4,Bstd:39.9,StrandBias:-0.6,Multiplicity:1.40
0.351	0.001	0.282	0.366
0.104	0.179	0.382	0.335
0.004	0.187	0.554	0.255
0.206	0.277	0.164	0.352
0.190	0.175	0.348	0.287
0.394	0.001	0.319	0.286
0.083	0.081	0.488	0.349
0.300	0.001	0.362	0.337
0.001	0.001	0.997	0.001
0.102	0.435	0.001	0.461
0.001	0.497	0.001	0.501
0.997	0.001	0.001	0.001
>CTCTAGCCTGTC	5-CTCTAGCCTGTC	16.422158	-8.065599	0	T:1.0(2.13%),B:0.7(0.00%),P:1e-3,FDR:0.84	Tpos:50.2,Tstd:31.5,Bpos:67.9,Bstd:6.4,StrandBias:10.0,Multiplicity:5.00
0.001	0.997	0.001	0.001
0.001	0.001	0.001	0.997
0.001	0.997	0.001	0.001
0.001	0.001	0.001	0.997
0.997	0.001	0.001	0.001
0.001	0.001	0.997	0.001
0.001	0.835	0.001	0.163
0.001	0.997	0.001	0.001
0.001	0.001	0.001	0.997
0.001	0.001	0.997	0.001
0.001	0.001	0.001	0.997
0.001	0.997	0.001	0.001
>CTCAGCGACCTC	6-CTCAGCGACCTC	12.355432	-8.065599	0	T:1.0(2.13%),B:1.1(0.00%),P:1e-3,FDR:0.84	Tpos:45.5,Tstd:23.5,Bpos:33.1,Bstd:12.6,StrandBias:-10.0,Multiplicity:4.00
0.100	0.700	0.100	0.100
0.100	0.100	0.100	0.700
0.100	0.700	0.100	0.100
0.700	0.100	0.100	0.100
0.100	0.100	0.700	0.100
0.100	0.700	0.100	0.100
0.100	0.100	0.700	0.100
0.700	0.100	0.100	0.100
0.100	0.700	0.100	0.100
0.100	0.700	0.100	0.100
0.100	0.100	0.100	0.700
0.100	0.700	0.100	0.100
>TTTTTTTTTTTT	7-TTTTTTTTTTTT	14.609026	-6.739574	0	T:2.0(4.26%),B:159.7(0.11%),P:1e-2,FDR:1	Tpos:66.5,Tstd:10.5,Bpos:59.8,Bstd:28.2,StrandBias:-10.0,Multiplicity:1.00
0.001	0.269	0.001	0.729
0.001	0.344	0.001	0.654
0.001	0.001	0.001	0.997
0.001	0.001	0.001	0.997
0.001	0.001	0.001	0.997
0.001	0.001	0.001	0.997
0.001	0.001	0.001	0.997
0.001	0.001	0.001	0.997
0.001	0.001	0.001	0.997
0.305	0.001	0.001	0.693
0.322	0.001	0.021	0.656
0.360	0.001	0.018	0.621
>GTTGGTTAAGGT	8-GTTGGTTAAGGT	10.455697	-6.147296	0	T:2.0(4.26%),B:215.8(0.14%),P:1e-2,FDR:1	Tpos:52.6,Tstd:18.2,Bpos:45.5,Bstd:41.2,StrandBias:10.0,Multiplicity:2.50
0.001	0.001	0.652	0.346
0.319	0.001	0.001	0.679
0.346	0.001	0.001	0.652
0.333	0.001	0.660	0.006
0.001	0.001	0.997	0.001
0.001	0.001	0.346	0.652
0.001	0.001	0.001	0.997
0.652	0.001	0.001	0.346
0.666	0.001	0.332	0.001
0.001	0.001	0.679	0.319
0.319	0.001	0.679	0.001
0.001	0.001	0.332	0.666
>CCCCCGGG	1-CCCCCGGG	6.909724	-13.958903	0	T:11.0(23.40%),B:5514.0(3.69%),P:1e-6,FDR:1	Tpos:63.1,Tstd:25.2,Bpos:49.6,Bstd:37.3,StrandBias:0.4,Multiplicity:1.09
0.241	0.548	0.117	0.094
0.002	0.804	0.193	0.001
0.043	0.902	0.040	0.015
0.061	0.881	0.001	0.057
0.159	0.576	0.087	0.178
0.158	0.127	0.638	0.077
0.109	0.001	0.867	0.023
0.083	0.061	0.799	0.057
>TGAGACAA	2-TGAGACAA	5.489822	-13.373855	0	T:15.0(31.91%),B:11633.0(7.78%),P:1e-5,FDR:1	Tpos:46.4,Tstd:28.0,Bpos:50.1,Bstd:36.1,StrandBias:-0.4,Multiplicity:1.33
0.027	0.001	0.001	0.971
0.001	0.001	0.839	0.159
0.629	0.001	0.185	0.185
0.001	0.119	0.879	0.001
0.859	0.001	0.139	0.001
0.001	0.997	0.001	0.001
0.987	0.001	0.001	0.011
0.871	0.001	0.001	0.127
>CTCTAGCC	3-CTCTAGCC	6.663214	-12.060028	0	T:10.0(21.28%),B:5409.7(3.62%),P:1e-5,FDR:1	Tpos:47.9,Tstd:27.6,Bpos:49.5,Bstd:39.2,StrandBias:0.9,Multiplicity:1.70
0.103	0.830	0.066	0.001
0.001	0.146	0.001	0.852
0.001	0.876	0.122	0.001
0.001	0.001	0.001	0.997
0.997	0.001	0.001	0.001
0.001	0.001	0.997	0.001
0.001	0.918	0.001	0.080
0.001	0.997	0.001	0.001
>TAASTTAG	4-TAASTTAG	7.468486	-11.021808	0	T:7.0(14.89%),B:2599.2(1.74%),P:1e-4,FDR:1	Tpos:57.1,Tstd:25.0,Bpos:51.1,Bstd:41.3,StrandBias:-0.2,Multiplicity:1.86
0.048	0.001	0.001	0.950
0.949	0.001	0.001	0.049
0.997	0.001	0.001	0.001
0.129	0.413	0.391	0.067
0.001	0.292	0.001	0.706
0.001	0.064	0.049	0.886
0.950	0.001	0.048	0.001
0.293	0.184	0.453	0.070
>GGCAGAGT	5-GGCAGAGT	8.236954	-10.415585	0	T:5.0(10.64%),B:1138.3(0.76%),P:1e-4,FDR:1	Tpos:44.9,Tstd:28.1,Bpos:49.7,Bstd:38.0,StrandBias:-10.0,Multiplicity:1.80
0.100	0.100	0.700	0.100
0.100	0.100	0.700	0.100
0.100	0.700	0.100	0.100
0.700	0.100	0.100	0.100
0.100	0.100	0.700	0.100
0.700	0.100	0.100	0.100
0.100	0.100	0.700	0.100
0.100	0.100	0.100	0.700
>AGAVGHCG	6-AGAVGHCG	8.357962	-6.348661	0	T:2.0(4.26%),B:194.1(0.13%),P:1e-2,FDR:1	Tpos:54.0,Tstd:27.4,Bpos:47.2,Bstd:22.2,StrandBias:2.3,Multiplicity:3.00
0.997	0.001	0.001	0.001
0.001	0.001	0.997	0.001
0.737	0.001	0.261	0.001
0.294	0.356	0.349	0.001
0.001	0.293	0.705	0.001
0.262	0.356	0.001	0.381
0.001	0.997	0.001	0.001
0.001	0.001	0.997	0.001
>ACTGGACA	7-ACTGGACA	8.940691	-5.233117	0	T:3.0(6.38%),B:1121.4(0.75%),P:1e-2,FDR:1	Tpos:48.2,Tstd:26.7,Bpos:49.2,Bstd:36.3,StrandBias:-2.8,Multiplicity:2.67
0.997	0.001	0.001	0.001
0.119	0.879	0.001	0.001
0.001	0.001	0.001	0.997
0.001	0.001	0.997	0.001
0.001	0.001	0.997	0.001
0.997	0.001	0.001	0.001
0.001	0.997	0.001	0.001
0.997	0.001	0.001	0.001
>AAAAAAAR	8-AAAAAAAR	9.937502	-4.117560	0	T:3.0(6.38%),B:1695.3(1.13%),P:1e-1,FDR:1	Tpos:63.0,Tstd:20.1,Bpos:52.8,Bstd:34.2,StrandBias:3.6,Multiplicity:1.00
0.980	0.001	0.001	0.018
0.997	0.001	0.001	0.001
0.997	0.001	0.001	0.001
0.997	0.001	0.001	0.001
0.997	0.001	0.001	0.001
0.997	0.001	0.001	0.001
0.745	0.001	0.253	0.001
0.439	0.001	0.559	0.001
