>CTASAGAY	1-CTASAGAY	6.562109	-17.405812	0	T:12.0(20.00%),B:78.0(2.50%),P:1e-7	Tpos:52.9,Tstd:31.2,Bpos:49.0,Bstd:28.2,StrandBias:1.6,Multiplicity:1.00
0.001	0.699	0.299	0.001
0.186	0.168	0.091	0.555
0.558	0.232	0.001	0.209
0.126	0.382	0.324	0.168
0.911	0.001	0.001	0.087
0.147	0.001	0.848	0.004
0.993	0.005	0.001	0.001
0.090	0.398	0.048	0.464
>ATGAAAAA	2-ATGAAAAA	6.970716	-12.747970	0	T:13.0(21.67%),B:144.0(4.62%),P:1e-5	Tpos:49.3,Tstd:28.9,Bpos:55.2,Bstd:27.7,StrandBias:0.0,Multiplicity:1.38
0.810	0.066	0.069	0.055
0.033	0.001	0.042	0.924
0.080	0.001	0.918	0.001
0.997	0.001	0.001	0.001
0.942	0.001	0.056	0.001
0.720	0.001	0.199	0.080
0.855	0.045	0.001	0.099
0.900	0.001	0.001	0.098
>STCTYTTG	3-STCTYTTG	6.817462	-12.212363	0	T:16.0(26.67%),B:230.0(7.38%),P:1e-5	Tpos:55.5,Tstd:25.2,Bpos:49.6,Bstd:25.5,StrandBias:0.0,Multiplicity:1.14
0.001	0.422	0.453	0.124
0.001	0.160	0.001	0.838
0.007	0.762	0.111	0.120
0.131	0.001	0.001	0.867
0.001	0.472	0.001	0.526
0.062	0.001	0.001	0.936
0.185	0.153	0.001	0.661
0.001	0.001	0.997	0.001
>GATCTGAT	4-GATCTGAT	9.957625	-11.720248	0	T:5.0(8.33%),B:14.0(0.45%),P:1e-5	Tpos:59.4,Tstd:20.5,Bpos:40.9,Bstd:27.7,StrandBias:2.0,Multiplicity:1.00
0.001	0.001	0.997	0.001
0.997	0.001	0.001	0.001
0.001	0.329	0.001	0.669
0.001	0.997	0.001	0.001
0.001	0.001	0.001	0.997
0.001	0.001	0.997	0.001
0.997	0.001	0.001	0.001
0.001	0.001	0.001	0.997
>CAATTGTT	5-CAATTGTT	9.555195	-3.950185	0	T:2.0(3.33%),B:11.0(0.35%),P:1e-1	Tpos:40.8,Tstd:15.5,Bpos:49.6,Bstd:26.8,StrandBias:0.6,Multiplicity:1.50
0.001	0.997	0.001	0.001
0.997	0.001	0.001	0.001
0.997	0.001	0.001	0.001
0.001	0.001	0.001	0.997
0.001	0.001	0.001	0.997
0.001	0.001	0.997	0.001
0.169	0.001	0.220	0.610
0.001	0.001	0.001	0.997
