>MCSTCACWGGAA	1-MCSTCACWGGAA	9.750187	-22.103456	0	T:7.0(11.67%),B:8.0(0.26%),P:1e-9	Tpos:43.6,Tstd:33.4,Bpos:49.4,Bstd:28.1,StrandBias:-1.3,Multiplicity:1.00
0.428	0.380	0.001	0.190
0.001	0.997	0.001	0.001
0.190	0.396	0.412	0.001
0.001	0.189	0.001	0.809
0.189	0.809	0.001	0.001
0.809	0.001	0.189	0.001
0.001	0.809	0.001	0.189
0.428	0.001	0.001	0.570
0.001	0.001	0.997	0.001
0.001	0.190	0.619	0.190
0.997	0.001	0.001	0.001
0.983	0.015	0.001	0.001
>AAATGTGTAVTT	2-AAATGTGTAVTT	9.139582	-18.967422	0	T:6.0(10.00%),B:7.0(0.22%),P:1e-8	Tpos:70.7,Tstd:21.9,Bpos:54.4,Bstd:23.3,StrandBias:2.3,Multiplicity:1.00
0.997	0.001	0.001	0.001
0.691	0.307	0.001	0.001
0.691	0.001	0.001	0.307
0.001	0.001	0.307	0.691
0.001	0.307	0.691	0.001
0.001	0.001	0.001	0.997
0.001	0.001	0.973	0.025
0.001	0.001	0.001	0.997
0.667	0.307	0.025	0.001
0.307	0.385	0.307	0.001
0.001	0.384	0.001	0.614
0.001	0.001	0.001	0.997
>TSYCTYCWGSST	3-TSYCTYCWGSST	9.526719	-17.837223	0	T:5.0(8.33%),B:4.0(0.13%),P:1e-7	Tpos:49.6,Tstd:25.2,Bpos:22.2,Bstd:16.5,StrandBias:0.6,Multiplicity:1.00
0.001	0.001	0.034	0.964
0.034	0.444	0.521	0.001
0.001	0.555	0.001	0.443
0.007	0.958	0.001	0.034
0.001	0.001	0.001	0.997
0.001	0.443	0.001	0.555
0.034	0.961	0.004	0.001
0.555	0.001	0.001	0.443
0.034	0.001	0.961	0.004
0.001	0.443	0.555	0.001
0.001	0.551	0.444	0.004
0.001	0.001	0.003	0.995
>GCTATACTTGTT	4-GCTATACTTGTT	8.390682	-8.622915	0	T:2.0(3.33%),B:0.0(0.00%),P:1e-3	Tpos:69.2,Tstd:17.0,Bpos:0.0,Bstd:0.0,StrandBias:2.0,Multiplicity:2.50
0.089	0.001	0.909	0.001
0.001	0.798	0.001	0.200
0.001	0.001	0.001	0.997
0.798	0.001	0.200	0.001
0.001	0.189	0.001	0.809
0.997	0.001	0.001	0.001
0.001	0.997	0.001	0.001
0.001	0.001	0.001	0.997
0.001	0.001	0.001	0.997
0.001	0.001	0.997	0.001
0.001	0.089	0.001	0.909
0.001	0.010	0.001	0.988
>TGATHHDCTGAG	5-TGATHHDCTGAG	10.680447	-8.400161	0	T:3.0(5.00%),B:6.0(0.19%),P:1e-3	Tpos:49.5,Tstd:24.3,Bpos:40.1,Bstd:13.7,StrandBias:10.0,Multiplicity:2.00
0.001	0.001	0.001	0.997
0.001	0.001	0.657	0.341
0.931	0.001	0.034	0.034
0.001	0.001	0.001	0.997
0.307	0.307	0.001	0.385
0.308	0.308	0.034	0.351
0.307	0.001	0.307	0.385
0.001	0.691	0.001	0.307
0.001	0.001	0.001	0.997
0.001	0.001	0.691	0.307
0.997	0.001	0.001	0.001
0.001	0.001	0.997	0.001
