>GCATTCCTAG	1-GCATTCCTAG	11.873576	-19.095553	0	T:4.0(6.67%),B:1.0(0.03%),P:1e-8	Tpos:48.0,Tstd:19.1,Bpos:51.0,Bstd:0.0,StrandBias:2.0,Multiplicity:1.25
0.001	0.001	0.997	0.001
0.001	0.997	0.001	0.001
0.749	0.001	0.001	0.249
0.001	0.001	0.001	0.997
0.001	0.001	0.001	0.997
0.001	0.997	0.001	0.001
0.001	0.749	0.001	0.249
0.001	0.001	0.001	0.997
0.749	0.001	0.001	0.249
0.001	0.001	0.997	0.001
>AACATTCTAT	2-AACATTCTAT	9.610647	-17.489226	0	T:6.0(10.00%),B:9.0(0.29%),P:1e-7	Tpos:49.0,Tstd:13.0,Bpos:47.3,Bstd:20.8,StrandBias:-1.0,Multiplicity:1.00
0.997	0.001	0.001	0.001
0.997	0.001	0.001	0.001
0.001	0.997	0.001	0.001
0.997	0.001	0.001	0.001
0.001	0.260	0.001	0.738
0.001	0.001	0.001	0.997
0.001	0.997	0.001	0.001
0.001	0.260	0.001	0.738
0.783	0.001	0.215	0.001
0.001	0.001	0.001	0.997
>AAACCAAGAG	3-AAACCAAGAG	8.604256	-17.264655	0	T:9.0(15.00%),B:36.0(1.15%),P:1e-7	Tpos:53.6,Tstd:27.8,Bpos:57.5,Bstd:24.9,StrandBias:1.4,Multiplicity:1.22
0.800	0.079	0.001	0.120
0.879	0.001	0.119	0.001
0.680	0.199	0.120	0.001
0.001	0.868	0.126	0.005
0.053	0.826	0.001	0.120
0.997	0.001	0.001	0.001
0.519	0.001	0.120	0.360
0.120	0.246	0.633	0.001
0.997	0.001	0.001	0.001
0.126	0.001	0.823	0.050
>TCTTGTTGAT	4-TCTTGTTGAT	10.296193	-16.337330	0	T:4.0(6.67%),B:2.0(0.06%),P:1e-7	Tpos:76.2,Tstd:10.1,Bpos:64.0,Bstd:5.0,StrandBias:-10.0,Multiplicity:1.00
0.100	0.100	0.100	0.700
0.100	0.700	0.100	0.100
0.100	0.100	0.100	0.700
0.100	0.100	0.100	0.700
0.100	0.100	0.700	0.100
0.100	0.100	0.100	0.700
0.100	0.100	0.100	0.700
0.100	0.100	0.700	0.100
0.700	0.100	0.100	0.100
0.100	0.100	0.100	0.700
>TSGGWAGKCS	5-TSGGWAGKCS	10.854159	-11.641284	0	T:3.0(5.00%),B:2.0(0.06%),P:1e-5	Tpos:60.2,Tstd:32.3,Bpos:65.0,Bstd:3.0,StrandBias:-0.6,Multiplicity:1.67
0.001	0.001	0.001	0.997
0.001	0.443	0.555	0.001
0.001	0.001	0.997	0.001
0.001	0.001	0.997	0.001
0.555	0.001	0.001	0.443
0.909	0.001	0.001	0.089
0.001	0.001	0.909	0.089
0.001	0.001	0.555	0.443
0.001	0.997	0.001	0.001
0.001	0.555	0.443	0.001
