>KTTATCWGMASS	1-KTTATCWGMASS	8.876060	-19.260937	0	T:5.0(8.33%),B:3.0(0.10%),P:1e-8	Tpos:58.1,Tstd:19.8,Bpos:49.0,Bstd:31.6,StrandBias:0.0,Multiplicity:1.60
0.001	0.001	0.496	0.502
0.001	0.001	0.001	0.997
0.106	0.003	0.001	0.890
0.890	0.108	0.001	0.001
0.001	0.001	0.001	0.997
0.001	0.997	0.001	0.001
0.555	0.001	0.001	0.443
0.001	0.001	0.997	0.001
0.502	0.496	0.001	0.001
0.997	0.001	0.001	0.001
0.001	0.444	0.552	0.003
0.001	0.496	0.502	0.001
>GTCTATTTCATT	2-GTCTATTTCATT	10.604096	-13.707024	0	T:3.0(5.00%),B:1.0(0.03%),P:1e-5	Tpos:60.8,Tstd:17.3,Bpos:14.0,Bstd:0.0,StrandBias:1.6,Multiplicity:1.33
0.066	0.001	0.932	0.001
0.001	0.001	0.001	0.997
0.001	0.997	0.001	0.001
0.001	0.001	0.001	0.997
0.798	0.001	0.001	0.200
0.001	0.001	0.001	0.997
0.001	0.001	0.001	0.997
0.200	0.001	0.001	0.798
0.001	0.997	0.001	0.001
0.932	0.001	0.001	0.066
0.001	0.001	0.001	0.997
0.001	0.001	0.001	0.997
>TRCTGARAGCAT	3-TRCTGARAGCAT	9.731376	-12.882032	0	T:5.0(8.33%),B:11.0(0.35%),P:1e-5	Tpos:42.6,Tstd:29.0,Bpos:53.2,Bstd:31.7,StrandBias:0.7,Multiplicity:1.60
0.001	0.001	0.001	0.997
0.555	0.001	0.443	0.001
0.001	0.997	0.001	0.001
0.001	0.001	0.001	0.997
0.001	0.001	0.997	0.001
0.997	0.001	0.001	0.001
0.443	0.001	0.555	0.001
0.997	0.001	0.001	0.001
0.031	0.001	0.967	0.001
0.001	0.887	0.001	0.111
0.997	0.001	0.001	0.001
0.001	0.001	0.031	0.967
>AACAATTGTTGW	4-AACAATTGTTGW	10.971523	-12.715235	0	T:4.0(6.67%),B:5.0(0.16%),P:1e-5	Tpos:70.0,Tstd:32.4,Bpos:47.2,Bstd:22.2,StrandBias:0.0,Multiplicity:1.00
0.997	0.001	0.001	0.001
0.997	0.001	0.001	0.001
0.189	0.809	0.001	0.001
0.997	0.001	0.001	0.001
0.809	0.001	0.001	0.189
0.189	0.001	0.001	0.809
0.001	0.001	0.189	0.809
0.001	0.001	0.809	0.189
0.001	0.001	0.001	0.997
0.189	0.001	0.001	0.809
0.012	0.012	0.964	0.012
0.238	0.190	0.190	0.381
>AGTGTTACWATG	5-AGTGTTACWATG	12.456512	-10.438581	0	T:3.0(5.00%),B:3.0(0.10%),P:1e-4	Tpos:47.6,Tstd:25.4,Bpos:31.3,Bstd:21.3,StrandBias:-2.0,Multiplicity:1.67
0.997	0.001	0.001	0.001
0.001	0.001	0.997	0.001
0.238	0.001	0.001	0.760
0.001	0.001	0.997	0.001
0.001	0.001	0.001	0.997
0.001	0.001	0.001	0.997
0.997	0.001	0.001	0.001
0.001	0.760	0.238	0.001
0.478	0.001	0.001	0.520
0.997	0.001	0.001	0.001
0.238	0.001	0.001	0.760
0.238	0.001	0.760	0.001
>AYCATRWSTCAW	6-AYCATRWSTCAW	12.385637	-8.622915	0	T:2.0(3.33%),B:0.0(0.00%),P:1e-3	Tpos:44.2,Tstd:17.3,Bpos:0.0,Bstd:0.0,StrandBias:-2.0,Multiplicity:2.50
0.891	0.001	0.001	0.107
0.001	0.447	0.001	0.551
0.001	0.909	0.089	0.001
0.891	0.018	0.001	0.090
0.001	0.001	0.001	0.997
0.443	0.001	0.555	0.001
0.555	0.001	0.001	0.443
0.001	0.444	0.554	0.001
0.089	0.001	0.001	0.909
0.001	0.997	0.001	0.001
0.980	0.001	0.001	0.018
0.533	0.001	0.001	0.465
>CTAACAGACTAT	7-CTAACAGACTAT	10.409522	-8.622915	0	T:2.0(3.33%),B:1.0(0.03%),P:1e-3	Tpos:73.3,Tstd:20.2,Bpos:11.0,Bstd:0.0,StrandBias:1.0,Multiplicity:1.50
0.100	0.700	0.100	0.100
0.100	0.100	0.100	0.700
0.700	0.100	0.100	0.100
0.700	0.100	0.100	0.100
0.100	0.700	0.100	0.100
0.700	0.100	0.100	0.100
0.100	0.100	0.700	0.100
0.700	0.100	0.100	0.100
0.100	0.700	0.100	0.100
0.100	0.100	0.100	0.700
0.700	0.100	0.100	0.100
0.100	0.100	0.100	0.700
>GACTGTGGAACC	8-GACTGTGGAACC	12.355432	-3.959732	0	T:1.0(1.67%),B:1.0(0.03%),P:1e-1	Tpos:87.0,Tstd:0.0,Bpos:22.0,Bstd:0.0,StrandBias:-10.0,Multiplicity:1.00
0.100	0.100	0.700	0.100
0.700	0.100	0.100	0.100
0.100	0.700	0.100	0.100
0.100	0.100	0.100	0.700
0.100	0.100	0.700	0.100
0.100	0.100	0.100	0.700
0.100	0.100	0.700	0.100
0.100	0.100	0.700	0.100
0.700	0.100	0.100	0.100
0.700	0.100	0.100	0.100
0.100	0.700	0.100	0.100
0.100	0.700	0.100	0.100
