>GAGTAAAT	1-GAGTAAAT	6.387021	-15.852236	0	T:10.0(41.67%),B:155.0(5.14%),P:1e-6	Tpos:56.9,Tstd:27.2,Bpos:50.9,Bstd:26.9,StrandBias:-0.8,Multiplicity:1.40
0.001	0.063	0.935	0.001
0.694	0.001	0.304	0.001
0.001	0.087	0.549	0.363
0.064	0.001	0.070	0.865
0.618	0.001	0.380	0.001
0.929	0.001	0.069	0.001
0.691	0.001	0.125	0.183
0.237	0.001	0.001	0.761
>TGCAGTTC	2-TGCAGTTC	10.436228	-9.563739	0	T:3.0(12.50%),B:10.0(0.33%),P:1e-4	Tpos:51.3,Tstd:17.8,Bpos:39.6,Bstd:25.3,StrandBias:-10.0,Multiplicity:1.00
0.001	0.001	0.001	0.997
0.001	0.001	0.997	0.001
0.001	0.997	0.001	0.001
0.997	0.001	0.001	0.001
0.001	0.001	0.846	0.152
0.001	0.120	0.001	0.878
0.132	0.001	0.001	0.866
0.180	0.818	0.001	0.001
>AGTCATCC	3-AGTCATCC	8.585434	-6.780707	0	T:3.0(12.50%),B:26.0(0.86%),P:1e-2	Tpos:38.8,Tstd:24.1,Bpos:46.1,Bstd:30.0,StrandBias:-10.0,Multiplicity:2.67
0.904	0.001	0.001	0.094
0.159	0.092	0.748	0.001
0.001	0.001	0.001	0.997
0.001	0.997	0.001	0.001
0.997	0.001	0.001	0.001
0.001	0.001	0.001	0.997
0.001	0.997	0.001	0.001
0.001	0.997	0.001	0.001
>TGCCTCAG	4-TGCCTCAG	9.710643	-5.704776	0	T:3.0(12.50%),B:38.0(1.26%),P:1e-2	Tpos:35.6,Tstd:20.1,Bpos:51.1,Bstd:25.9,StrandBias:-2.0,Multiplicity:1.67
0.001	0.001	0.001	0.997
0.001	0.001	0.741	0.257
0.001	0.997	0.001	0.001
0.001	0.997	0.001	0.001
0.001	0.001	0.001	0.997
0.001	0.997	0.001	0.001
0.997	0.001	0.001	0.001
0.001	0.001	0.997	0.001
>ATGTGTCG	5-ATGTGTCG	8.236954	-4.147116	0	T:1.0(4.17%),B:2.0(0.07%),P:1e-1	Tpos:29.0,Tstd:0.0,Bpos:41.0,Bstd:16.0,StrandBias:10.0,Multiplicity:1.00
0.700	0.100	0.100	0.100
0.100	0.100	0.100	0.700
0.100	0.100	0.700	0.100
0.100	0.100	0.100	0.700
0.100	0.100	0.700	0.100
0.100	0.100	0.100	0.700
0.100	0.700	0.100	0.100
0.100	0.100	0.700	0.100
