>TAGAGTGTTG	1-TAGAGTGTTG	7.270076	-19.877479	0	T:6.0(10.00%),B:6.0(0.19%),P:1e-8	Tpos:46.4,Tstd:22.2,Bpos:50.5,Bstd:27.3,StrandBias:2.6,Multiplicity:1.17
0.001	0.001	0.001	0.997
0.997	0.001	0.001	0.001
0.049	0.001	0.949	0.001
0.997	0.001	0.001	0.001
0.200	0.001	0.798	0.001
0.001	0.001	0.001	0.997
0.001	0.001	0.997	0.001
0.049	0.001	0.001	0.949
0.001	0.001	0.001	0.997
0.150	0.001	0.848	0.001
>TCWTTGGATA	2-TCWTTGGATA	6.274311	-19.580332	0	T:10.0(16.67%),B:38.0(1.22%),P:1e-8	Tpos:46.3,Tstd:20.2,Bpos:47.7,Bstd:26.3,StrandBias:0.6,Multiplicity:1.00
0.001	0.001	0.001	0.997
0.001	0.997	0.001	0.001
0.451	0.001	0.001	0.547
0.001	0.001	0.001	0.997
0.001	0.001	0.001	0.997
0.001	0.225	0.491	0.282
0.225	0.001	0.773	0.001
0.773	0.001	0.225	0.001
0.001	0.001	0.001	0.997
0.717	0.001	0.271	0.011
>CCCAGGGTAG	3-CCCAGGGTAG	11.427798	-8.933461	0	T:3.0(5.00%),B:5.0(0.16%),P:1e-3	Tpos:48.7,Tstd:12.2,Bpos:46.2,Bstd:26.3,StrandBias:-1.0,Multiplicity:1.33
0.001	0.997	0.001	0.001
0.001	0.806	0.001	0.192
0.001	0.997	0.001	0.001
0.578	0.001	0.001	0.420
0.001	0.001	0.997	0.001
0.001	0.001	0.997	0.001
0.001	0.001	0.997	0.001
0.001	0.192	0.001	0.806
0.997	0.001	0.001	0.001
0.001	0.001	0.997	0.001
>GTTTTTTTWB	4-GTTTTTTTWB	7.917517	-8.337178	0	T:10.0(16.67%),B:135.0(4.33%),P:1e-3	Tpos:54.2,Tstd:23.7,Bpos:49.5,Bstd:26.6,StrandBias:-3.2,Multiplicity:1.10
0.001	0.018	0.665	0.316
0.001	0.001	0.001	0.997
0.001	0.001	0.001	0.997
0.001	0.001	0.034	0.964
0.001	0.001	0.132	0.866
0.007	0.417	0.008	0.568
0.266	0.142	0.001	0.591
0.275	0.266	0.001	0.458
0.424	0.133	0.133	0.310
0.017	0.266	0.400	0.316
>AGGGTCAGGG	5-AGGGTCAGGG	10.296193	-3.959732	0	T:1.0(1.67%),B:1.0(0.03%),P:1e-1	Tpos:55.9,Tstd:24.9,Bpos:39.0,Bstd:0.0,StrandBias:10.0,Multiplicity:11.00
0.700	0.100	0.100	0.100
0.100	0.100	0.700	0.100
0.100	0.100	0.700	0.100
0.100	0.100	0.700	0.100
0.100	0.100	0.100	0.700
0.100	0.700	0.100	0.100
0.700	0.100	0.100	0.100
0.100	0.100	0.700	0.100
0.100	0.100	0.700	0.100
0.100	0.100	0.700	0.100
