>CAAAGCTGAB	1-CAAAGCTGAB	8.793729	-22.993080	0	T:8.0(13.33%),B:12.0(0.38%),P:1e-9	Tpos:51.9,Tstd:22.0,Bpos:39.8,Bstd:19.1,StrandBias:0.7,Multiplicity:1.00
0.001	0.997	0.001	0.001
0.997	0.001	0.001	0.001
0.930	0.068	0.001	0.001
0.690	0.001	0.001	0.308
0.357	0.020	0.622	0.001
0.001	0.642	0.307	0.050
0.001	0.001	0.001	0.997
0.001	0.066	0.932	0.001
0.926	0.069	0.001	0.004
0.001	0.307	0.307	0.385
>ACACCCAATC	2-ACACCCAATC	11.888279	-19.095553	0	T:4.0(6.67%),B:1.0(0.03%),P:1e-8	Tpos:64.5,Tstd:32.3,Bpos:50.0,Bstd:0.0,StrandBias:0.0,Multiplicity:1.00
0.997	0.001	0.001	0.001
0.001	0.997	0.001	0.001
0.997	0.001	0.001	0.001
0.149	0.849	0.001	0.001
0.001	0.997	0.001	0.001
0.001	0.997	0.001	0.001
0.750	0.001	0.248	0.001
0.895	0.103	0.001	0.001
0.001	0.248	0.001	0.750
0.001	0.997	0.001	0.001
>CCTCATCTGA	3-CCTCATCTGA	7.128718	-17.055495	0	T:15.0(25.00%),B:138.0(4.43%),P:1e-7	Tpos:54.0,Tstd:26.0,Bpos:48.8,Bstd:25.1,StrandBias:0.0,Multiplicity:1.07
0.140	0.858	0.001	0.001
0.140	0.718	0.001	0.141
0.353	0.070	0.001	0.576
0.070	0.716	0.070	0.144
0.716	0.074	0.070	0.140
0.074	0.070	0.140	0.716
0.070	0.643	0.211	0.076
0.070	0.001	0.070	0.859
0.074	0.280	0.645	0.001
0.572	0.213	0.004	0.211
>TGGCCCAACA	4-TGGCCCAACA	8.091791	-12.000294	0	T:4.0(6.67%),B:6.0(0.19%),P:1e-5	Tpos:33.3,Tstd:12.3,Bpos:46.0,Bstd:19.2,StrandBias:1.0,Multiplicity:1.50
0.001	0.001	0.001	0.997
0.001	0.001	0.997	0.001
0.001	0.200	0.798	0.001
0.001	0.894	0.104	0.001
0.001	0.997	0.001	0.001
0.001	0.997	0.001	0.001
0.997	0.001	0.001	0.001
0.798	0.001	0.048	0.153
0.001	0.997	0.001	0.001
0.997	0.001	0.001	0.001
>GTTTTGTTTT	5-GTTTTGTTTT	11.004333	-4.114732	0	T:5.0(8.33%),B:77.0(2.47%),P:1e-1	Tpos:33.2,Tstd:21.0,Bpos:50.1,Bstd:22.8,StrandBias:-0.1,Multiplicity:4.60
0.001	0.001	0.926	0.072
0.001	0.001	0.001	0.997
0.001	0.001	0.001	0.997
0.001	0.001	0.001	0.997
0.001	0.001	0.001	0.997
0.001	0.083	0.915	0.001
0.001	0.001	0.001	0.997
0.001	0.001	0.001	0.997
0.001	0.001	0.109	0.889
0.001	0.001	0.001	0.997
>CGCGCACABA	6-CGCGCACABA	11.437017	-3.276007	0	T:1.0(1.67%),B:2.0(0.06%),P:1e-1	Tpos:71.5,Tstd:11.5,Bpos:88.0,Bstd:3.0,StrandBias:0.0,Multiplicity:2.00
0.001	0.997	0.001	0.001
0.001	0.001	0.997	0.001
0.001	0.997	0.001	0.001
0.001	0.001	0.997	0.001
0.001	0.997	0.001	0.001
0.614	0.001	0.384	0.001
0.001	0.997	0.001	0.001
0.691	0.001	0.307	0.001
0.001	0.346	0.307	0.346
0.691	0.001	0.307	0.001
