>TTCGACCA	1-TTCGACCA	8.408144	-15.443657	0	T:8.0(13.33%),B:32.0(1.03%),P:1e-6	Tpos:60.1,Tstd:20.7,Bpos:39.2,Bstd:20.9,StrandBias:-1.6,Multiplicity:1.00
0.001	0.001	0.001	0.997
0.001	0.001	0.001	0.997
0.139	0.738	0.001	0.122
0.001	0.238	0.760	0.001
0.749	0.001	0.249	0.001
0.001	0.997	0.001	0.001
0.001	0.997	0.001	0.001
0.997	0.001	0.001	0.001
>GCTTACCT	2-GCTTACCT	6.772698	-11.609811	0	T:13.0(21.67%),B:160.0(5.13%),P:1e-5	Tpos:56.4,Tstd:27.9,Bpos:46.1,Bstd:25.5,StrandBias:-0.6,Multiplicity:1.15
0.001	0.234	0.764	0.001
0.001	0.853	0.145	0.001
0.365	0.040	0.001	0.594
0.125	0.001	0.102	0.772
0.905	0.001	0.093	0.001
0.001	0.671	0.327	0.001
0.150	0.717	0.001	0.132
0.001	0.001	0.001	0.997
>GTTAMCTG	3-GTTAMCTG	7.607884	-8.446956	0	T:9.0(15.00%),B:108.0(3.46%),P:1e-3	Tpos:52.8,Tstd:23.3,Bpos:51.3,Bstd:23.4,StrandBias:0.3,Multiplicity:1.44
0.092	0.001	0.906	0.001
0.001	0.001	0.337	0.661
0.001	0.001	0.001	0.997
0.997	0.001	0.001	0.001
0.513	0.485	0.001	0.001
0.001	0.997	0.001	0.001
0.001	0.001	0.001	0.997
0.001	0.001	0.997	0.001
>GACAGAGA	4-GACAGAGA	6.465759	-6.812962	0	T:16.0(26.67%),B:363.0(11.65%),P:1e-2	Tpos:42.8,Tstd:29.1,Bpos:49.4,Bstd:26.4,StrandBias:1.9,Multiplicity:1.81
0.121	0.052	0.826	0.001
0.773	0.043	0.041	0.143
0.038	0.848	0.113	0.001
0.997	0.001	0.001	0.001
0.063	0.001	0.935	0.001
0.949	0.001	0.049	0.001
0.001	0.137	0.792	0.070
0.954	0.001	0.044	0.001
>TACCGTAT	5-TACCGTAT	8.568702	-5.453463	0	T:2.0(3.33%),B:5.0(0.16%),P:1e-2	Tpos:60.8,Tstd:25.2,Bpos:61.8,Bstd:26.9,StrandBias:-2.3,Multiplicity:3.00
0.001	0.001	0.001	0.997
0.997	0.001	0.001	0.001
0.001	0.997	0.001	0.001
0.092	0.798	0.025	0.085
0.001	0.001	0.997	0.001
0.001	0.001	0.001	0.997
0.997	0.001	0.001	0.001
0.001	0.109	0.001	0.889
