>ATGGTCCA	1-ATGGTCCA	8.154038	-17.387104	0	T:7.0(14.89%),B:20.0(0.66%),P:1e-7	Tpos:48.7,Tstd:33.9,Bpos:49.3,Bstd:27.7,StrandBias:0.4,Multiplicity:1.00
0.832	0.073	0.001	0.094
0.001	0.001	0.116	0.882
0.001	0.001	0.997	0.001
0.001	0.072	0.926	0.001
0.089	0.107	0.001	0.803
0.144	0.854	0.001	0.001
0.127	0.871	0.001	0.001
0.997	0.001	0.001	0.001
>GGAAGGTC	2-GGAAGGTC	6.694895	-12.901556	0	T:13.0(27.66%),B:180.0(5.97%),P:1e-5	Tpos:60.6,Tstd:22.5,Bpos:48.4,Bstd:27.1,StrandBias:0.0,Multiplicity:1.23
0.001	0.001	0.997	0.001
0.001	0.221	0.777	0.001
0.517	0.117	0.361	0.005
0.715	0.001	0.283	0.001
0.001	0.001	0.709	0.289
0.001	0.001	0.997	0.001
0.122	0.001	0.001	0.876
0.244	0.754	0.001	0.001
>CTCCTTTT	3-CTCCTTTT	3.174689	-11.482121	0	T:20.0(42.55%),B:473.0(15.68%),P:1e-4	Tpos:38.4,Tstd:22.6,Bpos:48.6,Bstd:27.4,StrandBias:0.7,Multiplicity:1.05
0.001	0.830	0.001	0.168
0.001	0.001	0.001	0.997
0.001	0.997	0.001	0.001
0.233	0.765	0.001	0.001
0.001	0.001	0.001	0.997
0.001	0.001	0.386	0.612
0.001	0.001	0.001	0.997
0.001	0.001	0.209	0.789
>CTGATGAG	4-CTGATGAG	8.900595	-11.068391	0	T:5.0(10.64%),B:20.0(0.66%),P:1e-4	Tpos:47.8,Tstd:26.9,Bpos:42.5,Bstd:23.7,StrandBias:-0.7,Multiplicity:1.40
0.001	0.997	0.001	0.001
0.001	0.001	0.001	0.997
0.001	0.001	0.997	0.001
0.997	0.001	0.001	0.001
0.001	0.001	0.001	0.997
0.001	0.178	0.820	0.001
0.997	0.001	0.001	0.001
0.001	0.001	0.859	0.139
>GGTACCCC	5-GGTACCCC	6.518141	-8.067617	0	T:5.0(10.64%),B:38.0(1.26%),P:1e-3	Tpos:55.1,Tstd:28.5,Bpos:49.9,Bstd:28.7,StrandBias:0.0,Multiplicity:1.40
0.001	0.162	0.743	0.094
0.001	0.001	0.997	0.001
0.001	0.001	0.001	0.997
0.997	0.001	0.001	0.001
0.087	0.911	0.001	0.001
0.001	0.997	0.001	0.001
0.083	0.754	0.162	0.001
0.083	0.754	0.162	0.001
