>ACYCTGAGCTCA	1-ACYCTGAGCTCA	9.810005	-24.157114	0	T:8.0(17.02%),B:13.0(0.43%),P:1e-10	Tpos:50.4,Tstd:28.1,Bpos:45.2,Bstd:19.8,StrandBias:-0.6,Multiplicity:1.00
0.511	0.244	0.001	0.244
0.001	0.878	0.001	0.120
0.001	0.485	0.001	0.513
0.001	0.515	0.242	0.242
0.001	0.001	0.001	0.997
0.001	0.121	0.514	0.364
0.855	0.001	0.023	0.121
0.001	0.001	0.997	0.001
0.001	0.878	0.120	0.001
0.242	0.001	0.001	0.756
0.001	0.854	0.144	0.001
0.756	0.001	0.001	0.242
>CAGYTACTCARM	2-CAGYTACTCARM	7.407123	-15.079740	0	T:6.0(12.77%),B:17.0(0.56%),P:1e-6	Tpos:49.6,Tstd:30.9,Bpos:54.2,Bstd:17.6,StrandBias:-2.8,Multiplicity:1.33
0.080	0.918	0.001	0.001
0.997	0.001	0.001	0.001
0.025	0.001	0.973	0.001
0.001	0.473	0.054	0.473
0.001	0.001	0.001	0.997
0.997	0.001	0.001	0.001
0.001	0.997	0.001	0.001
0.001	0.025	0.001	0.973
0.001	0.918	0.080	0.001
0.997	0.001	0.001	0.001
0.446	0.001	0.552	0.001
0.552	0.446	0.001	0.001
>TAACHCTGAGTG	3-TAACHCTGAGTG	10.503672	-12.856515	0	T:4.0(8.51%),B:6.0(0.20%),P:1e-5	Tpos:43.3,Tstd:29.8,Bpos:53.3,Bstd:23.4,StrandBias:1.3,Multiplicity:1.75
0.001	0.001	0.001	0.997
0.997	0.001	0.001	0.001
0.690	0.308	0.001	0.001
0.308	0.690	0.001	0.001
0.359	0.332	0.001	0.308
0.001	0.690	0.001	0.308
0.001	0.001	0.001	0.997
0.001	0.308	0.690	0.001
0.690	0.001	0.308	0.001
0.001	0.001	0.690	0.308
0.001	0.001	0.001	0.997
0.001	0.308	0.690	0.001
>TGTGAGTCAKAG	4-TGTGAGTCAKAG	9.220098	-11.286584	0	T:6.0(12.77%),B:33.0(1.09%),P:1e-4	Tpos:42.0,Tstd:18.6,Bpos:52.6,Bstd:22.5,StrandBias:1.6,Multiplicity:1.33
0.001	0.124	0.001	0.874
0.132	0.001	0.617	0.250
0.001	0.001	0.001	0.997
0.001	0.001	0.991	0.007
0.749	0.001	0.125	0.125
0.001	0.125	0.749	0.125
0.250	0.132	0.001	0.617
0.001	0.656	0.342	0.001
0.749	0.001	0.125	0.125
0.001	0.125	0.376	0.498
0.781	0.001	0.001	0.217
0.001	0.125	0.782	0.092
>CTGTACATCCAT	5-CTGTACATCCAT	12.355432	-4.169156	0	T:1.0(2.13%),B:0.0(0.00%),P:1e-1	Tpos:51.0,Tstd:0.0,Bpos:0.0,Bstd:0.0,StrandBias:10.0,Multiplicity:1.00
0.100	0.700	0.100	0.100
0.100	0.100	0.100	0.700
0.100	0.100	0.700	0.100
0.100	0.100	0.100	0.700
0.700	0.100	0.100	0.100
0.100	0.700	0.100	0.100
0.700	0.100	0.100	0.100
0.100	0.100	0.100	0.700
0.100	0.700	0.100	0.100
0.100	0.700	0.100	0.100
0.700	0.100	0.100	0.100
0.100	0.100	0.100	0.700
