>AGGAAACACACC	1-AGGAAACACACC	12.151175	-17.205378	0	T:4.0(8.51%),B:2.0(0.07%),P:1e-7	Tpos:56.5,Tstd:24.4,Bpos:54.0,Bstd:8.0,StrandBias:-1.6,Multiplicity:1.00
0.962	0.033	0.001	0.004
0.308	0.001	0.690	0.001
0.036	0.001	0.962	0.001
0.997	0.001	0.001	0.001
0.658	0.001	0.033	0.308
0.690	0.001	0.001	0.308
0.001	0.997	0.001	0.001
0.690	0.001	0.001	0.308
0.001	0.997	0.001	0.001
0.966	0.001	0.001	0.032
0.001	0.966	0.032	0.001
0.037	0.654	0.001	0.308
>AAGAGCTACAAA	2-AAGAGCTACAAA	9.721700	-16.743194	0	T:7.0(14.89%),B:22.0(0.73%),P:1e-7	Tpos:67.6,Tstd:19.4,Bpos:51.0,Bstd:21.6,StrandBias:0.7,Multiplicity:1.14
0.617	0.001	0.191	0.191
0.997	0.001	0.001	0.001
0.191	0.213	0.595	0.001
0.572	0.001	0.191	0.236
0.191	0.001	0.617	0.191
0.001	0.617	0.001	0.381
0.001	0.001	0.001	0.997
0.997	0.001	0.001	0.001
0.001	0.997	0.001	0.001
0.997	0.001	0.001	0.001
0.808	0.001	0.190	0.001
0.617	0.001	0.381	0.001
>GTTTCYATGGCA	3-GTTTCYATGGCA	8.641948	-16.273899	0	T:8.0(17.02%),B:36.0(1.19%),P:1e-7	Tpos:55.2,Tstd:27.0,Bpos:52.0,Bstd:23.7,StrandBias:0.0,Multiplicity:1.00
0.001	0.236	0.502	0.261
0.001	0.001	0.001	0.997
0.001	0.001	0.001	0.997
0.239	0.001	0.261	0.500
0.001	0.763	0.001	0.235
0.001	0.471	0.001	0.527
0.502	0.236	0.261	0.001
0.001	0.001	0.001	0.997
0.001	0.001	0.997	0.001
0.001	0.001	0.997	0.001
0.001	0.997	0.001	0.001
0.472	0.236	0.025	0.267
>AAAGACTTTTGT	4-AAAGACTTTTGT	12.852735	-14.352307	0	T:3.0(6.38%),B:0.0(0.00%),P:1e-6	Tpos:36.8,Tstd:25.1,Bpos:0.0,Bstd:0.0,StrandBias:0.0,Multiplicity:1.00
0.997	0.001	0.001	0.001
0.997	0.001	0.001	0.001
0.997	0.001	0.001	0.001
0.001	0.001	0.997	0.001
0.500	0.250	0.250	0.001
0.001	0.749	0.249	0.001
0.001	0.001	0.001	0.997
0.001	0.001	0.001	0.997
0.001	0.001	0.001	0.997
0.001	0.001	0.001	0.997
0.001	0.250	0.500	0.250
0.001	0.249	0.001	0.749
>KYTMCTWAGTTR	5-KYTMCTWAGTTR	8.517934	-7.542771	0	T:3.0(6.38%),B:10.0(0.33%),P:1e-3	Tpos:58.8,Tstd:29.0,Bpos:45.1,Bstd:20.9,StrandBias:0.0,Multiplicity:1.33
0.001	0.001	0.451	0.547
0.001	0.532	0.001	0.466
0.085	0.001	0.001	0.913
0.552	0.446	0.001	0.001
0.001	0.997	0.001	0.001
0.009	0.001	0.001	0.989
0.456	0.001	0.001	0.542
0.997	0.001	0.001	0.001
0.001	0.001	0.997	0.001
0.001	0.001	0.001	0.997
0.101	0.001	0.001	0.897
0.461	0.001	0.537	0.001
