>GCCARGAAGACA	1-GCCARGAAGACA	7.858535	-28.467254	0	T:7.0(14.89%),B:4.0(0.13%),P:1e-12	Tpos:61.7,Tstd:24.9,Bpos:53.2,Bstd:24.2,StrandBias:0.0,Multiplicity:1.00
0.249	0.001	0.749	0.001
0.001	0.997	0.001	0.001
0.249	0.749	0.001	0.001
0.997	0.001	0.001	0.001
0.499	0.001	0.499	0.001
0.001	0.249	0.749	0.001
0.997	0.001	0.001	0.001
0.997	0.001	0.001	0.001
0.001	0.001	0.997	0.001
0.500	0.001	0.250	0.250
0.001	0.749	0.249	0.001
0.997	0.001	0.001	0.001
>CCTTAGACTAGA	2-CCTTAGACTAGA	7.677421	-19.966564	0	T:4.0(8.51%),B:0.0(0.00%),P:1e-8	Tpos:40.4,Tstd:33.1,Bpos:0.0,Bstd:0.0,StrandBias:10.0,Multiplicity:1.25
0.001	0.997	0.001	0.001
0.001	0.997	0.001	0.001
0.001	0.001	0.001	0.997
0.001	0.001	0.001	0.997
0.997	0.001	0.001	0.001
0.332	0.001	0.666	0.001
0.666	0.001	0.332	0.001
0.332	0.666	0.001	0.001
0.001	0.332	0.001	0.666
0.997	0.001	0.001	0.001
0.001	0.001	0.997	0.001
0.666	0.001	0.332	0.001
>TCAGTGCCYTCC	3-TCAGTGCCYTCC	11.552572	-17.825911	0	T:5.0(10.64%),B:5.0(0.17%),P:1e-7	Tpos:63.3,Tstd:24.3,Bpos:57.0,Bstd:27.8,StrandBias:-2.3,Multiplicity:1.20
0.190	0.001	0.001	0.808
0.001	0.614	0.004	0.381
0.808	0.001	0.001	0.190
0.001	0.190	0.808	0.001
0.001	0.001	0.381	0.617
0.001	0.190	0.808	0.001
0.191	0.617	0.191	0.001
0.001	0.962	0.001	0.036
0.001	0.426	0.001	0.572
0.191	0.191	0.001	0.617
0.001	0.997	0.001	0.001
0.036	0.962	0.001	0.001
>GTTGCTAGGGGA	4-GTTGCTAGGGGA	8.078087	-15.668232	0	T:8.0(17.02%),B:39.0(1.29%),P:1e-6	Tpos:53.1,Tstd:21.4,Bpos:54.0,Bstd:25.2,StrandBias:-1.2,Multiplicity:1.00
0.113	0.001	0.885	0.001
0.001	0.113	0.001	0.885
0.272	0.001	0.001	0.726
0.001	0.008	0.990	0.001
0.001	0.997	0.001	0.001
0.001	0.412	0.001	0.586
0.726	0.272	0.001	0.001
0.001	0.001	0.586	0.412
0.001	0.001	0.997	0.001
0.001	0.001	0.997	0.001
0.001	0.403	0.595	0.001
0.726	0.001	0.001	0.272
>GCTGYTGTTKTT	5-GCTGYTGTTKTT	9.669228	-6.110661	0	T:5.0(10.64%),B:59.0(1.96%),P:1e-2	Tpos:51.2,Tstd:25.1,Bpos:50.3,Bstd:25.0,StrandBias:-3.6,Multiplicity:1.60
0.222	0.001	0.669	0.108
0.001	0.774	0.001	0.224
0.002	0.001	0.001	0.996
0.216	0.001	0.561	0.222
0.001	0.437	0.001	0.561
0.001	0.001	0.001	0.997
0.001	0.108	0.778	0.113
0.001	0.228	0.001	0.770
0.001	0.001	0.001	0.997
0.219	0.001	0.456	0.324
0.001	0.339	0.108	0.552
0.001	0.001	0.001	0.997
