>GGGAGTTAAC	1-GGGAGTTAAC	7.634853	-19.575172	0	T:10.0(21.28%),B:48.0(1.59%),P:1e-8	Tpos:40.0,Tstd:27.6,Bpos:42.6,Bstd:23.9,StrandBias:-0.6,Multiplicity:1.00
0.137	0.001	0.861	0.001
0.275	0.001	0.723	0.001
0.001	0.154	0.844	0.001
0.723	0.138	0.001	0.138
0.275	0.001	0.723	0.001
0.001	0.001	0.413	0.585
0.001	0.001	0.001	0.997
0.569	0.292	0.138	0.001
0.861	0.137	0.001	0.001
0.001	0.706	0.001	0.292
>CCCCCCCCCC	2-CCCCCCCCCC	7.857386	-12.713121	0	T:8.0(17.02%),B:58.0(1.92%),P:1e-5	Tpos:31.1,Tstd:26.9,Bpos:45.9,Bstd:26.5,StrandBias:-2.2,Multiplicity:1.12
0.051	0.879	0.069	0.001
0.058	0.872	0.069	0.001
0.001	0.929	0.069	0.001
0.001	0.941	0.057	0.001
0.001	0.907	0.029	0.063
0.027	0.971	0.001	0.001
0.001	0.997	0.001	0.001
0.001	0.941	0.001	0.057
0.001	0.929	0.001	0.069
0.046	0.884	0.001	0.069
>GCTCAACCTT	3-GCTCAACCTT	11.873576	-12.283800	0	T:3.0(6.38%),B:2.0(0.07%),P:1e-5	Tpos:69.5,Tstd:19.7,Bpos:47.0,Bstd:28.0,StrandBias:0.0,Multiplicity:1.33
0.001	0.001	0.997	0.001
0.001	0.997	0.001	0.001
0.001	0.001	0.001	0.997
0.001	0.997	0.001	0.001
0.749	0.249	0.001	0.001
0.749	0.001	0.249	0.001
0.001	0.997	0.001	0.001
0.001	0.997	0.001	0.001
0.001	0.249	0.001	0.749
0.001	0.001	0.001	0.997
>TCCTTCCTTC	4-TCCTTCCTTC	10.914432	-9.293780	0	T:4.0(8.51%),B:15.0(0.50%),P:1e-4	Tpos:40.6,Tstd:19.5,Bpos:52.5,Bstd:23.2,StrandBias:1.6,Multiplicity:1.50
0.001	0.108	0.001	0.890
0.001	0.997	0.001	0.001
0.001	0.890	0.001	0.108
0.001	0.001	0.001	0.997
0.001	0.164	0.001	0.834
0.001	0.997	0.001	0.001
0.001	0.918	0.001	0.080
0.108	0.001	0.001	0.890
0.109	0.080	0.001	0.810
0.001	0.997	0.001	0.001
>TCTCTGTGTA	5-TCTCTGTGTA	7.738232	-9.111489	0	T:9.0(19.15%),B:124.0(4.11%),P:1e-3	Tpos:55.2,Tstd:12.8,Bpos:51.7,Bstd:25.0,StrandBias:-0.4,Multiplicity:1.33
0.001	0.217	0.167	0.615
0.291	0.705	0.003	0.001
0.001	0.003	0.001	0.995
0.106	0.694	0.199	0.001
0.001	0.106	0.001	0.892
0.001	0.295	0.700	0.004
0.003	0.001	0.177	0.819
0.110	0.187	0.702	0.001
0.001	0.011	0.300	0.688
0.593	0.125	0.175	0.107
