>GTACCACAAGAC	1-GTACCACAAGAC	11.914827	-19.966564	0	T:4.0(8.51%),B:1.0(0.03%),P:1e-8	Tpos:33.2,Tstd:17.6,Bpos:78.0,Bstd:0.0,StrandBias:2.0,Multiplicity:1.25
0.001	0.001	0.799	0.199
0.001	0.001	0.001	0.997
0.997	0.001	0.001	0.001
0.001	0.599	0.001	0.399
0.001	0.997	0.001	0.001
0.799	0.199	0.001	0.001
0.001	0.599	0.399	0.001
0.799	0.199	0.001	0.001
0.997	0.001	0.001	0.001
0.001	0.001	0.997	0.001
0.997	0.001	0.001	0.001
0.001	0.799	0.199	0.001
>GYTGCTGCTGTT	2-GYTGCTGCTGTT	11.613359	-15.510696	0	T:5.0(10.64%),B:8.0(0.27%),P:1e-6	Tpos:48.5,Tstd:24.1,Bpos:48.0,Bstd:28.3,StrandBias:-1.3,Multiplicity:1.80
0.001	0.098	0.900	0.001
0.099	0.519	0.001	0.381
0.001	0.001	0.001	0.997
0.098	0.001	0.900	0.001
0.098	0.900	0.001	0.001
0.001	0.001	0.001	0.997
0.104	0.001	0.894	0.001
0.001	0.596	0.001	0.402
0.001	0.001	0.001	0.997
0.198	0.001	0.696	0.105
0.001	0.281	0.001	0.717
0.001	0.001	0.098	0.900
>WGSRAGAGAYCS	3-WGSRAGAGAYCS	11.923960	-14.352307	0	T:3.0(6.38%),B:1.0(0.03%),P:1e-6	Tpos:47.3,Tstd:29.3,Bpos:47.0,Bstd:0.0,StrandBias:1.0,Multiplicity:1.00
0.552	0.001	0.001	0.446
0.001	0.001	0.997	0.001
0.001	0.446	0.552	0.001
0.446	0.001	0.446	0.106
0.997	0.001	0.001	0.001
0.001	0.001	0.997	0.001
0.997	0.001	0.001	0.001
0.001	0.001	0.997	0.001
0.963	0.035	0.001	0.001
0.001	0.552	0.001	0.446
0.035	0.963	0.001	0.001
0.001	0.552	0.446	0.001
>TGCCTGCACGTC	4-TGCCTGCACGTC	12.562715	-12.283800	0	T:3.0(6.38%),B:2.0(0.07%),P:1e-5	Tpos:50.8,Tstd:36.0,Bpos:60.5,Bstd:3.5,StrandBias:10.0,Multiplicity:1.33
0.001	0.001	0.001	0.997
0.001	0.249	0.749	0.001
0.001	0.997	0.001	0.001
0.001	0.997	0.001	0.001
0.001	0.001	0.001	0.997
0.001	0.001	0.749	0.249
0.001	0.997	0.001	0.001
0.997	0.001	0.001	0.001
0.001	0.500	0.250	0.250
0.001	0.001	0.997	0.001
0.001	0.249	0.001	0.749
0.249	0.749	0.001	0.001
>AAAACAAAAACC	5-AAAACAAAAACC	10.484483	-8.314803	0	T:5.0(10.64%),B:36.0(1.19%),P:1e-3	Tpos:58.0,Tstd:23.7,Bpos:48.3,Bstd:24.7,StrandBias:1.2,Multiplicity:1.60
0.997	0.001	0.001	0.001
0.997	0.001	0.001	0.001
0.997	0.001	0.001	0.001
0.997	0.001	0.001	0.001
0.206	0.792	0.001	0.001
0.578	0.420	0.001	0.001
0.814	0.001	0.184	0.001
0.814	0.001	0.184	0.001
0.979	0.019	0.001	0.001
0.585	0.229	0.185	0.001
0.205	0.793	0.001	0.001
0.040	0.955	0.004	0.001
