>WAACAATWRAMA	1-WAACAATWRAMA	11.412894	-25.826689	0	T:5.0(10.64%),B:1.0(0.03%),P:1e-11	Tpos:62.4,Tstd:17.8,Bpos:10.0,Bstd:0.0,StrandBias:0.6,Multiplicity:1.00
0.446	0.001	0.001	0.552
0.997	0.001	0.001	0.001
0.997	0.001	0.001	0.001
0.001	0.997	0.001	0.001
0.997	0.001	0.001	0.001
0.997	0.001	0.001	0.001
0.001	0.001	0.001	0.997
0.552	0.001	0.001	0.446
0.518	0.035	0.446	0.001
0.997	0.001	0.001	0.001
0.518	0.446	0.001	0.035
0.997	0.001	0.001	0.001
>CTDGTAGGAGGC	2-CTDGTAGGAGGC	11.236601	-14.455587	0	T:4.0(8.51%),B:4.0(0.13%),P:1e-6	Tpos:43.4,Tstd:16.8,Bpos:52.8,Bstd:18.3,StrandBias:2.6,Multiplicity:1.75
0.001	0.666	0.332	0.001
0.001	0.001	0.001	0.997
0.333	0.001	0.308	0.358
0.001	0.308	0.690	0.001
0.001	0.308	0.001	0.690
0.690	0.001	0.308	0.001
0.001	0.001	0.690	0.308
0.001	0.001	0.997	0.001
0.997	0.001	0.001	0.001
0.308	0.001	0.690	0.001
0.001	0.001	0.997	0.001
0.001	0.641	0.001	0.357
>CTGGCTGVCTGG	3-CTGGCTGVCTGG	9.808763	-14.455587	0	T:4.0(8.51%),B:4.0(0.13%),P:1e-6	Tpos:56.6,Tstd:34.8,Bpos:41.2,Bstd:21.9,StrandBias:0.6,Multiplicity:1.25
0.108	0.568	0.108	0.216
0.324	0.001	0.108	0.567
0.001	0.001	0.997	0.001
0.001	0.001	0.782	0.216
0.108	0.783	0.001	0.108
0.216	0.001	0.001	0.782
0.107	0.001	0.891	0.001
0.216	0.326	0.349	0.108
0.001	0.869	0.001	0.129
0.108	0.001	0.108	0.783
0.108	0.001	0.870	0.021
0.216	0.001	0.782	0.001
>TCAAGGGCAAGG	4-TCAAGGGCAAGG	10.438936	-12.283800	0	T:3.0(6.38%),B:2.0(0.07%),P:1e-5	Tpos:51.5,Tstd:24.1,Bpos:34.0,Bstd:26.0,StrandBias:1.0,Multiplicity:2.00
0.001	0.001	0.285	0.713
0.244	0.754	0.001	0.001
0.509	0.001	0.245	0.245
0.794	0.001	0.204	0.001
0.001	0.001	0.997	0.001
0.001	0.001	0.794	0.204
0.001	0.244	0.754	0.001
0.001	0.754	0.244	0.001
0.509	0.001	0.245	0.245
0.997	0.001	0.001	0.001
0.001	0.001	0.997	0.001
0.245	0.001	0.549	0.205
>TTGGTTGGTTGG	5-TTGGTTGGTTGG	12.463029	-7.671311	0	T:2.0(4.26%),B:2.0(0.07%),P:1e-3	Tpos:36.4,Tstd:22.3,Bpos:56.9,Bstd:33.9,StrandBias:-0.6,Multiplicity:2.50
0.001	0.292	0.001	0.706
0.001	0.001	0.001	0.997
0.001	0.001	0.997	0.001
0.001	0.097	0.805	0.097
0.001	0.200	0.001	0.798
0.001	0.001	0.097	0.901
0.194	0.001	0.804	0.001
0.098	0.103	0.696	0.103
0.001	0.194	0.001	0.804
0.001	0.001	0.102	0.896
0.001	0.001	0.901	0.097
0.098	0.098	0.706	0.098
