>AGGCCAGGATTG	1-AGGCCAGGATTG	8.092704	-20.429338	0	T:3.0(75.00%),B:1.0(0.07%),P:1e-8	Tpos:71.0,Tstd:13.4,Bpos:74.0,Bstd:0.0,StrandBias:1.0,Multiplicity:1.00
0.854	0.001	0.144	0.001
0.001	0.001	0.997	0.001
0.001	0.001	0.997	0.001
0.001	0.854	0.144	0.001
0.001	0.997	0.001	0.001
0.997	0.001	0.001	0.001
0.001	0.001	0.997	0.001
0.001	0.144	0.854	0.001
0.926	0.001	0.001	0.072
0.001	0.072	0.001	0.926
0.001	0.001	0.001	0.997
0.001	0.001	0.997	0.001
>GCCACABCCTCC	2-GCCACABCCTCC	13.079578	-12.752575	0	T:2.0(50.00%),B:1.0(0.07%),P:1e-5	Tpos:36.5,Tstd:7.5,Bpos:67.0,Bstd:0.0,StrandBias:0.0,Multiplicity:1.00
0.001	0.001	0.997	0.001
0.001	0.997	0.001	0.001
0.001	0.997	0.001	0.001
0.630	0.368	0.001	0.001
0.315	0.683	0.001	0.001
0.683	0.001	0.315	0.001
0.001	0.369	0.315	0.315
0.001	0.997	0.001	0.001
0.001	0.997	0.001	0.001
0.001	0.001	0.001	0.997
0.001	0.997	0.001	0.001
0.315	0.631	0.001	0.053
>KGKGMAAMCCMG	3-KGKGMAAMCCMG	12.968001	-12.752575	0	T:2.0(50.00%),B:0.0(0.00%),P:1e-5	Tpos:12.0,Tstd:5.0,Bpos:0.0,Bstd:0.0,StrandBias:0.0,Multiplicity:1.00
0.001	0.001	0.460	0.538
0.001	0.001	0.997	0.001
0.001	0.001	0.538	0.460
0.001	0.001	0.997	0.001
0.461	0.461	0.078	0.001
0.997	0.001	0.001	0.001
0.997	0.001	0.001	0.001
0.538	0.460	0.001	0.001
0.001	0.997	0.001	0.001
0.001	0.997	0.001	0.001
0.460	0.538	0.001	0.001
0.001	0.077	0.921	0.001
>MSTCYYAYWRTC	4-MSTCYYAYWRTC	11.587198	-12.752575	0	T:2.0(50.00%),B:0.0(0.00%),P:1e-5	Tpos:39.0,Tstd:6.0,Bpos:0.0,Bstd:0.0,StrandBias:0.0,Multiplicity:1.00
0.538	0.460	0.001	0.001
0.001	0.538	0.460	0.001
0.001	0.038	0.001	0.960
0.038	0.960	0.001	0.001
0.001	0.460	0.001	0.538
0.001	0.538	0.001	0.460
0.997	0.001	0.001	0.001
0.001	0.538	0.001	0.460
0.500	0.039	0.001	0.461
0.499	0.001	0.499	0.001
0.001	0.001	0.001	0.997
0.001	0.997	0.001	0.001
>CTCTCACCATCA	5-CTCTCACCATCA	12.355432	-5.886452	0	T:1.0(25.00%),B:0.0(0.00%),P:1e-2	Tpos:20.0,Tstd:0.0,Bpos:0.0,Bstd:0.0,StrandBias:10.0,Multiplicity:1.00
0.100	0.700	0.100	0.100
0.100	0.100	0.100	0.700
0.100	0.700	0.100	0.100
0.100	0.100	0.100	0.700
0.100	0.700	0.100	0.100
0.700	0.100	0.100	0.100
0.100	0.700	0.100	0.100
0.100	0.700	0.100	0.100
0.700	0.100	0.100	0.100
0.100	0.100	0.100	0.700
0.100	0.700	0.100	0.100
0.700	0.100	0.100	0.100
