>GAACACGTGA	1-GAACACGTGA	9.323667	-9.537410	0	T:2.0(50.00%),B:5.0(0.35%),P:1e-4	Tpos:29.7,Tstd:7.3,Bpos:52.8,Bstd:24.4,StrandBias:1.0,Multiplicity:1.00
0.001	0.332	0.666	0.001
0.997	0.001	0.001	0.001
0.666	0.001	0.001	0.332
0.001	0.997	0.001	0.001
0.666	0.001	0.001	0.332
0.001	0.997	0.001	0.001
0.001	0.001	0.666	0.332
0.332	0.001	0.001	0.666
0.001	0.001	0.997	0.001
0.666	0.001	0.001	0.332
>TWRMCCYKAW	2-TWRMCCYKAW	9.661648	-9.537410	0	T:2.0(50.00%),B:5.0(0.35%),P:1e-4	Tpos:42.3,Tstd:16.4,Bpos:57.2,Bstd:22.8,StrandBias:10.0,Multiplicity:1.50
0.001	0.001	0.001	0.997
0.460	0.001	0.001	0.538
0.538	0.001	0.460	0.001
0.460	0.538	0.001	0.001
0.001	0.997	0.001	0.001
0.001	0.997	0.001	0.001
0.001	0.460	0.001	0.538
0.001	0.001	0.538	0.460
0.997	0.001	0.001	0.001
0.460	0.001	0.001	0.538
>GTGCTCAGAG	3-GTGCTCAGAG	10.296193	-5.886452	0	T:1.0(25.00%),B:1.0(0.07%),P:1e-2	Tpos:54.0,Tstd:0.0,Bpos:27.0,Bstd:0.0,StrandBias:-10.0,Multiplicity:1.00
0.100	0.100	0.700	0.100
0.100	0.100	0.100	0.700
0.100	0.100	0.700	0.100
0.100	0.700	0.100	0.100
0.100	0.100	0.100	0.700
0.100	0.700	0.100	0.100
0.700	0.100	0.100	0.100
0.100	0.100	0.700	0.100
0.700	0.100	0.100	0.100
0.100	0.100	0.700	0.100
>GAAGCTGCAG	4-GAAGCTGCAG	10.296193	-5.194347	0	T:1.0(25.00%),B:2.0(0.14%),P:1e-2	Tpos:31.0,Tstd:0.0,Bpos:51.5,Bstd:9.5,StrandBias:10.0,Multiplicity:1.00
0.100	0.100	0.700	0.100
0.700	0.100	0.100	0.100
0.700	0.100	0.100	0.100
0.100	0.100	0.700	0.100
0.100	0.700	0.100	0.100
0.100	0.100	0.100	0.700
0.100	0.100	0.700	0.100
0.100	0.700	0.100	0.100
0.700	0.100	0.100	0.100
0.100	0.100	0.700	0.100
>TTCCCTGTGC	5-TTCCCTGTGC	10.296193	-5.194347	0	T:1.0(25.00%),B:2.0(0.14%),P:1e-2	Tpos:79.0,Tstd:0.0,Bpos:73.0,Bstd:16.0,StrandBias:-10.0,Multiplicity:1.00
0.100	0.100	0.100	0.700
0.100	0.100	0.100	0.700
0.100	0.700	0.100	0.100
0.100	0.700	0.100	0.100
0.100	0.700	0.100	0.100
0.100	0.100	0.100	0.700
0.100	0.100	0.700	0.100
0.100	0.100	0.100	0.700
0.100	0.100	0.700	0.100
0.100	0.700	0.100	0.100
