>CCTAGAAAGTCC	1-CCTAGAAAGTCC	13.593323	-12.752575	0	T:2.0(50.00%),B:0.0(0.00%),P:1e-5	Tpos:72.0,Tstd:16.9,Bpos:0.0,Bstd:0.0,StrandBias:10.0,Multiplicity:1.50
0.001	0.997	0.001	0.001
0.001	0.997	0.001	0.001
0.001	0.001	0.001	0.997
0.666	0.332	0.001	0.001
0.001	0.001	0.997	0.001
0.997	0.001	0.001	0.001
0.666	0.001	0.001	0.332
0.666	0.001	0.001	0.332
0.001	0.001	0.997	0.001
0.001	0.001	0.332	0.666
0.001	0.997	0.001	0.001
0.001	0.997	0.001	0.001
>GCAADTGCTCAG	2-GCAADTGCTCAG	6.050657	-12.036095	0	T:4.0(100.00%),B:71.0(4.93%),P:1e-5	Tpos:63.0,Tstd:25.3,Bpos:56.0,Bstd:26.2,StrandBias:0.6,Multiplicity:1.00
0.003	0.001	0.677	0.319
0.001	0.637	0.361	0.001
0.637	0.361	0.001	0.001
0.997	0.001	0.001	0.001
0.319	0.001	0.365	0.315
0.001	0.001	0.052	0.946
0.001	0.001	0.676	0.322
0.001	0.634	0.364	0.001
0.001	0.364	0.001	0.634
0.315	0.680	0.001	0.004
0.630	0.001	0.001	0.368
0.001	0.007	0.676	0.316
>AAHCAGGCCCTG	3-AAHCAGGCCCTG	7.411504	-10.785305	0	T:3.0(75.00%),B:25.0(1.74%),P:1e-4	Tpos:7.8,Tstd:1.5,Bpos:50.3,Bstd:24.9,StrandBias:-1.6,Multiplicity:1.00
0.634	0.361	0.001	0.004
0.631	0.315	0.001	0.053
0.315	0.369	0.001	0.315
0.001	0.997	0.001	0.001
0.997	0.001	0.001	0.001
0.001	0.315	0.683	0.001
0.045	0.001	0.639	0.315
0.001	0.683	0.315	0.001
0.001	0.997	0.001	0.001
0.001	0.997	0.001	0.001
0.001	0.003	0.001	0.995
0.001	0.315	0.677	0.007
>AGGCCCCTTHTD	4-AGGCCCCTTHTD	9.848319	-9.982769	0	T:2.0(50.00%),B:4.0(0.28%),P:1e-4	Tpos:50.0,Tstd:21.0,Bpos:67.0,Bstd:25.6,StrandBias:0.0,Multiplicity:1.00
0.953	0.045	0.001	0.001
0.001	0.315	0.639	0.045
0.001	0.001	0.997	0.001
0.001	0.997	0.001	0.001
0.053	0.631	0.001	0.315
0.045	0.639	0.001	0.315
0.001	0.683	0.001	0.315
0.001	0.315	0.001	0.683
0.315	0.001	0.001	0.683
0.316	0.316	0.053	0.316
0.315	0.001	0.001	0.683
0.316	0.053	0.316	0.316
>GGCTTCTATTGC	5-GGCTTCTATTGC	4.868972	-7.486542	0	T:2.0(50.00%),B:14.0(0.97%),P:1e-3	Tpos:51.0,Tstd:14.0,Bpos:41.3,Bstd:28.2,StrandBias:10.0,Multiplicity:1.00
0.001	0.001	0.875	0.123
0.001	0.001	0.997	0.001
0.001	0.997	0.001	0.001
0.144	0.001	0.001	0.854
0.124	0.021	0.001	0.854
0.001	0.997	0.001	0.001
0.001	0.001	0.001	0.997
0.854	0.001	0.001	0.144
0.001	0.001	0.144	0.854
0.001	0.001	0.001	0.997
0.001	0.144	0.854	0.001
0.001	0.997	0.001	0.001
