>AAGTRGTCCAGT	1-AAGTRGTCCAGT	8.869293	-21.625662	0	T:5.0(50.00%),B:11.0(0.44%),P:1e-9	Tpos:29.6,Tstd:19.3,Bpos:46.1,Bstd:24.4,StrandBias:2.0,Multiplicity:1.00
0.760	0.001	0.001	0.238
0.997	0.001	0.001	0.001
0.001	0.001	0.717	0.281
0.001	0.001	0.281	0.717
0.477	0.001	0.521	0.001
0.001	0.001	0.760	0.238
0.001	0.001	0.001	0.997
0.001	0.760	0.238	0.001
0.001	0.521	0.239	0.239
0.997	0.001	0.001	0.001
0.001	0.001	0.760	0.238
0.239	0.001	0.239	0.521
>GAGAKGCTGKCC	2-GAGAKGCTGKCC	10.193344	-18.690342	0	T:3.0(30.00%),B:1.0(0.04%),P:1e-8	Tpos:72.7,Tstd:18.1,Bpos:75.0,Bstd:0.0,StrandBias:-1.0,Multiplicity:1.00
0.082	0.001	0.916	0.001
0.997	0.001	0.001	0.001
0.012	0.001	0.986	0.001
0.997	0.001	0.001	0.001
0.001	0.001	0.540	0.458
0.001	0.069	0.929	0.001
0.001	0.997	0.001	0.001
0.001	0.001	0.001	0.997
0.001	0.001	0.997	0.001
0.001	0.001	0.540	0.458
0.001	0.997	0.001	0.001
0.001	0.997	0.001	0.001
>GGRTGWGAACAM	3-GGRTGWGAACAM	9.774194	-16.762735	0	T:4.0(40.00%),B:10.0(0.40%),P:1e-7	Tpos:43.8,Tstd:24.6,Bpos:54.1,Bstd:14.5,StrandBias:0.6,Multiplicity:1.25
0.001	0.001	0.997	0.001
0.238	0.001	0.760	0.001
0.477	0.001	0.521	0.001
0.239	0.001	0.239	0.521
0.001	0.001	0.997	0.001
0.521	0.001	0.001	0.477
0.001	0.001	0.997	0.001
0.760	0.001	0.238	0.001
0.717	0.043	0.001	0.239
0.238	0.760	0.001	0.001
0.760	0.238	0.001	0.001
0.521	0.477	0.001	0.001
>TSTCACACTCTA	4-TSTCACACTCTA	9.506938	-12.822481	0	T:4.0(40.00%),B:27.0(1.08%),P:1e-5	Tpos:36.0,Tstd:26.3,Bpos:42.4,Bstd:25.1,StrandBias:-2.0,Multiplicity:1.25
0.001	0.001	0.001	0.997
0.001	0.391	0.386	0.222
0.193	0.001	0.193	0.613
0.001	0.997	0.001	0.001
0.608	0.001	0.001	0.390
0.001	0.806	0.192	0.001
0.421	0.193	0.193	0.193
0.001	0.997	0.001	0.001
0.193	0.193	0.001	0.613
0.001	0.776	0.001	0.222
0.001	0.001	0.001	0.997
0.609	0.193	0.193	0.005
>ATCATCACAGCA	5-ATCATCACAGCA	10.856074	-11.845959	0	T:2.0(20.00%),B:0.0(0.00%),P:1e-5	Tpos:39.5,Tstd:11.5,Bpos:0.0,Bstd:0.0,StrandBias:0.0,Multiplicity:1.00
0.846	0.001	0.152	0.001
0.001	0.001	0.001	0.997
0.001	0.997	0.001	0.001
0.948	0.050	0.001	0.001
0.001	0.001	0.001	0.997
0.152	0.846	0.001	0.001
0.997	0.001	0.001	0.001
0.001	0.997	0.001	0.001
0.997	0.001	0.001	0.001
0.152	0.001	0.846	0.001
0.001	0.997	0.001	0.001
0.948	0.050	0.001	0.001
