>ATTSAKTWCTYT	1-ATTSAKTWCTYT	8.469796	-21.565180	0	T:4.0(40.00%),B:3.0(0.12%),P:1e-9	Tpos:23.5,Tstd:11.5,Bpos:60.0,Bstd:17.7,StrandBias:0.0,Multiplicity:1.00
0.997	0.001	0.001	0.001
0.001	0.001	0.001	0.997
0.001	0.027	0.001	0.971
0.001	0.514	0.458	0.027
0.997	0.001	0.001	0.001
0.001	0.001	0.540	0.458
0.001	0.001	0.001	0.997
0.514	0.027	0.001	0.458
0.001	0.997	0.001	0.001
0.082	0.001	0.001	0.916
0.001	0.485	0.001	0.513
0.001	0.001	0.001	0.997
>CYAYMYARCTTW	2-CYAYMYARCTTW	6.448806	-14.537754	0	T:3.0(30.00%),B:4.0(0.16%),P:1e-6	Tpos:41.7,Tstd:22.1,Bpos:74.0,Bstd:20.8,StrandBias:10.0,Multiplicity:1.00
0.070	0.928	0.001	0.001
0.001	0.539	0.001	0.459
0.997	0.001	0.001	0.001
0.081	0.458	0.001	0.460
0.539	0.459	0.001	0.001
0.001	0.458	0.082	0.459
0.988	0.001	0.001	0.010
0.529	0.001	0.459	0.011
0.001	0.997	0.001	0.001
0.001	0.001	0.001	0.997
0.001	0.001	0.001	0.997
0.458	0.001	0.001	0.540
>TATTGNTCTTTA	3-TATTGNTCTTTA	7.880369	-14.120534	0	T:5.0(50.00%),B:50.0(2.00%),P:1e-6	Tpos:38.8,Tstd:22.5,Bpos:50.3,Bstd:28.8,StrandBias:2.0,Multiplicity:1.00
0.282	0.239	0.001	0.478
0.760	0.238	0.001	0.001
0.001	0.001	0.001	0.997
0.238	0.001	0.001	0.760
0.001	0.238	0.760	0.001
0.239	0.239	0.282	0.239
0.239	0.239	0.001	0.521
0.001	0.521	0.239	0.239
0.001	0.238	0.001	0.760
0.001	0.238	0.001	0.760
0.001	0.001	0.001	0.997
0.760	0.001	0.001	0.238
>DTGTGBATGTTA	4-DTGTGBATGTTA	8.564017	-12.406834	0	T:4.0(40.00%),B:30.0(1.20%),P:1e-5	Tpos:77.6,Tstd:8.3,Bpos:52.7,Bstd:26.9,StrandBias:0.6,Multiplicity:1.25
0.302	0.001	0.283	0.415
0.150	0.001	0.001	0.848
0.001	0.001	0.997	0.001
0.151	0.237	0.141	0.471
0.001	0.151	0.762	0.086
0.001	0.292	0.406	0.302
0.480	0.151	0.151	0.218
0.160	0.001	0.302	0.537
0.001	0.001	0.997	0.001
0.001	0.237	0.151	0.611
0.001	0.001	0.150	0.848
0.688	0.009	0.302	0.001
>TGGAAGTGSNTC	5-TGGAAGTGSNTC	9.187359	-10.800474	0	T:3.0(30.00%),B:14.0(0.56%),P:1e-4	Tpos:45.0,Tstd:19.0,Bpos:54.4,Bstd:21.5,StrandBias:-1.6,Multiplicity:1.33
0.001	0.001	0.238	0.760
0.001	0.001	0.997	0.001
0.001	0.001	0.760	0.238
0.997	0.001	0.001	0.001
0.760	0.001	0.238	0.001
0.238	0.001	0.760	0.001
0.239	0.239	0.001	0.521
0.001	0.001	0.760	0.238
0.001	0.477	0.521	0.001
0.239	0.239	0.239	0.282
0.001	0.238	0.001	0.760
0.282	0.478	0.239	0.001
