>BATCAGTGMTGG	1-BATCAGTGMTGG	7.666647	-9.629110	0	T:5.0(50.00%),B:126.0(5.03%),P:1e-4	Tpos:63.8,Tstd:16.3,Bpos:53.3,Bstd:24.2,StrandBias:1.0,Multiplicity:1.20
0.162	0.191	0.324	0.324
0.677	0.161	0.161	0.001
0.161	0.001	0.161	0.677
0.001	0.997	0.001	0.001
0.675	0.001	0.001	0.323
0.001	0.161	0.677	0.161
0.161	0.001	0.001	0.837
0.001	0.001	0.997	0.001
0.324	0.353	0.162	0.162
0.323	0.001	0.161	0.515
0.161	0.001	0.677	0.161
0.001	0.161	0.837	0.001
>AGAACAWTGGTC	2-AGAACAWTGGTC	7.166603	-8.013440	0	T:3.0(30.00%),B:36.0(1.44%),P:1e-3	Tpos:51.0,Tstd:23.8,Bpos:40.2,Bstd:22.5,StrandBias:-1.6,Multiplicity:1.00
0.718	0.012	0.012	0.258
0.018	0.251	0.730	0.001
0.742	0.251	0.006	0.001
0.491	0.251	0.245	0.012
0.001	0.760	0.001	0.238
0.754	0.006	0.239	0.001
0.485	0.006	0.018	0.491
0.001	0.001	0.005	0.993
0.006	0.245	0.731	0.018
0.013	0.251	0.485	0.251
0.258	0.258	0.006	0.478
0.257	0.730	0.001	0.012
>AGACYCACARGC	3-AGACYCACARGC	6.304243	-7.000226	0	T:3.0(30.00%),B:51.0(2.04%),P:1e-3	Tpos:76.7,Tstd:11.7,Bpos:52.6,Bstd:25.3,StrandBias:-1.0,Multiplicity:1.00
0.746	0.168	0.001	0.085
0.086	0.253	0.412	0.249
0.417	0.252	0.248	0.083
0.083	0.504	0.082	0.331
0.085	0.414	0.166	0.335
0.003	0.585	0.164	0.248
0.502	0.166	0.249	0.083
0.246	0.585	0.166	0.003
0.582	0.248	0.087	0.083
0.330	0.170	0.334	0.167
0.413	0.004	0.579	0.004
0.166	0.500	0.086	0.248
>AGAGAGAATGAA	4-AGAGAGAATGAA	16.175303	-5.524458	0	T:1.0(10.00%),B:0.0(0.00%),P:1e-2	Tpos:17.0,Tstd:0.0,Bpos:0.0,Bstd:0.0,StrandBias:10.0,Multiplicity:1.00
0.997	0.001	0.001	0.001
0.001	0.001	0.997	0.001
0.997	0.001	0.001	0.001
0.001	0.001	0.997	0.001
0.997	0.001	0.001	0.001
0.001	0.001	0.997	0.001
0.997	0.001	0.001	0.001
0.846	0.001	0.152	0.001
0.152	0.001	0.001	0.846
0.001	0.001	0.997	0.001
0.997	0.001	0.001	0.001
0.906	0.001	0.092	0.001
>TGGGGGAGGGGC	5-TGGGGGAGGGGC	12.355432	-4.833108	0	T:1.0(10.00%),B:2.0(0.08%),P:1e-2	Tpos:76.0,Tstd:0.0,Bpos:55.0,Bstd:7.0,StrandBias:-10.0,Multiplicity:1.00
0.100	0.100	0.100	0.700
0.100	0.100	0.700	0.100
0.100	0.100	0.700	0.100
0.100	0.100	0.700	0.100
0.100	0.100	0.700	0.100
0.100	0.100	0.700	0.100
0.700	0.100	0.100	0.100
0.100	0.100	0.700	0.100
0.100	0.100	0.700	0.100
0.100	0.100	0.700	0.100
0.100	0.100	0.700	0.100
0.100	0.700	0.100	0.100
