>CAAGCCAGTTTT	1-CAAGCCAGTTTT	11.636147	-18.057568	0	T:3.0(23.08%),B:0.0(0.00%),P:1e-7	Tpos:59.5,Tstd:18.0,Bpos:0.0,Bstd:0.0,StrandBias:-1.6,Multiplicity:1.33
0.001	0.997	0.001	0.001
0.997	0.001	0.001	0.001
0.627	0.001	0.001	0.371
0.001	0.001	0.997	0.001
0.001	0.997	0.001	0.001
0.001	0.627	0.371	0.001
0.685	0.001	0.001	0.313
0.001	0.001	0.685	0.313
0.001	0.001	0.001	0.997
0.371	0.001	0.001	0.627
0.001	0.001	0.001	0.997
0.001	0.001	0.371	0.627
>ARTRWAKKGARA	2-ARTRWAKKGARA	10.136669	-15.980897	0	T:3.0(23.08%),B:2.0(0.07%),P:1e-6	Tpos:38.3,Tstd:29.3,Bpos:54.5,Bstd:3.5,StrandBias:-1.0,Multiplicity:1.50
0.956	0.001	0.001	0.042
0.499	0.001	0.499	0.001
0.084	0.001	0.001	0.914
0.456	0.001	0.542	0.001
0.542	0.001	0.001	0.456
0.997	0.001	0.001	0.001
0.001	0.001	0.499	0.499
0.001	0.001	0.499	0.499
0.001	0.001	0.997	0.001
0.997	0.001	0.001	0.001
0.542	0.001	0.456	0.001
0.956	0.001	0.042	0.001
>CTGACCATVVAC	3-CTGACCATVVAC	9.853932	-14.249857	0	T:4.0(30.77%),B:15.0(0.55%),P:1e-6	Tpos:52.5,Tstd:9.8,Bpos:43.1,Bstd:27.8,StrandBias:1.6,Multiplicity:1.00
0.001	0.685	0.313	0.001
0.313	0.001	0.001	0.685
0.001	0.001	0.997	0.001
0.627	0.001	0.371	0.001
0.313	0.685	0.001	0.001
0.001	0.997	0.001	0.001
0.997	0.001	0.001	0.001
0.001	0.001	0.313	0.685
0.313	0.372	0.313	0.001
0.314	0.314	0.314	0.059
0.685	0.001	0.001	0.313
0.001	0.997	0.001	0.001
>CMMMCARACAKG	4-CMMMCARACAKG	11.618781	-13.906999	0	T:3.0(23.08%),B:4.0(0.15%),P:1e-6	Tpos:45.3,Tstd:33.8,Bpos:61.2,Bstd:32.3,StrandBias:1.0,Multiplicity:1.00
0.001	0.997	0.001	0.001
0.542	0.456	0.001	0.001
0.457	0.457	0.085	0.001
0.457	0.500	0.042	0.001
0.001	0.997	0.001	0.001
0.997	0.001	0.001	0.001
0.456	0.001	0.542	0.001
0.997	0.001	0.001	0.001
0.001	0.997	0.001	0.001
0.997	0.001	0.001	0.001
0.001	0.001	0.542	0.456
0.001	0.001	0.997	0.001
>ACCTTTGTTTCC	5-ACCTTTGTTTCC	8.463612	-7.027927	0	T:3.0(23.08%),B:41.0(1.51%),P:1e-3	Tpos:48.7,Tstd:23.1,Bpos:55.8,Bstd:22.0,StrandBias:-1.0,Multiplicity:1.00
0.700	0.100	0.100	0.100
0.100	0.700	0.100	0.100
0.100	0.700	0.100	0.100
0.100	0.100	0.100	0.700
0.100	0.100	0.100	0.700
0.100	0.100	0.100	0.700
0.100	0.100	0.700	0.100
0.100	0.100	0.100	0.700
0.100	0.100	0.100	0.700
0.100	0.100	0.100	0.700
0.100	0.700	0.100	0.100
0.100	0.700	0.100	0.100
