>ACTTATAT	1-ACTTATAT	6.320608	-12.148800	0	T:7.0(53.85%),B:173.0(6.39%),P:1e-5	Tpos:56.7,Tstd:17.0,Bpos:53.3,Bstd:27.9,StrandBias:0.4,Multiplicity:1.00
0.602	0.396	0.001	0.001
0.200	0.798	0.001	0.001
0.001	0.174	0.001	0.824
0.001	0.328	0.001	0.670
0.504	0.201	0.001	0.294
0.200	0.001	0.001	0.798
0.997	0.001	0.001	0.001
0.001	0.001	0.200	0.798
>AAHGTTAT	2-AAHGTTAT	5.976689	-8.239124	0	T:5.0(38.46%),B:133.0(4.91%),P:1e-3	Tpos:33.4,Tstd:22.4,Bpos:49.6,Bstd:27.3,StrandBias:2.0,Multiplicity:1.00
0.501	0.001	0.194	0.304
0.857	0.141	0.001	0.001
0.304	0.304	0.001	0.392
0.001	0.303	0.695	0.001
0.001	0.001	0.197	0.801
0.001	0.194	0.141	0.664
0.997	0.001	0.001	0.001
0.141	0.001	0.001	0.857
>CTCGGGAC	3-CTCGGGAC	6.291044	-7.743045	0	T:5.0(38.46%),B:148.0(5.47%),P:1e-3	Tpos:68.6,Tstd:24.7,Bpos:45.1,Bstd:29.1,StrandBias:-0.6,Multiplicity:1.00
0.100	0.700	0.100	0.100
0.100	0.100	0.100	0.700
0.100	0.700	0.100	0.100
0.100	0.100	0.700	0.100
0.100	0.100	0.700	0.100
0.100	0.100	0.700	0.100
0.700	0.100	0.100	0.100
0.100	0.700	0.100	0.100
>CTCTGGGC	4-CTCTGGGC	7.847713	-5.978675	0	T:4.0(30.77%),B:128.0(4.73%),P:1e-2	Tpos:58.0,Tstd:28.0,Bpos:53.2,Bstd:26.6,StrandBias:2.0,Multiplicity:1.25
0.001	0.997	0.001	0.001
0.001	0.001	0.001	0.997
0.001	0.657	0.001	0.341
0.001	0.341	0.001	0.657
0.341	0.001	0.657	0.001
0.001	0.001	0.997	0.001
0.001	0.001	0.997	0.001
0.001	0.997	0.001	0.001
>TTGTCTCG	5-TTGTCTCG	8.236954	-5.340863	0	T:1.0(7.69%),B:1.0(0.04%),P:1e-2	Tpos:58.0,Tstd:0.0,Bpos:24.0,Bstd:0.0,StrandBias:10.0,Multiplicity:1.00
0.100	0.100	0.100	0.700
0.100	0.100	0.100	0.700
0.100	0.100	0.700	0.100
0.100	0.100	0.100	0.700
0.100	0.700	0.100	0.100
0.100	0.100	0.100	0.700
0.100	0.700	0.100	0.100
0.100	0.100	0.700	0.100
