>GTTTTAYARTGA	1-GTTTTAYARTGA	9.272278	-21.393979	0	T:5.0(38.46%),B:9.0(0.33%),P:1e-9	Tpos:53.9,Tstd:21.4,Bpos:59.8,Bstd:27.5,StrandBias:2.6,Multiplicity:1.40
0.001	0.001	0.997	0.001
0.001	0.192	0.228	0.579
0.001	0.001	0.225	0.773
0.192	0.001	0.192	0.615
0.001	0.015	0.001	0.983
0.594	0.404	0.001	0.001
0.192	0.405	0.001	0.402
0.774	0.001	0.016	0.209
0.385	0.212	0.402	0.001
0.208	0.001	0.001	0.790
0.001	0.001	0.997	0.001
0.806	0.192	0.001	0.001
>KGGGCTGYRGGC	2-KGGGCTGYRGGC	5.304084	-12.264104	0	T:8.0(61.54%),B:252.0(9.31%),P:1e-5	Tpos:46.4,Tstd:21.8,Bpos:48.5,Bstd:26.7,StrandBias:0.3,Multiplicity:1.12
0.001	0.001	0.493	0.505
0.001	0.001	0.676	0.322
0.009	0.001	0.989	0.001
0.171	0.324	0.504	0.001
0.001	0.989	0.009	0.001
0.180	0.001	0.001	0.818
0.001	0.342	0.496	0.161
0.172	0.333	0.171	0.323
0.353	0.162	0.324	0.162
0.161	0.001	0.819	0.019
0.001	0.001	0.837	0.161
0.001	0.997	0.001	0.001
>KGAGKGTGGCCT	3-KGAGKGTGGCCT	12.034378	-11.453193	0	T:2.0(15.38%),B:0.0(0.00%),P:1e-4	Tpos:43.0,Tstd:12.0,Bpos:0.0,Bstd:0.0,StrandBias:0.0,Multiplicity:1.00
0.001	0.001	0.514	0.484
0.001	0.001	0.997	0.001
0.759	0.001	0.239	0.001
0.239	0.239	0.521	0.001
0.001	0.001	0.477	0.521
0.038	0.239	0.485	0.239
0.238	0.001	0.001	0.760
0.001	0.001	0.997	0.001
0.001	0.001	0.997	0.001
0.001	0.760	0.238	0.001
0.001	0.996	0.001	0.002
0.238	0.001	0.001	0.760
>GAAAGGACACTT	4-GAAAGGACACTT	10.586389	-11.453193	0	T:2.0(15.38%),B:1.0(0.04%),P:1e-4	Tpos:48.5,Tstd:43.5,Bpos:65.0,Bstd:0.0,StrandBias:0.0,Multiplicity:1.00
0.001	0.052	0.946	0.001
0.997	0.001	0.001	0.001
0.997	0.001	0.001	0.001
0.842	0.001	0.156	0.001
0.001	0.001	0.997	0.001
0.001	0.001	0.997	0.001
0.842	0.001	0.105	0.052
0.001	0.997	0.001	0.001
0.997	0.001	0.001	0.001
0.001	0.997	0.001	0.001
0.001	0.001	0.001	0.997
0.001	0.001	0.156	0.842
>AGCCCAAGACCC	5-AGCCCAAGACCC	8.486751	-9.261385	0	T:2.0(15.38%),B:3.0(0.11%),P:1e-4	Tpos:47.5,Tstd:18.4,Bpos:38.0,Bstd:5.4,StrandBias:0.0,Multiplicity:2.00
0.842	0.001	0.001	0.156
0.001	0.001	0.997	0.001
0.001	0.997	0.001	0.001
0.001	0.997	0.001	0.001
0.001	0.997	0.001	0.001
0.920	0.078	0.001	0.001
0.997	0.001	0.001	0.001
0.001	0.001	0.997	0.001
0.842	0.156	0.001	0.001
0.001	0.997	0.001	0.001
0.001	0.997	0.001	0.001
0.156	0.842	0.001	0.001
