>GTATATAGGG	1-GTATATAGGG	7.494689	-18.057568	0	T:3.0(23.08%),B:0.0(0.00%),P:1e-7	Tpos:70.0,Tstd:7.8,Bpos:0.0,Bstd:0.0,StrandBias:-1.0,Multiplicity:1.00
0.001	0.001	0.997	0.001
0.001	0.001	0.156	0.842
0.920	0.001	0.078	0.001
0.001	0.001	0.001	0.997
0.920	0.001	0.001	0.078
0.001	0.001	0.001	0.997
0.997	0.001	0.001	0.001
0.001	0.001	0.997	0.001
0.001	0.001	0.997	0.001
0.156	0.001	0.842	0.001
>TCCTTCTCAG	2-TCCTTCTCAG	11.538435	-16.745631	0	T:4.0(30.77%),B:8.0(0.30%),P:1e-7	Tpos:54.2,Tstd:33.6,Bpos:40.0,Bstd:22.5,StrandBias:1.6,Multiplicity:1.00
0.001	0.001	0.001	0.997
0.001	0.997	0.001	0.001
0.001	0.997	0.001	0.001
0.001	0.001	0.269	0.729
0.001	0.001	0.188	0.810
0.001	0.997	0.001	0.001
0.001	0.001	0.001	0.997
0.001	0.997	0.001	0.001
0.729	0.001	0.269	0.001
0.001	0.001	0.997	0.001
>CWSWTYWRAG	3-CWSWTYWRAG	6.994921	-14.639527	0	T:6.0(46.15%),B:70.0(2.59%),P:1e-6	Tpos:47.6,Tstd:21.9,Bpos:47.4,Bstd:27.0,StrandBias:-0.7,Multiplicity:1.17
0.001	0.997	0.001	0.001
0.463	0.001	0.001	0.535
0.001	0.463	0.535	0.001
0.542	0.001	0.001	0.456
0.078	0.001	0.001	0.920
0.001	0.542	0.001	0.456
0.463	0.001	0.001	0.535
0.464	0.001	0.529	0.006
0.992	0.001	0.006	0.001
0.001	0.001	0.997	0.001
>GGCCTCAGGC	4-GGCCTCAGGC	6.281832	-7.995331	0	T:7.0(53.85%),B:328.0(12.12%),P:1e-3	Tpos:62.5,Tstd:29.1,Bpos:50.4,Bstd:26.0,StrandBias:-0.3,Multiplicity:1.43
0.001	0.001	0.824	0.174
0.001	0.001	0.676	0.322
0.001	0.997	0.001	0.001
0.322	0.676	0.001	0.001
0.161	0.013	0.001	0.825
0.001	0.663	0.175	0.161
0.662	0.162	0.162	0.014
0.161	0.161	0.677	0.001
0.163	0.323	0.513	0.001
0.323	0.515	0.001	0.161
>TSCTWGCWRG	5-TSCTWGCWRG	11.340049	-5.340863	0	T:1.0(7.69%),B:0.0(0.00%),P:1e-2	Tpos:26.0,Tstd:0.0,Bpos:0.0,Bstd:0.0,StrandBias:10.0,Multiplicity:1.00
0.001	0.001	0.001	0.997
0.001	0.456	0.542	0.001
0.001	0.997	0.001	0.001
0.001	0.001	0.001	0.997
0.542	0.001	0.001	0.456
0.001	0.001	0.997	0.001
0.001	0.970	0.028	0.001
0.542	0.001	0.001	0.456
0.542	0.001	0.456	0.001
0.001	0.028	0.970	0.001
