>ATAGMAAATT	1-ATAGMAAATT	9.828394	-18.631189	0	T:6.0(6.90%),B:5.0(0.16%),P:1e-8	Tpos:35.3,Tstd:19.2,Bpos:50.8,Bstd:29.2,StrandBias:1.3,Multiplicity:1.17
0.550	0.223	0.226	0.001
0.001	0.001	0.001	0.997
0.676	0.001	0.001	0.322
0.001	0.001	0.997	0.001
0.450	0.334	0.215	0.001
0.776	0.001	0.001	0.222
0.677	0.107	0.001	0.215
0.997	0.001	0.001	0.001
0.001	0.107	0.215	0.677
0.001	0.001	0.001	0.997
>GGCTGAGACG	2-GGCTGAGACG	11.559208	-15.911482	0	T:5.0(5.75%),B:4.0(0.13%),P:1e-6	Tpos:42.0,Tstd:23.2,Bpos:46.2,Bstd:33.2,StrandBias:2.0,Multiplicity:1.00
0.001	0.001	0.997	0.001
0.001	0.001	0.997	0.001
0.001	0.791	0.207	0.001
0.001	0.001	0.001	0.997
0.001	0.001	0.997	0.001
0.997	0.001	0.001	0.001
0.001	0.001	0.997	0.001
0.997	0.001	0.001	0.001
0.001	0.623	0.168	0.208
0.001	0.001	0.791	0.207
>TACAGTGTAG	3-TACAGTGTAG	11.075515	-15.878489	0	T:6.0(6.90%),B:8.0(0.26%),P:1e-6	Tpos:53.0,Tstd:16.0,Bpos:35.9,Bstd:26.4,StrandBias:2.3,Multiplicity:1.00
0.166	0.001	0.001	0.832
0.997	0.001	0.001	0.001
0.001	0.997	0.001	0.001
0.832	0.001	0.001	0.166
0.066	0.075	0.804	0.055
0.001	0.001	0.001	0.997
0.001	0.001	0.997	0.001
0.001	0.001	0.166	0.832
0.997	0.001	0.001	0.001
0.001	0.001	0.863	0.135
>CTCTCTCTTT	4-CTCTCTCTTT	7.955620	-10.948366	0	T:14.0(16.09%),B:131.0(4.24%),P:1e-4	Tpos:49.8,Tstd:26.1,Bpos:47.8,Bstd:25.5,StrandBias:-1.1,Multiplicity:1.14
0.001	0.881	0.001	0.117
0.001	0.001	0.001	0.997
0.001	0.758	0.151	0.090
0.169	0.084	0.001	0.746
0.001	0.748	0.092	0.159
0.001	0.043	0.001	0.955
0.001	0.602	0.207	0.190
0.030	0.062	0.001	0.907
0.085	0.116	0.070	0.729
0.085	0.158	0.059	0.698
>AAAAATAAAA	5-AAAAATAAAA	10.935668	-8.208848	0	T:9.0(10.34%),B:75.0(2.43%),P:1e-3	Tpos:57.7,Tstd:14.6,Bpos:47.3,Bstd:26.4,StrandBias:-1.9,Multiplicity:1.11
0.997	0.001	0.001	0.001
0.904	0.001	0.001	0.094
0.997	0.001	0.001	0.001
0.863	0.135	0.001	0.001
0.997	0.001	0.001	0.001
0.264	0.137	0.001	0.598
0.997	0.001	0.001	0.001
0.997	0.001	0.001	0.001
0.863	0.001	0.001	0.135
0.863	0.001	0.001	0.135
>CCGTGTACAC	6-CCGTGTACAC	9.106130	-5.702366	0	T:2.0(2.30%),B:3.0(0.10%),P:1e-2	Tpos:51.6,Tstd:30.4,Bpos:32.7,Bstd:18.3,StrandBias:0.6,Multiplicity:1.50
0.109	0.836	0.054	0.001
0.001	0.782	0.054	0.163
0.001	0.001	0.997	0.001
0.001	0.001	0.001	0.997
0.001	0.001	0.997	0.001
0.001	0.001	0.001	0.997
0.997	0.001	0.001	0.001
0.001	0.997	0.001	0.001
0.997	0.001	0.001	0.001
0.001	0.997	0.001	0.001
>AGGGTTAGGG	7-AGGGTTAGGG	10.296193	-2.238894	0	T:1.0(1.15%),B:4.0(0.13%),P:1e0	Tpos:48.2,Tstd:27.9,Bpos:33.5,Bstd:23.6,StrandBias:10.0,Multiplicity:14.00
0.700	0.100	0.100	0.100
0.100	0.100	0.700	0.100
0.100	0.100	0.700	0.100
0.100	0.100	0.700	0.100
0.100	0.100	0.100	0.700
0.100	0.100	0.100	0.700
0.700	0.100	0.100	0.100
0.100	0.100	0.700	0.100
0.100	0.100	0.700	0.100
0.100	0.100	0.700	0.100
