>CACAGAGAAA	1-CACAGAGAAA	9.837377	-16.202010	0	T:12.0(13.79%),B:58.0(1.88%),P:1e-7	Tpos:37.4,Tstd:20.4,Bpos:46.7,Bstd:25.0,StrandBias:0.8,Multiplicity:1.09
0.001	0.639	0.001	0.359
0.736	0.262	0.001	0.001
0.001	0.658	0.340	0.001
0.997	0.001	0.001	0.001
0.001	0.001	0.997	0.001
0.650	0.001	0.001	0.348
0.001	0.326	0.672	0.001
0.675	0.001	0.323	0.001
0.591	0.001	0.407	0.001
0.997	0.001	0.001	0.001
>AACATGTGAC	2-AACATGTGAC	7.938981	-13.216874	0	T:8.0(9.20%),B:29.0(0.94%),P:1e-5	Tpos:69.8,Tstd:21.8,Bpos:55.5,Bstd:25.6,StrandBias:0.0,Multiplicity:1.25
0.599	0.300	0.001	0.100
0.723	0.100	0.077	0.100
0.001	0.899	0.099	0.001
0.997	0.001	0.001	0.001
0.001	0.001	0.099	0.899
0.001	0.099	0.899	0.001
0.100	0.001	0.100	0.799
0.007	0.001	0.692	0.300
0.700	0.100	0.100	0.100
0.001	0.822	0.176	0.001
>AGTTGACACA	3-AGTTGACACA	11.776689	-12.557009	0	T:3.0(3.45%),B:1.0(0.03%),P:1e-5	Tpos:51.8,Tstd:29.8,Bpos:13.0,Bstd:0.0,StrandBias:-1.6,Multiplicity:1.33
0.837	0.001	0.001	0.161
0.001	0.143	0.855	0.001
0.001	0.001	0.001	0.997
0.001	0.001	0.001	0.997
0.001	0.001	0.997	0.001
0.768	0.001	0.230	0.001
0.001	0.768	0.230	0.001
0.997	0.001	0.001	0.001
0.001	0.997	0.001	0.001
0.997	0.001	0.001	0.001
>TTACYTTCTC	4-TTACYTTCTC	8.977385	-11.967139	0	T:5.0(5.75%),B:9.0(0.29%),P:1e-5	Tpos:42.1,Tstd:21.8,Bpos:60.5,Bstd:24.4,StrandBias:1.6,Multiplicity:1.60
0.001	0.001	0.001	0.997
0.001	0.022	0.001	0.976
0.971	0.001	0.027	0.001
0.001	0.997	0.001	0.001
0.001	0.478	0.001	0.520
0.001	0.001	0.001	0.997
0.001	0.001	0.001	0.997
0.001	0.997	0.001	0.001
0.082	0.001	0.001	0.916
0.001	0.611	0.001	0.387
>CGCGCGCGCG	5-CGCGCGCGCG	-2.276185	-4.243116	0	T:4.0(4.60%),B:33.0(1.07%),P:1e-1	Tpos:67.9,Tstd:10.1,Bpos:60.2,Bstd:24.9,StrandBias:-0.1,Multiplicity:1.00
0.001	0.997	0.001	0.001
0.100	0.001	0.898	0.001
0.001	0.997	0.001	0.001
0.001	0.001	0.997	0.001
0.001	0.997	0.001	0.001
0.001	0.001	0.997	0.001
0.001	0.997	0.001	0.001
0.001	0.001	0.997	0.001
0.001	0.997	0.001	0.001
0.100	0.001	0.898	0.001
>AGGGTTAGGG	6-AGGGTTAGGG	10.296193	-2.238894	0	T:1.0(1.15%),B:4.0(0.13%),P:1e0	Tpos:48.2,Tstd:27.9,Bpos:33.5,Bstd:23.6,StrandBias:10.0,Multiplicity:14.00
0.700	0.100	0.100	0.100
0.100	0.100	0.700	0.100
0.100	0.100	0.700	0.100
0.100	0.100	0.700	0.100
0.100	0.100	0.100	0.700
0.100	0.100	0.100	0.700
0.700	0.100	0.100	0.100
0.100	0.100	0.700	0.100
0.100	0.100	0.700	0.100
0.100	0.100	0.700	0.100
