>CTCTTTTTGT	1-CTCTTTTTGT	10.033056	-12.429089	0	T:2.0(50.00%),B:2.0(0.08%),P:1e-5	Tpos:40.5,Tstd:29.5,Bpos:90.5,Bstd:2.5,StrandBias:-10.0,Multiplicity:1.00
0.001	0.997	0.001	0.001
0.001	0.316	0.001	0.682
0.042	0.640	0.001	0.317
0.001	0.316	0.001	0.682
0.316	0.001	0.001	0.682
0.001	0.001	0.001	0.997
0.001	0.001	0.362	0.636
0.316	0.001	0.001	0.682
0.001	0.001	0.639	0.359
0.001	0.001	0.316	0.682
>GACTAAATCA	2-GACTAAATCA	7.567047	-11.618704	0	T:2.0(50.00%),B:3.0(0.12%),P:1e-5	Tpos:69.0,Tstd:14.0,Bpos:48.0,Bstd:19.1,StrandBias:-10.0,Multiplicity:1.00
0.001	0.001	0.997	0.001
0.997	0.001	0.001	0.001
0.134	0.864	0.001	0.001
0.116	0.001	0.001	0.882
0.864	0.001	0.134	0.001
0.864	0.001	0.001	0.134
0.997	0.001	0.001	0.001
0.001	0.001	0.001	0.997
0.001	0.997	0.001	0.001
0.882	0.001	0.116	0.001
>GTAACCTGAA	3-GTAACCTGAA	10.296193	-5.724811	0	T:1.0(25.00%),B:2.0(0.08%),P:1e-2	Tpos:14.0,Tstd:0.0,Bpos:81.5,Bstd:6.5,StrandBias:-10.0,Multiplicity:1.00
0.100	0.100	0.700	0.100
0.100	0.100	0.100	0.700
0.700	0.100	0.100	0.100
0.700	0.100	0.100	0.100
0.100	0.700	0.100	0.100
0.100	0.700	0.100	0.100
0.100	0.100	0.100	0.700
0.100	0.100	0.700	0.100
0.700	0.100	0.100	0.100
0.700	0.100	0.100	0.100
>TGCTGCTTTT	4-TGCTGCTTTT	10.296193	-5.724811	0	T:1.0(25.00%),B:2.0(0.08%),P:1e-2	Tpos:88.0,Tstd:0.0,Bpos:80.0,Bstd:7.0,StrandBias:10.0,Multiplicity:1.00
0.100	0.100	0.100	0.700
0.100	0.100	0.700	0.100
0.100	0.700	0.100	0.100
0.100	0.100	0.100	0.700
0.100	0.100	0.700	0.100
0.100	0.700	0.100	0.100
0.100	0.100	0.100	0.700
0.100	0.100	0.100	0.700
0.100	0.100	0.100	0.700
0.100	0.100	0.100	0.700
>TACTCTTTGA	5-TACTCTTTGA	10.296193	-5.724811	0	T:1.0(25.00%),B:2.0(0.08%),P:1e-2	Tpos:74.0,Tstd:0.0,Bpos:38.5,Bstd:9.5,StrandBias:10.0,Multiplicity:1.00
0.100	0.100	0.100	0.700
0.700	0.100	0.100	0.100
0.100	0.700	0.100	0.100
0.100	0.100	0.100	0.700
0.100	0.700	0.100	0.100
0.100	0.100	0.100	0.700
0.100	0.100	0.100	0.700
0.100	0.100	0.100	0.700
0.100	0.100	0.700	0.100
0.700	0.100	0.100	0.100
