>CAKWRGWGMTGK	1-CAKWRGWGMTGK	10.436784	-10.598143	0	T:2.0(50.00%),B:5.0(0.20%),P:1e-4	Tpos:74.3,Tstd:28.5,Bpos:53.0,Bstd:20.0,StrandBias:10.0,Multiplicity:1.50
0.001	0.997	0.001	0.001
0.965	0.001	0.033	0.001
0.001	0.001	0.468	0.530
0.464	0.072	0.001	0.464
0.535	0.001	0.463	0.001
0.001	0.004	0.994	0.001
0.463	0.001	0.001	0.535
0.001	0.033	0.962	0.004
0.465	0.468	0.034	0.034
0.001	0.001	0.033	0.965
0.033	0.001	0.965	0.001
0.001	0.038	0.464	0.497
>GSCATBAGTGGG	2-GSCATBAGTGGG	7.056134	-9.015243	0	T:3.0(75.00%),B:77.0(3.15%),P:1e-3	Tpos:57.7,Tstd:18.6,Bpos:51.3,Bstd:26.1,StrandBias:1.0,Multiplicity:1.00
0.325	0.162	0.512	0.001
0.001	0.487	0.350	0.162
0.001	0.837	0.161	0.001
0.512	0.162	0.325	0.001
0.162	0.162	0.184	0.491
0.001	0.350	0.325	0.325
0.512	0.325	0.001	0.162
0.184	0.001	0.653	0.162
0.162	0.162	0.001	0.675
0.162	0.162	0.654	0.022
0.162	0.001	0.653	0.184
0.001	0.001	0.837	0.161
>MMYACCCCWYAT	3-MMYACCCCWYAT	12.982798	-6.417345	0	T:1.0(25.00%),B:0.0(0.00%),P:1e-2	Tpos:18.0,Tstd:10.0,Bpos:0.0,Bstd:0.0,StrandBias:10.0,Multiplicity:2.00
0.463	0.535	0.001	0.001
0.464	0.464	0.001	0.072
0.001	0.535	0.001	0.463
0.997	0.001	0.001	0.001
0.001	0.997	0.001	0.001
0.001	0.997	0.001	0.001
0.001	0.997	0.001	0.001
0.001	0.997	0.001	0.001
0.535	0.001	0.001	0.463
0.001	0.463	0.001	0.535
0.997	0.001	0.001	0.001
0.001	0.071	0.001	0.927
>GTGTTAATCTGA	4-GTGTTAATCTGA	12.355432	-6.417345	0	T:1.0(25.00%),B:0.0(0.00%),P:1e-2	Tpos:6.0,Tstd:0.0,Bpos:0.0,Bstd:0.0,StrandBias:10.0,Multiplicity:1.00
0.100	0.100	0.700	0.100
0.100	0.100	0.100	0.700
0.100	0.100	0.700	0.100
0.100	0.100	0.100	0.700
0.100	0.100	0.100	0.700
0.700	0.100	0.100	0.100
0.700	0.100	0.100	0.100
0.100	0.100	0.100	0.700
0.100	0.700	0.100	0.100
0.100	0.100	0.100	0.700
0.100	0.100	0.700	0.100
0.700	0.100	0.100	0.100
>CCYCCCCCTTYC	5-CCYCCCCCTTYC	9.193555	-6.315435	0	T:2.0(50.00%),B:43.0(1.76%),P:1e-2	Tpos:37.4,Tstd:16.9,Bpos:53.3,Bstd:24.7,StrandBias:-2.0,Multiplicity:1.50
0.001	0.997	0.001	0.001
0.240	0.758	0.001	0.001
0.037	0.481	0.001	0.481
0.240	0.519	0.001	0.240
0.001	0.758	0.240	0.001
0.240	0.727	0.001	0.032
0.001	0.758	0.240	0.001
0.001	0.758	0.001	0.240
0.001	0.240	0.001	0.758
0.001	0.001	0.240	0.758
0.001	0.481	0.032	0.486
0.001	0.758	0.001	0.240
