>TTKGACAC	1-TTKGACAC	5.979482	-22.232800	0	T:34.0(34.00%),B:314.5(10.45%),P:1e-9,FDR:0.2	Tpos:52.5,Tstd:26.3,Bpos:53.2,Bstd:27.6,StrandBias:0.7,Multiplicity:1.06
0.181	0.049	0.001	0.769
0.001	0.406	0.001	0.592
0.204	0.007	0.409	0.380
0.113	0.213	0.673	0.001
0.767	0.160	0.072	0.001
0.193	0.521	0.123	0.163
0.558	0.179	0.262	0.001
0.001	0.984	0.001	0.014
>TCCAGGAA	2-TCCAGGAA	8.208948	-13.352234	0	T:14.0(14.00%),B:89.9(2.99%),P:1e-5,FDR:0.9	Tpos:54.9,Tstd:27.8,Bpos:45.9,Bstd:28.1,StrandBias:0.7,Multiplicity:1.07
0.001	0.001	0.001	0.997
0.041	0.785	0.001	0.173
0.001	0.650	0.001	0.348
0.669	0.031	0.031	0.269
0.120	0.001	0.878	0.001
0.001	0.001	0.997	0.001
0.758	0.001	0.001	0.240
0.784	0.212	0.001	0.003
>NGCAGTCR	3-NGCAGTCR	5.242698	-13.062059	0	T:6.0(6.00%),B:11.6(0.39%),P:1e-5,FDR:0.9	Tpos:75.2,Tstd:21.0,Bpos:42.0,Bstd:31.0,StrandBias:2.3,Multiplicity:1.00
0.246	0.217	0.343	0.194
0.089	0.138	0.605	0.168
0.112	0.543	0.208	0.137
0.554	0.180	0.151	0.115
0.170	0.149	0.520	0.161
0.124	0.184	0.127	0.565
0.084	0.613	0.151	0.152
0.262	0.178	0.358	0.202
>AGCAACCA	4-AGCAACCA	6.813613	-12.699533	0	T:19.0(19.00%),B:170.1(5.65%),P:1e-5,FDR:0.9	Tpos:44.6,Tstd:28.2,Bpos:52.2,Bstd:27.3,StrandBias:0.4,Multiplicity:1.68
0.876	0.001	0.024	0.099
0.020	0.102	0.877	0.001
0.024	0.934	0.024	0.018
0.871	0.127	0.001	0.001
0.796	0.030	0.001	0.173
0.001	0.875	0.123	0.001
0.001	0.997	0.001	0.001
0.880	0.032	0.068	0.020
>GAAAGAGA	5-GAAAGAGA	8.271538	-3.897088	0	T:6.0(6.00%),B:64.6(2.15%),P:1e-1,FDR:1	Tpos:43.2,Tstd:21.7,Bpos:46.7,Bstd:30.7,StrandBias:0.0,Multiplicity:1.33
0.258	0.001	0.740	0.001
0.664	0.334	0.001	0.001
0.743	0.001	0.255	0.001
0.997	0.001	0.001	0.001
0.143	0.001	0.768	0.088
0.997	0.001	0.001	0.001
0.001	0.001	0.997	0.001
0.616	0.001	0.001	0.382
