>GACTTGCAACAA	1-GACTTGCAACAA	10.155009	-27.768956	0	T:7.0(7.00%),B:2.5(0.08%),P:1e-12,FDR:0.2	Tpos:31.1,Tstd:24.4,Bpos:67.3,Bstd:8.6,StrandBias:0.0,Multiplicity:1.14
0.001	0.001	0.997	0.001
0.521	0.001	0.233	0.245
0.001	0.701	0.297	0.001
0.235	0.001	0.299	0.466
0.001	0.001	0.001	0.997
0.001	0.298	0.700	0.001
0.001	0.766	0.001	0.232
0.997	0.001	0.001	0.001
0.469	0.233	0.297	0.001
0.052	0.946	0.001	0.001
0.986	0.012	0.001	0.001
0.712	0.286	0.001	0.001
>WTCAGAKGCACT	2-WTCAGAKGCACT	10.305002	-24.957744	0	T:7.0(7.00%),B:3.5(0.12%),P:1e-10,FDR:0.2	Tpos:54.3,Tstd:16.8,Bpos:47.8,Bstd:21.8,StrandBias:-0.4,Multiplicity:1.00
0.524	0.001	0.001	0.474
0.285	0.001	0.001	0.713
0.001	0.705	0.293	0.001
0.991	0.001	0.007	0.001
0.001	0.001	0.997	0.001
0.997	0.001	0.001	0.001
0.001	0.001	0.480	0.518
0.006	0.294	0.699	0.001
0.001	0.997	0.001	0.001
0.527	0.001	0.233	0.239
0.001	0.997	0.001	0.001
0.001	0.247	0.001	0.751
>TTTTGACACAGT	3-TTTTGACACAGT	14.323862	-23.049916	0	T:6.0(6.00%),B:2.4(0.08%),P:1e-10,FDR:0.2	Tpos:40.3,Tstd:16.2,Bpos:53.1,Bstd:20.3,StrandBias:1.3,Multiplicity:1.17
0.001	0.199	0.001	0.799
0.001	0.001	0.001	0.997
0.001	0.001	0.001	0.997
0.001	0.001	0.001	0.997
0.001	0.001	0.997	0.001
0.997	0.001	0.001	0.001
0.001	0.799	0.199	0.001
0.997	0.001	0.001	0.001
0.001	0.997	0.001	0.001
0.997	0.001	0.001	0.001
0.001	0.199	0.799	0.001
0.001	0.001	0.199	0.799
>RSAGYYCWGGAA	4-RSAGYYCWGGAA	8.991011	-19.296425	0	T:10.0(10.00%),B:23.0(0.76%),P:1e-8,FDR:0.3	Tpos:62.5,Tstd:23.3,Bpos:39.3,Bstd:26.1,StrandBias:1.4,Multiplicity:1.10
0.442	0.001	0.534	0.023
0.001	0.516	0.482	0.001
0.878	0.001	0.001	0.120
0.001	0.001	0.976	0.022
0.001	0.459	0.001	0.539
0.001	0.558	0.005	0.436
0.001	0.997	0.001	0.001
0.435	0.001	0.001	0.563
0.001	0.001	0.997	0.001
0.001	0.001	0.997	0.001
0.976	0.022	0.001	0.001
0.997	0.001	0.001	0.001
>TTGTACACAGAG	5-TTGTACACAGAG	10.409522	-16.879730	0	T:4.0(4.00%),B:1.5(0.05%),P:1e-7,FDR:0.36	Tpos:78.0,Tstd:9.8,Bpos:49.0,Bstd:0.0,StrandBias:0.0,Multiplicity:1.00
0.100	0.100	0.100	0.700
0.100	0.100	0.100	0.700
0.100	0.100	0.700	0.100
0.100	0.100	0.100	0.700
0.700	0.100	0.100	0.100
0.100	0.700	0.100	0.100
0.700	0.100	0.100	0.100
0.100	0.700	0.100	0.100
0.700	0.100	0.100	0.100
0.100	0.100	0.700	0.100
0.700	0.100	0.100	0.100
0.100	0.100	0.700	0.100
>GATGAGCAAGCC	6-GATGAGCAAGCC	10.487751	-16.494167	0	T:5.0(5.00%),B:3.2(0.11%),P:1e-7,FDR:0.366666666666667	Tpos:80.5,Tstd:13.3,Bpos:60.4,Bstd:11.5,StrandBias:10.0,Multiplicity:1.20
0.001	0.001	0.997	0.001
0.997	0.001	0.001	0.001
0.225	0.001	0.001	0.773
0.001	0.001	0.997	0.001
0.997	0.001	0.001	0.001
0.001	0.001	0.997	0.001
0.001	0.997	0.001	0.001
0.997	0.001	0.001	0.001
0.790	0.001	0.208	0.001
0.001	0.001	0.773	0.225
0.001	0.997	0.001	0.001
0.001	0.790	0.208	0.001
>KCTCWCACWYRC	7-KCTCWCACWYRC	11.046640	-8.810166	0	T:3.0(3.00%),B:3.2(0.11%),P:1e-3,FDR:0.571428571428571	Tpos:39.0,Tstd:16.3,Bpos:43.7,Bstd:28.5,StrandBias:2.3,Multiplicity:1.00
0.001	0.001	0.435	0.563
0.001	0.997	0.001	0.001
0.001	0.001	0.001	0.997
0.001	0.997	0.001	0.001
0.435	0.001	0.001	0.563
0.001	0.997	0.001	0.001
0.887	0.001	0.001	0.111
0.001	0.997	0.001	0.001
0.466	0.001	0.001	0.532
0.001	0.547	0.001	0.451
0.483	0.001	0.451	0.065
0.001	0.997	0.001	0.001
>AVCCAAGCAAGC	8-AVCCAAGCAAGC	12.072181	-8.810166	0	T:3.0(3.00%),B:3.2(0.11%),P:1e-3,FDR:0.571428571428571	Tpos:15.0,Tstd:6.1,Bpos:63.9,Bstd:23.0,StrandBias:2.6,Multiplicity:1.00
0.695	0.001	0.001	0.303
0.392	0.304	0.304	0.001
0.001	0.695	0.303	0.001
0.001	0.997	0.001	0.001
0.997	0.001	0.001	0.001
0.997	0.001	0.001	0.001
0.001	0.391	0.607	0.001
0.001	0.997	0.001	0.001
0.997	0.001	0.001	0.001
0.687	0.001	0.311	0.001
0.001	0.383	0.615	0.001
0.001	0.997	0.001	0.001
