>SAAGCCAAAGAG	1-SAAGCCAAAGAG	10.323876	-15.398874	0	T:3.0(60.00%),B:7.0(0.27%),P:1e-6	Tpos:37.7,Tstd:17.2,Bpos:56.7,Bstd:25.2,StrandBias:1.0,Multiplicity:1.00
0.001	0.480	0.518	0.001
0.997	0.001	0.001	0.001
0.997	0.001	0.001	0.001
0.240	0.240	0.519	0.001
0.001	0.759	0.001	0.239
0.001	0.997	0.001	0.001
0.759	0.001	0.239	0.001
0.480	0.240	0.001	0.278
0.721	0.240	0.038	0.001
0.001	0.239	0.759	0.001
0.759	0.239	0.001	0.001
0.239	0.001	0.759	0.001
>KSAGWAYTCCKS	2-KSAGWAYTCCKS	12.355113	-13.388247	0	T:2.0(40.00%),B:1.0(0.04%),P:1e-5	Tpos:53.5,Tstd:10.5,Bpos:53.0,Bstd:0.0,StrandBias:0.0,Multiplicity:1.00
0.001	0.001	0.536	0.462
0.001	0.462	0.536	0.001
0.997	0.001	0.001	0.001
0.073	0.001	0.925	0.001
0.462	0.001	0.001	0.536
0.997	0.001	0.001	0.001
0.001	0.536	0.001	0.462
0.001	0.001	0.001	0.997
0.001	0.997	0.001	0.001
0.001	0.997	0.001	0.001
0.001	0.001	0.462	0.536
0.001	0.462	0.536	0.001
>SCWAWRAWGAGC	3-SCWAWRAWGAGC	8.902034	-12.002736	0	T:2.0(40.00%),B:2.0(0.08%),P:1e-5	Tpos:57.7,Tstd:35.2,Bpos:68.5,Bstd:9.5,StrandBias:10.0,Multiplicity:1.50
0.001	0.462	0.536	0.001
0.001	0.997	0.001	0.001
0.463	0.074	0.001	0.463
0.997	0.001	0.001	0.001
0.462	0.001	0.001	0.536
0.462	0.001	0.536	0.001
0.925	0.001	0.073	0.001
0.536	0.001	0.001	0.462
0.001	0.001	0.997	0.001
0.997	0.001	0.001	0.001
0.001	0.001	0.997	0.001
0.001	0.997	0.001	0.001
>ATGCCATGGHAA	4-ATGCCATGGHAA	11.252766	-10.172507	0	T:2.0(40.00%),B:5.0(0.20%),P:1e-4	Tpos:60.0,Tstd:27.0,Bpos:25.8,Bstd:13.7,StrandBias:10.0,Multiplicity:1.00
0.682	0.316	0.001	0.001
0.050	0.001	0.316	0.633
0.001	0.001	0.997	0.001
0.001	0.682	0.001	0.316
0.001	0.682	0.316	0.001
0.997	0.001	0.001	0.001
0.316	0.001	0.001	0.682
0.001	0.001	0.682	0.316
0.001	0.001	0.997	0.001
0.367	0.316	0.001	0.316
0.632	0.001	0.366	0.001
0.997	0.001	0.001	0.001
>KKGCMTAWARRC	5-KKGCMTAWARRC	12.446609	-5.544006	0	T:1.0(20.00%),B:2.0(0.08%),P:1e-2	Tpos:63.7,Tstd:13.9,Bpos:36.0,Bstd:2.0,StrandBias:-1.0,Multiplicity:2.00
0.001	0.001	0.499	0.499
0.001	0.001	0.499	0.499
0.001	0.001	0.997	0.001
0.001	0.997	0.001	0.001
0.499	0.499	0.001	0.001
0.001	0.001	0.001	0.997
0.997	0.001	0.001	0.001
0.499	0.001	0.001	0.499
0.997	0.001	0.001	0.001
0.499	0.001	0.499	0.001
0.499	0.001	0.499	0.001
0.001	0.997	0.001	0.001
