>CWAAGWTKRMAA	1-CWAAGWTKRMAA	8.902034	-17.938415	0	T:3.0(60.00%),B:3.0(0.12%),P:1e-7	Tpos:53.0,Tstd:15.3,Bpos:53.5,Bstd:23.5,StrandBias:10.0,Multiplicity:1.00
0.001	0.997	0.001	0.001
0.536	0.001	0.001	0.462
0.997	0.001	0.001	0.001
0.997	0.001	0.001	0.001
0.001	0.001	0.997	0.001
0.462	0.001	0.001	0.536
0.001	0.001	0.073	0.925
0.001	0.001	0.536	0.462
0.462	0.001	0.536	0.001
0.463	0.463	0.074	0.001
0.997	0.001	0.001	0.001
0.997	0.001	0.001	0.001
>CAATTCCCVTTA	2-CAATTCCCVTTA	10.628789	-15.860738	0	T:3.0(60.00%),B:6.0(0.24%),P:1e-6	Tpos:51.8,Tstd:35.6,Bpos:48.3,Bstd:33.4,StrandBias:0.0,Multiplicity:1.33
0.001	0.997	0.001	0.001
0.632	0.001	0.001	0.366
0.682	0.001	0.001	0.316
0.001	0.001	0.001	0.997
0.001	0.366	0.001	0.632
0.001	0.682	0.316	0.001
0.001	0.997	0.001	0.001
0.001	0.632	0.001	0.366
0.316	0.316	0.367	0.001
0.001	0.001	0.316	0.682
0.001	0.001	0.001	0.997
0.682	0.316	0.001	0.001
>CMAGAWGATGRA	3-CMAGAWGATGRA	7.874261	-11.113449	0	T:4.0(80.00%),B:107.0(4.19%),P:1e-4	Tpos:36.8,Tstd:21.0,Bpos:48.0,Bstd:24.7,StrandBias:1.6,Multiplicity:1.00
0.239	0.759	0.001	0.001
0.518	0.480	0.001	0.001
0.759	0.001	0.239	0.001
0.001	0.239	0.759	0.001
0.519	0.240	0.001	0.240
0.518	0.001	0.001	0.480
0.001	0.278	0.480	0.240
0.480	0.240	0.001	0.278
0.001	0.001	0.239	0.759
0.239	0.001	0.759	0.001
0.518	0.001	0.480	0.001
0.759	0.001	0.001	0.239
>WATKSKRKTTKW	4-WATKSKRKTTKW	7.293804	-11.046595	0	T:3.0(60.00%),B:30.0(1.18%),P:1e-4	Tpos:48.3,Tstd:36.0,Bpos:50.9,Bstd:22.8,StrandBias:1.0,Multiplicity:1.00
0.463	0.074	0.001	0.463
0.935	0.001	0.001	0.063
0.001	0.063	0.001	0.935
0.064	0.001	0.473	0.463
0.001	0.462	0.536	0.001
0.001	0.001	0.462	0.536
0.526	0.001	0.472	0.001
0.001	0.001	0.536	0.462
0.001	0.001	0.001	0.997
0.001	0.001	0.001	0.997
0.001	0.074	0.463	0.463
0.536	0.001	0.001	0.462
>RMCWTGYSTGYR	5-RMCWTGYSTGYR	7.349461	-7.620846	0	T:2.0(40.00%),B:18.0(0.71%),P:1e-3	Tpos:44.2,Tstd:13.2,Bpos:43.0,Bstd:22.8,StrandBias:1.6,Multiplicity:1.50
0.462	0.001	0.536	0.001
0.526	0.463	0.010	0.001
0.001	0.997	0.001	0.001
0.536	0.001	0.001	0.462
0.001	0.001	0.063	0.935
0.001	0.001	0.997	0.001
0.001	0.462	0.001	0.536
0.001	0.536	0.462	0.001
0.001	0.001	0.001	0.997
0.001	0.001	0.997	0.001
0.001	0.463	0.064	0.473
0.462	0.001	0.536	0.001
