>CTTCCTGC	1-CTTCCTGC	7.119118	-23.322483	0	T:52.0(22.13%),B:229.3(8.35%),P:1e-10,FDR:0.2	Tpos:51.0,Tstd:25.6,Bpos:46.4,Bstd:31.8,StrandBias:0.3,Multiplicity:1.15
0.018	0.842	0.139	0.001
0.001	0.053	0.001	0.945
0.001	0.037	0.097	0.865
0.043	0.870	0.068	0.019
0.001	0.997	0.001	0.001
0.001	0.001	0.001	0.997
0.001	0.033	0.965	0.001
0.001	0.664	0.105	0.230
>AAACANGG	2-AAACANGG	5.479490	-20.397389	0	T:47.0(20.00%),B:211.3(7.69%),P:1e-8,FDR:0.2	Tpos:53.2,Tstd:26.8,Bpos:52.9,Bstd:35.8,StrandBias:0.7,Multiplicity:1.09
0.668	0.143	0.084	0.105
0.738	0.102	0.079	0.081
0.771	0.013	0.147	0.069
0.136	0.591	0.164	0.109
0.725	0.073	0.101	0.101
0.214	0.353	0.210	0.224
0.149	0.126	0.540	0.185
0.187	0.140	0.618	0.055
>TGAGTGGG	3-TGAGTGGG	7.560696	-19.912140	0	T:26.0(11.06%),B:75.2(2.74%),P:1e-8,FDR:0.266666666666667	Tpos:51.5,Tstd:25.7,Bpos:49.6,Bstd:25.6,StrandBias:0.5,Multiplicity:1.16
0.001	0.001	0.001	0.997
0.040	0.001	0.842	0.117
0.533	0.082	0.160	0.225
0.001	0.026	0.944	0.029
0.001	0.001	0.001	0.997
0.040	0.081	0.878	0.001
0.001	0.001	0.997	0.001
0.050	0.087	0.862	0.001
>ACGATGTT	4-ACGATGTT	6.128125	-13.899494	0	T:31.0(13.19%),B:137.7(5.01%),P:1e-6,FDR:0.6	Tpos:50.2,Tstd:30.2,Bpos:48.8,Bstd:39.1,StrandBias:-1.3,Multiplicity:1.12
0.764	0.029	0.145	0.062
0.041	0.742	0.110	0.107
0.076	0.139	0.589	0.196
0.798	0.119	0.011	0.072
0.040	0.034	0.103	0.823
0.060	0.103	0.744	0.093
0.001	0.173	0.017	0.809
0.175	0.051	0.029	0.745
>CAGACCGC	5-CAGACCGC	5.263541	-13.092872	0	T:40.0(17.02%),B:212.4(7.73%),P:1e-5,FDR:0.68	Tpos:47.9,Tstd:27.4,Bpos:52.9,Bstd:27.5,StrandBias:0.2,Multiplicity:1.15
0.059	0.629	0.152	0.160
0.883	0.001	0.058	0.058
0.041	0.157	0.626	0.176
0.750	0.083	0.059	0.108
0.001	0.897	0.058	0.044
0.071	0.775	0.103	0.051
0.080	0.102	0.664	0.154
0.117	0.799	0.001	0.083
>AATGAATA	6-AATGAATA	9.279561	-12.366759	0	T:9.0(3.83%),B:14.1(0.51%),P:1e-5,FDR:0.68	Tpos:39.9,Tstd:21.1,Bpos:56.1,Bstd:23.2,StrandBias:0.3,Multiplicity:1.00
0.997	0.001	0.001	0.001
0.997	0.001	0.001	0.001
0.001	0.001	0.001	0.997
0.001	0.001	0.997	0.001
0.997	0.001	0.001	0.001
0.997	0.001	0.001	0.001
0.001	0.167	0.001	0.831
0.997	0.001	0.001	0.001
>GCTAGCYA	7-GCTAGCYA	6.697088	-9.457617	0	T:22.0(9.36%),B:103.0(3.75%),P:1e-4,FDR:0.714285714285714	Tpos:54.1,Tstd:28.4,Bpos:48.4,Bstd:34.0,StrandBias:-0.5,Multiplicity:1.59
0.001	0.001	0.997	0.001
0.001	0.880	0.001	0.118
0.001	0.059	0.002	0.938
0.559	0.178	0.190	0.073
0.128	0.001	0.870	0.001
0.001	0.764	0.059	0.176
0.075	0.392	0.044	0.489
0.633	0.001	0.293	0.073
>GGTTTTGG	8-GGTTTTGG	8.754019	-5.302431	0	T:7.0(2.98%),B:25.0(0.91%),P:1e-2,FDR:0.85	Tpos:44.6,Tstd:23.5,Bpos:56.8,Bstd:31.4,StrandBias:2.9,Multiplicity:2.43
0.001	0.001	0.997	0.001
0.001	0.001	0.997	0.001
0.001	0.001	0.001	0.997
0.078	0.001	0.001	0.920
0.107	0.001	0.148	0.744
0.001	0.001	0.001	0.997
0.001	0.001	0.997	0.001
0.001	0.001	0.997	0.001
