>GACTGAGTGG	1-GACTGAGTGG	11.052767	-24.996116	0	T:8.0(3.40%),B:2.8(0.10%),P:1e-10,FDR:1	Tpos:40.8,Tstd:21.6,Bpos:42.4,Bstd:20.9,StrandBias:1.6,Multiplicity:1.00
0.001	0.001	0.997	0.001
0.749	0.125	0.125	0.001
0.125	0.749	0.125	0.001
0.001	0.001	0.001	0.997
0.001	0.001	0.997	0.001
0.749	0.001	0.125	0.125
0.001	0.001	0.997	0.001
0.001	0.001	0.001	0.997
0.001	0.001	0.874	0.124
0.001	0.001	0.997	0.001
>AATCWCATTT	2-AATCWCATTT	7.411701	-23.850452	0	T:20.0(8.51%),B:35.8(1.30%),P:1e-10,FDR:1	Tpos:47.0,Tstd:30.7,Bpos:65.1,Bstd:29.1,StrandBias:-0.4,Multiplicity:1.05
0.994	0.001	0.001	0.004
0.645	0.069	0.282	0.004
0.073	0.001	0.069	0.857
0.278	0.495	0.214	0.013
0.509	0.001	0.069	0.421
0.069	0.569	0.361	0.001
0.847	0.151	0.001	0.001
0.069	0.070	0.001	0.860
0.208	0.069	0.001	0.722
0.139	0.069	0.226	0.566
>GRGCAGGAAG	3-GRGCAGGAAG	8.511063	-19.993773	0	T:31.0(13.19%),B:104.5(3.80%),P:1e-8,FDR:1	Tpos:48.6,Tstd:28.6,Bpos:47.8,Bstd:32.8,StrandBias:-0.4,Multiplicity:1.10
0.261	0.001	0.737	0.001
0.465	0.001	0.533	0.001
0.001	0.116	0.878	0.005
0.153	0.845	0.001	0.001
0.883	0.001	0.001	0.115
0.001	0.001	0.997	0.001
0.148	0.001	0.850	0.001
0.508	0.143	0.348	0.001
0.997	0.001	0.001	0.001
0.001	0.231	0.767	0.001
>AAACATGAAG	4-AAACATGAAG	6.757781	-19.073345	0	T:45.0(19.15%),B:206.0(7.50%),P:1e-8,FDR:1	Tpos:50.8,Tstd:28.2,Bpos:48.6,Bstd:35.8,StrandBias:0.2,Multiplicity:1.18
0.812	0.110	0.001	0.077
0.881	0.041	0.052	0.026
0.922	0.026	0.026	0.026
0.119	0.756	0.073	0.052
0.816	0.087	0.026	0.071
0.202	0.052	0.234	0.512
0.052	0.026	0.845	0.077
0.826	0.026	0.077	0.071
0.783	0.026	0.103	0.088
0.114	0.001	0.857	0.028
>CMAATACCAA	5-CMAATACCAA	8.318415	-15.815992	0	T:13.0(5.53%),B:24.0(0.87%),P:1e-6,FDR:1	Tpos:48.4,Tstd:24.1,Bpos:36.7,Bstd:42.0,StrandBias:0.8,Multiplicity:1.08
0.003	0.632	0.246	0.119
0.357	0.402	0.002	0.238
0.873	0.002	0.001	0.124
0.870	0.005	0.003	0.122
0.046	0.001	0.001	0.952
0.987	0.005	0.005	0.003
0.127	0.751	0.119	0.003
0.133	0.859	0.003	0.005
0.992	0.005	0.001	0.002
0.631	0.245	0.005	0.119
>GCTAGCAAGS	6-GCTAGCAAGS	10.082256	-15.017966	0	T:6.0(2.55%),B:3.6(0.13%),P:1e-6,FDR:1	Tpos:56.6,Tstd:28.5,Bpos:45.4,Bstd:17.9,StrandBias:0.5,Multiplicity:1.83
0.184	0.001	0.814	0.001
0.001	0.997	0.001	0.001
0.001	0.378	0.001	0.620
0.997	0.001	0.001	0.001
0.184	0.001	0.814	0.001
0.001	0.997	0.001	0.001
0.743	0.255	0.001	0.001
0.997	0.001	0.001	0.001
0.184	0.001	0.814	0.001
0.185	0.444	0.370	0.001
>TGTTTGCGCA	7-TGTTTGCGCA	6.898366	-13.797288	0	T:5.0(2.13%),B:2.4(0.09%),P:1e-5,FDR:1	Tpos:70.5,Tstd:19.4,Bpos:69.0,Bstd:15.6,StrandBias:-1.0,Multiplicity:1.20
0.141	0.068	0.130	0.661
0.118	0.119	0.609	0.154
0.115	0.122	0.128	0.635
0.083	0.149	0.120	0.648
0.111	0.056	0.126	0.707
0.130	0.124	0.593	0.153
0.186	0.502	0.164	0.148
0.195	0.173	0.434	0.199
0.184	0.577	0.130	0.109
0.637	0.130	0.083	0.150
>ACCAAAACCA	8-ACCAAAACCA	11.536371	-7.280749	0	T:5.0(2.13%),B:8.9(0.32%),P:1e-3,FDR:1	Tpos:47.5,Tstd:21.5,Bpos:55.3,Bstd:35.8,StrandBias:-1.7,Multiplicity:2.60
0.997	0.001	0.001	0.001
0.001	0.997	0.001	0.001
0.001	0.997	0.001	0.001
0.885	0.001	0.001	0.113
0.885	0.113	0.001	0.001
0.997	0.001	0.001	0.001
0.997	0.001	0.001	0.001
0.001	0.997	0.001	0.001
0.001	0.997	0.001	0.001
0.997	0.001	0.001	0.001
>CTGAGTGGGKGG	1-CTGAGTGGGKGG	9.888951	-36.572749	0	T:15.0(6.38%),B:7.2(0.26%),P:1e-15,FDR:0.4	Tpos:49.3,Tstd:25.7,Bpos:52.9,Bstd:19.1,StrandBias:-0.2,Multiplicity:1.07
0.001	0.864	0.001	0.134
0.001	0.001	0.001	0.997
0.001	0.143	0.855	0.001
0.449	0.136	0.136	0.279
0.008	0.270	0.578	0.144
0.001	0.001	0.001	0.997
0.007	0.001	0.991	0.001
0.001	0.001	0.997	0.001
0.143	0.152	0.704	0.001
0.152	0.135	0.287	0.426
0.303	0.001	0.695	0.001
0.001	0.405	0.593	0.001
>GCTTGACTTTGG	2-GCTTGACTTTGG	10.615895	-30.467905	0	T:8.0(3.40%),B:1.1(0.04%),P:1e-13,FDR:0.4	Tpos:45.4,Tstd:22.3,Bpos:61.5,Bstd:3.7,StrandBias:-1.0,Multiplicity:1.12
0.111	0.111	0.556	0.222
0.001	0.997	0.001	0.001
0.001	0.110	0.001	0.888
0.111	0.001	0.222	0.666
0.001	0.001	0.997	0.001
0.888	0.001	0.001	0.110
0.001	0.997	0.001	0.001
0.001	0.110	0.001	0.888
0.001	0.111	0.222	0.666
0.001	0.001	0.001	0.997
0.001	0.001	0.888	0.110
0.001	0.111	0.777	0.111
>CAAAMABCCTGY	3-CAAAMABCCTGY	9.913274	-21.119210	0	T:7.0(2.98%),B:2.5(0.09%),P:1e-9,FDR:1	Tpos:62.1,Tstd:16.7,Bpos:64.1,Bstd:12.9,StrandBias:0.7,Multiplicity:1.14
0.146	0.676	0.001	0.177
0.680	0.281	0.038	0.001
0.718	0.001	0.270	0.011
0.545	0.185	0.135	0.135
0.405	0.459	0.001	0.135
0.729	0.001	0.001	0.269
0.001	0.408	0.309	0.282
0.001	0.997	0.001	0.001
0.001	0.997	0.001	0.001
0.002	0.001	0.001	0.996
0.001	0.135	0.729	0.135
0.001	0.543	0.001	0.455
>AGCBAGCCAGCA	4-AGCBAGCCAGCA	13.010987	-17.193429	0	T:5.0(2.13%),B:0.5(0.02%),P:1e-7,FDR:1	Tpos:59.8,Tstd:26.2,Bpos:87.0,Bstd:0.0,StrandBias:0.6,Multiplicity:1.80
0.687	0.001	0.311	0.001
0.001	0.001	0.997	0.001
0.001	0.997	0.001	0.001
0.001	0.311	0.294	0.394
0.997	0.001	0.001	0.001
0.001	0.001	0.997	0.001
0.001	0.997	0.001	0.001
0.001	0.997	0.001	0.001
0.997	0.001	0.001	0.001
0.001	0.001	0.997	0.001
0.001	0.687	0.311	0.001
0.587	0.411	0.001	0.001
>TGGTTTTGCTTG	5-TGGTTTTGCTTG	10.203173	-17.050770	0	T:12.0(5.11%),B:17.5(0.64%),P:1e-7,FDR:1	Tpos:43.1,Tstd:24.0,Bpos:45.1,Bstd:31.3,StrandBias:0.9,Multiplicity:1.67
0.185	0.001	0.185	0.629
0.001	0.001	0.997	0.001
0.001	0.184	0.814	0.001
0.001	0.001	0.184	0.814
0.001	0.001	0.184	0.814
0.001	0.001	0.001	0.997
0.001	0.001	0.001	0.997
0.001	0.001	0.997	0.001
0.001	0.556	0.071	0.372
0.001	0.001	0.001	0.997
0.001	0.001	0.001	0.997
0.001	0.001	0.930	0.068
>VATGAGGCAGSW	6-VATGAGGCAGSW	6.942106	-15.017966	0	T:6.0(2.55%),B:3.9(0.14%),P:1e-6,FDR:1	Tpos:48.6,Tstd:22.0,Bpos:50.3,Bstd:23.5,StrandBias:1.3,Multiplicity:1.17
0.238	0.354	0.214	0.193
0.393	0.193	0.190	0.223
0.185	0.110	0.208	0.497
0.178	0.149	0.536	0.137
0.676	0.077	0.134	0.113
0.185	0.068	0.571	0.176
0.170	0.143	0.568	0.119
0.152	0.547	0.152	0.149
0.623	0.095	0.101	0.181
0.190	0.149	0.506	0.155
0.196	0.372	0.229	0.202
0.241	0.196	0.205	0.357
>AGATGGAGRGGG	7-AGATGGAGRGGG	12.447836	-13.797288	0	T:5.0(2.13%),B:2.0(0.07%),P:1e-5,FDR:1	Tpos:49.4,Tstd:26.0,Bpos:14.3,Bstd:14.3,StrandBias:0.6,Multiplicity:1.00
0.981	0.001	0.001	0.017
0.226	0.001	0.772	0.001
0.545	0.227	0.227	0.001
0.001	0.001	0.244	0.754
0.017	0.001	0.981	0.001
0.001	0.001	0.997	0.001
0.772	0.001	0.226	0.001
0.001	0.001	0.997	0.001
0.454	0.001	0.318	0.227
0.001	0.001	0.981	0.017
0.001	0.001	0.997	0.001
0.001	0.001	0.997	0.001
>RTTGGTTKTGGT	8-RTTGGTTKTGGT	14.514638	-9.243825	0	T:3.0(1.28%),B:0.0(0.00%),P:1e-4,FDR:1	Tpos:45.3,Tstd:7.6,Bpos:0.0,Bstd:0.0,StrandBias:1.0,Multiplicity:1.00
0.465	0.001	0.454	0.079
0.001	0.001	0.001	0.997
0.001	0.001	0.001	0.997
0.001	0.001	0.997	0.001
0.001	0.001	0.772	0.226
0.001	0.001	0.001	0.997
0.226	0.001	0.001	0.772
0.001	0.001	0.454	0.544
0.001	0.001	0.001	0.997
0.001	0.001	0.997	0.001
0.001	0.001	0.997	0.001
0.001	0.001	0.001	0.997
>CTTCCTGC	1-CTTCCTGC	7.119118	-23.322483	0	T:52.0(22.13%),B:229.3(8.35%),P:1e-10,FDR:0.2	Tpos:51.0,Tstd:25.6,Bpos:46.4,Bstd:31.8,StrandBias:0.3,Multiplicity:1.15
0.018	0.842	0.139	0.001
0.001	0.053	0.001	0.945
0.001	0.037	0.097	0.865
0.043	0.870	0.068	0.019
0.001	0.997	0.001	0.001
0.001	0.001	0.001	0.997
0.001	0.033	0.965	0.001
0.001	0.664	0.105	0.230
>AAACANGG	2-AAACANGG	5.479490	-20.397389	0	T:47.0(20.00%),B:211.3(7.69%),P:1e-8,FDR:0.2	Tpos:53.2,Tstd:26.8,Bpos:52.9,Bstd:35.8,StrandBias:0.7,Multiplicity:1.09
0.668	0.143	0.084	0.105
0.738	0.102	0.079	0.081
0.771	0.013	0.147	0.069
0.136	0.591	0.164	0.109
0.725	0.073	0.101	0.101
0.214	0.353	0.210	0.224
0.149	0.126	0.540	0.185
0.187	0.140	0.618	0.055
>TGAGTGGG	3-TGAGTGGG	7.560696	-19.912140	0	T:26.0(11.06%),B:75.2(2.74%),P:1e-8,FDR:0.266666666666667	Tpos:51.5,Tstd:25.7,Bpos:49.6,Bstd:25.6,StrandBias:0.5,Multiplicity:1.16
0.001	0.001	0.001	0.997
0.040	0.001	0.842	0.117
0.533	0.082	0.160	0.225
0.001	0.026	0.944	0.029
0.001	0.001	0.001	0.997
0.040	0.081	0.878	0.001
0.001	0.001	0.997	0.001
0.050	0.087	0.862	0.001
>ACGATGTT	4-ACGATGTT	6.128125	-13.899494	0	T:31.0(13.19%),B:137.7(5.01%),P:1e-6,FDR:0.6	Tpos:50.2,Tstd:30.2,Bpos:48.8,Bstd:39.1,StrandBias:-1.3,Multiplicity:1.12
0.764	0.029	0.145	0.062
0.041	0.742	0.110	0.107
0.076	0.139	0.589	0.196
0.798	0.119	0.011	0.072
0.040	0.034	0.103	0.823
0.060	0.103	0.744	0.093
0.001	0.173	0.017	0.809
0.175	0.051	0.029	0.745
>CAGACCGC	5-CAGACCGC	5.263541	-13.092872	0	T:40.0(17.02%),B:212.4(7.73%),P:1e-5,FDR:0.68	Tpos:47.9,Tstd:27.4,Bpos:52.9,Bstd:27.5,StrandBias:0.2,Multiplicity:1.15
0.059	0.629	0.152	0.160
0.883	0.001	0.058	0.058
0.041	0.157	0.626	0.176
0.750	0.083	0.059	0.108
0.001	0.897	0.058	0.044
0.071	0.775	0.103	0.051
0.080	0.102	0.664	0.154
0.117	0.799	0.001	0.083
>AATGAATA	6-AATGAATA	9.279561	-12.366759	0	T:9.0(3.83%),B:14.1(0.51%),P:1e-5,FDR:0.68	Tpos:39.9,Tstd:21.1,Bpos:56.1,Bstd:23.2,StrandBias:0.3,Multiplicity:1.00
0.997	0.001	0.001	0.001
0.997	0.001	0.001	0.001
0.001	0.001	0.001	0.997
0.001	0.001	0.997	0.001
0.997	0.001	0.001	0.001
0.997	0.001	0.001	0.001
0.001	0.167	0.001	0.831
0.997	0.001	0.001	0.001
>GCTAGCYA	7-GCTAGCYA	6.697088	-9.457617	0	T:22.0(9.36%),B:103.0(3.75%),P:1e-4,FDR:0.714285714285714	Tpos:54.1,Tstd:28.4,Bpos:48.4,Bstd:34.0,StrandBias:-0.5,Multiplicity:1.59
0.001	0.001	0.997	0.001
0.001	0.880	0.001	0.118
0.001	0.059	0.002	0.938
0.559	0.178	0.190	0.073
0.128	0.001	0.870	0.001
0.001	0.764	0.059	0.176
0.075	0.392	0.044	0.489
0.633	0.001	0.293	0.073
>GGTTTTGG	8-GGTTTTGG	8.754019	-5.302431	0	T:7.0(2.98%),B:25.0(0.91%),P:1e-2,FDR:0.85	Tpos:44.6,Tstd:23.5,Bpos:56.8,Bstd:31.4,StrandBias:2.9,Multiplicity:2.43
0.001	0.001	0.997	0.001
0.001	0.001	0.997	0.001
0.001	0.001	0.001	0.997
0.078	0.001	0.001	0.920
0.107	0.001	0.148	0.744
0.001	0.001	0.001	0.997
0.001	0.001	0.997	0.001
0.001	0.001	0.997	0.001
