>GCCTCTCCCCTG	1-GCCTCTCCCCTG	7.824464	-14.885280	0	T:15.0(19.23%),B:5636.9(3.93%),P:1e-6,FDR:1	Tpos:49.1,Tstd:26.3,Bpos:49.5,Bstd:29.1,StrandBias:1.5,Multiplicity:1.00
0.142	0.070	0.654	0.134
0.130	0.721	0.148	0.001
0.001	0.815	0.060	0.124
0.082	0.237	0.010	0.671
0.001	0.800	0.198	0.001
0.139	0.146	0.056	0.659
0.145	0.802	0.052	0.001
0.066	0.679	0.001	0.254
0.001	0.771	0.001	0.227
0.151	0.700	0.001	0.148
0.114	0.001	0.001	0.884
0.001	0.001	0.850	0.148
>KGGWKCSCACTK	2-KGGWKCSCACTK	11.294366	-12.379880	0	T:3.0(3.85%),B:55.3(0.04%),P:1e-5,FDR:1	Tpos:77.3,Tstd:11.6,Bpos:50.5,Bstd:28.3,StrandBias:10.0,Multiplicity:1.00
0.001	0.001	0.468	0.530
0.001	0.001	0.997	0.001
0.001	0.001	0.997	0.001
0.530	0.001	0.001	0.468
0.001	0.001	0.468	0.530
0.001	0.997	0.001	0.001
0.001	0.469	0.469	0.062
0.001	0.997	0.001	0.001
0.997	0.001	0.001	0.001
0.001	0.997	0.001	0.001
0.001	0.001	0.001	0.997
0.001	0.001	0.530	0.468
>GGCCAGCTKTSG	3-GGCCAGCTKTSG	11.574030	-7.516827	0	T:1.0(1.28%),B:0.8(0.00%),P:1e-3,FDR:1	Tpos:28.0,Tstd:0.0,Bpos:71.0,Bstd:0.0,StrandBias:10.0,Multiplicity:1.00
0.132	0.132	0.670	0.066
0.132	0.066	0.670	0.132
0.001	0.595	0.140	0.264
0.001	0.801	0.132	0.066
0.794	0.066	0.066	0.074
0.197	0.001	0.801	0.001
0.066	0.670	0.198	0.066
0.132	0.001	0.066	0.801
0.066	0.066	0.471	0.396
0.001	0.206	0.066	0.727
0.132	0.471	0.330	0.066
0.132	0.066	0.538	0.264
>GACCCACCATTT	4-GACCCACCATTT	12.355432	-7.516827	0	T:1.0(1.28%),B:0.7(0.00%),P:1e-3,FDR:1	Tpos:23.0,Tstd:0.0,Bpos:20.0,Bstd:0.0,StrandBias:-10.0,Multiplicity:1.00
0.100	0.100	0.700	0.100
0.700	0.100	0.100	0.100
0.100	0.700	0.100	0.100
0.100	0.700	0.100	0.100
0.100	0.700	0.100	0.100
0.700	0.100	0.100	0.100
0.100	0.700	0.100	0.100
0.100	0.700	0.100	0.100
0.700	0.100	0.100	0.100
0.100	0.100	0.100	0.700
0.100	0.100	0.100	0.700
0.100	0.100	0.100	0.700
>TCCACAGTTCCA	5-TCCACAGTTCCA	12.355432	-6.823949	0	T:1.0(1.28%),B:2.8(0.00%),P:1e-2,FDR:1	Tpos:88.0,Tstd:0.0,Bpos:58.0,Bstd:14.9,StrandBias:10.0,Multiplicity:1.00
0.100	0.100	0.100	0.700
0.100	0.700	0.100	0.100
0.100	0.700	0.100	0.100
0.700	0.100	0.100	0.100
0.100	0.700	0.100	0.100
0.700	0.100	0.100	0.100
0.100	0.100	0.700	0.100
0.100	0.100	0.100	0.700
0.100	0.100	0.100	0.700
0.100	0.700	0.100	0.100
0.100	0.700	0.100	0.100
0.700	0.100	0.100	0.100
