>CACTTCTCATCT	1-CACTTCTCATCT	10.315563	-21.292923	0	T:4.0(11.76%),B:0.0(0.00%),P:1e-9	Tpos:43.5,Tstd:18.8,Bpos:0.0,Bstd:0.0,StrandBias:-1.6,Multiplicity:1.00
0.060	0.938	0.001	0.001
0.997	0.001	0.001	0.001
0.001	0.997	0.001	0.001
0.001	0.001	0.001	0.997
0.001	0.001	0.181	0.817
0.001	0.997	0.001	0.001
0.060	0.001	0.001	0.938
0.001	0.997	0.001	0.001
0.817	0.001	0.001	0.181
0.001	0.001	0.001	0.997
0.001	0.997	0.001	0.001
0.001	0.001	0.001	0.997
>AGACTKCCAKTC	2-AGACTKCCAKTC	8.633463	-17.951762	0	T:7.0(20.59%),B:26.0(0.87%),P:1e-7	Tpos:56.4,Tstd:26.7,Bpos:52.0,Bstd:23.7,StrandBias:-1.3,Multiplicity:1.00
0.956	0.001	0.001	0.042
0.001	0.001	0.762	0.236
0.990	0.001	0.008	0.001
0.001	0.715	0.280	0.004
0.001	0.236	0.001	0.762
0.001	0.001	0.520	0.478
0.001	0.762	0.001	0.236
0.001	0.762	0.001	0.236
0.516	0.001	0.237	0.246
0.001	0.001	0.525	0.473
0.001	0.288	0.001	0.710
0.001	0.762	0.001	0.236
>TAGTTATGYCTG	3-TAGTTATGYCTG	10.307142	-10.840543	0	T:4.0(11.76%),B:14.0(0.47%),P:1e-4	Tpos:50.9,Tstd:25.6,Bpos:42.9,Bstd:27.8,StrandBias:10.0,Multiplicity:1.75
0.001	0.001	0.001	0.997
0.599	0.001	0.001	0.399
0.001	0.001	0.997	0.001
0.001	0.199	0.001	0.799
0.399	0.001	0.001	0.599
0.599	0.001	0.001	0.399
0.001	0.001	0.001	0.997
0.001	0.001	0.997	0.001
0.200	0.400	0.001	0.400
0.001	0.799	0.001	0.199
0.001	0.001	0.001	0.997
0.001	0.001	0.799	0.199
>TRWMACAMACAC	4-TRWMACAMACAC	13.508398	-8.312918	0	T:2.0(5.88%),B:2.0(0.07%),P:1e-3	Tpos:57.5,Tstd:7.5,Bpos:11.5,Bstd:0.5,StrandBias:10.0,Multiplicity:1.00
0.099	0.001	0.001	0.899
0.450	0.100	0.450	0.001
0.549	0.001	0.001	0.449
0.449	0.549	0.001	0.001
0.997	0.001	0.001	0.001
0.001	0.997	0.001	0.001
0.997	0.001	0.001	0.001
0.449	0.549	0.001	0.001
0.997	0.001	0.001	0.001
0.001	0.997	0.001	0.001
0.997	0.001	0.001	0.001
0.001	0.997	0.001	0.001
>ACACACACACBC	5-ACACACACACBC	10.069906	-7.037896	0	T:4.0(11.76%),B:38.0(1.27%),P:1e-3	Tpos:81.3,Tstd:13.4,Bpos:42.9,Bstd:24.7,StrandBias:1.9,Multiplicity:1.00
0.635	0.148	0.001	0.216
0.001	0.713	0.001	0.285
0.713	0.001	0.001	0.285
0.001	0.997	0.001	0.001
0.997	0.001	0.001	0.001
0.001	0.713	0.285	0.001
0.850	0.148	0.001	0.001
0.285	0.662	0.052	0.001
0.782	0.001	0.216	0.001
0.051	0.947	0.001	0.001
0.063	0.286	0.286	0.365
0.001	0.997	0.001	0.001
>GCTATGGCTGTT	6-GCTATGGCTGTT	12.355432	-4.486497	0	T:1.0(2.94%),B:0.0(0.00%),P:1e-1	Tpos:58.3,Tstd:37.4,Bpos:0.0,Bstd:0.0,StrandBias:10.0,Multiplicity:3.00
0.100	0.100	0.700	0.100
0.100	0.700	0.100	0.100
0.100	0.100	0.100	0.700
0.700	0.100	0.100	0.100
0.100	0.100	0.100	0.700
0.100	0.100	0.700	0.100
0.100	0.100	0.700	0.100
0.100	0.700	0.100	0.100
0.100	0.100	0.100	0.700
0.100	0.100	0.700	0.100
0.100	0.100	0.100	0.700
0.100	0.100	0.100	0.700
