>TGGACNTTTC	1-TGGACNTTTC	9.137558	-20.196828	0	T:6.0(17.65%),B:10.0(0.33%),P:1e-8	Tpos:63.3,Tstd:21.6,Bpos:47.6,Bstd:30.1,StrandBias:0.0,Multiplicity:1.00
0.001	0.001	0.001	0.997
0.001	0.001	0.762	0.236
0.001	0.001	0.997	0.001
0.737	0.013	0.237	0.013
0.237	0.525	0.237	0.001
0.250	0.237	0.237	0.276
0.001	0.001	0.236	0.762
0.001	0.001	0.001	0.997
0.001	0.001	0.001	0.997
0.001	0.997	0.001	0.001
>GTTGCTAGGC	2-GTTGCTAGGC	6.340037	-14.417959	0	T:5.0(14.71%),B:14.0(0.47%),P:1e-6	Tpos:38.6,Tstd:18.1,Bpos:60.7,Bstd:26.3,StrandBias:-0.6,Multiplicity:1.00
0.001	0.001	0.997	0.001
0.001	0.001	0.001	0.997
0.255	0.001	0.001	0.743
0.001	0.001	0.997	0.001
0.001	0.997	0.001	0.001
0.127	0.001	0.001	0.871
0.997	0.001	0.001	0.001
0.001	0.001	0.997	0.001
0.001	0.255	0.743	0.001
0.001	0.997	0.001	0.001
>AAAGATAACA	3-AAAGATAACA	7.207277	-13.557223	0	T:4.0(11.76%),B:7.0(0.23%),P:1e-5	Tpos:55.5,Tstd:21.9,Bpos:50.4,Bstd:28.0,StrandBias:1.6,Multiplicity:1.00
0.997	0.001	0.001	0.001
0.997	0.001	0.001	0.001
0.997	0.001	0.001	0.001
0.001	0.001	0.997	0.001
0.817	0.181	0.001	0.001
0.001	0.001	0.001	0.997
0.997	0.001	0.001	0.001
0.818	0.060	0.001	0.121
0.001	0.997	0.001	0.001
0.938	0.001	0.001	0.060
>TGAGATCTAA	4-TGAGATCTAA	11.710230	-12.567942	0	T:4.0(11.76%),B:9.0(0.30%),P:1e-5	Tpos:48.0,Tstd:17.4,Bpos:46.2,Bstd:25.2,StrandBias:2.0,Multiplicity:1.25
0.001	0.001	0.001	0.997
0.001	0.001	0.997	0.001
0.997	0.001	0.001	0.001
0.001	0.001	0.997	0.001
0.709	0.289	0.001	0.001
0.001	0.001	0.001	0.997
0.001	0.997	0.001	0.001
0.001	0.289	0.001	0.709
0.579	0.001	0.419	0.001
0.997	0.001	0.001	0.001
>TCTGTCCCTC	5-TCTGTCCCTC	8.069534	-7.246501	0	T:7.0(20.59%),B:136.0(4.53%),P:1e-3	Tpos:44.2,Tstd:24.4,Bpos:47.6,Bstd:26.1,StrandBias:-2.0,Multiplicity:2.00
0.001	0.001	0.225	0.773
0.001	0.886	0.112	0.001
0.001	0.001	0.001	0.997
0.001	0.171	0.827	0.001
0.124	0.001	0.001	0.874
0.003	0.706	0.178	0.113
0.001	0.572	0.113	0.314
0.001	0.904	0.050	0.045
0.112	0.001	0.001	0.886
0.113	0.599	0.175	0.113
