>GGGYGGGACTMM	1-GGGYGGGACTMM	11.297523	-30.880861	0	T:7.0(20.59%),B:4.0(0.13%),P:1e-13	Tpos:62.2,Tstd:22.6,Bpos:49.8,Bstd:18.6,StrandBias:1.6,Multiplicity:1.14
0.001	0.001	0.997	0.001
0.001	0.001	0.997	0.001
0.001	0.001	0.997	0.001
0.226	0.383	0.001	0.390
0.001	0.191	0.807	0.001
0.382	0.001	0.616	0.001
0.001	0.001	0.997	0.001
0.964	0.001	0.034	0.001
0.001	0.807	0.001	0.191
0.001	0.382	0.001	0.616
0.386	0.421	0.191	0.001
0.573	0.425	0.001	0.001
>AAHCTAACACAG	2-AAHCTAACACAG	10.116533	-21.519688	0	T:6.0(17.65%),B:8.0(0.27%),P:1e-9	Tpos:66.2,Tstd:26.0,Bpos:39.0,Bstd:25.7,StrandBias:1.0,Multiplicity:1.00
0.997	0.001	0.001	0.001
0.997	0.001	0.001	0.001
0.310	0.310	0.069	0.310
0.001	0.997	0.001	0.001
0.332	0.001	0.001	0.666
0.997	0.001	0.001	0.001
0.666	0.001	0.332	0.001
0.001	0.620	0.378	0.001
0.997	0.001	0.001	0.001
0.001	0.997	0.001	0.001
0.689	0.001	0.309	0.001
0.378	0.001	0.620	0.001
>KGCTRGRAMYAG	3-KGCTRGRAMYAG	9.955540	-16.914456	0	T:4.0(11.76%),B:3.0(0.10%),P:1e-7	Tpos:28.5,Tstd:17.6,Bpos:20.0,Bstd:7.8,StrandBias:1.6,Multiplicity:1.00
0.066	0.001	0.450	0.483
0.001	0.032	0.966	0.001
0.001	0.997	0.001	0.001
0.001	0.001	0.001	0.997
0.549	0.001	0.449	0.001
0.001	0.001	0.997	0.001
0.516	0.001	0.450	0.033
0.966	0.001	0.001	0.032
0.449	0.549	0.001	0.001
0.001	0.449	0.001	0.549
0.997	0.001	0.001	0.001
0.001	0.001	0.997	0.001
>AGGACCTGGAAG	4-AGGACCTGGAAG	12.157372	-15.332998	0	T:3.0(8.82%),B:0.0(0.00%),P:1e-6	Tpos:34.7,Tstd:21.3,Bpos:0.0,Bstd:0.0,StrandBias:10.0,Multiplicity:1.00
0.685	0.310	0.004	0.001
0.064	0.001	0.934	0.001
0.001	0.001	0.997	0.001
0.997	0.001	0.001	0.001
0.001	0.620	0.378	0.001
0.004	0.681	0.314	0.001
0.050	0.001	0.001	0.948
0.001	0.001	0.997	0.001
0.001	0.001	0.624	0.374
0.624	0.374	0.001	0.001
0.997	0.001	0.001	0.001
0.001	0.314	0.684	0.001
>WTGTCTMKAAAR	5-WTGTCTMKAAAR	13.810717	-13.261296	0	T:3.0(8.82%),B:2.0(0.07%),P:1e-5	Tpos:41.0,Tstd:15.5,Bpos:38.5,Bstd:12.5,StrandBias:-1.0,Multiplicity:1.00
0.449	0.001	0.001	0.549
0.001	0.001	0.001	0.997
0.001	0.001	0.997	0.001
0.001	0.001	0.001	0.997
0.001	0.997	0.001	0.001
0.001	0.001	0.001	0.997
0.449	0.549	0.001	0.001
0.001	0.001	0.549	0.449
0.997	0.001	0.001	0.001
0.997	0.001	0.001	0.001
0.997	0.001	0.001	0.001
0.549	0.001	0.449	0.001
