>AGCTTGCTAGGR	1-AGCTTGCTAGGR	8.855075	-16.207684	0	T:4.0(66.67%),B:22.0(0.89%),P:1e-7	Tpos:55.2,Tstd:30.1,Bpos:55.3,Bstd:25.6,StrandBias:10.0,Multiplicity:1.00
0.485	0.001	0.274	0.240
0.001	0.001	0.965	0.033
0.001	0.759	0.239	0.001
0.001	0.273	0.001	0.725
0.001	0.001	0.001	0.997
0.001	0.240	0.480	0.279
0.001	0.480	0.279	0.240
0.001	0.001	0.001	0.997
0.519	0.240	0.001	0.240
0.240	0.279	0.480	0.001
0.279	0.240	0.480	0.001
0.519	0.001	0.479	0.001
>CCTCTCACCTGG	2-CCTCTCACCTGG	8.608841	-12.786450	0	T:4.0(66.67%),B:52.0(2.10%),P:1e-5	Tpos:51.2,Tstd:13.4,Bpos:48.8,Bstd:26.9,StrandBias:1.6,Multiplicity:1.00
0.001	0.759	0.239	0.001
0.001	0.997	0.001	0.001
0.239	0.001	0.001	0.759
0.240	0.519	0.240	0.001
0.001	0.001	0.001	0.997
0.240	0.480	0.240	0.040
0.486	0.034	0.240	0.240
0.001	0.519	0.240	0.240
0.239	0.759	0.001	0.001
0.240	0.001	0.274	0.485
0.001	0.033	0.965	0.001
0.001	0.239	0.759	0.001
>GTCGATCAAGAA	3-GTCGATCAAGAA	1.304674	-11.798766	0	T:3.0(50.00%),B:18.0(0.73%),P:1e-5	Tpos:42.2,Tstd:27.3,Bpos:45.0,Bstd:30.6,StrandBias:0.0,Multiplicity:1.33
0.071	0.001	0.857	0.071
0.070	0.001	0.001	0.928
0.001	0.928	0.001	0.070
0.001	0.001	0.997	0.001
0.997	0.001	0.001	0.001
0.001	0.141	0.001	0.857
0.001	0.997	0.001	0.001
0.928	0.070	0.001	0.001
0.997	0.001	0.001	0.001
0.001	0.001	0.928	0.070
0.997	0.001	0.001	0.001
0.928	0.001	0.070	0.001
>TGACTGACTCTT	4-TGACTGACTCTT	6.495365	-11.484507	0	T:3.0(50.00%),B:20.0(0.81%),P:1e-4	Tpos:76.3,Tstd:8.3,Bpos:38.9,Bstd:18.9,StrandBias:1.0,Multiplicity:1.00
0.001	0.001	0.121	0.877
0.001	0.001	0.997	0.001
0.979	0.001	0.001	0.019
0.001	0.997	0.001	0.001
0.001	0.001	0.001	0.997
0.001	0.001	0.857	0.141
0.857	0.141	0.001	0.001
0.001	0.997	0.001	0.001
0.121	0.001	0.001	0.877
0.001	0.857	0.141	0.001
0.001	0.001	0.001	0.997
0.001	0.001	0.001	0.997
>AGAGCAAGAGAG	5-AGAGCAAGAGAG	12.355432	-5.333526	0	T:1.0(16.67%),B:2.0(0.08%),P:1e-2	Tpos:61.0,Tstd:0.0,Bpos:27.5,Bstd:4.5,StrandBias:-10.0,Multiplicity:1.00
0.700	0.100	0.100	0.100
0.100	0.100	0.700	0.100
0.700	0.100	0.100	0.100
0.100	0.100	0.700	0.100
0.100	0.700	0.100	0.100
0.700	0.100	0.100	0.100
0.700	0.100	0.100	0.100
0.100	0.100	0.700	0.100
0.700	0.100	0.100	0.100
0.100	0.100	0.700	0.100
0.700	0.100	0.100	0.100
0.100	0.100	0.700	0.100
