>CCDGGCGGAGDG	1-CCDGGCGGAGDG	10.314355	-14.622142	0	T:3.0(50.00%),B:7.0(0.28%),P:1e-6	Tpos:27.0,Tstd:5.0,Bpos:42.0,Bstd:16.5,StrandBias:-1.0,Multiplicity:1.00
0.315	0.683	0.001	0.001
0.001	0.997	0.001	0.001
0.316	0.001	0.316	0.368
0.001	0.001	0.997	0.001
0.001	0.001	0.997	0.001
0.001	0.683	0.001	0.315
0.052	0.001	0.631	0.316
0.315	0.001	0.683	0.001
0.631	0.001	0.001	0.367
0.001	0.001	0.997	0.001
0.368	0.001	0.316	0.316
0.001	0.001	0.997	0.001
>KAGCCAAAGAGC	2-KAGCCAAAGAGC	8.682068	-14.031924	0	T:4.0(66.67%),B:38.0(1.53%),P:1e-6	Tpos:56.6,Tstd:26.9,Bpos:52.2,Bstd:27.3,StrandBias:-0.6,Multiplicity:1.25
0.001	0.193	0.387	0.419
0.613	0.001	0.193	0.193
0.001	0.001	0.805	0.193
0.001	0.805	0.193	0.001
0.001	0.997	0.001	0.001
0.805	0.193	0.001	0.001
0.612	0.386	0.001	0.001
0.613	0.001	0.193	0.193
0.225	0.001	0.581	0.193
0.805	0.193	0.001	0.001
0.001	0.193	0.805	0.001
0.193	0.613	0.193	0.001
>CCTGGCTTCCTG	3-CCTGGCTTCCTG	8.161510	-13.449429	0	T:4.0(66.67%),B:44.0(1.77%),P:1e-5	Tpos:49.8,Tstd:22.6,Bpos:48.5,Bstd:26.2,StrandBias:-0.6,Multiplicity:1.25
0.193	0.581	0.225	0.001
0.193	0.613	0.193	0.001
0.001	0.193	0.001	0.805
0.001	0.001	0.612	0.386
0.001	0.193	0.805	0.001
0.001	0.997	0.001	0.001
0.001	0.001	0.418	0.580
0.001	0.001	0.193	0.805
0.193	0.613	0.193	0.001
0.193	0.613	0.193	0.001
0.001	0.193	0.001	0.805
0.001	0.001	0.805	0.193
>TGCTAGGTAACC	4-TGCTAGGTAACC	12.355432	-5.333526	0	T:1.0(16.67%),B:2.0(0.08%),P:1e-2	Tpos:32.0,Tstd:0.0,Bpos:22.0,Bstd:13.0,StrandBias:-10.0,Multiplicity:1.00
0.100	0.100	0.100	0.700
0.100	0.100	0.700	0.100
0.100	0.700	0.100	0.100
0.100	0.100	0.100	0.700
0.700	0.100	0.100	0.100
0.100	0.100	0.700	0.100
0.100	0.100	0.700	0.100
0.100	0.100	0.100	0.700
0.700	0.100	0.100	0.100
0.700	0.100	0.100	0.100
0.100	0.700	0.100	0.100
0.100	0.700	0.100	0.100
>ACAGCCATCCAT	5-ACAGCCATCCAT	12.355432	-5.333526	0	T:1.0(16.67%),B:2.0(0.08%),P:1e-2	Tpos:59.0,Tstd:0.0,Bpos:24.5,Bstd:3.5,StrandBias:10.0,Multiplicity:1.00
0.700	0.100	0.100	0.100
0.100	0.700	0.100	0.100
0.700	0.100	0.100	0.100
0.100	0.100	0.700	0.100
0.100	0.700	0.100	0.100
0.100	0.700	0.100	0.100
0.700	0.100	0.100	0.100
0.100	0.100	0.100	0.700
0.100	0.700	0.100	0.100
0.100	0.700	0.100	0.100
0.700	0.100	0.100	0.100
0.100	0.100	0.100	0.700
