>TTTTGTCT	1-TTTTGTCT	7.902401	-14.261013	0	T:9.0(23.68%),B:4133.0(2.72%),P:1e-6	Tpos:44.5,Tstd:30.0,Bpos:49.2,Bstd:27.2,StrandBias:0.3,Multiplicity:1.22
0.001	0.001	0.001	0.997
0.001	0.086	0.208	0.705
0.001	0.001	0.001	0.997
0.001	0.001	0.105	0.893
0.110	0.001	0.807	0.082
0.116	0.092	0.001	0.791
0.001	0.997	0.001	0.001
0.001	0.117	0.001	0.881
>TCCACCAA	2-TCCACCAA	7.114789	-9.921632	0	T:9.0(23.68%),B:7091.0(4.66%),P:1e-4	Tpos:53.7,Tstd:25.8,Bpos:50.0,Bstd:26.6,StrandBias:0.9,Multiplicity:1.44
0.001	0.001	0.001	0.997
0.001	0.997	0.001	0.001
0.001	0.997	0.001	0.001
0.671	0.001	0.001	0.327
0.220	0.714	0.065	0.001
0.087	0.911	0.001	0.001
0.872	0.048	0.001	0.079
0.904	0.001	0.001	0.094
>CCCCACCA	3-CCCCACCA	8.037618	-9.373061	0	T:7.0(18.42%),B:4309.0(2.83%),P:1e-4	Tpos:53.1,Tstd:27.2,Bpos:50.1,Bstd:27.6,StrandBias:-1.0,Multiplicity:1.29
0.001	0.997	0.001	0.001
0.001	0.997	0.001	0.001
0.001	0.714	0.177	0.108
0.001	0.829	0.001	0.169
0.997	0.001	0.001	0.001
0.001	0.917	0.081	0.001
0.001	0.997	0.001	0.001
0.997	0.001	0.001	0.001
>GTGTGTYC	4-GTGTGTYC	7.698752	-7.664053	0	T:6.0(15.79%),B:4047.0(2.66%),P:1e-3	Tpos:39.7,Tstd:24.1,Bpos:49.7,Bstd:27.4,StrandBias:1.0,Multiplicity:1.00
0.001	0.001	0.997	0.001
0.002	0.002	0.002	0.994
0.001	0.184	0.814	0.001
0.082	0.001	0.001	0.916
0.001	0.155	0.843	0.001
0.268	0.039	0.033	0.660
0.016	0.539	0.017	0.428
0.001	0.826	0.001	0.172
>GCGCTCAC	5-GCGCTCAC	8.146353	-6.339719	0	T:5.0(13.16%),B:3523.0(2.31%),P:1e-2	Tpos:39.8,Tstd:22.4,Bpos:50.0,Bstd:25.7,StrandBias:1.0,Multiplicity:1.40
0.001	0.001	0.997	0.001
0.130	0.868	0.001	0.001
0.001	0.001	0.997	0.001
0.001	0.875	0.123	0.001
0.001	0.001	0.253	0.745
0.001	0.997	0.001	0.001
0.670	0.001	0.328	0.001
0.001	0.997	0.001	0.001
