>CTATGCCA	1-CTATGCCA	6.310749	-17.931029	0	T:12.0(31.58%),B:6061.0(3.98%),P:1e-7	Tpos:51.6,Tstd:27.5,Bpos:49.8,Bstd:27.2,StrandBias:0.8,Multiplicity:1.17
0.001	0.997	0.001	0.001
0.001	0.001	0.001	0.997
0.873	0.051	0.075	0.001
0.001	0.158	0.073	0.768
0.001	0.001	0.897	0.101
0.129	0.869	0.001	0.001
0.001	0.809	0.189	0.001
0.900	0.001	0.001	0.098
>TCAGAGTA	2-TCAGAGTA	7.703893	-12.841360	0	T:9.0(23.68%),B:4913.0(3.23%),P:1e-5	Tpos:48.5,Tstd:17.8,Bpos:50.5,Bstd:27.4,StrandBias:-0.8,Multiplicity:1.22
0.093	0.001	0.123	0.783
0.161	0.837	0.001	0.001
0.997	0.001	0.001	0.001
0.001	0.001	0.997	0.001
0.791	0.207	0.001	0.001
0.001	0.001	0.997	0.001
0.001	0.082	0.001	0.916
0.803	0.098	0.098	0.001
>CCCCCCCC	3-CCCCCCCC	8.927617	-5.435731	0	T:5.0(13.16%),B:4349.0(2.86%),P:1e-2	Tpos:42.0,Tstd:15.3,Bpos:49.9,Bstd:27.0,StrandBias:-2.6,Multiplicity:1.40
0.001	0.997	0.001	0.001
0.001	0.997	0.001	0.001
0.149	0.849	0.001	0.001
0.264	0.734	0.001	0.001
0.250	0.748	0.001	0.001
0.170	0.828	0.001	0.001
0.162	0.836	0.001	0.001
0.001	0.997	0.001	0.001
>RCGCGCGC	4-RCGCGCGC	3.255190	-4.626777	0	T:25.0(65.79%),B:69439.0(45.63%),P:1e-2	Tpos:54.2,Tstd:22.5,Bpos:49.8,Bstd:26.9,StrandBias:0.9,Multiplicity:1.50
0.514	0.001	0.484	0.001
0.068	0.756	0.175	0.001
0.385	0.001	0.613	0.001
0.121	0.801	0.001	0.077
0.241	0.001	0.757	0.001
0.134	0.695	0.101	0.070
0.400	0.022	0.577	0.001
0.228	0.770	0.001	0.001
>GYGCGTGT	5-GYGCGTGT	9.085320	-2.687528	0	T:1.0(2.63%),B:282.0(0.19%),P:1e-1	Tpos:62.0,Tstd:28.0,Bpos:49.1,Bstd:25.8,StrandBias:-10.0,Multiplicity:2.00
0.001	0.001	0.997	0.001
0.001	0.560	0.001	0.438
0.001	0.001	0.997	0.001
0.001	0.598	0.001	0.400
0.001	0.001	0.997	0.001
0.001	0.369	0.001	0.629
0.001	0.001	0.997	0.001
0.001	0.351	0.001	0.647
