>TGGGGTCTTC	1-TGGGGTCTTC	7.661778	-23.795103	0	T:23.0(11.39%),B:3248.0(2.05%),P:1e-10	Tpos:47.6,Tstd:26.3,Bpos:49.6,Bstd:27.1,StrandBias:-0.5,Multiplicity:1.04
0.001	0.001	0.001	0.997
0.001	0.229	0.769	0.001
0.192	0.103	0.704	0.001
0.067	0.134	0.719	0.080
0.001	0.066	0.691	0.242
0.065	0.356	0.001	0.578
0.001	0.865	0.001	0.133
0.001	0.247	0.297	0.455
0.109	0.001	0.316	0.574
0.001	0.626	0.372	0.001
>TAGTCAATGA	2-TAGTCAATGA	10.487858	-19.748588	0	T:6.0(2.97%),B:90.0(0.06%),P:1e-8	Tpos:57.3,Tstd:28.8,Bpos:49.6,Bstd:25.9,StrandBias:10.0,Multiplicity:1.50
0.001	0.001	0.001	0.997
0.880	0.001	0.118	0.001
0.001	0.001	0.596	0.402
0.001	0.001	0.001	0.997
0.001	0.997	0.001	0.001
0.851	0.001	0.001	0.147
0.997	0.001	0.001	0.001
0.001	0.001	0.001	0.997
0.001	0.001	0.997	0.001
0.863	0.001	0.135	0.001
>CTGATTCAGG	3-CTGATTCAGG	6.804142	-19.563976	0	T:33.0(16.34%),B:8036.0(5.06%),P:1e-8	Tpos:50.3,Tstd:27.8,Bpos:50.0,Bstd:26.9,StrandBias:-0.1,Multiplicity:1.12
0.001	0.734	0.230	0.035
0.076	0.001	0.001	0.922
0.039	0.076	0.884	0.001
0.790	0.102	0.032	0.076
0.110	0.048	0.134	0.708
0.047	0.077	0.136	0.740
0.001	0.934	0.064	0.001
0.709	0.061	0.092	0.138
0.101	0.097	0.721	0.081
0.001	0.091	0.871	0.037
>ACAGRCAGAA	4-ACAGRCAGAA	11.962064	-12.954812	0	T:7.0(3.47%),B:454.0(0.29%),P:1e-5	Tpos:54.2,Tstd:22.3,Bpos:50.2,Bstd:26.7,StrandBias:1.0,Multiplicity:1.29
0.997	0.001	0.001	0.001
0.001	0.997	0.001	0.001
0.997	0.001	0.001	0.001
0.001	0.001	0.997	0.001
0.545	0.001	0.453	0.001
0.001	0.997	0.001	0.001
0.997	0.001	0.001	0.001
0.049	0.001	0.949	0.001
0.643	0.001	0.355	0.001
0.997	0.001	0.001	0.001
>TGGGGAGRAG	5-TGGGGAGRAG	8.361831	-8.801741	0	T:16.0(7.92%),B:4314.0(2.72%),P:1e-3	Tpos:52.6,Tstd:27.6,Bpos:50.1,Bstd:26.5,StrandBias:0.2,Multiplicity:1.50
0.001	0.077	0.082	0.840
0.073	0.001	0.812	0.114
0.287	0.001	0.711	0.001
0.004	0.009	0.986	0.001
0.080	0.078	0.734	0.108
0.997	0.001	0.001	0.001
0.001	0.009	0.852	0.138
0.441	0.001	0.557	0.001
0.725	0.253	0.021	0.001
0.084	0.101	0.700	0.115
>TTGTTTKKTT	6-TTGTTTKKTT	6.037217	-6.974218	0	T:48.0(23.76%),B:24129.0(15.21%),P:1e-3	Tpos:57.1,Tstd:25.5,Bpos:50.5,Bstd:25.9,StrandBias:-0.1,Multiplicity:1.44
0.087	0.048	0.073	0.792
0.001	0.018	0.280	0.701
0.106	0.072	0.550	0.272
0.074	0.068	0.207	0.651
0.001	0.101	0.044	0.854
0.017	0.001	0.001	0.981
0.126	0.067	0.463	0.344
0.018	0.181	0.458	0.344
0.091	0.124	0.051	0.734
0.003	0.087	0.071	0.839
>GCGCGYSCGC	7-GCGCGYSCGC	5.169151	-6.877115	0	T:14.0(6.93%),B:4176.0(2.63%),P:1e-2	Tpos:45.9,Tstd:26.0,Bpos:50.5,Bstd:25.0,StrandBias:-0.7,Multiplicity:1.50
0.001	0.001	0.997	0.001
0.001	0.997	0.001	0.001
0.001	0.001	0.997	0.001
0.001	0.997	0.001	0.001
0.001	0.001	0.689	0.309
0.001	0.537	0.001	0.461
0.001	0.554	0.444	0.001
0.001	0.997	0.001	0.001
0.001	0.001	0.997	0.001
0.001	0.997	0.001	0.001
>AGAGCAGCGA	8-AGAGCAGCGA	9.456968	-5.797756	0	T:5.0(2.48%),B:757.0(0.48%),P:1e-2	Tpos:54.6,Tstd:27.1,Bpos:50.5,Bstd:26.9,StrandBias:-3.7,Multiplicity:2.80
0.997	0.001	0.001	0.001
0.001	0.001	0.997	0.001
0.997	0.001	0.001	0.001
0.001	0.001	0.997	0.001
0.001	0.997	0.001	0.001
0.997	0.001	0.001	0.001
0.001	0.001	0.997	0.001
0.247	0.751	0.001	0.001
0.018	0.001	0.980	0.001
0.922	0.057	0.001	0.020
