>CCGTTGGT	1-CCGTTGGT	7.148281	-19.106163	0	T:20.0(9.90%),B:3128.0(1.97%),P:1e-8	Tpos:56.3,Tstd:29.5,Bpos:50.1,Bstd:27.1,StrandBias:0.1,Multiplicity:1.15
0.001	0.997	0.001	0.001
0.001	0.997	0.001	0.001
0.069	0.202	0.655	0.074
0.001	0.001	0.131	0.867
0.082	0.103	0.001	0.814
0.001	0.001	0.939	0.059
0.001	0.049	0.879	0.071
0.080	0.001	0.001	0.918
>GTCCATAA	2-GTCCATAA	8.184948	-16.402117	0	T:13.0(6.44%),B:1473.0(0.93%),P:1e-7	Tpos:44.1,Tstd:21.6,Bpos:50.3,Bstd:27.7,StrandBias:0.7,Multiplicity:1.00
0.001	0.001	0.997	0.001
0.001	0.001	0.167	0.831
0.001	0.997	0.001	0.001
0.001	0.997	0.001	0.001
0.997	0.001	0.001	0.001
0.330	0.001	0.001	0.668
0.498	0.001	0.314	0.187
0.997	0.001	0.001	0.001
>TCGTGGCT	3-TCGTGGCT	6.724834	-15.788308	0	T:28.0(13.86%),B:7122.0(4.49%),P:1e-6	Tpos:55.8,Tstd:24.4,Bpos:49.9,Bstd:26.7,StrandBias:1.1,Multiplicity:1.14
0.042	0.033	0.069	0.856
0.079	0.778	0.034	0.109
0.203	0.001	0.795	0.001
0.056	0.001	0.036	0.907
0.092	0.001	0.846	0.061
0.001	0.058	0.940	0.001
0.001	0.933	0.065	0.001
0.001	0.001	0.001	0.997
>KCTKRBHV	4-KCTKRBHV	4.753371	-12.944183	0	T:22.0(10.89%),B:5474.0(3.45%),P:1e-5	Tpos:42.8,Tstd:24.2,Bpos:50.4,Bstd:27.3,StrandBias:1.2,Multiplicity:1.23
0.103	0.001	0.424	0.472
0.044	0.954	0.001	0.001
0.414	0.001	0.001	0.584
0.258	0.001	0.306	0.435
0.435	0.239	0.325	0.001
0.121	0.244	0.283	0.352
0.346	0.296	0.026	0.332
0.292	0.279	0.428	0.001
>GAGTGAGT	5-GAGTGAGT	6.845948	-11.523542	0	T:26.0(12.87%),B:7893.0(4.97%),P:1e-5	Tpos:47.9,Tstd:26.5,Bpos:49.8,Bstd:27.4,StrandBias:0.4,Multiplicity:1.27
0.001	0.111	0.849	0.039
0.937	0.061	0.001	0.001
0.039	0.001	0.959	0.001
0.001	0.001	0.174	0.824
0.001	0.159	0.839	0.001
0.845	0.081	0.073	0.001
0.034	0.001	0.964	0.001
0.070	0.001	0.108	0.821
