>TAACCCCTTA	1-TAACCCCTTA	11.226786	-24.206631	0	T:7.0(3.47%),B:86.0(0.05%),P:1e-10	Tpos:46.7,Tstd:23.9,Bpos:49.5,Bstd:24.6,StrandBias:1.3,Multiplicity:1.00
0.001	0.001	0.001	0.997
0.841	0.157	0.001	0.001
0.818	0.001	0.001	0.180
0.150	0.848	0.001	0.001
0.001	0.997	0.001	0.001
0.001	0.997	0.001	0.001
0.001	0.846	0.001	0.152
0.001	0.001	0.001	0.997
0.001	0.001	0.001	0.997
0.833	0.001	0.165	0.001
>AACCTGTAGG	2-AACCTGTAGG	10.922164	-21.025730	0	T:8.0(3.96%),B:224.0(0.14%),P:1e-9	Tpos:57.1,Tstd:25.9,Bpos:51.0,Bstd:26.4,StrandBias:-0.7,Multiplicity:1.00
0.845	0.001	0.001	0.153
0.932	0.066	0.001	0.001
0.001	0.997	0.001	0.001
0.001	0.997	0.001	0.001
0.001	0.001	0.209	0.789
0.001	0.001	0.863	0.135
0.124	0.100	0.073	0.703
0.997	0.001	0.001	0.001
0.001	0.001	0.997	0.001
0.001	0.001	0.997	0.001
>ACGCTATTGA	3-ACGCTATTGA	12.236414	-10.816113	0	T:2.0(0.99%),B:5.0(0.00%),P:1e-4	Tpos:68.0,Tstd:17.9,Bpos:50.0,Bstd:21.3,StrandBias:10.0,Multiplicity:2.50
0.997	0.001	0.001	0.001
0.001	0.997	0.001	0.001
0.001	0.001	0.997	0.001
0.001	0.997	0.001	0.001
0.001	0.001	0.001	0.997
0.997	0.001	0.001	0.001
0.001	0.001	0.202	0.796
0.001	0.001	0.001	0.997
0.001	0.001	0.997	0.001
0.997	0.001	0.001	0.001
>TGTGTGTATG	4-TGTGTGTATG	7.581532	-9.794683	0	T:19.0(9.41%),B:5297.0(3.34%),P:1e-4	Tpos:48.3,Tstd:25.6,Bpos:48.8,Bstd:27.5,StrandBias:-0.8,Multiplicity:1.21
0.082	0.075	0.001	0.842
0.102	0.033	0.703	0.162
0.001	0.135	0.001	0.863
0.001	0.001	0.997	0.001
0.003	0.083	0.171	0.743
0.054	0.116	0.829	0.001
0.066	0.133	0.001	0.800
0.579	0.147	0.135	0.139
0.001	0.001	0.001	0.997
0.176	0.001	0.652	0.171
>TAACCGCGGC	5-TAACCGCGGC	10.296193	-5.974459	0	T:1.0(0.50%),B:2.0(0.00%),P:1e-2	Tpos:48.0,Tstd:26.9,Bpos:27.0,Bstd:5.0,StrandBias:10.0,Multiplicity:5.00
0.100	0.100	0.100	0.700
0.700	0.100	0.100	0.100
0.700	0.100	0.100	0.100
0.100	0.700	0.100	0.100
0.100	0.700	0.100	0.100
0.100	0.100	0.700	0.100
0.100	0.700	0.100	0.100
0.100	0.100	0.700	0.100
0.100	0.100	0.700	0.100
0.100	0.700	0.100	0.100
>AGCCTGGCGC	6-AGCCTGGCGC	10.296193	-5.648718	0	T:2.0(0.99%),B:68.0(0.04%),P:1e-2	Tpos:59.8,Tstd:13.3,Bpos:52.1,Bstd:27.9,StrandBias:-10.0,Multiplicity:2.00
0.700	0.100	0.100	0.100
0.100	0.100	0.700	0.100
0.100	0.700	0.100	0.100
0.100	0.700	0.100	0.100
0.100	0.100	0.100	0.700
0.100	0.100	0.700	0.100
0.100	0.100	0.700	0.100
0.100	0.700	0.100	0.100
0.100	0.100	0.700	0.100
0.100	0.700	0.100	0.100
