>CTGTGAGSTACT	1-CTGTGAGSTACT	7.774551	-22.874719	0	T:21.0(14.89%),B:3920.4(2.57%),P:1e-9,FDR:0.6	Tpos:56.2,Tstd:26.2,Bpos:49.7,Bstd:33.4,StrandBias:-0.6,Multiplicity:1.10
0.001	0.670	0.328	0.001
0.145	0.087	0.001	0.767
0.001	0.174	0.738	0.087
0.114	0.001	0.093	0.792
0.174	0.001	0.824	0.001
0.767	0.001	0.087	0.145
0.064	0.001	0.848	0.087
0.226	0.298	0.420	0.056
0.093	0.001	0.139	0.767
0.845	0.153	0.001	0.001
0.261	0.682	0.056	0.001
0.112	0.001	0.001	0.886
>AKAASCAATCAG	2-AKAASCAATCAG	10.809538	-21.648696	0	T:10.0(7.09%),B:609.8(0.40%),P:1e-9,FDR:0.6	Tpos:44.2,Tstd:27.1,Bpos:49.1,Bstd:43.5,StrandBias:1.2,Multiplicity:1.30
0.867	0.001	0.120	0.012
0.001	0.108	0.444	0.447
0.997	0.001	0.001	0.001
0.882	0.001	0.116	0.001
0.178	0.377	0.444	0.001
0.001	0.997	0.001	0.001
0.997	0.001	0.001	0.001
0.997	0.001	0.001	0.001
0.001	0.001	0.001	0.997
0.001	0.821	0.177	0.001
0.766	0.232	0.001	0.001
0.122	0.001	0.876	0.001
>ATGATAATGAGG	3-ATGATAATGAGG	10.131354	-20.381296	0	T:10.0(7.09%),B:696.9(0.46%),P:1e-8,FDR:0.6	Tpos:45.3,Tstd:11.6,Bpos:50.6,Bstd:44.2,StrandBias:0.5,Multiplicity:1.20
0.997	0.001	0.001	0.001
0.001	0.001	0.001	0.997
0.001	0.001	0.997	0.001
0.950	0.048	0.001	0.001
0.049	0.344	0.001	0.606
0.997	0.001	0.001	0.001
0.654	0.344	0.001	0.001
0.001	0.001	0.001	0.997
0.001	0.001	0.997	0.001
0.997	0.001	0.001	0.001
0.001	0.001	0.997	0.001
0.001	0.001	0.997	0.001
>AAAAAAAAAAAA	4-AAAAAAAAAAAA	10.381764	-7.902088	0	T:7.0(4.96%),B:1409.1(0.92%),P:1e-3,FDR:0.9	Tpos:45.0,Tstd:16.6,Bpos:50.4,Bstd:25.0,StrandBias:-1.5,Multiplicity:1.29
0.711	0.172	0.079	0.038
0.753	0.161	0.051	0.035
0.795	0.096	0.108	0.001
0.845	0.076	0.078	0.001
0.835	0.090	0.031	0.044
0.788	0.147	0.031	0.034
0.741	0.151	0.062	0.046
0.676	0.138	0.155	0.031
0.712	0.146	0.095	0.047
0.750	0.146	0.072	0.032
0.700	0.234	0.049	0.017
0.696	0.221	0.059	0.024
>TGTGGCCYACTK	5-TGTGGCCYACTK	13.937214	-7.472956	0	T:2.0(1.42%),B:37.9(0.02%),P:1e-3,FDR:0.9	Tpos:34.5,Tstd:0.5,Bpos:58.3,Bstd:37.7,StrandBias:10.0,Multiplicity:1.00
0.001	0.001	0.001	0.997
0.001	0.001	0.997	0.001
0.001	0.001	0.001	0.997
0.001	0.001	0.997	0.001
0.001	0.001	0.997	0.001
0.001	0.997	0.001	0.001
0.001	0.997	0.001	0.001
0.076	0.536	0.001	0.387
0.997	0.001	0.001	0.001
0.001	0.612	0.001	0.386
0.001	0.001	0.001	0.997
0.001	0.001	0.463	0.535
>TGACCCTGACCC	6-TGACCCTGACCC	16.513651	-6.986494	0	T:1.0(0.71%),B:1.8(0.00%),P:1e-3,FDR:0.9	Tpos:59.0,Tstd:25.2,Bpos:62.4,Bstd:19.2,StrandBias:-10.0,Multiplicity:10.00
0.001	0.001	0.001	0.997
0.001	0.001	0.997	0.001
0.997	0.001	0.001	0.001
0.001	0.997	0.001	0.001
0.001	0.997	0.001	0.001
0.001	0.997	0.001	0.001
0.001	0.001	0.001	0.997
0.083	0.001	0.915	0.001
0.997	0.001	0.001	0.001
0.001	0.997	0.001	0.001
0.001	0.997	0.001	0.001
0.001	0.997	0.001	0.001
>CCACCACCATTC	7-CCACCACCATTC	12.355432	-6.986494	0	T:1.0(0.71%),B:1.2(0.00%),P:1e-3,FDR:0.9	Tpos:37.0,Tstd:25.3,Bpos:35.0,Bstd:0.0,StrandBias:10.0,Multiplicity:3.00
0.100	0.700	0.100	0.100
0.100	0.700	0.100	0.100
0.700	0.100	0.100	0.100
0.100	0.700	0.100	0.100
0.100	0.700	0.100	0.100
0.700	0.100	0.100	0.100
0.100	0.700	0.100	0.100
0.100	0.700	0.100	0.100
0.700	0.100	0.100	0.100
0.100	0.100	0.100	0.700
0.100	0.100	0.100	0.700
0.100	0.700	0.100	0.100
>GTGTGGCCAACT	8-GTGTGGCCAACT	16.210920	-6.986494	0	T:1.0(0.71%),B:0.0(0.00%),P:1e-3,FDR:0.9	Tpos:57.7,Tstd:31.8,Bpos:0.0,Bstd:0.0,StrandBias:10.0,Multiplicity:3.00
0.001	0.001	0.997	0.001
0.001	0.001	0.001	0.997
0.001	0.001	0.997	0.001
0.001	0.001	0.001	0.997
0.001	0.001	0.997	0.001
0.322	0.001	0.676	0.001
0.001	0.997	0.001	0.001
0.001	0.997	0.001	0.001
0.997	0.001	0.001	0.001
0.997	0.001	0.001	0.001
0.001	0.997	0.001	0.001
0.001	0.001	0.001	0.997
