>AATTAGGT	1-AATTAGGT	7.410111	-16.684329	0	T:15.0(10.64%),B:2777.7(1.82%),P:1e-7,FDR:0.8	Tpos:52.7,Tstd:25.0,Bpos:50.4,Bstd:37.1,StrandBias:0.9,Multiplicity:1.33
0.520	0.126	0.174	0.180
0.698	0.134	0.001	0.167
0.001	0.001	0.001	0.997
0.001	0.001	0.085	0.913
0.997	0.001	0.001	0.001
0.001	0.001	0.997	0.001
0.001	0.001	0.870	0.128
0.001	0.050	0.001	0.948
>GTGAGACA	2-GTGAGACA	7.552245	-15.389017	0	T:21.0(14.89%),B:6053.5(3.97%),P:1e-6,FDR:0.8	Tpos:39.3,Tstd:25.8,Bpos:49.3,Bstd:38.5,StrandBias:0.1,Multiplicity:1.19
0.023	0.001	0.975	0.001
0.219	0.001	0.023	0.757
0.028	0.001	0.970	0.001
0.657	0.001	0.001	0.341
0.001	0.001	0.949	0.049
0.876	0.001	0.001	0.122
0.023	0.654	0.322	0.001
0.764	0.219	0.001	0.016
>TAACCAAT	3-TAACCAAT	10.782052	-12.756844	0	T:9.0(6.38%),B:1246.4(0.82%),P:1e-5,FDR:0.8	Tpos:40.7,Tstd:26.9,Bpos:50.5,Bstd:44.5,StrandBias:0.2,Multiplicity:1.67
0.001	0.001	0.001	0.997
0.997	0.001	0.001	0.001
0.846	0.059	0.094	0.001
0.001	0.927	0.001	0.071
0.001	0.997	0.001	0.001
0.951	0.047	0.001	0.001
0.997	0.001	0.001	0.001
0.001	0.001	0.001	0.997
>CTCAGTAC	4-CTCAGTAC	9.279561	-5.627834	0	T:6.0(4.26%),B:1572.0(1.03%),P:1e-2,FDR:1	Tpos:49.7,Tstd:32.9,Bpos:49.8,Bstd:36.4,StrandBias:-1.2,Multiplicity:1.67
0.001	0.997	0.001	0.001
0.001	0.001	0.001	0.997
0.001	0.997	0.001	0.001
0.831	0.001	0.001	0.167
0.001	0.001	0.997	0.001
0.001	0.001	0.001	0.997
0.997	0.001	0.001	0.001
0.001	0.997	0.001	0.001
>AAAAAAAA	5-AAAAAAAA	7.129155	-5.491861	0	T:6.0(4.26%),B:1616.7(1.06%),P:1e-2,FDR:1	Tpos:39.5,Tstd:13.4,Bpos:51.5,Bstd:26.8,StrandBias:-0.3,Multiplicity:1.17
0.564	0.375	0.001	0.060
0.601	0.338	0.059	0.002
0.565	0.374	0.060	0.001
0.616	0.321	0.001	0.062
0.736	0.201	0.062	0.001
0.867	0.020	0.002	0.111
0.731	0.183	0.003	0.083
0.519	0.346	0.134	0.001
>GTTTTGTT	6-GTTTTGTT	4.981615	-5.136314	0	T:14.0(9.93%),B:7039.8(4.62%),P:1e-2,FDR:1	Tpos:42.3,Tstd:20.2,Bpos:50.4,Bstd:31.3,StrandBias:-0.6,Multiplicity:2.14
0.001	0.001	0.997	0.001
0.001	0.051	0.001	0.947
0.001	0.001	0.001	0.997
0.001	0.001	0.001	0.997
0.050	0.114	0.001	0.835
0.001	0.001	0.997	0.001
0.001	0.001	0.001	0.997
0.001	0.053	0.001	0.945
>CTGACCCT	7-CTGACCCT	8.236954	-1.568433	0	T:2.0(1.42%),B:917.4(0.60%),P:1e0,FDR:1	Tpos:53.6,Tstd:26.6,Bpos:50.1,Bstd:32.8,StrandBias:-10.0,Multiplicity:7.00
0.100	0.700	0.100	0.100
0.100	0.100	0.100	0.700
0.100	0.100	0.700	0.100
0.700	0.100	0.100	0.100
0.100	0.700	0.100	0.100
0.100	0.700	0.100	0.100
0.100	0.700	0.100	0.100
0.100	0.100	0.100	0.700
