>AGTCGGAC	1-AGTCGGAC	8.943487	-15.059703	0	T:5.0(6.41%),B:258.0(0.17%),P:1e-6	Tpos:67.8,Tstd:16.5,Bpos:47.5,Bstd:27.2,StrandBias:-2.0,Multiplicity:1.00
0.997	0.001	0.001	0.001
0.001	0.176	0.822	0.001
0.001	0.001	0.001	0.997
0.001	0.997	0.001	0.001
0.086	0.001	0.912	0.001
0.001	0.001	0.739	0.259
0.997	0.001	0.001	0.001
0.001	0.997	0.001	0.001
>AGGCTCTC	2-AGGCTCTC	8.367750	-14.902484	0	T:16.0(20.51%),B:6741.0(4.50%),P:1e-6	Tpos:54.3,Tstd:25.6,Bpos:49.9,Bstd:27.4,StrandBias:0.3,Multiplicity:1.12
0.867	0.001	0.001	0.131
0.001	0.001	0.997	0.001
0.001	0.209	0.789	0.001
0.001	0.825	0.173	0.001
0.001	0.001	0.001	0.997
0.001	0.997	0.001	0.001
0.171	0.001	0.001	0.827
0.001	0.687	0.153	0.159
>TGSTTGAA	3-TGSTTGAA	5.898168	-13.763511	0	T:14.0(17.95%),B:5574.0(3.72%),P:1e-5	Tpos:54.5,Tstd:27.7,Bpos:50.7,Bstd:27.4,StrandBias:-0.2,Multiplicity:1.07
0.059	0.042	0.147	0.752
0.047	0.206	0.637	0.110
0.065	0.405	0.307	0.223
0.044	0.196	0.014	0.746
0.211	0.050	0.147	0.592
0.130	0.055	0.619	0.196
0.674	0.197	0.102	0.027
0.592	0.113	0.178	0.117
>CCSTTTAG	4-CCSTTTAG	8.249482	-13.496617	0	T:10.0(12.82%),B:2676.0(1.79%),P:1e-5	Tpos:55.3,Tstd:24.3,Bpos:49.4,Bstd:27.4,StrandBias:0.6,Multiplicity:1.00
0.001	0.997	0.001	0.001
0.001	0.997	0.001	0.001
0.001	0.426	0.572	0.001
0.001	0.001	0.001	0.997
0.001	0.001	0.001	0.997
0.001	0.184	0.001	0.814
0.756	0.001	0.001	0.242
0.001	0.001	0.997	0.001
>GGCAAGCG	5-GGCAAGCG	6.074315	-11.538340	0	T:18.0(23.08%),B:10890.0(7.27%),P:1e-5	Tpos:54.6,Tstd:26.9,Bpos:49.6,Bstd:27.2,StrandBias:-0.1,Multiplicity:1.06
0.195	0.001	0.724	0.080
0.105	0.148	0.746	0.001
0.001	0.997	0.001	0.001
0.939	0.059	0.001	0.001
0.841	0.157	0.001	0.001
0.001	0.001	0.790	0.208
0.001	0.911	0.075	0.013
0.001	0.001	0.585	0.413
