>AKCCCTGCAG	1-AKCCCTGCAG	11.334895	-16.239747	0	T:5.0(14.71%),B:465.0(0.32%),P:1e-7	Tpos:49.7,Tstd:24.0,Bpos:51.1,Bstd:27.1,StrandBias:-1.3,Multiplicity:1.20
0.997	0.001	0.001	0.001
0.001	0.001	0.554	0.444
0.001	0.815	0.183	0.001
0.001	0.997	0.001	0.001
0.001	0.997	0.001	0.001
0.001	0.001	0.001	0.997
0.001	0.194	0.804	0.001
0.001	0.997	0.001	0.001
0.997	0.001	0.001	0.001
0.001	0.001	0.997	0.001
>AWDCCGAHGG	2-AWDCCGAHGG	5.477609	-10.986841	0	T:12.0(35.29%),B:12609.0(8.72%),P:1e-4	Tpos:50.1,Tstd:23.5,Bpos:50.0,Bstd:26.9,StrandBias:0.4,Multiplicity:1.33
0.923	0.075	0.001	0.001
0.507	0.001	0.001	0.491
0.297	0.001	0.317	0.384
0.111	0.679	0.209	0.001
0.135	0.522	0.220	0.123
0.070	0.157	0.772	0.001
0.564	0.001	0.187	0.248
0.376	0.295	0.001	0.328
0.003	0.422	0.574	0.001
0.006	0.070	0.728	0.196
>GATAATTATC	3-GATAATTATC	10.296193	-8.355453	0	T:1.0(2.94%),B:1.0(0.00%),P:1e-3	Tpos:8.5,Tstd:0.5,Bpos:75.5,Bstd:0.5,StrandBias:0.0,Multiplicity:1.00
0.100	0.100	0.700	0.100
0.700	0.100	0.100	0.100
0.100	0.100	0.100	0.700
0.700	0.100	0.100	0.100
0.700	0.100	0.100	0.100
0.100	0.100	0.100	0.700
0.100	0.100	0.100	0.700
0.700	0.100	0.100	0.100
0.100	0.100	0.100	0.700
0.100	0.700	0.100	0.100
>CGCATCTATA	4-CGCATCTATA	10.296193	-8.355453	0	T:1.0(2.94%),B:1.0(0.00%),P:1e-3	Tpos:93.0,Tstd:0.0,Bpos:94.0,Bstd:0.0,StrandBias:10.0,Multiplicity:1.00
0.100	0.700	0.100	0.100
0.100	0.100	0.700	0.100
0.100	0.700	0.100	0.100
0.700	0.100	0.100	0.100
0.100	0.100	0.100	0.700
0.100	0.700	0.100	0.100
0.100	0.100	0.100	0.700
0.700	0.100	0.100	0.100
0.100	0.100	0.100	0.700
0.700	0.100	0.100	0.100
>TTAACGATAC	5-TTAACGATAC	10.296193	-7.662419	0	T:1.0(2.94%),B:2.0(0.00%),P:1e-3	Tpos:89.0,Tstd:0.0,Bpos:59.5,Bstd:14.5,StrandBias:10.0,Multiplicity:1.00
0.100	0.100	0.100	0.700
0.100	0.100	0.100	0.700
0.700	0.100	0.100	0.100
0.700	0.100	0.100	0.100
0.100	0.700	0.100	0.100
0.100	0.100	0.700	0.100
0.700	0.100	0.100	0.100
0.100	0.100	0.100	0.700
0.700	0.100	0.100	0.100
0.100	0.700	0.100	0.100
>CGTATCACCC	6-CGTATCACCC	10.296193	-7.662419	0	T:1.0(2.94%),B:2.0(0.00%),P:1e-3	Tpos:67.0,Tstd:0.0,Bpos:48.5,Bstd:38.5,StrandBias:10.0,Multiplicity:1.00
0.100	0.700	0.100	0.100
0.100	0.100	0.700	0.100
0.100	0.100	0.100	0.700
0.700	0.100	0.100	0.100
0.100	0.100	0.100	0.700
0.100	0.700	0.100	0.100
0.700	0.100	0.100	0.100
0.100	0.700	0.100	0.100
0.100	0.700	0.100	0.100
0.100	0.700	0.100	0.100
>CCAACCGAAC	7-CCAACCGAAC	10.296193	-7.662419	0	T:1.0(2.94%),B:2.0(0.00%),P:1e-3	Tpos:26.0,Tstd:0.0,Bpos:27.0,Bstd:10.0,StrandBias:10.0,Multiplicity:1.00
0.100	0.700	0.100	0.100
0.100	0.700	0.100	0.100
0.700	0.100	0.100	0.100
0.700	0.100	0.100	0.100
0.100	0.700	0.100	0.100
0.100	0.700	0.100	0.100
0.100	0.100	0.700	0.100
0.700	0.100	0.100	0.100
0.700	0.100	0.100	0.100
0.100	0.700	0.100	0.100
>GTTCGGACGN	8-GTTCGGACGN	7.016276	-6.585737	0	T:3.0(8.82%),B:932.0(0.64%),P:1e-2	Tpos:48.8,Tstd:23.4,Bpos:49.1,Bstd:26.0,StrandBias:-2.0,Multiplicity:1.67
0.001	0.031	0.705	0.263
0.001	0.263	0.028	0.708
0.294	0.001	0.180	0.525
0.001	0.997	0.001	0.001
0.001	0.262	0.736	0.001
0.290	0.001	0.708	0.001
0.705	0.028	0.001	0.266
0.001	0.997	0.001	0.001
0.263	0.180	0.554	0.003
0.294	0.180	0.263	0.263
