>GRGCTCCR	1-GRGCTCCR	6.972726	-11.455612	0	T:10.0(29.41%),B:8027.0(5.55%),P:1e-4	Tpos:64.5,Tstd:23.8,Bpos:49.7,Bstd:27.0,StrandBias:0.2,Multiplicity:1.10
0.157	0.001	0.755	0.087
0.530	0.001	0.468	0.001
0.122	0.087	0.790	0.001
0.001	0.997	0.001	0.001
0.001	0.234	0.001	0.764
0.001	0.975	0.023	0.001
0.091	0.741	0.167	0.001
0.436	0.018	0.440	0.106
>CGTGTGCA	2-CGTGTGCA	8.026268	-10.776892	0	T:6.0(17.65%),B:2444.0(1.69%),P:1e-4	Tpos:69.2,Tstd:10.7,Bpos:50.4,Bstd:27.7,StrandBias:1.6,Multiplicity:1.17
0.001	0.997	0.001	0.001
0.097	0.001	0.786	0.116
0.001	0.001	0.001	0.997
0.206	0.001	0.792	0.001
0.148	0.001	0.001	0.850
0.001	0.001	0.997	0.001
0.001	0.841	0.157	0.001
0.858	0.001	0.001	0.140
>CTTAGCCS	3-CTTAGCCS	6.974511	-10.752289	0	T:7.0(20.59%),B:3710.0(2.57%),P:1e-4	Tpos:41.6,Tstd:21.9,Bpos:49.9,Bstd:27.5,StrandBias:-0.3,Multiplicity:1.29
0.292	0.706	0.001	0.001
0.001	0.001	0.001	0.997
0.392	0.001	0.001	0.606
0.997	0.001	0.001	0.001
0.001	0.219	0.779	0.001
0.287	0.711	0.001	0.001
0.001	0.560	0.228	0.211
0.192	0.299	0.442	0.067
>CGGCCGCG	4-CGGCCGCG	7.067959	-6.639342	0	T:4.0(11.76%),B:2039.0(1.41%),P:1e-2	Tpos:61.4,Tstd:18.2,Bpos:49.6,Bstd:27.2,StrandBias:-0.7,Multiplicity:1.50
0.001	0.830	0.001	0.168
0.001	0.163	0.835	0.001
0.001	0.001	0.997	0.001
0.001	0.997	0.001	0.001
0.001	0.997	0.001	0.001
0.001	0.001	0.997	0.001
0.001	0.811	0.001	0.187
0.167	0.141	0.691	0.001
>TAAGCACC	5-TAAGCACC	6.291044	-6.142636	0	T:8.0(23.53%),B:10231.0(7.08%),P:1e-2	Tpos:37.8,Tstd:27.3,Bpos:50.4,Bstd:26.9,StrandBias:-1.8,Multiplicity:1.12
0.100	0.100	0.100	0.700
0.700	0.100	0.100	0.100
0.700	0.100	0.100	0.100
0.100	0.100	0.700	0.100
0.100	0.700	0.100	0.100
0.700	0.100	0.100	0.100
0.100	0.700	0.100	0.100
0.100	0.700	0.100	0.100
