>TGTATCAATT	1-TGTATCAATT	10.420938	-17.106051	0	T:8.0(10.26%),B:937.0(0.63%),P:1e-7	Tpos:53.9,Tstd:13.9,Bpos:49.3,Bstd:24.0,StrandBias:0.3,Multiplicity:1.12
0.001	0.001	0.001	0.997
0.001	0.001	0.763	0.235
0.001	0.001	0.001	0.997
0.526	0.001	0.347	0.126
0.001	0.001	0.001	0.997
0.001	0.997	0.001	0.001
0.806	0.001	0.001	0.192
0.732	0.001	0.145	0.122
0.001	0.001	0.125	0.873
0.001	0.001	0.001	0.997
>CGGGATTACC	2-CGGGATTACC	10.296193	-7.560571	0	T:1.0(1.28%),B:1.0(0.00%),P:1e-3	Tpos:34.0,Tstd:0.0,Bpos:92.0,Bstd:0.0,StrandBias:10.0,Multiplicity:1.00
0.100	0.700	0.100	0.100
0.100	0.100	0.700	0.100
0.100	0.100	0.700	0.100
0.100	0.100	0.700	0.100
0.700	0.100	0.100	0.100
0.100	0.100	0.100	0.700
0.100	0.100	0.100	0.700
0.700	0.100	0.100	0.100
0.100	0.700	0.100	0.100
0.100	0.700	0.100	0.100
>CAATCTTTCG	3-CAATCTTTCG	10.296193	-6.867681	0	T:1.0(1.28%),B:2.0(0.00%),P:1e-2	Tpos:55.0,Tstd:0.0,Bpos:49.0,Bstd:9.0,StrandBias:-10.0,Multiplicity:1.00
0.100	0.700	0.100	0.100
0.700	0.100	0.100	0.100
0.700	0.100	0.100	0.100
0.100	0.100	0.100	0.700
0.100	0.700	0.100	0.100
0.100	0.100	0.100	0.700
0.100	0.100	0.100	0.700
0.100	0.100	0.100	0.700
0.100	0.700	0.100	0.100
0.100	0.100	0.700	0.100
>GTTTTTTTTT	4-GTTTTTTTTT	7.442277	-4.871502	0	T:9.0(11.54%),B:6647.0(4.44%),P:1e-2	Tpos:36.3,Tstd:16.7,Bpos:51.3,Bstd:26.9,StrandBias:-0.1,Multiplicity:1.12
0.216	0.063	0.524	0.197
0.001	0.176	0.197	0.626
0.003	0.146	0.001	0.850
0.001	0.088	0.051	0.860
0.114	0.114	0.001	0.771
0.066	0.001	0.001	0.932
0.001	0.001	0.001	0.997
0.001	0.001	0.056	0.942
0.001	0.114	0.088	0.797
0.001	0.174	0.107	0.718
>TTGTTTGGTT	5-TTGTTTGGTT	1.790706	-3.588988	0	T:17.0(21.79%),B:20062.0(13.39%),P:1e-1	Tpos:57.5,Tstd:27.2,Bpos:50.6,Bstd:26.1,StrandBias:-0.8,Multiplicity:1.82
0.001	0.001	0.001	0.997
0.001	0.001	0.001	0.997
0.001	0.001	0.997	0.001
0.001	0.001	0.412	0.586
0.115	0.001	0.001	0.883
0.001	0.001	0.001	0.997
0.001	0.001	0.723	0.275
0.085	0.058	0.856	0.001
0.001	0.001	0.001	0.997
0.001	0.001	0.001	0.997
