>GCCCCGGCAC	1-GCCCCGGCAC	11.056010	-21.221494	0	T:6.0(7.69%),B:175.0(0.12%),P:1e-9	Tpos:36.7,Tstd:27.8,Bpos:46.8,Bstd:25.9,StrandBias:-1.0,Multiplicity:1.00
0.001	0.196	0.619	0.184
0.001	0.997	0.001	0.001
0.001	0.997	0.001	0.001
0.001	0.997	0.001	0.001
0.001	0.860	0.001	0.138
0.001	0.001	0.997	0.001
0.001	0.001	0.997	0.001
0.001	0.997	0.001	0.001
0.860	0.001	0.001	0.138
0.001	0.837	0.161	0.001
>TGGAACAGCT	2-TGGAACAGCT	10.930190	-20.053321	0	T:7.0(8.97%),B:394.0(0.26%),P:1e-8	Tpos:43.4,Tstd:22.4,Bpos:51.4,Bstd:25.1,StrandBias:-1.3,Multiplicity:1.00
0.001	0.001	0.001	0.997
0.001	0.001	0.997	0.001
0.001	0.001	0.877	0.121
0.868	0.001	0.130	0.001
0.997	0.001	0.001	0.001
0.130	0.868	0.001	0.001
0.997	0.001	0.001	0.001
0.001	0.001	0.831	0.167
0.001	0.834	0.001	0.164
0.001	0.145	0.001	0.853
>CABCTGAGTT	3-CABCTGAGTT	8.248714	-16.426547	0	T:10.0(12.82%),B:1936.0(1.29%),P:1e-7	Tpos:50.3,Tstd:22.9,Bpos:50.3,Bstd:27.2,StrandBias:0.5,Multiplicity:1.20
0.001	0.997	0.001	0.001
0.740	0.258	0.001	0.001
0.125	0.314	0.241	0.319
0.172	0.546	0.135	0.147
0.001	0.001	0.001	0.997
0.001	0.001	0.997	0.001
0.997	0.001	0.001	0.001
0.147	0.001	0.851	0.001
0.001	0.001	0.133	0.865
0.156	0.106	0.001	0.737
>CAGACTTAGC	4-CAGACTTAGC	11.422892	-15.818684	0	T:5.0(6.41%),B:221.0(0.15%),P:1e-6	Tpos:40.3,Tstd:23.5,Bpos:51.0,Bstd:27.0,StrandBias:-10.0,Multiplicity:1.20
0.001	0.997	0.001	0.001
0.997	0.001	0.001	0.001
0.001	0.001	0.997	0.001
0.997	0.001	0.001	0.001
0.001	0.730	0.268	0.001
0.001	0.001	0.001	0.997
0.001	0.001	0.178	0.820
0.997	0.001	0.001	0.001
0.001	0.313	0.685	0.001
0.001	0.997	0.001	0.001
>CCCCCCYCTC	5-CCCCCCYCTC	9.626518	-10.352356	0	T:9.0(11.54%),B:3063.0(2.04%),P:1e-4	Tpos:66.5,Tstd:24.2,Bpos:51.3,Bstd:26.6,StrandBias:-0.2,Multiplicity:1.00
0.001	0.997	0.001	0.001
0.001	0.678	0.001	0.320
0.001	0.780	0.001	0.218
0.011	0.647	0.001	0.341
0.001	0.724	0.001	0.274
0.001	0.997	0.001	0.001
0.054	0.417	0.001	0.528
0.001	0.997	0.001	0.001
0.001	0.404	0.001	0.594
0.001	0.585	0.001	0.413
