>CCGCAGCCTGGM	1-CCGCAGCCTGGM	12.298100	-23.926672	0	T:6.0(7.69%),B:111.0(0.07%),P:1e-10	Tpos:41.3,Tstd:15.8,Bpos:51.9,Bstd:26.1,StrandBias:1.0,Multiplicity:1.00
0.001	0.734	0.264	0.001
0.033	0.722	0.244	0.001
0.001	0.196	0.802	0.001
0.001	0.997	0.001	0.001
0.997	0.001	0.001	0.001
0.001	0.001	0.997	0.001
0.001	0.489	0.244	0.265
0.001	0.997	0.001	0.001
0.001	0.001	0.001	0.997
0.001	0.001	0.997	0.001
0.001	0.001	0.746	0.252
0.509	0.489	0.001	0.001
>CGGCGGGCSGRC	2-CGGCGGGCSGRC	10.903551	-14.427915	0	T:4.0(5.13%),B:119.0(0.08%),P:1e-6	Tpos:47.4,Tstd:18.7,Bpos:48.3,Bstd:26.3,StrandBias:0.7,Multiplicity:1.00
0.001	0.707	0.291	0.001
0.001	0.001	0.970	0.028
0.223	0.269	0.507	0.001
0.001	0.997	0.001	0.001
0.223	0.246	0.530	0.001
0.001	0.001	0.786	0.212
0.001	0.239	0.759	0.001
0.001	0.786	0.001	0.212
0.001	0.469	0.529	0.001
0.001	0.001	0.997	0.001
0.436	0.239	0.324	0.001
0.001	0.997	0.001	0.001
>CCTGCAGTGCAG	3-CCTGCAGTGCAG	7.242129	-13.570715	0	T:15.0(19.23%),B:6542.0(4.37%),P:1e-5	Tpos:38.9,Tstd:22.9,Bpos:50.3,Bstd:25.9,StrandBias:-0.8,Multiplicity:1.00
0.393	0.605	0.001	0.001
0.001	0.825	0.173	0.001
0.166	0.001	0.088	0.745
0.001	0.137	0.765	0.097
0.074	0.762	0.163	0.001
0.736	0.068	0.195	0.001
0.001	0.180	0.722	0.097
0.142	0.003	0.069	0.786
0.001	0.156	0.601	0.242
0.172	0.662	0.083	0.083
0.819	0.001	0.097	0.083
0.001	0.001	0.997	0.001
>CCACACVCTCAV	4-CCACACVCTCAV	5.481831	-11.583316	0	T:11.0(14.10%),B:4103.0(2.74%),P:1e-5	Tpos:54.0,Tstd:17.9,Bpos:49.4,Bstd:26.7,StrandBias:-2.3,Multiplicity:1.09
0.399	0.599	0.001	0.001
0.339	0.659	0.001	0.001
0.997	0.001	0.001	0.001
0.001	0.646	0.352	0.001
0.646	0.001	0.352	0.001
0.001	0.997	0.001	0.001
0.391	0.255	0.353	0.001
0.001	0.997	0.001	0.001
0.306	0.001	0.001	0.692
0.004	0.994	0.001	0.001
0.697	0.301	0.001	0.001
0.263	0.356	0.337	0.044
>GTGTGGCCAACT	5-GTGTGGCCAACT	15.792555	-7.560571	0	T:1.0(1.28%),B:0.0(0.00%),P:1e-3	Tpos:51.5,Tstd:37.5,Bpos:0.0,Bstd:0.0,StrandBias:10.0,Multiplicity:2.00
0.001	0.001	0.997	0.001
0.001	0.001	0.001	0.997
0.001	0.001	0.997	0.001
0.001	0.001	0.001	0.997
0.001	0.001	0.997	0.001
0.332	0.001	0.666	0.001
0.001	0.997	0.001	0.001
0.001	0.997	0.001	0.001
0.666	0.332	0.001	0.001
0.997	0.001	0.001	0.001
0.001	0.997	0.001	0.001
0.001	0.001	0.001	0.997
