>ACGACTAC	1-ACGACTAC	5.394579	-16.379731	0	T:17.0(21.79%),B:6883.0(4.59%),P:1e-7	Tpos:64.3,Tstd:18.5,Bpos:50.2,Bstd:27.3,StrandBias:-0.3,Multiplicity:1.12
0.856	0.024	0.119	0.001
0.235	0.424	0.114	0.227
0.138	0.127	0.471	0.264
0.613	0.112	0.001	0.274
0.117	0.628	0.254	0.001
0.108	0.074	0.058	0.760
0.471	0.271	0.086	0.172
0.064	0.789	0.146	0.001
>AGKTTTGT	2-AGKTTTGT	5.825789	-12.622020	0	T:24.0(30.77%),B:16976.0(11.33%),P:1e-5	Tpos:49.1,Tstd:27.2,Bpos:49.5,Bstd:27.5,StrandBias:0.3,Multiplicity:1.38
0.858	0.001	0.140	0.001
0.008	0.073	0.918	0.001
0.009	0.001	0.460	0.530
0.292	0.007	0.001	0.700
0.001	0.083	0.141	0.775
0.001	0.001	0.130	0.868
0.001	0.001	0.761	0.237
0.203	0.007	0.087	0.703
>TRGTCTAG	3-TRGTCTAG	6.230268	-11.344435	0	T:17.0(21.79%),B:9950.0(6.64%),P:1e-4	Tpos:56.4,Tstd:25.7,Bpos:49.8,Bstd:27.5,StrandBias:1.0,Multiplicity:1.12
0.001	0.001	0.001	0.997
0.397	0.001	0.480	0.122
0.001	0.001	0.997	0.001
0.141	0.079	0.100	0.680
0.001	0.997	0.001	0.001
0.143	0.148	0.001	0.708
0.844	0.001	0.078	0.077
0.001	0.073	0.925	0.001
>CAATTGGG	4-CAATTGGG	7.227372	-10.309620	0	T:9.0(11.54%),B:3080.0(2.06%),P:1e-4	Tpos:48.0,Tstd:26.1,Bpos:49.7,Bstd:27.6,StrandBias:0.2,Multiplicity:1.44
0.001	0.827	0.079	0.093
0.825	0.057	0.117	0.001
0.906	0.036	0.057	0.001
0.001	0.054	0.001	0.944
0.001	0.001	0.055	0.943
0.077	0.133	0.712	0.078
0.001	0.001	0.922	0.076
0.001	0.001	0.997	0.001
>AATCTGTA	5-AATCTGTA	8.302259	-5.857294	0	T:6.0(7.69%),B:2690.0(1.80%),P:1e-2	Tpos:54.0,Tstd:30.9,Bpos:48.9,Bstd:27.7,StrandBias:0.0,Multiplicity:1.33
0.997	0.001	0.001	0.001
0.830	0.168	0.001	0.001
0.001	0.001	0.001	0.997
0.001	0.594	0.404	0.001
0.001	0.001	0.001	0.997
0.001	0.001	0.997	0.001
0.001	0.001	0.001	0.997
0.626	0.001	0.372	0.001
