>CATADATTGCAA	1-CATADATTGCAA	12.473514	-14.989982	0	T:3.0(8.82%),B:54.0(0.04%),P:1e-6	Tpos:39.5,Tstd:24.8,Bpos:44.7,Bstd:26.5,StrandBias:1.6,Multiplicity:1.00
0.001	0.678	0.001	0.320
0.997	0.001	0.001	0.001
0.001	0.001	0.320	0.678
0.997	0.001	0.001	0.001
0.358	0.001	0.320	0.320
0.640	0.001	0.001	0.358
0.001	0.001	0.001	0.997
0.001	0.001	0.001	0.997
0.001	0.001	0.997	0.001
0.001	0.997	0.001	0.001
0.997	0.001	0.001	0.001
0.678	0.001	0.320	0.001
>CATCACCCAAGA	2-CATCACCCAAGA	8.726674	-13.299588	0	T:5.0(14.71%),B:848.0(0.59%),P:1e-5	Tpos:61.2,Tstd:25.5,Bpos:50.4,Bstd:26.0,StrandBias:-0.6,Multiplicity:1.00
0.001	0.756	0.242	0.001
0.756	0.242	0.001	0.001
0.001	0.242	0.001	0.756
0.243	0.486	0.243	0.029
0.756	0.001	0.242	0.001
0.001	0.756	0.001	0.242
0.001	0.756	0.242	0.001
0.242	0.756	0.001	0.001
0.756	0.001	0.001	0.242
0.756	0.242	0.001	0.001
0.242	0.242	0.515	0.001
0.756	0.001	0.001	0.242
>YMTCAGSACAMG	3-YMTCAGSACAMG	8.415112	-13.228307	0	T:6.0(17.65%),B:1586.0(1.10%),P:1e-5	Tpos:43.8,Tstd:26.2,Bpos:48.7,Bstd:26.2,StrandBias:2.3,Multiplicity:1.00
0.001	0.447	0.001	0.551
0.562	0.436	0.001	0.001
0.375	0.001	0.001	0.623
0.001	0.611	0.217	0.171
0.694	0.001	0.171	0.134
0.018	0.293	0.688	0.001
0.157	0.364	0.479	0.001
0.521	0.305	0.001	0.173
0.001	0.870	0.128	0.001
0.782	0.216	0.001	0.001
0.468	0.529	0.001	0.002
0.305	0.001	0.693	0.001
>TGAAAAAGTGCT	4-TGAAAAAGTGCT	12.355432	-8.355453	0	T:1.0(2.94%),B:1.0(0.00%),P:1e-3	Tpos:65.0,Tstd:0.0,Bpos:85.0,Bstd:0.0,StrandBias:-10.0,Multiplicity:1.00
0.100	0.100	0.100	0.700
0.100	0.100	0.700	0.100
0.700	0.100	0.100	0.100
0.700	0.100	0.100	0.100
0.700	0.100	0.100	0.100
0.700	0.100	0.100	0.100
0.700	0.100	0.100	0.100
0.100	0.100	0.700	0.100
0.100	0.100	0.100	0.700
0.100	0.100	0.700	0.100
0.100	0.700	0.100	0.100
0.100	0.100	0.100	0.700
>GGCTGCGCAGTT	5-GGCTGCGCAGTT	12.355432	-7.662419	0	T:1.0(2.94%),B:2.0(0.00%),P:1e-3	Tpos:27.0,Tstd:0.0,Bpos:33.0,Bstd:22.0,StrandBias:10.0,Multiplicity:1.00
0.100	0.100	0.700	0.100
0.100	0.100	0.700	0.100
0.100	0.700	0.100	0.100
0.100	0.100	0.100	0.700
0.100	0.100	0.700	0.100
0.100	0.700	0.100	0.100
0.100	0.100	0.700	0.100
0.100	0.700	0.100	0.100
0.700	0.100	0.100	0.100
0.100	0.100	0.700	0.100
0.100	0.100	0.100	0.700
0.100	0.100	0.100	0.700
>TCACCAGGTTTG	6-TCACCAGGTTTG	12.355432	-7.662419	0	T:1.0(2.94%),B:2.0(0.00%),P:1e-3	Tpos:9.0,Tstd:0.0,Bpos:85.5,Bstd:0.5,StrandBias:-10.0,Multiplicity:1.00
0.100	0.100	0.100	0.700
0.100	0.700	0.100	0.100
0.700	0.100	0.100	0.100
0.100	0.700	0.100	0.100
0.100	0.700	0.100	0.100
0.700	0.100	0.100	0.100
0.100	0.100	0.700	0.100
0.100	0.100	0.700	0.100
0.100	0.100	0.100	0.700
0.100	0.100	0.100	0.700
0.100	0.100	0.100	0.700
0.100	0.100	0.700	0.100
>AGTCCCCACACT	7-AGTCCCCACACT	12.355432	-7.662419	0	T:1.0(2.94%),B:2.0(0.00%),P:1e-3	Tpos:6.0,Tstd:0.0,Bpos:41.0,Bstd:18.0,StrandBias:-10.0,Multiplicity:1.00
0.700	0.100	0.100	0.100
0.100	0.100	0.700	0.100
0.100	0.100	0.100	0.700
0.100	0.700	0.100	0.100
0.100	0.700	0.100	0.100
0.100	0.700	0.100	0.100
0.100	0.700	0.100	0.100
0.700	0.100	0.100	0.100
0.100	0.700	0.100	0.100
0.700	0.100	0.100	0.100
0.100	0.700	0.100	0.100
0.100	0.100	0.100	0.700
>CTTCAGCAAGTA	8-CTTCAGCAAGTA	12.355432	-7.662419	0	T:1.0(2.94%),B:2.0(0.00%),P:1e-3	Tpos:19.0,Tstd:0.0,Bpos:48.0,Bstd:6.0,StrandBias:-10.0,Multiplicity:1.00
0.100	0.700	0.100	0.100
0.100	0.100	0.100	0.700
0.100	0.100	0.100	0.700
0.100	0.700	0.100	0.100
0.700	0.100	0.100	0.100
0.100	0.100	0.700	0.100
0.100	0.700	0.100	0.100
0.700	0.100	0.100	0.100
0.700	0.100	0.100	0.100
0.100	0.100	0.700	0.100
0.100	0.100	0.100	0.700
0.700	0.100	0.100	0.100
