>TTTCAMATGCTG	1-TTTCAMATGCTG	9.446761	-22.531079	0	T:9.0(11.54%),B:710.0(0.47%),P:1e-9	Tpos:38.6,Tstd:21.3,Bpos:50.7,Bstd:27.1,StrandBias:0.3,Multiplicity:1.00
0.241	0.001	0.001	0.757
0.001	0.001	0.255	0.743
0.259	0.254	0.001	0.485
0.001	0.757	0.241	0.001
0.738	0.001	0.001	0.260
0.484	0.514	0.001	0.001
0.997	0.001	0.001	0.001
0.001	0.001	0.256	0.742
0.001	0.001	0.986	0.012
0.001	0.726	0.272	0.001
0.001	0.001	0.001	0.997
0.001	0.259	0.739	0.001
>GYCGMTSTKCGS	2-GYCGMTSTKCGS	11.294366	-15.847224	0	T:3.0(3.85%),B:18.0(0.01%),P:1e-6	Tpos:58.7,Tstd:5.2,Bpos:56.6,Bstd:24.0,StrandBias:-1.0,Multiplicity:1.00
0.001	0.001	0.997	0.001
0.001	0.530	0.001	0.468
0.001	0.997	0.001	0.001
0.001	0.001	0.997	0.001
0.468	0.530	0.001	0.001
0.001	0.001	0.001	0.997
0.001	0.468	0.530	0.001
0.001	0.001	0.001	0.997
0.001	0.062	0.469	0.469
0.001	0.997	0.001	0.001
0.001	0.001	0.997	0.001
0.001	0.530	0.468	0.001
>AHGTCHGAGTBS	3-AHGTCHGAGTBS	9.836674	-14.329509	0	T:4.0(5.13%),B:122.0(0.08%),P:1e-6	Tpos:53.2,Tstd:29.0,Bpos:46.7,Bstd:26.2,StrandBias:0.0,Multiplicity:1.00
0.993	0.005	0.001	0.001
0.368	0.367	0.001	0.265
0.129	0.001	0.771	0.099
0.002	0.001	0.002	0.995
0.001	0.761	0.237	0.001
0.262	0.244	0.130	0.364
0.110	0.001	0.888	0.001
0.623	0.001	0.247	0.129
0.001	0.262	0.626	0.111
0.001	0.001	0.131	0.867
0.130	0.380	0.259	0.231
0.129	0.373	0.496	0.001
>GATCAAACAGGA	4-GATCAAACAGGA	12.355432	-7.560571	0	T:1.0(1.28%),B:1.0(0.00%),P:1e-3	Tpos:34.0,Tstd:0.0,Bpos:41.0,Bstd:0.0,StrandBias:-10.0,Multiplicity:1.00
0.100	0.100	0.700	0.100
0.700	0.100	0.100	0.100
0.100	0.100	0.100	0.700
0.100	0.700	0.100	0.100
0.700	0.100	0.100	0.100
0.700	0.100	0.100	0.100
0.700	0.100	0.100	0.100
0.100	0.700	0.100	0.100
0.700	0.100	0.100	0.100
0.100	0.100	0.700	0.100
0.100	0.100	0.700	0.100
0.700	0.100	0.100	0.100
>TGTTGCTGCTCG	5-TGTTGCTGCTCG	12.355432	-6.867681	0	T:1.0(1.28%),B:2.0(0.00%),P:1e-2	Tpos:43.0,Tstd:0.0,Bpos:67.5,Bstd:16.5,StrandBias:10.0,Multiplicity:1.00
0.100	0.100	0.100	0.700
0.100	0.100	0.700	0.100
0.100	0.100	0.100	0.700
0.100	0.100	0.100	0.700
0.100	0.100	0.700	0.100
0.100	0.700	0.100	0.100
0.100	0.100	0.100	0.700
0.100	0.100	0.700	0.100
0.100	0.700	0.100	0.100
0.100	0.100	0.100	0.700
0.100	0.700	0.100	0.100
0.100	0.100	0.700	0.100
