>GGCGGAAC	1-GGCGGAAC	7.862935	-18.008233	0	T:10.0(29.41%),B:3910.0(2.70%),P:1e-7	Tpos:39.1,Tstd:28.4,Bpos:49.5,Bstd:27.0,StrandBias:0.0,Multiplicity:1.00
0.001	0.001	0.997	0.001
0.001	0.001	0.997	0.001
0.086	0.787	0.126	0.001
0.084	0.195	0.620	0.101
0.001	0.001	0.997	0.001
0.997	0.001	0.001	0.001
0.843	0.001	0.001	0.155
0.001	0.893	0.105	0.001
>TTCGGGGT	2-TTCGGGGT	8.005429	-16.364266	0	T:8.0(23.53%),B:2430.0(1.68%),P:1e-7	Tpos:51.6,Tstd:24.0,Bpos:50.3,Bstd:27.4,StrandBias:-0.6,Multiplicity:1.25
0.001	0.001	0.162	0.836
0.001	0.001	0.148	0.850
0.001	0.896	0.102	0.001
0.105	0.107	0.787	0.001
0.001	0.001	0.997	0.001
0.001	0.001	0.809	0.189
0.001	0.001	0.997	0.001
0.001	0.001	0.001	0.997
>CAAGAGGT	3-CAAGAGGT	7.068877	-15.423986	0	T:11.0(32.35%),B:6626.0(4.58%),P:1e-6	Tpos:45.9,Tstd:29.1,Bpos:50.4,Bstd:27.2,StrandBias:0.0,Multiplicity:1.09
0.118	0.880	0.001	0.001
0.719	0.091	0.189	0.001
0.777	0.001	0.079	0.143
0.001	0.001	0.997	0.001
0.997	0.001	0.001	0.001
0.001	0.001	0.997	0.001
0.001	0.075	0.923	0.001
0.087	0.001	0.088	0.824
>CCGCACTG	4-CCGCACTG	7.612272	-15.215908	0	T:10.0(29.41%),B:5280.0(3.65%),P:1e-6	Tpos:46.7,Tstd:28.4,Bpos:49.8,Bstd:26.9,StrandBias:1.0,Multiplicity:1.12
0.001	0.997	0.001	0.001
0.052	0.946	0.001	0.001
0.202	0.001	0.796	0.001
0.001	0.997	0.001	0.001
0.997	0.001	0.001	0.001
0.001	0.997	0.001	0.001
0.241	0.001	0.001	0.757
0.001	0.001	0.997	0.001
>ATGGATGT	5-ATGGATGT	7.254933	-10.948340	0	T:7.0(20.59%),B:3598.0(2.49%),P:1e-4	Tpos:45.0,Tstd:27.9,Bpos:48.9,Bstd:28.0,StrandBias:0.7,Multiplicity:1.14
0.582	0.385	0.032	0.001
0.001	0.001	0.001	0.997
0.134	0.001	0.864	0.001
0.008	0.310	0.681	0.001
0.823	0.001	0.001	0.175
0.001	0.169	0.009	0.821
0.001	0.082	0.800	0.117
0.117	0.158	0.001	0.724
