>AGTTTTSTGATT	1-AGTTTTSTGATT	6.725002	-22.465447	0	T:12.0(15.38%),B:1788.0(1.19%),P:1e-9	Tpos:51.8,Tstd:24.5,Bpos:50.3,Bstd:25.7,StrandBias:0.5,Multiplicity:1.00
0.997	0.001	0.001	0.001
0.001	0.001	0.997	0.001
0.001	0.217	0.284	0.498
0.001	0.001	0.268	0.730
0.243	0.254	0.001	0.502
0.001	0.001	0.011	0.987
0.001	0.513	0.485	0.001
0.001	0.001	0.242	0.756
0.001	0.001	0.997	0.001
0.539	0.217	0.001	0.243
0.001	0.001	0.001	0.997
0.216	0.001	0.001	0.782
>GAAGGCCTTCCM	2-GAAGGCCTTCCM	12.118213	-18.511617	0	T:5.0(6.41%),B:128.0(0.09%),P:1e-8	Tpos:38.0,Tstd:25.9,Bpos:50.8,Bstd:25.6,StrandBias:1.3,Multiplicity:1.00
0.001	0.001	0.997	0.001
0.997	0.001	0.001	0.001
0.997	0.001	0.001	0.001
0.001	0.001	0.997	0.001
0.001	0.147	0.851	0.001
0.001	0.787	0.211	0.001
0.216	0.587	0.001	0.196
0.001	0.001	0.001	0.997
0.001	0.001	0.001	0.997
0.001	0.997	0.001	0.001
0.001	0.575	0.196	0.228
0.447	0.551	0.001	0.001
>ASAGGTGCCTTA	3-ASAGGTGCCTTA	10.535995	-15.517247	0	T:5.0(6.41%),B:235.0(0.16%),P:1e-6	Tpos:52.7,Tstd:31.1,Bpos:49.1,Bstd:26.6,StrandBias:10.0,Multiplicity:1.40
0.757	0.001	0.241	0.001
0.001	0.483	0.515	0.001
0.997	0.001	0.001	0.001
0.001	0.001	0.757	0.241
0.242	0.242	0.515	0.001
0.001	0.001	0.001	0.997
0.001	0.001	0.997	0.001
0.001	0.757	0.001	0.241
0.001	0.997	0.001	0.001
0.001	0.242	0.274	0.484
0.001	0.001	0.001	0.997
0.515	0.001	0.242	0.242
>TCAGATACTCTG	4-TCAGATACTCTG	7.076817	-15.198572	0	T:15.0(19.23%),B:5744.0(3.83%),P:1e-6	Tpos:52.4,Tstd:28.6,Bpos:50.0,Bstd:25.5,StrandBias:1.0,Multiplicity:1.20
0.070	0.081	0.045	0.804
0.001	0.754	0.076	0.169
0.757	0.001	0.177	0.065
0.001	0.151	0.760	0.088
0.763	0.072	0.164	0.001
0.152	0.089	0.122	0.637
0.774	0.078	0.059	0.089
0.058	0.764	0.177	0.001
0.045	0.177	0.001	0.777
0.204	0.473	0.232	0.091
0.076	0.001	0.076	0.847
0.001	0.088	0.910	0.001
>AAATAAATAAAT	5-AAATAAATAAAT	15.832152	-5.437879	0	T:2.0(2.56%),B:186.0(0.12%),P:1e-2	Tpos:59.0,Tstd:10.0,Bpos:48.3,Bstd:25.5,StrandBias:-1.0,Multiplicity:1.00
0.997	0.001	0.001	0.001
0.627	0.371	0.001	0.001
0.997	0.001	0.001	0.001
0.001	0.001	0.001	0.997
0.997	0.001	0.001	0.001
0.997	0.001	0.001	0.001
0.997	0.001	0.001	0.001
0.001	0.001	0.001	0.997
0.997	0.001	0.001	0.001
0.997	0.001	0.001	0.001
0.997	0.001	0.001	0.001
0.262	0.001	0.001	0.736
