>TTAGVAGAGACG	1-TTAGVAGAGACG	9.924628	-19.344977	0	T:4.0(40.00%),B:281.0(0.21%),P:1e-8	Tpos:67.0,Tstd:18.6,Bpos:47.6,Bstd:25.9,StrandBias:0.0,Multiplicity:1.00
0.001	0.321	0.001	0.677
0.001	0.001	0.001	0.997
0.643	0.355	0.001	0.001
0.321	0.001	0.677	0.001
0.322	0.322	0.355	0.001
0.677	0.001	0.321	0.001
0.001	0.001	0.997	0.001
0.677	0.001	0.321	0.001
0.001	0.001	0.643	0.355
0.997	0.001	0.001	0.001
0.355	0.643	0.001	0.001
0.001	0.001	0.997	0.001
>CTAACTGCAGTA	2-CTAACTGCAGTA	4.513770	-11.051702	0	T:3.0(30.00%),B:691.0(0.51%),P:1e-4	Tpos:48.5,Tstd:39.0,Bpos:50.7,Bstd:25.8,StrandBias:-1.6,Multiplicity:1.00
0.001	0.997	0.001	0.001
0.008	0.001	0.001	0.990
0.997	0.001	0.001	0.001
0.997	0.001	0.001	0.001
0.001	0.997	0.001	0.001
0.001	0.001	0.001	0.997
0.001	0.001	0.997	0.001
0.094	0.904	0.001	0.001
0.904	0.001	0.001	0.094
0.001	0.094	0.904	0.001
0.085	0.001	0.001	0.913
0.913	0.001	0.001	0.085
>CAGTCTCGGGAT	3-CAGTCTCGGGAT	12.355432	-9.506314	0	T:1.0(10.00%),B:1.0(0.00%),P:1e-4	Tpos:15.0,Tstd:0.0,Bpos:26.0,Bstd:0.0,StrandBias:-10.0,Multiplicity:1.00
0.100	0.700	0.100	0.100
0.700	0.100	0.100	0.100
0.100	0.100	0.700	0.100
0.100	0.100	0.100	0.700
0.100	0.700	0.100	0.100
0.100	0.100	0.100	0.700
0.100	0.700	0.100	0.100
0.100	0.100	0.700	0.100
0.100	0.100	0.700	0.100
0.100	0.100	0.700	0.100
0.700	0.100	0.100	0.100
0.100	0.100	0.100	0.700
>CACAAAACACCT	4-CACAAAACACCT	12.355432	-8.813201	0	T:1.0(10.00%),B:2.0(0.00%),P:1e-3	Tpos:80.0,Tstd:0.0,Bpos:33.0,Bstd:17.0,StrandBias:10.0,Multiplicity:1.00
0.100	0.700	0.100	0.100
0.700	0.100	0.100	0.100
0.100	0.700	0.100	0.100
0.700	0.100	0.100	0.100
0.700	0.100	0.100	0.100
0.700	0.100	0.100	0.100
0.700	0.100	0.100	0.100
0.100	0.700	0.100	0.100
0.700	0.100	0.100	0.100
0.100	0.700	0.100	0.100
0.100	0.700	0.100	0.100
0.100	0.100	0.100	0.700
>CAGTTGTTAACA	5-CAGTTGTTAACA	12.355432	-8.813201	0	T:1.0(10.00%),B:2.0(0.00%),P:1e-3	Tpos:5.0,Tstd:0.0,Bpos:78.0,Bstd:4.0,StrandBias:-10.0,Multiplicity:1.00
0.100	0.700	0.100	0.100
0.700	0.100	0.100	0.100
0.100	0.100	0.700	0.100
0.100	0.100	0.100	0.700
0.100	0.100	0.100	0.700
0.100	0.100	0.700	0.100
0.100	0.100	0.100	0.700
0.100	0.100	0.100	0.700
0.700	0.100	0.100	0.100
0.700	0.100	0.100	0.100
0.100	0.700	0.100	0.100
0.700	0.100	0.100	0.100
>GTCCCCTCTAAC	6-GTCCCCTCTAAC	12.355432	-8.813201	0	T:1.0(10.00%),B:2.0(0.00%),P:1e-3	Tpos:59.0,Tstd:0.0,Bpos:87.0,Bstd:4.0,StrandBias:10.0,Multiplicity:1.00
0.100	0.100	0.700	0.100
0.100	0.100	0.100	0.700
0.100	0.700	0.100	0.100
0.100	0.700	0.100	0.100
0.100	0.700	0.100	0.100
0.100	0.700	0.100	0.100
0.100	0.100	0.100	0.700
0.100	0.700	0.100	0.100
0.100	0.100	0.100	0.700
0.700	0.100	0.100	0.100
0.700	0.100	0.100	0.100
0.100	0.700	0.100	0.100
>CATGCCTTCTGA	7-CATGCCTTCTGA	12.355432	-8.813201	0	T:1.0(10.00%),B:2.0(0.00%),P:1e-3	Tpos:70.0,Tstd:0.0,Bpos:73.0,Bstd:0.0,StrandBias:10.0,Multiplicity:1.00
0.100	0.700	0.100	0.100
0.700	0.100	0.100	0.100
0.100	0.100	0.100	0.700
0.100	0.100	0.700	0.100
0.100	0.700	0.100	0.100
0.100	0.700	0.100	0.100
0.100	0.100	0.100	0.700
0.100	0.100	0.100	0.700
0.100	0.700	0.100	0.100
0.100	0.100	0.100	0.700
0.100	0.100	0.700	0.100
0.700	0.100	0.100	0.100
>DTAAGAGGTCVA	8-DTAAGAGGTCVA	8.969442	-7.305103	0	T:2.0(20.00%),B:525.0(0.39%),P:1e-3	Tpos:46.7,Tstd:20.4,Bpos:50.2,Bstd:27.1,StrandBias:-1.0,Multiplicity:1.50
0.352	0.001	0.325	0.322
0.001	0.322	0.030	0.647
0.674	0.001	0.322	0.003
0.997	0.001	0.001	0.001
0.001	0.001	0.677	0.321
0.677	0.001	0.001	0.321
0.321	0.001	0.677	0.001
0.001	0.001	0.677	0.321
0.001	0.001	0.001	0.997
0.001	0.643	0.001	0.355
0.325	0.322	0.322	0.031
0.677	0.001	0.001	0.321
