>THAAGATG	1-THAAGATG	6.483180	-8.760978	0	T:4.0(66.67%),B:126.0(5.82%),P:1e-3	Tpos:43.8,Tstd:18.0,Bpos:50.9,Bstd:27.0,StrandBias:-0.6,Multiplicity:1.25
0.323	0.001	0.045	0.631
0.315	0.369	0.001	0.315
0.630	0.001	0.368	0.001
0.638	0.001	0.001	0.360
0.001	0.001	0.997	0.001
0.997	0.001	0.001	0.001
0.001	0.315	0.001	0.683
0.315	0.001	0.683	0.001
>TGGAATTT	2-TGGAATTT	8.236954	-5.889109	0	T:1.0(16.67%),B:1.0(0.05%),P:1e-2	Tpos:60.0,Tstd:0.0,Bpos:92.0,Bstd:0.0,StrandBias:10.0,Multiplicity:1.00
0.100	0.100	0.100	0.700
0.100	0.100	0.700	0.100
0.100	0.100	0.700	0.100
0.700	0.100	0.100	0.100
0.700	0.100	0.100	0.100
0.100	0.100	0.100	0.700
0.100	0.100	0.100	0.700
0.100	0.100	0.100	0.700
>TAAACTGC	3-TAAACTGC	8.236954	-5.197117	0	T:1.0(16.67%),B:2.0(0.09%),P:1e-2	Tpos:8.0,Tstd:0.0,Bpos:60.5,Bstd:6.5,StrandBias:10.0,Multiplicity:1.00
0.100	0.100	0.100	0.700
0.700	0.100	0.100	0.100
0.700	0.100	0.100	0.100
0.700	0.100	0.100	0.100
0.100	0.700	0.100	0.100
0.100	0.100	0.100	0.700
0.100	0.100	0.700	0.100
0.100	0.700	0.100	0.100
>GGATATCC	4-GGATATCC	8.236954	-5.197117	0	T:1.0(16.67%),B:2.0(0.09%),P:1e-2	Tpos:53.5,Tstd:0.5,Bpos:39.0,Bstd:14.5,StrandBias:0.0,Multiplicity:1.00
0.100	0.100	0.700	0.100
0.100	0.100	0.700	0.100
0.700	0.100	0.100	0.100
0.100	0.100	0.100	0.700
0.700	0.100	0.100	0.100
0.100	0.100	0.100	0.700
0.100	0.700	0.100	0.100
0.100	0.700	0.100	0.100
>GHACCMSC	5-GHACCMSC	4.023482	-5.106009	0	T:6.0(100.00%),B:924.0(42.70%),P:1e-2	Tpos:64.2,Tstd:31.4,Bpos:49.9,Bstd:26.9,StrandBias:1.0,Multiplicity:1.50
0.001	0.112	0.660	0.227
0.402	0.257	0.001	0.340
0.692	0.112	0.001	0.195
0.113	0.494	0.166	0.228
0.030	0.742	0.001	0.227
0.455	0.317	0.001	0.227
0.001	0.379	0.455	0.165
0.166	0.379	0.228	0.228
