>TCTGACTTTTCA	1-TCTGACTTTTCA	6.541313	-20.232346	0	T:4.0(66.67%),B:7.0(0.32%),P:1e-8	Tpos:55.2,Tstd:21.8,Bpos:57.3,Bstd:22.8,StrandBias:-1.6,Multiplicity:1.00
0.001	0.001	0.001	0.997
0.001	0.997	0.001	0.001
0.001	0.001	0.001	0.997
0.001	0.001	0.997	0.001
0.854	0.001	0.001	0.144
0.001	0.854	0.001	0.144
0.001	0.096	0.001	0.902
0.001	0.001	0.001	0.997
0.001	0.048	0.048	0.903
0.001	0.001	0.001	0.997
0.047	0.951	0.001	0.001
0.997	0.001	0.001	0.001
>YWCWKGATSKAC	2-YWCWKGATSKAC	12.428228	-12.652609	0	T:2.0(33.33%),B:1.0(0.05%),P:1e-5	Tpos:20.0,Tstd:5.1,Bpos:38.0,Bstd:0.0,StrandBias:1.0,Multiplicity:1.50
0.001	0.538	0.001	0.460
0.460	0.001	0.001	0.538
0.001	0.997	0.001	0.001
0.538	0.001	0.001	0.460
0.001	0.001	0.538	0.460
0.001	0.001	0.997	0.001
0.997	0.001	0.001	0.001
0.001	0.001	0.001	0.997
0.001	0.538	0.460	0.001
0.001	0.001	0.460	0.538
0.997	0.001	0.001	0.001
0.001	0.997	0.001	0.001
>CACAGGGCAGAT	3-CACAGGGCAGAT	9.334494	-11.267548	0	T:2.0(33.33%),B:2.0(0.09%),P:1e-4	Tpos:37.7,Tstd:25.7,Bpos:72.5,Bstd:6.5,StrandBias:1.0,Multiplicity:1.50
0.001	0.997	0.001	0.001
0.854	0.001	0.001	0.144
0.001	0.997	0.001	0.001
0.997	0.001	0.001	0.001
0.072	0.001	0.926	0.001
0.001	0.001	0.997	0.001
0.001	0.072	0.855	0.072
0.001	0.997	0.001	0.001
0.997	0.001	0.001	0.001
0.001	0.072	0.926	0.001
0.997	0.001	0.001	0.001
0.001	0.001	0.001	0.997
>WGGRGKSRAGMM	4-WGGRGKSRAGMM	10.018784	-10.534291	0	T:3.0(50.00%),B:24.0(1.11%),P:1e-4	Tpos:62.3,Tstd:23.2,Bpos:43.2,Bstd:27.6,StrandBias:1.0,Multiplicity:1.00
0.460	0.001	0.001	0.538
0.001	0.001	0.997	0.001
0.001	0.066	0.932	0.001
0.538	0.001	0.460	0.001
0.001	0.001	0.997	0.001
0.001	0.001	0.527	0.471
0.078	0.461	0.461	0.001
0.460	0.001	0.538	0.001
0.997	0.001	0.001	0.001
0.001	0.001	0.997	0.001
0.460	0.538	0.001	0.001
0.472	0.461	0.001	0.067
>ARGMSYYCTCAW	5-ARGMSYYCTCAW	12.275939	-10.457850	0	T:2.0(33.33%),B:3.0(0.14%),P:1e-4	Tpos:92.5,Tstd:1.5,Bpos:49.7,Bstd:14.8,StrandBias:0.0,Multiplicity:1.00
0.997	0.001	0.001	0.001
0.460	0.001	0.538	0.001
0.001	0.001	0.997	0.001
0.538	0.460	0.001	0.001
0.001	0.460	0.538	0.001
0.001	0.461	0.078	0.461
0.001	0.538	0.001	0.460
0.001	0.997	0.001	0.001
0.001	0.001	0.001	0.997
0.001	0.997	0.001	0.001
0.997	0.001	0.001	0.001
0.461	0.001	0.078	0.461
