>TCTGAAGTAA	1-TCTGAAGTAA	7.651660	-20.614736	0	T:19.0(9.74%),B:2627.0(1.67%),P:1e-8	Tpos:45.5,Tstd:26.1,Bpos:50.1,Bstd:27.0,StrandBias:-1.2,Multiplicity:1.05
0.052	0.001	0.146	0.801
0.050	0.722	0.226	0.002
0.100	0.172	0.134	0.594
0.106	0.001	0.892	0.001
0.911	0.034	0.001	0.054
0.877	0.001	0.001	0.121
0.154	0.045	0.800	0.001
0.172	0.001	0.179	0.648
0.816	0.120	0.003	0.061
0.955	0.001	0.001	0.043
>TTGGAGTGGG	2-TTGGAGTGGG	8.480130	-17.289942	0	T:18.0(9.23%),B:2897.0(1.84%),P:1e-7	Tpos:47.0,Tstd:21.7,Bpos:50.5,Bstd:26.2,StrandBias:0.0,Multiplicity:1.00
0.002	0.121	0.187	0.690
0.046	0.001	0.117	0.836
0.076	0.001	0.922	0.001
0.001	0.001	0.997	0.001
0.523	0.117	0.141	0.219
0.269	0.089	0.641	0.001
0.072	0.001	0.228	0.699
0.001	0.001	0.872	0.126
0.001	0.001	0.923	0.075
0.084	0.262	0.653	0.001
>GCTTAGTCAT	3-GCTTAGTCAT	10.310349	-16.120384	0	T:7.0(3.59%),B:289.0(0.18%),P:1e-7	Tpos:54.0,Tstd:22.8,Bpos:48.9,Bstd:25.8,StrandBias:0.4,Multiplicity:1.00
0.001	0.001	0.997	0.001
0.218	0.780	0.001	0.001
0.202	0.001	0.001	0.796
0.001	0.001	0.070	0.928
0.846	0.001	0.001	0.152
0.001	0.001	0.997	0.001
0.001	0.001	0.001	0.997
0.001	0.791	0.001	0.207
0.997	0.001	0.001	0.001
0.001	0.001	0.001	0.997
>CTTTTATAGT	4-CTTTTATAGT	6.404373	-9.800416	0	T:27.0(13.85%),B:9528.0(6.06%),P:1e-4	Tpos:50.5,Tstd:23.6,Bpos:49.7,Bstd:26.9,StrandBias:0.1,Multiplicity:1.07
0.100	0.700	0.100	0.100
0.100	0.100	0.100	0.700
0.100	0.100	0.100	0.700
0.100	0.100	0.100	0.700
0.100	0.100	0.100	0.700
0.700	0.100	0.100	0.100
0.100	0.100	0.100	0.700
0.700	0.100	0.100	0.100
0.100	0.100	0.700	0.100
0.100	0.100	0.100	0.700
>GCAATCACGC	5-GCAATCACGC	10.296193	-4.618278	0	T:1.0(0.51%),B:8.0(0.01%),P:1e-2	Tpos:62.0,Tstd:21.2,Bpos:58.2,Bstd:32.1,StrandBias:-10.0,Multiplicity:3.00
0.100	0.100	0.700	0.100
0.100	0.700	0.100	0.100
0.700	0.100	0.100	0.100
0.700	0.100	0.100	0.100
0.100	0.100	0.100	0.700
0.100	0.700	0.100	0.100
0.700	0.100	0.100	0.100
0.100	0.700	0.100	0.100
0.100	0.100	0.700	0.100
0.100	0.700	0.100	0.100
