>CTTGTCKC	1-CTTGTCKC	9.059347	-16.285938	0	T:18.0(10.84%),B:3489.0(2.33%),P:1e-7	Tpos:52.8,Tstd:29.6,Bpos:50.7,Bstd:26.5,StrandBias:0.7,Multiplicity:1.00
0.001	0.997	0.001	0.001
0.001	0.001	0.001	0.997
0.001	0.001	0.001	0.997
0.001	0.001	0.997	0.001
0.001	0.001	0.001	0.997
0.001	0.633	0.001	0.365
0.001	0.220	0.366	0.414
0.001	0.997	0.001	0.001
>ACTCGCTG	2-ACTCGCTG	5.762899	-15.202711	0	T:27.0(16.27%),B:7987.0(5.34%),P:1e-6	Tpos:52.8,Tstd:19.9,Bpos:49.8,Bstd:26.8,StrandBias:-0.8,Multiplicity:1.00
0.613	0.002	0.047	0.338
0.045	0.902	0.001	0.052
0.156	0.045	0.067	0.732
0.264	0.640	0.001	0.095
0.053	0.001	0.871	0.075
0.097	0.594	0.234	0.075
0.107	0.001	0.099	0.793
0.088	0.097	0.510	0.305
>TWCACTAB	3-TWCACTAB	6.327786	-14.330806	0	T:19.0(11.45%),B:4431.0(2.96%),P:1e-6	Tpos:40.9,Tstd:27.1,Bpos:50.1,Bstd:27.0,StrandBias:0.9,Multiplicity:1.21
0.029	0.075	0.156	0.740
0.480	0.001	0.042	0.477
0.212	0.734	0.053	0.001
0.930	0.019	0.001	0.050
0.048	0.814	0.045	0.093
0.033	0.161	0.097	0.709
0.760	0.167	0.032	0.041
0.017	0.246	0.382	0.356
>CTGAAAAG	4-CTGAAAAG	7.149492	-12.877003	0	T:18.0(10.84%),B:4431.0(2.96%),P:1e-5	Tpos:51.5,Tstd:27.2,Bpos:49.5,Bstd:27.3,StrandBias:0.0,Multiplicity:1.11
0.036	0.884	0.046	0.034
0.101	0.001	0.001	0.897
0.053	0.033	0.872	0.042
0.935	0.021	0.043	0.001
0.946	0.039	0.014	0.001
0.632	0.025	0.097	0.246
0.997	0.001	0.001	0.001
0.001	0.029	0.969	0.001
>GTTTTGGT	5-GTTTTGGT	8.834270	-8.070550	0	T:8.0(4.82%),B:1508.0(1.01%),P:1e-3	Tpos:48.1,Tstd:27.3,Bpos:50.4,Bstd:26.3,StrandBias:1.6,Multiplicity:2.00
0.001	0.001	0.997	0.001
0.001	0.001	0.001	0.997
0.001	0.001	0.144	0.854
0.001	0.001	0.001	0.997
0.001	0.105	0.001	0.893
0.171	0.001	0.827	0.001
0.001	0.001	0.997	0.001
0.001	0.001	0.001	0.997
