>TGCTGAGCAC	1-TGCTGAGCAC	7.390581	-22.282893	0	T:31.0(15.90%),B:6585.0(4.19%),P:1e-9	Tpos:51.2,Tstd:27.0,Bpos:49.8,Bstd:26.4,StrandBias:0.3,Multiplicity:1.10
0.073	0.035	0.068	0.824
0.036	0.027	0.861	0.076
0.026	0.972	0.001	0.001
0.084	0.001	0.041	0.874
0.001	0.191	0.807	0.001
0.658	0.105	0.133	0.104
0.028	0.054	0.842	0.076
0.062	0.828	0.076	0.034
0.648	0.067	0.115	0.170
0.001	0.697	0.180	0.122
>WTGCTGTGGG	2-WTGCTGTGGG	8.201369	-19.418034	0	T:19.0(9.74%),B:2830.0(1.80%),P:1e-8	Tpos:44.3,Tstd:26.7,Bpos:49.5,Bstd:26.9,StrandBias:-0.1,Multiplicity:1.21
0.408	0.008	0.226	0.358
0.049	0.057	0.001	0.893
0.068	0.103	0.758	0.071
0.056	0.701	0.074	0.169
0.001	0.001	0.001	0.997
0.001	0.001	0.888	0.110
0.049	0.214	0.001	0.736
0.001	0.001	0.997	0.001
0.112	0.012	0.580	0.296
0.001	0.130	0.680	0.189
>GRAGAHAGGC	3-GRAGAHAGGC	7.585909	-17.053419	0	T:22.0(11.28%),B:4398.0(2.80%),P:1e-7	Tpos:47.1,Tstd:28.1,Bpos:49.4,Bstd:26.6,StrandBias:1.9,Multiplicity:1.09
0.360	0.001	0.638	0.001
0.418	0.228	0.352	0.001
0.586	0.001	0.277	0.136
0.059	0.064	0.876	0.001
0.871	0.083	0.045	0.001
0.303	0.359	0.001	0.337
0.818	0.001	0.108	0.073
0.088	0.001	0.910	0.001
0.112	0.047	0.840	0.001
0.065	0.932	0.002	0.001
>GGCACACCTA	4-GGCACACCTA	8.112203	-12.829808	0	T:16.0(8.21%),B:3165.0(2.01%),P:1e-5	Tpos:46.4,Tstd:28.2,Bpos:50.4,Bstd:26.5,StrandBias:0.6,Multiplicity:1.25
0.096	0.123	0.780	0.001
0.279	0.143	0.577	0.001
0.131	0.867	0.001	0.001
0.901	0.001	0.001	0.097
0.296	0.697	0.006	0.001
0.997	0.001	0.001	0.001
0.001	0.911	0.087	0.001
0.001	0.864	0.001	0.134
0.001	0.001	0.001	0.997
0.443	0.192	0.231	0.133
>CAATCAHTCA	5-CAATCAHTCA	7.876752	-8.750288	0	T:16.0(8.21%),B:4454.0(2.83%),P:1e-3	Tpos:57.8,Tstd:22.6,Bpos:49.4,Bstd:27.0,StrandBias:-0.9,Multiplicity:1.12
0.001	0.710	0.288	0.001
0.760	0.238	0.001	0.001
0.622	0.376	0.001	0.001
0.348	0.001	0.001	0.650
0.001	0.774	0.224	0.001
0.997	0.001	0.001	0.001
0.392	0.327	0.001	0.279
0.085	0.269	0.221	0.425
0.025	0.815	0.159	0.001
0.997	0.001	0.001	0.001
