>CGCGACTG	1-CGCGACTG	7.517935	-19.864059	0	T:12.0(7.23%),B:1022.0(0.68%),P:1e-8	Tpos:51.0,Tstd:29.7,Bpos:49.9,Bstd:27.2,StrandBias:-1.0,Multiplicity:1.00
0.171	0.647	0.181	0.001
0.001	0.001	0.903	0.095
0.071	0.927	0.001	0.001
0.001	0.054	0.944	0.001
0.944	0.001	0.054	0.001
0.001	0.997	0.001	0.001
0.001	0.125	0.001	0.873
0.001	0.001	0.873	0.125
>CCCTGMTG	2-CCCTGMTG	5.685639	-18.485956	0	T:45.0(27.11%),B:16588.0(11.08%),P:1e-8	Tpos:47.6,Tstd:26.2,Bpos:50.4,Bstd:26.3,StrandBias:-0.1,Multiplicity:1.18
0.208	0.724	0.042	0.026
0.028	0.635	0.157	0.180
0.036	0.507	0.297	0.160
0.012	0.125	0.334	0.529
0.052	0.001	0.751	0.196
0.334	0.458	0.022	0.186
0.056	0.180	0.030	0.734
0.031	0.291	0.607	0.071
>CAAATTCC	3-CAAATTCC	5.614917	-18.329968	0	T:54.0(32.53%),B:22382.0(14.95%),P:1e-7	Tpos:48.2,Tstd:27.5,Bpos:50.2,Bstd:27.0,StrandBias:0.3,Multiplicity:1.11
0.044	0.954	0.001	0.001
0.712	0.216	0.001	0.071
0.700	0.175	0.069	0.056
0.718	0.190	0.004	0.088
0.104	0.248	0.001	0.647
0.161	0.103	0.247	0.488
0.001	0.954	0.044	0.001
0.099	0.867	0.001	0.033
>CTCTAAGG	4-CTCTAAGG	6.772246	-17.046650	0	T:24.0(14.46%),B:5854.0(3.91%),P:1e-7	Tpos:48.5,Tstd:30.7,Bpos:49.9,Bstd:27.9,StrandBias:0.0,Multiplicity:1.08
0.001	0.869	0.129	0.001
0.046	0.001	0.001	0.952
0.078	0.744	0.001	0.177
0.024	0.001	0.001	0.974
0.881	0.012	0.106	0.001
0.909	0.089	0.001	0.001
0.035	0.001	0.909	0.055
0.039	0.167	0.793	0.001
>ATATGTAC	5-ATATGTAC	7.450824	-13.731652	0	T:13.0(7.83%),B:2160.0(1.44%),P:1e-5	Tpos:48.9,Tstd:28.2,Bpos:49.7,Bstd:28.0,StrandBias:0.8,Multiplicity:1.08
0.884	0.001	0.114	0.001
0.001	0.001	0.001	0.997
0.822	0.001	0.071	0.106
0.001	0.001	0.001	0.997
0.001	0.001	0.997	0.001
0.066	0.095	0.092	0.747
0.775	0.129	0.095	0.001
0.063	0.903	0.033	0.001
