>TAGCCATGGTGA	1-TAGCCATGGTGA	10.866109	-21.534743	0	T:5.0(45.45%),B:12.0(0.40%),P:1e-9	Tpos:64.7,Tstd:25.1,Bpos:41.2,Bstd:27.3,StrandBias:2.3,Multiplicity:1.20
0.001	0.269	0.239	0.491
0.478	0.239	0.001	0.282
0.001	0.001	0.997	0.001
0.001	0.760	0.001	0.238
0.001	0.760	0.001	0.238
0.521	0.001	0.239	0.239
0.001	0.001	0.001	0.997
0.001	0.001	0.760	0.238
0.001	0.001	0.997	0.001
0.238	0.001	0.001	0.760
0.014	0.001	0.984	0.001
0.997	0.001	0.001	0.001
>TGGWGGTACAGS	2-TGGWGGTACAGS	10.761766	-16.863570	0	T:3.0(27.27%),B:2.0(0.07%),P:1e-7	Tpos:49.0,Tstd:24.1,Bpos:47.5,Bstd:19.5,StrandBias:1.0,Multiplicity:1.00
0.001	0.001	0.323	0.675
0.001	0.001	0.997	0.001
0.001	0.001	0.837	0.161
0.485	0.162	0.001	0.352
0.162	0.001	0.675	0.162
0.001	0.162	0.514	0.323
0.162	0.001	0.162	0.675
0.837	0.001	0.161	0.001
0.162	0.514	0.323	0.001
0.837	0.161	0.001	0.001
0.161	0.001	0.837	0.001
0.001	0.352	0.485	0.162
>GTTCTGCTDTAA	3-GTTCTGCTDTAA	14.403253	-12.024643	0	T:2.0(18.18%),B:0.0(0.00%),P:1e-5	Tpos:61.7,Tstd:16.0,Bpos:0.0,Bstd:0.0,StrandBias:10.0,Multiplicity:1.50
0.001	0.001	0.997	0.001
0.001	0.001	0.001	0.997
0.001	0.001	0.001	0.997
0.001	0.997	0.001	0.001
0.001	0.001	0.001	0.997
0.001	0.001	0.997	0.001
0.001	0.997	0.001	0.001
0.001	0.001	0.001	0.997
0.333	0.001	0.333	0.333
0.001	0.001	0.001	0.997
0.666	0.001	0.332	0.001
0.997	0.001	0.001	0.001
>GCCATGGCAGCM	4-GCCATGGCAGCM	8.984920	-6.589825	0	T:3.0(27.27%),B:64.0(2.12%),P:1e-2	Tpos:16.2,Tstd:5.9,Bpos:52.6,Bstd:23.8,StrandBias:0.0,Multiplicity:1.00
0.239	0.239	0.521	0.001
0.275	0.723	0.001	0.001
0.001	0.997	0.001	0.001
0.760	0.001	0.238	0.001
0.001	0.239	0.239	0.521
0.035	0.001	0.963	0.001
0.239	0.036	0.724	0.001
0.001	0.478	0.239	0.282
0.997	0.001	0.001	0.001
0.281	0.001	0.717	0.001
0.001	0.760	0.238	0.001
0.520	0.478	0.001	0.001
>GAGTGAGTGTGT	5-GAGTGAGTGTGT	15.792555	-5.618754	0	T:1.0(9.09%),B:1.0(0.03%),P:1e-2	Tpos:11.0,Tstd:0.0,Bpos:59.0,Bstd:0.0,StrandBias:10.0,Multiplicity:1.00
0.001	0.001	0.997	0.001
0.997	0.001	0.001	0.001
0.001	0.001	0.997	0.001
0.001	0.001	0.001	0.997
0.001	0.001	0.997	0.001
0.666	0.001	0.001	0.332
0.001	0.001	0.997	0.001
0.001	0.001	0.001	0.997
0.001	0.001	0.997	0.001
0.332	0.001	0.001	0.666
0.001	0.001	0.997	0.001
0.001	0.001	0.001	0.997
