>GWWCMSKKKKAY	1-GWWCMSKKKKAY	7.764921	-18.659886	0	T:3.0(60.00%),B:2.0(0.09%),P:1e-8	Tpos:19.7,Tstd:11.0,Bpos:63.0,Bstd:4.0,StrandBias:1.0,Multiplicity:1.00
0.001	0.001	0.997	0.001
0.480	0.037	0.021	0.462
0.482	0.037	0.001	0.480
0.001	0.981	0.017	0.001
0.518	0.463	0.001	0.018
0.001	0.461	0.537	0.001
0.001	0.038	0.498	0.463
0.001	0.002	0.480	0.517
0.001	0.001	0.516	0.482
0.018	0.001	0.519	0.462
0.942	0.001	0.019	0.038
0.037	0.462	0.020	0.482
>GTCAGVACCDCC	2-GTCAGVACCDCC	12.499723	-11.673320	0	T:2.0(40.00%),B:2.0(0.09%),P:1e-5	Tpos:65.0,Tstd:20.6,Bpos:52.0,Bstd:32.0,StrandBias:1.0,Multiplicity:1.50
0.001	0.001	0.997	0.001
0.001	0.332	0.001	0.666
0.001	0.997	0.001	0.001
0.997	0.001	0.001	0.001
0.332	0.001	0.666	0.001
0.333	0.333	0.333	0.001
0.666	0.001	0.332	0.001
0.001	0.997	0.001	0.001
0.001	0.997	0.001	0.001
0.333	0.001	0.333	0.333
0.001	0.997	0.001	0.001
0.001	0.997	0.001	0.001
>TGTCAACGBCCC	3-TGTCAACGBCCC	10.045771	-10.863314	0	T:2.0(40.00%),B:3.0(0.14%),P:1e-4	Tpos:47.5,Tstd:26.5,Bpos:34.7,Bstd:5.9,StrandBias:10.0,Multiplicity:1.00
0.316	0.001	0.052	0.631
0.001	0.001	0.997	0.001
0.001	0.024	0.003	0.972
0.003	0.680	0.001	0.316
0.683	0.001	0.001	0.315
0.635	0.316	0.048	0.001
0.340	0.635	0.024	0.001
0.028	0.001	0.655	0.316
0.001	0.368	0.316	0.316
0.001	0.683	0.001	0.315
0.320	0.632	0.024	0.024
0.001	0.996	0.002	0.001
>TATACAAGCAGG	4-TATACAAGCAGG	5.254203	-7.084820	0	T:2.0(40.00%),B:20.0(0.92%),P:1e-3	Tpos:44.7,Tstd:29.6,Bpos:46.7,Bstd:29.3,StrandBias:-1.0,Multiplicity:1.50
0.001	0.140	0.001	0.858
0.997	0.001	0.001	0.001
0.001	0.001	0.070	0.928
0.928	0.070	0.001	0.001
0.070	0.928	0.001	0.001
0.997	0.001	0.001	0.001
0.997	0.001	0.001	0.001
0.001	0.001	0.997	0.001
0.140	0.858	0.001	0.001
0.928	0.001	0.001	0.070
0.140	0.001	0.858	0.001
0.001	0.001	0.997	0.001
>CCATGCTTCTCC	5-CCATGCTTCTCC	12.355432	-6.071662	0	T:1.0(20.00%),B:1.0(0.05%),P:1e-2	Tpos:46.0,Tstd:0.0,Bpos:74.0,Bstd:0.0,StrandBias:-10.0,Multiplicity:1.00
0.100	0.700	0.100	0.100
0.100	0.700	0.100	0.100
0.700	0.100	0.100	0.100
0.100	0.100	0.100	0.700
0.100	0.100	0.700	0.100
0.100	0.700	0.100	0.100
0.100	0.100	0.100	0.700
0.100	0.100	0.100	0.700
0.100	0.700	0.100	0.100
0.100	0.100	0.100	0.700
0.100	0.700	0.100	0.100
0.100	0.700	0.100	0.100
