>SWYAGTWSTTCA	1-SWYAGTWSTTCA	12.972959	-13.058690	0	T:2.0(40.00%),B:0.0(0.00%),P:1e-5	Tpos:46.5,Tstd:0.5,Bpos:0.0,Bstd:0.0,StrandBias:0.0,Multiplicity:1.00
0.001	0.537	0.461	0.001
0.537	0.001	0.001	0.461
0.001	0.461	0.001	0.537
0.923	0.001	0.075	0.001
0.001	0.001	0.997	0.001
0.001	0.001	0.001	0.997
0.462	0.001	0.076	0.462
0.001	0.461	0.537	0.001
0.001	0.001	0.001	0.997
0.001	0.001	0.001	0.997
0.001	0.997	0.001	0.001
0.997	0.001	0.001	0.001
>STKTKGYASCWA	2-STKTKGYASCWA	12.120537	-13.058690	0	T:2.0(40.00%),B:1.0(0.05%),P:1e-5	Tpos:49.5,Tstd:7.5,Bpos:52.0,Bstd:0.0,StrandBias:0.0,Multiplicity:1.00
0.005	0.532	0.462	0.001
0.001	0.064	0.001	0.934
0.001	0.001	0.467	0.531
0.005	0.001	0.070	0.924
0.001	0.001	0.461	0.537
0.001	0.001	0.994	0.004
0.005	0.463	0.005	0.527
0.928	0.001	0.001	0.070
0.001	0.467	0.527	0.005
0.001	0.994	0.001	0.004
0.467	0.001	0.001	0.531
0.924	0.005	0.070	0.001
>AAAABTTHAAGG	3-AAAABTTHAAGG	9.758634	-12.624209	0	T:3.0(60.00%),B:15.0(0.69%),P:1e-5	Tpos:40.0,Tstd:17.0,Bpos:47.5,Bstd:23.5,StrandBias:1.6,Multiplicity:1.00
0.683	0.001	0.315	0.001
0.631	0.001	0.367	0.001
0.683	0.001	0.315	0.001
0.683	0.315	0.001	0.001
0.001	0.368	0.316	0.316
0.001	0.001	0.001	0.997
0.001	0.315	0.001	0.683
0.316	0.316	0.052	0.316
0.997	0.001	0.001	0.001
0.683	0.001	0.315	0.001
0.001	0.001	0.997	0.001
0.001	0.001	0.997	0.001
>CATCCATCCATC	4-CATCCATCCATC	14.985633	-6.071662	0	T:1.0(20.00%),B:0.0(0.00%),P:1e-2	Tpos:42.0,Tstd:0.0,Bpos:0.0,Bstd:0.0,StrandBias:10.0,Multiplicity:1.00
0.001	0.666	0.332	0.001
0.997	0.001	0.001	0.001
0.001	0.001	0.332	0.666
0.001	0.997	0.001	0.001
0.001	0.997	0.001	0.001
0.997	0.001	0.001	0.001
0.001	0.001	0.001	0.997
0.001	0.997	0.001	0.001
0.001	0.666	0.001	0.332
0.666	0.332	0.001	0.001
0.001	0.001	0.001	0.997
0.001	0.997	0.001	0.001
>TGGTGGTTCACA	5-TGGTGGTTCACA	12.355432	-5.379438	0	T:1.0(20.00%),B:2.0(0.09%),P:1e-2	Tpos:8.0,Tstd:0.0,Bpos:36.0,Bstd:12.0,StrandBias:10.0,Multiplicity:1.00
0.100	0.100	0.100	0.700
0.100	0.100	0.700	0.100
0.100	0.100	0.700	0.100
0.100	0.100	0.100	0.700
0.100	0.100	0.700	0.100
0.100	0.100	0.700	0.100
0.100	0.100	0.100	0.700
0.100	0.100	0.100	0.700
0.100	0.700	0.100	0.100
0.700	0.100	0.100	0.100
0.100	0.700	0.100	0.100
0.700	0.100	0.100	0.100
