>AAMAARGCCAMT	1-AAMAARGCCAMT	14.285943	-13.058690	0	T:2.0(40.00%),B:0.0(0.00%),P:1e-5	Tpos:47.5,Tstd:18.5,Bpos:0.0,Bstd:0.0,StrandBias:0.0,Multiplicity:1.00
0.923	0.001	0.075	0.001
0.997	0.001	0.001	0.001
0.537	0.461	0.001	0.001
0.997	0.001	0.001	0.001
0.997	0.001	0.001	0.001
0.462	0.001	0.462	0.076
0.001	0.001	0.997	0.001
0.001	0.923	0.075	0.001
0.001	0.997	0.001	0.001
0.997	0.001	0.001	0.001
0.461	0.537	0.001	0.001
0.001	0.001	0.001	0.997
>GBDGVGCTGTTD	2-GBDGVGCTGTTD	9.493251	-11.917829	0	T:3.0(60.00%),B:19.0(0.88%),P:1e-5	Tpos:70.3,Tstd:19.2,Bpos:51.5,Bstd:25.8,StrandBias:-1.0,Multiplicity:1.00
0.001	0.001	0.954	0.044
0.052	0.316	0.316	0.316
0.316	0.001	0.368	0.316
0.001	0.001	0.997	0.001
0.368	0.316	0.316	0.001
0.001	0.315	0.683	0.001
0.001	0.997	0.001	0.001
0.044	0.001	0.001	0.954
0.315	0.001	0.683	0.001
0.001	0.315	0.001	0.683
0.001	0.001	0.044	0.954
0.316	0.001	0.316	0.368
>RGCRGCYGCYTG	3-RGCRGCYGCYTG	8.626629	-7.084820	0	T:2.0(40.00%),B:20.0(0.92%),P:1e-3	Tpos:36.3,Tstd:36.6,Bpos:61.8,Bstd:30.1,StrandBias:1.0,Multiplicity:1.00
0.537	0.001	0.461	0.001
0.001	0.001	0.997	0.001
0.001	0.923	0.075	0.001
0.537	0.001	0.461	0.001
0.001	0.001	0.997	0.001
0.001	0.997	0.001	0.001
0.065	0.462	0.001	0.472
0.001	0.001	0.997	0.001
0.001	0.923	0.001	0.075
0.001	0.462	0.065	0.472
0.001	0.001	0.001	0.997
0.001	0.001	0.934	0.064
>CTTCCTCCCTCC	4-CTTCCTCCCTCC	11.077447	-6.808081	0	T:2.0(40.00%),B:23.0(1.06%),P:1e-2	Tpos:47.0,Tstd:22.0,Bpos:47.5,Bstd:22.1,StrandBias:0.0,Multiplicity:1.00
0.044	0.639	0.316	0.001
0.001	0.001	0.315	0.683
0.001	0.323	0.044	0.632
0.001	0.631	0.316	0.052
0.001	0.683	0.001	0.315
0.001	0.001	0.001	0.997
0.001	0.631	0.001	0.367
0.001	0.997	0.001	0.001
0.315	0.683	0.001	0.001
0.001	0.001	0.001	0.997
0.044	0.954	0.001	0.001
0.001	0.683	0.001	0.315
>CTGGGAGGAGCC	5-CTGGGAGGAGCC	12.355432	-6.071662	0	T:1.0(20.00%),B:1.0(0.05%),P:1e-2	Tpos:39.0,Tstd:0.0,Bpos:29.0,Bstd:0.0,StrandBias:-10.0,Multiplicity:1.00
0.100	0.700	0.100	0.100
0.100	0.100	0.100	0.700
0.100	0.100	0.700	0.100
0.100	0.100	0.700	0.100
0.100	0.100	0.700	0.100
0.700	0.100	0.100	0.100
0.100	0.100	0.700	0.100
0.100	0.100	0.700	0.100
0.700	0.100	0.100	0.100
0.100	0.100	0.700	0.100
0.100	0.700	0.100	0.100
0.100	0.700	0.100	0.100
