>AGGGTAGCATNC	1-AGGGTAGCATNC	6.942669	-9.154255	0	T:6.0(22.22%),B:4399.0(2.91%),P:1e-3	Tpos:58.7,Tstd:23.6,Bpos:49.5,Bstd:26.1,StrandBias:1.0,Multiplicity:1.00
0.486	0.250	0.007	0.257
0.001	0.001	0.992	0.006
0.001	0.249	0.492	0.257
0.006	0.001	0.992	0.001
0.007	0.007	0.243	0.743
0.743	0.007	0.001	0.249
0.249	0.243	0.507	0.001
0.249	0.507	0.001	0.243
0.756	0.001	0.001	0.242
0.007	0.250	0.007	0.736
0.243	0.271	0.243	0.243
0.001	0.486	0.249	0.264
>TAGTTCCCCCTC	2-TAGTTCCCCCTC	12.355432	-8.630912	0	T:1.0(3.70%),B:1.0(0.00%),P:1e-3	Tpos:33.0,Tstd:0.0,Bpos:39.0,Bstd:0.0,StrandBias:-10.0,Multiplicity:1.00
0.100	0.100	0.100	0.700
0.700	0.100	0.100	0.100
0.100	0.100	0.700	0.100
0.100	0.100	0.100	0.700
0.100	0.100	0.100	0.700
0.100	0.700	0.100	0.100
0.100	0.700	0.100	0.100
0.100	0.700	0.100	0.100
0.100	0.700	0.100	0.100
0.100	0.700	0.100	0.100
0.100	0.100	0.100	0.700
0.100	0.700	0.100	0.100
>CCTAAAAAGCAG	3-CCTAAAAAGCAG	12.355432	-8.630912	0	T:1.0(3.70%),B:1.0(0.00%),P:1e-3	Tpos:13.0,Tstd:0.0,Bpos:13.0,Bstd:0.0,StrandBias:10.0,Multiplicity:1.00
0.100	0.700	0.100	0.100
0.100	0.700	0.100	0.100
0.100	0.100	0.100	0.700
0.700	0.100	0.100	0.100
0.700	0.100	0.100	0.100
0.700	0.100	0.100	0.100
0.700	0.100	0.100	0.100
0.700	0.100	0.100	0.100
0.100	0.100	0.700	0.100
0.100	0.700	0.100	0.100
0.700	0.100	0.100	0.100
0.100	0.100	0.700	0.100
>GGCAAAAATGAA	4-GGCAAAAATGAA	12.355432	-8.630912	0	T:1.0(3.70%),B:1.0(0.00%),P:1e-3	Tpos:50.0,Tstd:0.0,Bpos:7.0,Bstd:0.0,StrandBias:-10.0,Multiplicity:1.00
0.100	0.100	0.700	0.100
0.100	0.100	0.700	0.100
0.100	0.700	0.100	0.100
0.700	0.100	0.100	0.100
0.700	0.100	0.100	0.100
0.700	0.100	0.100	0.100
0.700	0.100	0.100	0.100
0.700	0.100	0.100	0.100
0.100	0.100	0.100	0.700
0.100	0.100	0.700	0.100
0.700	0.100	0.100	0.100
0.700	0.100	0.100	0.100
>GCCSGTGCCGCT	5-GCCSGTGCCGCT	11.706498	-8.630912	0	T:1.0(3.70%),B:1.0(0.00%),P:1e-3	Tpos:30.0,Tstd:0.0,Bpos:9.0,Bstd:0.0,StrandBias:10.0,Multiplicity:1.00
0.109	0.219	0.671	0.001
0.109	0.671	0.001	0.219
0.231	0.549	0.110	0.110
0.001	0.560	0.438	0.001
0.001	0.109	0.781	0.109
0.110	0.110	0.121	0.659
0.109	0.001	0.781	0.109
0.110	0.670	0.110	0.110
0.001	0.660	0.230	0.109
0.219	0.001	0.561	0.219
0.109	0.781	0.109	0.001
0.109	0.219	0.001	0.671
>AGGAGGTCGGAG	6-AGGAGGTCGGAG	12.355432	-7.937851	0	T:1.0(3.70%),B:2.0(0.00%),P:1e-3	Tpos:94.0,Tstd:0.0,Bpos:31.5,Bstd:19.5,StrandBias:10.0,Multiplicity:1.00
0.700	0.100	0.100	0.100
0.100	0.100	0.700	0.100
0.100	0.100	0.700	0.100
0.700	0.100	0.100	0.100
0.100	0.100	0.700	0.100
0.100	0.100	0.700	0.100
0.100	0.100	0.100	0.700
0.100	0.700	0.100	0.100
0.100	0.100	0.700	0.100
0.100	0.100	0.700	0.100
0.700	0.100	0.100	0.100
0.100	0.100	0.700	0.100
>GACTGACCCTGT	7-GACTGACCCTGT	12.355432	-7.937851	0	T:1.0(3.70%),B:2.0(0.00%),P:1e-3	Tpos:78.0,Tstd:0.0,Bpos:76.0,Bstd:1.0,StrandBias:10.0,Multiplicity:1.00
0.100	0.100	0.700	0.100
0.700	0.100	0.100	0.100
0.100	0.700	0.100	0.100
0.100	0.100	0.100	0.700
0.100	0.100	0.700	0.100
0.700	0.100	0.100	0.100
0.100	0.700	0.100	0.100
0.100	0.700	0.100	0.100
0.100	0.700	0.100	0.100
0.100	0.100	0.100	0.700
0.100	0.100	0.700	0.100
0.100	0.100	0.100	0.700
>ATCAGCTCCTCC	8-ATCAGCTCCTCC	12.355432	-6.146951	0	T:1.0(3.70%),B:12.0(0.01%),P:1e-2	Tpos:57.0,Tstd:25.5,Bpos:40.4,Bstd:24.5,StrandBias:10.0,Multiplicity:5.00
0.700	0.100	0.100	0.100
0.100	0.100	0.100	0.700
0.100	0.700	0.100	0.100
0.700	0.100	0.100	0.100
0.100	0.100	0.700	0.100
0.100	0.700	0.100	0.100
0.100	0.100	0.100	0.700
0.100	0.700	0.100	0.100
0.100	0.700	0.100	0.100
0.100	0.100	0.100	0.700
0.100	0.700	0.100	0.100
0.100	0.700	0.100	0.100
