>CGCAATCG	1-CGCAATCG	6.483621	-14.123390	0	T:7.0(25.93%),B:2987.0(1.97%),P:1e-6	Tpos:68.4,Tstd:19.3,Bpos:50.5,Bstd:25.0,StrandBias:0.2,Multiplicity:1.57
0.131	0.748	0.120	0.001
0.001	0.219	0.779	0.001
0.001	0.670	0.001	0.328
0.897	0.101	0.001	0.001
0.669	0.128	0.001	0.202
0.001	0.001	0.277	0.721
0.001	0.831	0.001	0.167
0.009	0.001	0.723	0.267
>TTTGTAGA	2-TTTGTAGA	7.139555	-11.372150	0	T:8.0(29.63%),B:6436.0(4.26%),P:1e-4	Tpos:50.2,Tstd:27.2,Bpos:49.9,Bstd:27.6,StrandBias:0.3,Multiplicity:1.25
0.001	0.001	0.001	0.997
0.001	0.195	0.001	0.803
0.001	0.001	0.001	0.997
0.001	0.248	0.750	0.001
0.059	0.001	0.021	0.919
0.997	0.001	0.001	0.001
0.217	0.001	0.548	0.234
0.997	0.001	0.001	0.001
>CCTCTGCA	3-CCTCTGCA	7.818023	-7.943668	0	T:7.0(25.93%),B:7838.0(5.18%),P:1e-3	Tpos:57.4,Tstd:23.6,Bpos:50.1,Bstd:27.1,StrandBias:-0.3,Multiplicity:1.29
0.001	0.932	0.001	0.066
0.001	0.997	0.001	0.001
0.303	0.001	0.001	0.695
0.001	0.771	0.227	0.001
0.001	0.001	0.352	0.646
0.001	0.388	0.610	0.001
0.299	0.699	0.001	0.001
0.997	0.001	0.001	0.001
>TTTGTTTT	4-TTTGTTTT	7.388592	-7.547847	0	T:9.0(33.33%),B:14119.0(9.34%),P:1e-3	Tpos:40.5,Tstd:28.6,Bpos:50.4,Bstd:26.5,StrandBias:-1.2,Multiplicity:1.44
0.001	0.084	0.080	0.835
0.001	0.078	0.001	0.920
0.001	0.001	0.056	0.942
0.072	0.047	0.846	0.035
0.114	0.067	0.049	0.770
0.001	0.001	0.085	0.913
0.102	0.001	0.001	0.896
0.064	0.036	0.030	0.870
>GCGTACGC	5-GCGTACGC	8.236954	-5.497308	0	T:1.0(3.70%),B:23.0(0.02%),P:1e-2	Tpos:70.5,Tstd:0.5,Bpos:52.0,Bstd:24.3,StrandBias:0.0,Multiplicity:1.00
0.100	0.100	0.700	0.100
0.100	0.700	0.100	0.100
0.100	0.100	0.700	0.100
0.100	0.100	0.100	0.700
0.700	0.100	0.100	0.100
0.100	0.700	0.100	0.100
0.100	0.100	0.700	0.100
0.100	0.700	0.100	0.100
