>GGGCCGGAAKGG	1-GGGCCGGAAKGG	13.732470	-20.364022	0	T:3.0(11.54%),B:11.0(0.01%),P:1e-8	Tpos:21.7,Tstd:17.3,Bpos:54.9,Bstd:28.0,StrandBias:10.0,Multiplicity:1.00
0.211	0.001	0.787	0.001
0.001	0.001	0.787	0.211
0.001	0.211	0.787	0.001
0.001	0.787	0.211	0.001
0.001	0.997	0.001	0.001
0.001	0.001	0.997	0.001
0.001	0.001	0.997	0.001
0.787	0.211	0.001	0.001
0.997	0.001	0.001	0.001
0.185	0.001	0.390	0.424
0.001	0.001	0.997	0.001
0.001	0.001	0.997	0.001
>GCACATCGTGTG	2-GCACATCGTGTG	9.783813	-18.500276	0	T:5.0(19.23%),B:364.0(0.27%),P:1e-8	Tpos:59.2,Tstd:25.8,Bpos:48.7,Bstd:27.5,StrandBias:-2.0,Multiplicity:1.00
0.198	0.001	0.603	0.198
0.001	0.603	0.198	0.198
0.997	0.001	0.001	0.001
0.001	0.602	0.396	0.001
0.800	0.198	0.001	0.001
0.182	0.023	0.199	0.596
0.001	0.816	0.182	0.001
0.397	0.001	0.579	0.023
0.001	0.001	0.001	0.997
0.001	0.001	0.997	0.001
0.001	0.198	0.001	0.800
0.001	0.001	0.997	0.001
>CAATTCAGCCTG	3-CAATTCAGCCTG	12.355432	-8.548517	0	T:1.0(3.85%),B:1.0(0.00%),P:1e-3	Tpos:41.0,Tstd:0.0,Bpos:34.0,Bstd:0.0,StrandBias:10.0,Multiplicity:1.00
0.100	0.700	0.100	0.100
0.700	0.100	0.100	0.100
0.700	0.100	0.100	0.100
0.100	0.100	0.100	0.700
0.100	0.100	0.100	0.700
0.100	0.700	0.100	0.100
0.700	0.100	0.100	0.100
0.100	0.100	0.700	0.100
0.100	0.700	0.100	0.100
0.100	0.700	0.100	0.100
0.100	0.100	0.100	0.700
0.100	0.100	0.700	0.100
>GGAAGATGTCTG	4-GGAAGATGTCTG	12.355432	-8.548517	0	T:1.0(3.85%),B:1.0(0.00%),P:1e-3	Tpos:53.0,Tstd:0.0,Bpos:29.0,Bstd:0.0,StrandBias:10.0,Multiplicity:1.00
0.100	0.100	0.700	0.100
0.100	0.100	0.700	0.100
0.700	0.100	0.100	0.100
0.700	0.100	0.100	0.100
0.100	0.100	0.700	0.100
0.700	0.100	0.100	0.100
0.100	0.100	0.100	0.700
0.100	0.100	0.700	0.100
0.100	0.100	0.100	0.700
0.100	0.700	0.100	0.100
0.100	0.100	0.100	0.700
0.100	0.100	0.700	0.100
>TACAAAGACCAC	5-TACAAAGACCAC	12.355432	-7.855463	0	T:1.0(3.85%),B:2.0(0.00%),P:1e-3	Tpos:60.0,Tstd:0.0,Bpos:65.5,Bstd:29.5,StrandBias:-10.0,Multiplicity:1.00
0.100	0.100	0.100	0.700
0.700	0.100	0.100	0.100
0.100	0.700	0.100	0.100
0.700	0.100	0.100	0.100
0.700	0.100	0.100	0.100
0.700	0.100	0.100	0.100
0.100	0.100	0.700	0.100
0.700	0.100	0.100	0.100
0.100	0.700	0.100	0.100
0.100	0.700	0.100	0.100
0.700	0.100	0.100	0.100
0.100	0.700	0.100	0.100
>GCTTCTGCCGGC	6-GCTTCTGCCGGC	12.355432	-7.855463	0	T:1.0(3.85%),B:2.0(0.00%),P:1e-3	Tpos:19.0,Tstd:0.0,Bpos:31.0,Bstd:25.0,StrandBias:10.0,Multiplicity:1.00
0.100	0.100	0.700	0.100
0.100	0.700	0.100	0.100
0.100	0.100	0.100	0.700
0.100	0.100	0.100	0.700
0.100	0.700	0.100	0.100
0.100	0.100	0.100	0.700
0.100	0.100	0.700	0.100
0.100	0.700	0.100	0.100
0.100	0.700	0.100	0.100
0.100	0.100	0.700	0.100
0.100	0.100	0.700	0.100
0.100	0.700	0.100	0.100
>CAAAGAAGCTTA	7-CAAAGAAGCTTA	12.355432	-7.855463	0	T:1.0(3.85%),B:2.0(0.00%),P:1e-3	Tpos:15.0,Tstd:0.0,Bpos:55.0,Bstd:22.0,StrandBias:10.0,Multiplicity:1.00
0.100	0.700	0.100	0.100
0.700	0.100	0.100	0.100
0.700	0.100	0.100	0.100
0.700	0.100	0.100	0.100
0.100	0.100	0.700	0.100
0.700	0.100	0.100	0.100
0.700	0.100	0.100	0.100
0.100	0.100	0.700	0.100
0.100	0.700	0.100	0.100
0.100	0.100	0.100	0.700
0.100	0.100	0.100	0.700
0.700	0.100	0.100	0.100
>KGGGTTTGTTAN	8-KGGGTTTGTTAN	6.900368	-7.242473	0	T:6.0(23.08%),B:5806.0(4.33%),P:1e-3	Tpos:52.4,Tstd:19.3,Bpos:49.4,Bstd:25.9,StrandBias:1.6,Multiplicity:1.33
0.005	0.001	0.550	0.444
0.224	0.112	0.554	0.110
0.224	0.001	0.553	0.222
0.109	0.219	0.671	0.001
0.219	0.120	0.222	0.439
0.001	0.002	0.109	0.888
0.219	0.003	0.222	0.556
0.003	0.003	0.775	0.219
0.109	0.002	0.001	0.888
0.002	0.001	0.329	0.668
0.665	0.110	0.110	0.115
0.329	0.222	0.230	0.219
