>ATGRGGRGTWAA	1-ATGRGGRGTWAA	7.054241	-14.066068	0	T:7.0(30.43%),B:3205.0(2.39%),P:1e-6	Tpos:49.9,Tstd:29.5,Bpos:49.6,Bstd:26.2,StrandBias:-0.7,Multiplicity:1.14
0.578	0.281	0.001	0.140
0.014	0.001	0.140	0.845
0.140	0.281	0.578	0.001
0.423	0.140	0.436	0.001
0.140	0.001	0.578	0.281
0.281	0.140	0.578	0.001
0.437	0.140	0.421	0.001
0.001	0.280	0.718	0.001
0.140	0.001	0.001	0.858
0.435	0.001	0.001	0.563
0.997	0.001	0.001	0.001
0.704	0.155	0.140	0.001
>GTTTAGTGTGCR	2-GTTTAGTGTGCR	8.034469	-9.583726	0	T:4.0(17.39%),B:1307.0(0.97%),P:1e-4	Tpos:52.0,Tstd:37.3,Bpos:49.8,Bstd:26.0,StrandBias:0.0,Multiplicity:1.00
0.195	0.195	0.609	0.001
0.010	0.001	0.001	0.988
0.218	0.196	0.196	0.391
0.197	0.206	0.011	0.586
0.609	0.195	0.001	0.195
0.401	0.001	0.597	0.001
0.196	0.196	0.197	0.412
0.001	0.195	0.609	0.195
0.001	0.001	0.001	0.997
0.001	0.001	0.997	0.001
0.001	0.793	0.205	0.001
0.391	0.011	0.391	0.207
>GGAGCATGCTGA	3-GGAGCATGCTGA	12.355432	-8.671130	0	T:1.0(4.35%),B:1.0(0.00%),P:1e-3	Tpos:74.0,Tstd:0.0,Bpos:18.0,Bstd:0.0,StrandBias:-10.0,Multiplicity:1.00
0.100	0.100	0.700	0.100
0.100	0.100	0.700	0.100
0.700	0.100	0.100	0.100
0.100	0.100	0.700	0.100
0.100	0.700	0.100	0.100
0.700	0.100	0.100	0.100
0.100	0.100	0.100	0.700
0.100	0.100	0.700	0.100
0.100	0.700	0.100	0.100
0.100	0.100	0.100	0.700
0.100	0.100	0.700	0.100
0.700	0.100	0.100	0.100
>TGGGAAAGGTTA	4-TGGGAAAGGTTA	12.355432	-7.978065	0	T:1.0(4.35%),B:2.0(0.00%),P:1e-3	Tpos:54.0,Tstd:0.0,Bpos:53.0,Bstd:19.0,StrandBias:-10.0,Multiplicity:1.00
0.100	0.100	0.100	0.700
0.100	0.100	0.700	0.100
0.100	0.100	0.700	0.100
0.100	0.100	0.700	0.100
0.700	0.100	0.100	0.100
0.700	0.100	0.100	0.100
0.700	0.100	0.100	0.100
0.100	0.100	0.700	0.100
0.100	0.100	0.700	0.100
0.100	0.100	0.100	0.700
0.100	0.100	0.100	0.700
0.700	0.100	0.100	0.100
>TCGCACAGGCAT	5-TCGCACAGGCAT	12.355432	-7.978065	0	T:1.0(4.35%),B:2.0(0.00%),P:1e-3	Tpos:70.0,Tstd:0.0,Bpos:63.5,Bstd:6.5,StrandBias:-10.0,Multiplicity:1.00
0.100	0.100	0.100	0.700
0.100	0.700	0.100	0.100
0.100	0.100	0.700	0.100
0.100	0.700	0.100	0.100
0.700	0.100	0.100	0.100
0.100	0.700	0.100	0.100
0.700	0.100	0.100	0.100
0.100	0.100	0.700	0.100
0.100	0.100	0.700	0.100
0.100	0.700	0.100	0.100
0.700	0.100	0.100	0.100
0.100	0.100	0.100	0.700
>GTGCTGCCACAC	6-GTGCTGCCACAC	12.355432	-7.978065	0	T:1.0(4.35%),B:2.0(0.00%),P:1e-3	Tpos:88.0,Tstd:0.0,Bpos:24.0,Bstd:7.0,StrandBias:10.0,Multiplicity:1.00
0.100	0.100	0.700	0.100
0.100	0.100	0.100	0.700
0.100	0.100	0.700	0.100
0.100	0.700	0.100	0.100
0.100	0.100	0.100	0.700
0.100	0.100	0.700	0.100
0.100	0.700	0.100	0.100
0.100	0.700	0.100	0.100
0.700	0.100	0.100	0.100
0.100	0.700	0.100	0.100
0.700	0.100	0.100	0.100
0.100	0.700	0.100	0.100
>ACAGGGCTGCGA	7-ACAGGGCTGCGA	12.355432	-7.978065	0	T:1.0(4.35%),B:2.0(0.00%),P:1e-3	Tpos:59.0,Tstd:0.0,Bpos:66.0,Bstd:16.0,StrandBias:-10.0,Multiplicity:1.00
0.700	0.100	0.100	0.100
0.100	0.700	0.100	0.100
0.700	0.100	0.100	0.100
0.100	0.100	0.700	0.100
0.100	0.100	0.700	0.100
0.100	0.100	0.700	0.100
0.100	0.700	0.100	0.100
0.100	0.100	0.100	0.700
0.100	0.100	0.700	0.100
0.100	0.700	0.100	0.100
0.100	0.100	0.700	0.100
0.700	0.100	0.100	0.100
>CCAAAKCAGTTC	8-CCAAAKCAGTTC	8.642952	-7.748809	0	T:3.0(13.04%),B:865.0(0.64%),P:1e-3	Tpos:57.3,Tstd:27.0,Bpos:49.4,Bstd:26.2,StrandBias:2.3,Multiplicity:2.00
0.196	0.586	0.196	0.022
0.195	0.609	0.001	0.195
0.608	0.001	0.001	0.390
0.997	0.001	0.001	0.001
0.997	0.001	0.001	0.001
0.218	0.001	0.391	0.391
0.195	0.609	0.195	0.001
0.609	0.001	0.195	0.195
0.001	0.195	0.803	0.001
0.195	0.001	0.001	0.803
0.001	0.195	0.001	0.803
0.001	0.997	0.001	0.001
