>TGGCTTCC	1-TGGCTTCC	6.583833	-14.728510	0	T:9.0(60.00%),B:7966.0(7.94%),P:1e-6	Tpos:56.7,Tstd:30.3,Bpos:50.1,Bstd:27.1,StrandBias:-0.8,Multiplicity:1.22
0.001	0.001	0.001	0.997
0.197	0.132	0.646	0.025
0.001	0.191	0.807	0.001
0.001	0.818	0.180	0.001
0.001	0.123	0.001	0.875
0.001	0.001	0.135	0.863
0.001	0.811	0.030	0.158
0.001	0.859	0.001	0.139
>AAGAAAVA	2-AAGAAAVA	6.846356	-12.309886	0	T:10.0(66.67%),B:14086.0(14.03%),P:1e-5	Tpos:44.3,Tstd:19.9,Bpos:50.3,Bstd:26.9,StrandBias:0.2,Multiplicity:1.50
0.698	0.155	0.001	0.146
0.976	0.001	0.022	0.001
0.249	0.001	0.550	0.200
0.831	0.001	0.167	0.001
0.823	0.001	0.175	0.001
0.868	0.001	0.130	0.001
0.322	0.322	0.355	0.001
0.997	0.001	0.001	0.001
>GAATGCAA	3-GAATGCAA	6.291044	-5.701672	0	T:5.0(33.33%),B:7326.0(7.30%),P:1e-2	Tpos:62.7,Tstd:25.2,Bpos:50.7,Bstd:27.5,StrandBias:1.0,Multiplicity:1.20
0.100	0.100	0.700	0.100
0.700	0.100	0.100	0.100
0.700	0.100	0.100	0.100
0.100	0.100	0.100	0.700
0.100	0.100	0.700	0.100
0.100	0.700	0.100	0.100
0.700	0.100	0.100	0.100
0.700	0.100	0.100	0.100
>ACGGATAT	4-ACGGATAT	8.236954	-5.443275	0	T:1.0(6.67%),B:29.0(0.03%),P:1e-2	Tpos:44.0,Tstd:0.0,Bpos:59.4,Bstd:23.9,StrandBias:-10.0,Multiplicity:1.00
0.700	0.100	0.100	0.100
0.100	0.700	0.100	0.100
0.100	0.100	0.700	0.100
0.100	0.100	0.700	0.100
0.700	0.100	0.100	0.100
0.100	0.100	0.100	0.700
0.700	0.100	0.100	0.100
0.100	0.100	0.100	0.700
>TGCTATAG	5-TGCTATAG	6.291044	-5.107628	0	T:4.0(26.67%),B:5164.0(5.15%),P:1e-2	Tpos:48.3,Tstd:28.7,Bpos:50.2,Bstd:26.9,StrandBias:0.0,Multiplicity:1.25
0.100	0.100	0.100	0.700
0.100	0.100	0.700	0.100
0.100	0.700	0.100	0.100
0.100	0.100	0.100	0.700
0.700	0.100	0.100	0.100
0.100	0.100	0.100	0.700
0.700	0.100	0.100	0.100
0.100	0.100	0.700	0.100
