>GAAGTCTTGT	1-GAAGTCTTGT	9.657737	-20.871989	0	T:5.0(20.83%),B:6.0(0.22%),P:1e-9,FDR:0.4	Tpos:58.2,Tstd:27.1,Bpos:46.2,Bstd:22.3,StrandBias:-2.0,Multiplicity:1.00
0.001	0.001	0.997	0.001
0.997	0.001	0.001	0.001
0.799	0.001	0.199	0.001
0.199	0.001	0.799	0.001
0.001	0.001	0.001	0.997
0.001	0.997	0.001	0.001
0.001	0.001	0.001	0.997
0.001	0.199	0.001	0.799
0.001	0.001	0.799	0.199
0.001	0.001	0.399	0.599
>AARCAGRGWR	2-AARCAGRGWR	8.377086	-14.823000	0	T:5.0(20.83%),B:17.5(0.64%),P:1e-6,FDR:0.6	Tpos:47.8,Tstd:32.4,Bpos:53.7,Bstd:24.5,StrandBias:-0.6,Multiplicity:1.00
0.997	0.001	0.001	0.001
0.997	0.001	0.001	0.001
0.547	0.001	0.451	0.001
0.001	0.951	0.047	0.001
0.997	0.001	0.001	0.001
0.001	0.001	0.997	0.001
0.547	0.001	0.451	0.001
0.001	0.001	0.997	0.001
0.451	0.001	0.001	0.547
0.547	0.001	0.451	0.001
>TTAVAGCCAG	3-TTAVAGCCAG	11.233212	-10.318382	0	T:3.0(12.50%),B:7.6(0.28%),P:1e-4,FDR:1	Tpos:65.8,Tstd:24.7,Bpos:66.2,Bstd:12.1,StrandBias:10.0,Multiplicity:2.00
0.001	0.001	0.001	0.997
0.001	0.332	0.001	0.666
0.997	0.001	0.001	0.001
0.333	0.333	0.333	0.001
0.997	0.001	0.001	0.001
0.001	0.001	0.997	0.001
0.001	0.997	0.001	0.001
0.001	0.997	0.001	0.001
0.997	0.001	0.001	0.001
0.001	0.001	0.666	0.332
>ATCCMCTSMW	4-ATCCMCTSMW	8.024813	-9.202735	0	T:4.0(16.67%),B:28.0(1.03%),P:1e-3,FDR:1	Tpos:54.3,Tstd:30.2,Bpos:46.2,Bstd:27.0,StrandBias:0.0,Multiplicity:1.50
0.997	0.001	0.001	0.001
0.001	0.034	0.001	0.964
0.001	0.997	0.001	0.001
0.001	0.969	0.001	0.029
0.547	0.451	0.001	0.001
0.001	0.997	0.001	0.001
0.001	0.001	0.001	0.997
0.001	0.547	0.451	0.001
0.451	0.547	0.001	0.001
0.547	0.001	0.001	0.451
>TGTTGCTGCT	5-TGTTGCTGCT	6.404373	-3.696823	0	T:8.0(33.33%),B:425.1(15.61%),P:1e-1,FDR:1	Tpos:49.1,Tstd:23.6,Bpos:50.5,Bstd:33.1,StrandBias:3.1,Multiplicity:1.50
0.100	0.100	0.100	0.700
0.100	0.100	0.700	0.100
0.100	0.100	0.100	0.700
0.100	0.100	0.100	0.700
0.100	0.100	0.700	0.100
0.100	0.700	0.100	0.100
0.100	0.100	0.100	0.700
0.100	0.100	0.700	0.100
0.100	0.700	0.100	0.100
0.100	0.100	0.100	0.700
>TTGGAGTGGGTG	1-TTGGAGTGGGTG	7.518483	-18.743995	0	T:7.0(29.17%),B:31.7(1.16%),P:1e-8,FDR:1	Tpos:50.8,Tstd:23.8,Bpos:45.6,Bstd:23.9,StrandBias:0.3,Multiplicity:1.57
0.020	0.001	0.001	0.978
0.001	0.001	0.160	0.838
0.160	0.001	0.838	0.001
0.321	0.001	0.677	0.001
0.677	0.001	0.161	0.161
0.001	0.001	0.997	0.001
0.001	0.001	0.160	0.838
0.321	0.001	0.677	0.001
0.001	0.001	0.997	0.001
0.321	0.001	0.677	0.001
0.001	0.001	0.001	0.997
0.001	0.001	0.838	0.160
>AATCAGAGCCAG	2-AATCAGAGCCAG	9.126624	-14.047763	0	T:3.0(12.50%),B:2.2(0.08%),P:1e-6,FDR:1	Tpos:51.2,Tstd:26.9,Bpos:67.5,Bstd:21.1,StrandBias:0.6,Multiplicity:1.67
0.997	0.001	0.001	0.001
0.825	0.001	0.173	0.001
0.001	0.001	0.173	0.825
0.001	0.997	0.001	0.001
0.997	0.001	0.001	0.001
0.001	0.001	0.997	0.001
0.997	0.001	0.001	0.001
0.001	0.001	0.997	0.001
0.001	0.997	0.001	0.001
0.001	0.997	0.001	0.001
0.997	0.001	0.001	0.001
0.001	0.173	0.825	0.001
>GGGGGTGCCCCC	3-GGGGGTGCCCCC	12.562715	-12.837150	0	T:3.0(12.50%),B:3.1(0.11%),P:1e-5,FDR:1	Tpos:29.8,Tstd:23.1,Bpos:24.2,Bstd:1.4,StrandBias:0.0,Multiplicity:1.00
0.001	0.001	0.997	0.001
0.249	0.001	0.749	0.001
0.001	0.001	0.997	0.001
0.001	0.249	0.749	0.001
0.001	0.001	0.997	0.001
0.249	0.001	0.001	0.749
0.001	0.001	0.997	0.001
0.001	0.749	0.249	0.001
0.250	0.500	0.001	0.250
0.001	0.997	0.001	0.001
0.001	0.997	0.001	0.001
0.001	0.997	0.001	0.001
>GTTGYTGCTGYT	4-GTTGYTGCTGYT	10.066738	-10.700846	0	T:4.0(16.67%),B:19.4(0.71%),P:1e-4,FDR:1	Tpos:56.4,Tstd:22.7,Bpos:46.1,Bstd:32.2,StrandBias:3.5,Multiplicity:2.25
0.018	0.192	0.789	0.001
0.001	0.213	0.001	0.785
0.001	0.001	0.191	0.807
0.021	0.001	0.960	0.018
0.213	0.384	0.001	0.402
0.001	0.001	0.001	0.997
0.213	0.001	0.594	0.192
0.001	0.977	0.001	0.021
0.017	0.001	0.001	0.981
0.383	0.001	0.615	0.001
0.001	0.402	0.195	0.402
0.001	0.017	0.001	0.981
>AACAGAGTAACC	5-AACAGAGTAACC	12.355432	-10.203963	0	T:2.0(8.33%),B:0.0(0.00%),P:1e-4,FDR:1	Tpos:55.0,Tstd:26.0,Bpos:0.0,Bstd:0.0,StrandBias:0.0,Multiplicity:1.00
0.700	0.100	0.100	0.100
0.700	0.100	0.100	0.100
0.100	0.700	0.100	0.100
0.700	0.100	0.100	0.100
0.100	0.100	0.700	0.100
0.700	0.100	0.100	0.100
0.100	0.100	0.700	0.100
0.100	0.100	0.100	0.700
0.700	0.100	0.100	0.100
0.700	0.100	0.100	0.100
0.100	0.700	0.100	0.100
0.100	0.700	0.100	0.100
>MGMGTMRT	1-MGMGTMRT	6.303654	-14.037521	0	T:6.0(25.00%),B:38.6(1.42%),P:1e-6,FDR:0.4	Tpos:56.8,Tstd:28.8,Bpos:50.5,Bstd:24.1,StrandBias:0.0,Multiplicity:1.00
0.547	0.451	0.001	0.001
0.001	0.001	0.997	0.001
0.547	0.451	0.001	0.001
0.001	0.001	0.997	0.001
0.001	0.001	0.001	0.997
0.547	0.451	0.001	0.001
0.547	0.001	0.451	0.001
0.001	0.094	0.001	0.904
>AATATTAG	2-AATATTAG	8.807174	-11.979886	0	T:3.0(12.50%),B:4.6(0.17%),P:1e-5,FDR:0.5	Tpos:51.7,Tstd:23.8,Bpos:63.0,Bstd:24.0,StrandBias:1.0,Multiplicity:1.00
0.768	0.001	0.001	0.230
0.997	0.001	0.001	0.001
0.001	0.196	0.001	0.802
0.997	0.001	0.001	0.001
0.001	0.001	0.163	0.835
0.001	0.001	0.001	0.997
0.821	0.001	0.177	0.001
0.001	0.001	0.997	0.001
>GCCCGAGA	3-GCCCGAGA	7.781389	-10.023714	0	T:6.0(25.00%),B:77.1(2.83%),P:1e-4,FDR:0.8	Tpos:50.7,Tstd:23.9,Bpos:49.2,Bstd:37.5,StrandBias:-0.3,Multiplicity:1.50
0.128	0.001	0.644	0.227
0.001	0.997	0.001	0.001
0.001	0.997	0.001	0.001
0.083	0.670	0.129	0.118
0.001	0.086	0.912	0.001
0.997	0.001	0.001	0.001
0.001	0.001	0.997	0.001
0.997	0.001	0.001	0.001
>GTGGVTGG	4-GTGGVTGG	6.443526	-7.917516	0	T:10.0(41.67%),B:343.8(12.62%),P:1e-3,FDR:0.85	Tpos:47.6,Tstd:26.5,Bpos:50.4,Bstd:34.2,StrandBias:0.2,Multiplicity:1.50
0.001	0.273	0.725	0.001
0.001	0.001	0.123	0.875
0.001	0.273	0.725	0.001
0.080	0.001	0.918	0.001
0.274	0.274	0.371	0.081
0.001	0.273	0.001	0.725
0.001	0.001	0.997	0.001
0.001	0.001	0.809	0.189
>TGTTGTTG	5-TGTTGTTG	2.704833	-3.132268	0	T:8.0(33.33%),B:472.5(17.35%),P:1e-1,FDR:1	Tpos:48.5,Tstd:26.7,Bpos:51.3,Bstd:33.1,StrandBias:3.8,Multiplicity:1.38
0.001	0.001	0.001	0.997
0.258	0.001	0.740	0.001
0.001	0.226	0.001	0.772
0.001	0.001	0.001	0.997
0.001	0.001	0.997	0.001
0.001	0.300	0.001	0.698
0.001	0.001	0.001	0.997
0.001	0.001	0.997	0.001
