>ACCHCTGGGA	1-ACCHCTGGGA	9.636165	-11.862021	0	T:3.0(75.00%),B:23.0(1.21%),P:1e-5	Tpos:48.3,Tstd:15.0,Bpos:45.8,Bstd:31.4,StrandBias:-1.0,Multiplicity:1.00
0.683	0.001	0.315	0.001
0.001	0.683	0.315	0.001
0.001	0.683	0.001	0.315
0.316	0.367	0.001	0.316
0.001	0.997	0.001	0.001
0.001	0.001	0.001	0.997
0.001	0.001	0.683	0.315
0.043	0.001	0.955	0.001
0.001	0.050	0.948	0.001
0.955	0.043	0.001	0.001
>CWCMRAYTMC	2-CWCMRAYTMC	8.763168	-8.707218	0	T:2.0(50.00%),B:10.0(0.53%),P:1e-3	Tpos:35.7,Tstd:17.6,Bpos:50.4,Bstd:27.2,StrandBias:-1.0,Multiplicity:1.50
0.001	0.997	0.001	0.001
0.462	0.001	0.001	0.536
0.001	0.997	0.001	0.001
0.462	0.536	0.001	0.001
0.462	0.001	0.536	0.001
0.997	0.001	0.001	0.001
0.075	0.462	0.001	0.462
0.001	0.001	0.001	0.997
0.462	0.536	0.001	0.001
0.001	0.997	0.001	0.001
>GGCTCCACGA	3-GGCTCCACGA	5.791626	-6.885231	0	T:2.0(50.00%),B:25.0(1.32%),P:1e-2	Tpos:73.0,Tstd:23.0,Bpos:53.2,Bstd:29.3,StrandBias:0.0,Multiplicity:1.00
0.138	0.001	0.860	0.001
0.001	0.001	0.997	0.001
0.120	0.860	0.019	0.001
0.001	0.001	0.001	0.997
0.001	0.879	0.001	0.119
0.001	0.997	0.001	0.001
0.997	0.001	0.001	0.001
0.001	0.860	0.138	0.001
0.001	0.001	0.997	0.001
0.997	0.001	0.001	0.001
>TTTTGTTTTT	4-TTTTGTTTTT	8.350283	-5.516703	0	T:2.0(50.00%),B:50.0(2.63%),P:1e-2	Tpos:71.5,Tstd:22.5,Bpos:45.9,Bstd:29.0,StrandBias:-10.0,Multiplicity:1.00
0.100	0.100	0.100	0.700
0.100	0.100	0.100	0.700
0.100	0.100	0.100	0.700
0.100	0.100	0.100	0.700
0.100	0.100	0.700	0.100
0.100	0.100	0.100	0.700
0.100	0.100	0.100	0.700
0.100	0.100	0.100	0.700
0.100	0.100	0.100	0.700
0.100	0.100	0.100	0.700
>CAGGGGTTGG	5-CAGGGGTTGG	10.296193	-5.470695	0	T:1.0(25.00%),B:2.0(0.11%),P:1e-2	Tpos:74.0,Tstd:0.0,Bpos:55.0,Bstd:35.0,StrandBias:-10.0,Multiplicity:1.00
0.100	0.700	0.100	0.100
0.700	0.100	0.100	0.100
0.100	0.100	0.700	0.100
0.100	0.100	0.700	0.100
0.100	0.100	0.700	0.100
0.100	0.100	0.700	0.100
0.100	0.100	0.100	0.700
0.100	0.100	0.100	0.700
0.100	0.100	0.700	0.100
0.100	0.100	0.700	0.100
