>RKRKYATYAWGG	1-RKRKYATYAWGG	11.287707	-13.306055	0	T:2.0(50.00%),B:1.0(0.05%),P:1e-5	Tpos:65.5,Tstd:14.5,Bpos:61.0,Bstd:0.0,StrandBias:10.0,Multiplicity:1.00
0.536	0.001	0.462	0.001
0.001	0.001	0.536	0.462
0.462	0.075	0.462	0.001
0.001	0.001	0.462	0.536
0.001	0.536	0.001	0.462
0.924	0.001	0.074	0.001
0.001	0.001	0.001	0.997
0.001	0.462	0.001	0.536
0.997	0.001	0.001	0.001
0.462	0.001	0.075	0.462
0.001	0.001	0.997	0.001
0.001	0.001	0.997	0.001
>YCWGCTSYCTSC	2-YCWGCTSYCTSC	12.974648	-9.726052	0	T:2.0(50.00%),B:6.0(0.32%),P:1e-4	Tpos:43.0,Tstd:19.0,Bpos:53.5,Bstd:12.0,StrandBias:0.0,Multiplicity:1.00
0.001	0.536	0.001	0.462
0.001	0.924	0.074	0.001
0.536	0.001	0.001	0.462
0.001	0.001	0.997	0.001
0.001	0.997	0.001	0.001
0.001	0.001	0.001	0.997
0.001	0.462	0.462	0.075
0.001	0.536	0.001	0.462
0.001	0.997	0.001	0.001
0.001	0.001	0.001	0.997
0.001	0.462	0.536	0.001
0.001	0.997	0.001	0.001
>WGNAWCCACTTC	3-WGNAWCCACTTC	9.345368	-9.418455	0	T:2.0(50.00%),B:7.0(0.37%),P:1e-4	Tpos:10.0,Tstd:4.0,Bpos:50.6,Bstd:34.0,StrandBias:10.0,Multiplicity:1.00
0.518	0.001	0.001	0.480
0.001	0.239	0.759	0.001
0.240	0.240	0.279	0.240
0.480	0.001	0.240	0.279
0.518	0.001	0.001	0.480
0.240	0.519	0.240	0.001
0.001	0.997	0.001	0.001
0.759	0.001	0.001	0.239
0.001	0.997	0.001	0.001
0.001	0.279	0.240	0.480
0.001	0.239	0.001	0.759
0.240	0.519	0.001	0.240
>CAGCCCCCACAA	4-CAGCCCCCACAA	12.355432	-6.163052	0	T:1.0(25.00%),B:1.0(0.05%),P:1e-2	Tpos:21.0,Tstd:0.0,Bpos:26.0,Bstd:0.0,StrandBias:10.0,Multiplicity:1.00
0.100	0.700	0.100	0.100
0.700	0.100	0.100	0.100
0.100	0.100	0.700	0.100
0.100	0.700	0.100	0.100
0.100	0.700	0.100	0.100
0.100	0.700	0.100	0.100
0.100	0.700	0.100	0.100
0.100	0.700	0.100	0.100
0.700	0.100	0.100	0.100
0.100	0.700	0.100	0.100
0.700	0.100	0.100	0.100
0.700	0.100	0.100	0.100
>GAGAAGCATGGT	5-GAGAAGCATGGT	12.355432	-5.470695	0	T:1.0(25.00%),B:2.0(0.11%),P:1e-2	Tpos:33.0,Tstd:0.0,Bpos:39.5,Bstd:5.5,StrandBias:10.0,Multiplicity:1.00
0.100	0.100	0.700	0.100
0.700	0.100	0.100	0.100
0.100	0.100	0.700	0.100
0.700	0.100	0.100	0.100
0.700	0.100	0.100	0.100
0.100	0.100	0.700	0.100
0.100	0.700	0.100	0.100
0.700	0.100	0.100	0.100
0.100	0.100	0.100	0.700
0.100	0.100	0.700	0.100
0.100	0.100	0.700	0.100
0.100	0.100	0.100	0.700
