>AMTACAAAGTAT	1-AMTACAAAGTAT	4.538204	-16.244773	0	T:20.0(83.33%),B:931.0(29.85%),P:1e-7	Tpos:48.5,Tstd:21.9,Bpos:50.9,Bstd:25.5,StrandBias:0.2,Multiplicity:1.70
0.686	0.122	0.125	0.067
0.270	0.409	0.241	0.080
0.162	0.121	0.149	0.568
0.718	0.080	0.122	0.080
0.083	0.728	0.149	0.040
0.798	0.121	0.001	0.080
0.714	0.083	0.082	0.121
0.757	0.001	0.040	0.202
0.001	0.281	0.558	0.160
0.241	0.080	0.121	0.558
0.678	0.080	0.202	0.040
0.001	0.160	0.001	0.838
>TTTTTTTTTTAA	2-TTTTTTTTTTAA	9.109254	-12.007127	0	T:6.0(25.00%),B:62.0(1.99%),P:1e-5	Tpos:58.8,Tstd:29.0,Bpos:47.6,Bstd:26.4,StrandBias:-0.5,Multiplicity:1.00
0.001	0.001	0.001	0.997
0.124	0.001	0.001	0.874
0.001	0.001	0.001	0.997
0.001	0.001	0.124	0.874
0.001	0.001	0.008	0.990
0.124	0.001	0.001	0.874
0.124	0.001	0.001	0.874
0.250	0.250	0.001	0.498
0.250	0.018	0.001	0.731
0.250	0.125	0.001	0.624
0.652	0.097	0.001	0.250
0.776	0.001	0.001	0.222
>TAVCCCTAGCHA	3-TAVCCCTAGCHA	10.186307	-11.664404	0	T:4.0(16.67%),B:17.0(0.55%),P:1e-5	Tpos:53.8,Tstd:15.8,Bpos:46.3,Bstd:20.8,StrandBias:1.6,Multiplicity:1.00
0.001	0.001	0.001	0.997
0.658	0.001	0.001	0.340
0.312	0.312	0.376	0.001
0.001	0.997	0.001	0.001
0.001	0.658	0.001	0.340
0.340	0.658	0.001	0.001
0.001	0.001	0.001	0.997
0.681	0.001	0.317	0.001
0.311	0.001	0.687	0.001
0.311	0.687	0.001	0.001
0.341	0.341	0.001	0.318
0.658	0.029	0.001	0.312
>CCVTGTATGTAG	4-CCVTGTATGTAG	9.330825	-11.229770	0	T:4.0(16.67%),B:19.0(0.61%),P:1e-4	Tpos:64.8,Tstd:18.1,Bpos:33.8,Bstd:25.4,StrandBias:0.0,Multiplicity:1.00
0.001	0.634	0.364	0.001
0.317	0.627	0.003	0.053
0.367	0.317	0.314	0.001
0.368	0.005	0.001	0.626
0.007	0.056	0.936	0.001
0.368	0.001	0.002	0.629
0.676	0.322	0.001	0.001
0.001	0.001	0.001	0.997
0.001	0.364	0.634	0.001
0.315	0.001	0.002	0.682
0.684	0.001	0.314	0.001
0.001	0.001	0.684	0.314
>KRACAMTMTASM	5-KRACAMTMTASM	12.001496	-10.474836	0	T:2.0(8.33%),B:1.0(0.03%),P:1e-4	Tpos:53.0,Tstd:4.0,Bpos:20.0,Bstd:0.0,StrandBias:0.0,Multiplicity:1.00
0.001	0.001	0.453	0.545
0.453	0.093	0.453	0.001
0.922	0.001	0.001	0.076
0.001	0.997	0.001	0.001
0.997	0.001	0.001	0.001
0.453	0.545	0.001	0.001
0.001	0.001	0.001	0.997
0.453	0.453	0.093	0.001
0.076	0.001	0.001	0.922
0.922	0.001	0.001	0.076
0.001	0.453	0.545	0.001
0.545	0.453	0.001	0.001
