>TCATAGATGAGG	1-TCATAGATGAGG	9.144105	-20.147683	0	T:4.0(16.67%),B:2.0(0.06%),P:1e-8	Tpos:46.6,Tstd:11.1,Bpos:51.0,Bstd:22.0,StrandBias:-0.6,Multiplicity:1.00
0.311	0.001	0.001	0.687
0.001	0.687	0.001	0.311
0.997	0.001	0.001	0.001
0.001	0.354	0.021	0.624
0.997	0.001	0.001	0.001
0.001	0.001	0.623	0.375
0.645	0.021	0.333	0.001
0.311	0.001	0.001	0.687
0.001	0.001	0.997	0.001
0.997	0.001	0.001	0.001
0.001	0.001	0.997	0.001
0.001	0.332	0.666	0.001
>GTGAAGCAGTGG	2-GTGAAGCAGTGG	11.876581	-16.528022	0	T:3.0(12.50%),B:1.0(0.03%),P:1e-7	Tpos:69.7,Tstd:19.6,Bpos:36.0,Bstd:0.0,StrandBias:-1.0,Multiplicity:1.00
0.001	0.249	0.749	0.001
0.001	0.001	0.001	0.997
0.001	0.001	0.997	0.001
0.749	0.001	0.001	0.249
0.500	0.001	0.250	0.250
0.001	0.001	0.997	0.001
0.001	0.997	0.001	0.001
0.500	0.250	0.001	0.250
0.250	0.001	0.500	0.250
0.001	0.001	0.001	0.997
0.001	0.001	0.749	0.249
0.001	0.001	0.997	0.001
>KTGTKGVAGTGG	3-KTGTKGVAGTGG	6.985687	-13.525919	0	T:7.0(29.17%),B:77.0(2.47%),P:1e-5	Tpos:54.2,Tstd:22.4,Bpos:47.0,Bstd:26.2,StrandBias:0.8,Multiplicity:1.57
0.001	0.052	0.521	0.426
0.022	0.001	0.260	0.717
0.001	0.294	0.704	0.001
0.001	0.001	0.001	0.997
0.001	0.260	0.313	0.426
0.001	0.036	0.962	0.001
0.291	0.281	0.426	0.001
0.738	0.001	0.001	0.260
0.001	0.001	0.997	0.001
0.294	0.001	0.001	0.704
0.001	0.001	0.997	0.001
0.001	0.312	0.686	0.001
>ATTCAGAAGGGA	4-ATTCAGAAGGGA	7.928065	-13.242283	0	T:3.0(12.50%),B:3.0(0.10%),P:1e-5	Tpos:41.7,Tstd:22.1,Bpos:47.7,Bstd:17.3,StrandBias:2.3,Multiplicity:2.00
0.997	0.001	0.001	0.001
0.001	0.001	0.169	0.829
0.001	0.001	0.001	0.997
0.001	0.997	0.001	0.001
0.914	0.001	0.001	0.084
0.001	0.001	0.914	0.084
0.914	0.001	0.084	0.001
0.997	0.001	0.001	0.001
0.001	0.001	0.997	0.001
0.084	0.001	0.914	0.001
0.169	0.001	0.829	0.001
0.997	0.001	0.001	0.001
>CTKRGTAGAAGA	5-CTKRGTAGAAGA	9.475513	-9.093242	0	T:2.0(8.33%),B:2.0(0.06%),P:1e-3	Tpos:58.2,Tstd:30.1,Bpos:70.0,Bstd:10.0,StrandBias:10.0,Multiplicity:2.50
0.001	0.997	0.001	0.001
0.001	0.001	0.001	0.997
0.001	0.001	0.453	0.545
0.453	0.001	0.545	0.001
0.001	0.030	0.968	0.001
0.030	0.001	0.001	0.968
0.997	0.001	0.001	0.001
0.001	0.001	0.997	0.001
0.997	0.001	0.001	0.001
0.906	0.001	0.092	0.001
0.001	0.001	0.997	0.001
0.997	0.001	0.001	0.001
