>AGTTAATTGAAY	1-AGTTAATTGAAY	9.025280	-12.416384	0	T:3.0(30.00%),B:437.0(0.33%),P:1e-5	Tpos:25.8,Tstd:16.3,Bpos:49.2,Bstd:25.1,StrandBias:0.0,Multiplicity:1.00
0.731	0.025	0.001	0.243
0.243	0.269	0.487	0.001
0.001	0.243	0.001	0.755
0.001	0.001	0.001	0.997
0.513	0.243	0.001	0.243
0.513	0.243	0.243	0.001
0.243	0.243	0.001	0.513
0.001	0.022	0.001	0.976
0.244	0.023	0.490	0.244
0.976	0.001	0.001	0.022
0.976	0.001	0.001	0.022
0.025	0.487	0.001	0.487
>ASTAVTATGWBG	2-ASTAVTATGWBG	6.661195	-11.529438	0	T:5.0(50.00%),B:4563.0(3.39%),P:1e-5	Tpos:38.3,Tstd:30.5,Bpos:50.4,Bstd:26.2,StrandBias:-0.4,Multiplicity:1.20
0.509	0.327	0.001	0.163
0.164	0.328	0.345	0.164
0.163	0.001	0.001	0.835
0.508	0.164	0.164	0.164
0.328	0.328	0.181	0.164
0.001	0.001	0.001	0.997
0.671	0.001	0.327	0.001
0.001	0.001	0.001	0.997
0.001	0.327	0.671	0.001
0.490	0.001	0.001	0.508
0.001	0.327	0.344	0.327
0.001	0.163	0.509	0.327
>VHCCAAMARCCG	3-VHCCAAMARCCG	6.292015	-9.775931	0	T:6.0(60.00%),B:11366.0(8.45%),P:1e-4	Tpos:63.8,Tstd:22.6,Bpos:49.8,Bstd:25.9,StrandBias:-1.0,Multiplicity:1.33
0.328	0.181	0.328	0.164
0.328	0.179	0.165	0.328
0.001	0.997	0.001	0.001
0.163	0.673	0.163	0.001
0.673	0.163	0.001	0.163
0.671	0.327	0.001	0.001
0.491	0.344	0.163	0.001
0.821	0.163	0.015	0.001
0.490	0.001	0.508	0.001
0.001	0.835	0.001	0.163
0.328	0.493	0.164	0.016
0.001	0.327	0.671	0.001
>TTCTGCACTGCA	4-TTCTGCACTGCA	12.355432	-8.813201	0	T:1.0(10.00%),B:2.0(0.00%),P:1e-3	Tpos:94.0,Tstd:0.0,Bpos:59.5,Bstd:28.5,StrandBias:10.0,Multiplicity:1.00
0.100	0.100	0.100	0.700
0.100	0.100	0.100	0.700
0.100	0.700	0.100	0.100
0.100	0.100	0.100	0.700
0.100	0.100	0.700	0.100
0.100	0.700	0.100	0.100
0.700	0.100	0.100	0.100
0.100	0.700	0.100	0.100
0.100	0.100	0.100	0.700
0.100	0.100	0.700	0.100
0.100	0.700	0.100	0.100
0.700	0.100	0.100	0.100
>TTTAAAGGAGCA	5-TTTAAAGGAGCA	12.355432	-8.813201	0	T:1.0(10.00%),B:2.0(0.00%),P:1e-3	Tpos:59.0,Tstd:0.0,Bpos:26.5,Bstd:18.5,StrandBias:10.0,Multiplicity:1.00
0.100	0.100	0.100	0.700
0.100	0.100	0.100	0.700
0.100	0.100	0.100	0.700
0.700	0.100	0.100	0.100
0.700	0.100	0.100	0.100
0.700	0.100	0.100	0.100
0.100	0.100	0.700	0.100
0.100	0.100	0.700	0.100
0.700	0.100	0.100	0.100
0.100	0.100	0.700	0.100
0.100	0.700	0.100	0.100
0.700	0.100	0.100	0.100
>TCACACCCTAGA	6-TCACACCCTAGA	12.355432	-8.813201	0	T:1.0(10.00%),B:2.0(0.00%),P:1e-3	Tpos:9.0,Tstd:0.0,Bpos:88.0,Bstd:5.0,StrandBias:10.0,Multiplicity:1.00
0.100	0.100	0.100	0.700
0.100	0.700	0.100	0.100
0.700	0.100	0.100	0.100
0.100	0.700	0.100	0.100
0.700	0.100	0.100	0.100
0.100	0.700	0.100	0.100
0.100	0.700	0.100	0.100
0.100	0.700	0.100	0.100
0.100	0.100	0.100	0.700
0.700	0.100	0.100	0.100
0.100	0.100	0.700	0.100
0.700	0.100	0.100	0.100
>CGCTTTTCCAGG	7-CGCTTTTCCAGG	12.355432	-8.813201	0	T:1.0(10.00%),B:2.0(0.00%),P:1e-3	Tpos:6.0,Tstd:0.0,Bpos:60.0,Bstd:2.0,StrandBias:10.0,Multiplicity:1.00
0.100	0.700	0.100	0.100
0.100	0.100	0.700	0.100
0.100	0.700	0.100	0.100
0.100	0.100	0.100	0.700
0.100	0.100	0.100	0.700
0.100	0.100	0.100	0.700
0.100	0.100	0.100	0.700
0.100	0.700	0.100	0.100
0.100	0.700	0.100	0.100
0.700	0.100	0.100	0.100
0.100	0.100	0.700	0.100
0.100	0.100	0.700	0.100
>CTGCTAGACTGC	8-CTGCTAGACTGC	12.355432	-8.813201	0	T:1.0(10.00%),B:2.0(0.00%),P:1e-3	Tpos:75.0,Tstd:0.0,Bpos:38.0,Bstd:9.0,StrandBias:-10.0,Multiplicity:1.00
0.100	0.700	0.100	0.100
0.100	0.100	0.100	0.700
0.100	0.100	0.700	0.100
0.100	0.700	0.100	0.100
0.100	0.100	0.100	0.700
0.700	0.100	0.100	0.100
0.100	0.100	0.700	0.100
0.700	0.100	0.100	0.100
0.100	0.700	0.100	0.100
0.100	0.100	0.100	0.700
0.100	0.100	0.700	0.100
0.100	0.700	0.100	0.100
