>GGAACGCC	1-GGAACGCC	8.298719	-15.732745	0	T:6.0(11.54%),B:14.0(0.45%),P:1e-6	Tpos:57.5,Tstd:18.3,Bpos:59.1,Bstd:29.9,StrandBias:1.0,Multiplicity:1.00
0.001	0.001	0.997	0.001
0.218	0.001	0.780	0.001
0.997	0.001	0.001	0.001
0.780	0.218	0.001	0.001
0.100	0.737	0.052	0.111
0.001	0.001	0.919	0.079
0.001	0.997	0.001	0.001
0.001	0.997	0.001	0.001
>CAMTTCTC	2-CAMTTCTC	8.492550	-13.291175	0	T:7.0(13.46%),B:34.0(1.10%),P:1e-5	Tpos:68.4,Tstd:25.1,Bpos:50.2,Bstd:25.8,StrandBias:0.7,Multiplicity:1.14
0.237	0.733	0.001	0.029
0.997	0.001	0.001	0.001
0.373	0.488	0.016	0.123
0.001	0.001	0.001	0.997
0.001	0.001	0.001	0.997
0.001	0.791	0.113	0.095
0.001	0.401	0.001	0.597
0.005	0.662	0.005	0.328
>CATAGTTA	3-CATAGTTA	7.348771	-12.523133	0	T:10.0(19.23%),B:95.0(3.07%),P:1e-5	Tpos:44.6,Tstd:29.9,Bpos:47.8,Bstd:25.1,StrandBias:1.4,Multiplicity:1.80
0.097	0.827	0.001	0.075
0.923	0.075	0.001	0.001
0.088	0.001	0.057	0.854
0.786	0.001	0.187	0.026
0.001	0.001	0.997	0.001
0.001	0.001	0.001	0.997
0.182	0.001	0.057	0.760
0.918	0.001	0.001	0.080
>TGCGGATG	4-TGCGGATG	7.843413	-10.346643	0	T:6.0(11.54%),B:36.0(1.16%),P:1e-4	Tpos:66.7,Tstd:21.2,Bpos:54.2,Bstd:26.5,StrandBias:0.0,Multiplicity:1.00
0.001	0.001	0.001	0.997
0.115	0.001	0.883	0.001
0.057	0.861	0.081	0.001
0.081	0.001	0.840	0.078
0.188	0.081	0.730	0.001
0.873	0.125	0.001	0.001
0.001	0.001	0.001	0.997
0.001	0.001	0.997	0.001
>ACCAATGG	5-ACCAATGG	9.866348	-6.283707	0	T:4.0(7.69%),B:31.0(1.00%),P:1e-2	Tpos:36.4,Tstd:17.4,Bpos:48.4,Bstd:26.3,StrandBias:2.0,Multiplicity:1.25
0.609	0.001	0.389	0.001
0.001	0.997	0.001	0.001
0.001	0.997	0.001	0.001
0.929	0.069	0.001	0.001
0.826	0.001	0.001	0.172
0.001	0.001	0.001	0.997
0.001	0.001	0.997	0.001
0.001	0.001	0.997	0.001
