>GTADATGAGG	1-GTADATGAGG	7.807192	-15.563356	0	T:13.0(25.00%),B:130.0(4.21%),P:1e-6	Tpos:54.8,Tstd:23.6,Bpos:49.4,Bstd:24.5,StrandBias:0.5,Multiplicity:1.31
0.001	0.001	0.997	0.001
0.172	0.181	0.001	0.646
0.912	0.001	0.001	0.086
0.292	0.001	0.363	0.344
0.997	0.001	0.001	0.001
0.001	0.001	0.171	0.827
0.171	0.001	0.827	0.001
0.636	0.001	0.362	0.001
0.344	0.001	0.654	0.001
0.172	0.018	0.809	0.001
>CAAAATKCST	2-CAAAATKCST	7.098421	-14.024358	0	T:5.0(9.62%),B:10.0(0.32%),P:1e-6	Tpos:48.7,Tstd:24.5,Bpos:47.9,Bstd:20.5,StrandBias:1.3,Multiplicity:1.40
0.001	0.997	0.001	0.001
0.997	0.001	0.001	0.001
0.916	0.001	0.082	0.001
0.916	0.082	0.001	0.001
0.947	0.001	0.001	0.051
0.001	0.001	0.001	0.997
0.001	0.001	0.445	0.553
0.001	0.997	0.001	0.001
0.001	0.553	0.445	0.001
0.001	0.001	0.001	0.997
>GTACTGAGAG	3-GTACTGAGAG	8.410767	-12.160994	0	T:10.0(19.23%),B:99.0(3.20%),P:1e-5	Tpos:46.4,Tstd:29.5,Bpos:47.4,Bstd:24.2,StrandBias:1.6,Multiplicity:1.20
0.001	0.135	0.729	0.135
0.001	0.135	0.203	0.661
0.679	0.001	0.068	0.252
0.001	0.857	0.135	0.007
0.247	0.142	0.001	0.610
0.001	0.381	0.617	0.001
0.997	0.001	0.001	0.001
0.111	0.001	0.887	0.001
0.997	0.001	0.001	0.001
0.006	0.001	0.992	0.001
>TTGTGGRAKG	4-TTGTGGRAKG	10.431492	-10.845219	0	T:3.0(5.77%),B:3.0(0.10%),P:1e-4	Tpos:42.0,Tstd:19.2,Bpos:59.3,Bstd:21.8,StrandBias:2.3,Multiplicity:2.00
0.001	0.001	0.001	0.997
0.001	0.001	0.001	0.997
0.001	0.001	0.997	0.001
0.001	0.001	0.001	0.997
0.108	0.001	0.890	0.001
0.001	0.001	0.997	0.001
0.445	0.001	0.553	0.001
0.997	0.001	0.001	0.001
0.001	0.001	0.553	0.445
0.001	0.001	0.997	0.001
>GGHAGGCCTG	5-GGHAGGCCTG	7.710659	-10.552761	0	T:8.0(15.38%),B:72.0(2.33%),P:1e-4	Tpos:49.2,Tstd:30.2,Bpos:48.3,Bstd:26.2,StrandBias:-0.7,Multiplicity:1.25
0.001	0.145	0.853	0.001
0.001	0.146	0.562	0.291
0.327	0.381	0.001	0.291
0.764	0.146	0.001	0.089
0.001	0.001	0.997	0.001
0.145	0.001	0.853	0.001
0.001	0.997	0.001	0.001
0.001	0.853	0.145	0.001
0.001	0.001	0.001	0.997
0.001	0.001	0.853	0.145
