>CCATCCTG	1-CCATCCTG	10.756184	-10.685153	0	T:5.0(9.62%),B:20.0(0.65%),P:1e-4	Tpos:50.6,Tstd:31.0,Bpos:43.0,Bstd:20.2,StrandBias:-2.0,Multiplicity:1.00
0.001	0.997	0.001	0.001
0.001	0.835	0.001	0.163
0.997	0.001	0.001	0.001
0.001	0.001	0.125	0.873
0.001	0.997	0.001	0.001
0.001	0.997	0.001	0.001
0.001	0.001	0.001	0.997
0.001	0.001	0.997	0.001
>GTTRTTAT	2-GTTRTTAT	7.048400	-9.899855	0	T:8.0(15.38%),B:79.0(2.56%),P:1e-4	Tpos:52.1,Tstd:29.9,Bpos:52.9,Bstd:26.2,StrandBias:-1.4,Multiplicity:1.38
0.126	0.001	0.872	0.001
0.001	0.001	0.086	0.912
0.213	0.001	0.125	0.661
0.556	0.001	0.442	0.001
0.143	0.001	0.001	0.855
0.001	0.344	0.001	0.654
0.997	0.001	0.001	0.001
0.001	0.127	0.155	0.717
>AACAGTGT	3-AACAGTGT	7.306062	-9.331729	0	T:10.0(19.23%),B:138.0(4.46%),P:1e-4	Tpos:58.9,Tstd:26.1,Bpos:49.2,Bstd:26.5,StrandBias:-0.3,Multiplicity:1.10
0.484	0.216	0.001	0.299
0.861	0.001	0.137	0.001
0.001	0.847	0.151	0.001
0.921	0.001	0.001	0.077
0.001	0.416	0.582	0.001
0.125	0.001	0.001	0.873
0.001	0.001	0.997	0.001
0.152	0.138	0.126	0.584
>TATCTATG	4-TATCTATG	9.337303	-8.989927	0	T:4.0(7.69%),B:15.0(0.49%),P:1e-3	Tpos:64.3,Tstd:26.7,Bpos:41.2,Bstd:20.0,StrandBias:2.3,Multiplicity:1.50
0.001	0.001	0.001	0.997
0.997	0.001	0.001	0.001
0.001	0.001	0.001	0.997
0.001	0.997	0.001	0.001
0.209	0.001	0.001	0.789
0.997	0.001	0.001	0.001
0.001	0.001	0.001	0.997
0.001	0.154	0.844	0.001
>TTKTTTTT	5-TTKTTTTT	6.352696	-4.806321	0	T:12.0(23.08%),B:333.0(10.77%),P:1e-2	Tpos:44.0,Tstd:27.6,Bpos:48.8,Bstd:25.9,StrandBias:-0.5,Multiplicity:1.42
0.001	0.003	0.172	0.824
0.048	0.001	0.271	0.680
0.109	0.083	0.380	0.427
0.001	0.089	0.159	0.751
0.001	0.002	0.237	0.760
0.132	0.063	0.159	0.646
0.137	0.004	0.264	0.595
0.001	0.083	0.238	0.678
