>CATAAAGT	1-CATAAAGT	7.859946	-19.584757	0	T:9.0(19.15%),B:33.3(1.16%),P:1e-8,FDR:0.2	Tpos:48.8,Tstd:22.4,Bpos:47.5,Bstd:28.8,StrandBias:0.3,Multiplicity:1.00
0.085	0.913	0.001	0.001
0.886	0.112	0.001	0.001
0.086	0.001	0.056	0.857
0.997	0.001	0.001	0.001
0.875	0.123	0.001	0.001
0.830	0.001	0.168	0.001
0.001	0.112	0.886	0.001
0.112	0.001	0.001	0.886
>TTGTGAGC	2-TTGTGAGC	6.695471	-16.237302	0	T:13.0(27.66%),B:128.4(4.46%),P:1e-7,FDR:0.2	Tpos:42.6,Tstd:24.9,Bpos:51.2,Bstd:25.4,StrandBias:0.2,Multiplicity:1.00
0.001	0.001	0.118	0.880
0.001	0.001	0.118	0.880
0.001	0.001	0.997	0.001
0.126	0.001	0.144	0.729
0.001	0.001	0.997	0.001
0.997	0.001	0.001	0.001
0.001	0.001	0.997	0.001
0.001	0.886	0.112	0.001
>CCAGCATC	3-CCAGCATC	7.800045	-16.053704	0	T:12.0(25.53%),B:107.2(3.72%),P:1e-6,FDR:0.2	Tpos:57.2,Tstd:21.4,Bpos:52.3,Bstd:32.5,StrandBias:-10.0,Multiplicity:1.00
0.001	0.795	0.092	0.112
0.001	0.997	0.001	0.001
0.997	0.001	0.001	0.001
0.001	0.001	0.895	0.103
0.083	0.765	0.001	0.151
0.939	0.059	0.001	0.001
0.223	0.044	0.001	0.732
0.001	0.923	0.075	0.001
>TGCCTATC	4-TGCCTATC	9.781968	-14.274547	0	T:4.0(8.51%),B:4.7(0.16%),P:1e-6,FDR:0.3	Tpos:62.5,Tstd:23.3,Bpos:58.9,Bstd:19.8,StrandBias:-1.6,Multiplicity:1.00
0.001	0.001	0.001	0.997
0.001	0.001	0.997	0.001
0.001	0.997	0.001	0.001
0.001	0.997	0.001	0.001
0.001	0.001	0.001	0.997
0.997	0.001	0.001	0.001
0.001	0.276	0.001	0.722
0.001	0.997	0.001	0.001
>GCAATGCC	5-GCAATGCC	7.508798	-9.329785	0	T:8.0(17.02%),B:89.5(3.11%),P:1e-4,FDR:0.68	Tpos:44.2,Tstd:31.0,Bpos:51.3,Bstd:33.0,StrandBias:-0.8,Multiplicity:1.38
0.001	0.001	0.997	0.001
0.310	0.688	0.001	0.001
0.899	0.099	0.001	0.001
0.997	0.001	0.001	0.001
0.089	0.001	0.001	0.909
0.001	0.001	0.997	0.001
0.085	0.604	0.310	0.001
0.247	0.751	0.001	0.001
