>CTGGTTRCTG	1-CTGGTTRCTG	10.207896	-27.016298	0	T:17.0(8.72%),B:1322.6(0.85%),P:1e-11,FDR:0.2	Tpos:54.3,Tstd:23.0,Bpos:50.5,Bstd:33.9,StrandBias:0.7,Multiplicity:1.06
0.001	0.593	0.405	0.001
0.001	0.001	0.306	0.692
0.001	0.001	0.997	0.001
0.001	0.001	0.997	0.001
0.001	0.001	0.231	0.767
0.001	0.001	0.001	0.997
0.565	0.001	0.421	0.013
0.001	0.997	0.001	0.001
0.001	0.001	0.001	0.997
0.342	0.001	0.656	0.001
>TCAAATGAGG	2-TCAAATGAGG	8.193090	-25.502778	0	T:19.0(9.74%),B:1928.4(1.24%),P:1e-11,FDR:0.2	Tpos:57.0,Tstd:27.6,Bpos:50.6,Bstd:32.1,StrandBias:1.3,Multiplicity:1.17
0.238	0.122	0.052	0.588
0.001	0.925	0.001	0.073
0.835	0.043	0.001	0.121
0.888	0.001	0.110	0.001
0.997	0.001	0.001	0.001
0.051	0.001	0.113	0.835
0.049	0.040	0.837	0.074
0.750	0.001	0.127	0.122
0.173	0.001	0.752	0.074
0.107	0.052	0.608	0.233
>GCGACGCATC	3-GCGACGCATC	4.791458	-22.349857	0	T:9.0(4.62%),B:291.0(0.19%),P:1e-9,FDR:0.2	Tpos:59.8,Tstd:35.0,Bpos:49.8,Bstd:22.3,StrandBias:-1.8,Multiplicity:1.00
0.001	0.104	0.894	0.001
0.001	0.997	0.001	0.001
0.001	0.001	0.997	0.001
0.997	0.001	0.001	0.001
0.001	0.997	0.001	0.001
0.025	0.001	0.870	0.104
0.001	0.894	0.104	0.001
0.894	0.104	0.001	0.001
0.001	0.001	0.001	0.997
0.001	0.997	0.001	0.001
>GTTSGGATCC	4-GTTSGGATCC	7.616158	-21.755109	0	T:21.0(10.77%),B:3015.7(1.94%),P:1e-9,FDR:0.2	Tpos:46.8,Tstd:25.9,Bpos:49.8,Bstd:32.2,StrandBias:0.1,Multiplicity:1.29
0.001	0.057	0.664	0.278
0.151	0.001	0.002	0.846
0.001	0.001	0.001	0.997
0.004	0.454	0.541	0.001
0.321	0.001	0.482	0.197
0.325	0.001	0.673	0.001
0.723	0.071	0.147	0.059
0.142	0.001	0.336	0.521
0.266	0.541	0.062	0.131
0.001	0.868	0.130	0.001
>STTKTCCTGG	5-STTKTCCTGG	9.301993	-21.233142	0	T:19.0(9.74%),B:2493.6(1.61%),P:1e-9,FDR:0.2	Tpos:54.3,Tstd:29.3,Bpos:49.4,Bstd:32.6,StrandBias:0.5,Multiplicity:1.00
0.001	0.491	0.507	0.001
0.001	0.166	0.001	0.832
0.054	0.001	0.044	0.901
0.001	0.101	0.477	0.421
0.001	0.001	0.165	0.833
0.001	0.997	0.001	0.001
0.354	0.644	0.001	0.001
0.001	0.001	0.001	0.997
0.010	0.001	0.988	0.001
0.113	0.001	0.834	0.052
>TTCCGAAGGT	6-TTCCGAAGGT	11.795681	-19.573284	0	T:7.0(3.59%),B:171.8(0.11%),P:1e-8,FDR:0.2	Tpos:71.1,Tstd:12.7,Bpos:46.5,Bstd:27.8,StrandBias:-10.0,Multiplicity:1.00
0.001	0.001	0.001	0.997
0.001	0.001	0.001	0.997
0.001	0.997	0.001	0.001
0.001	0.997	0.001	0.001
0.130	0.134	0.735	0.001
0.997	0.001	0.001	0.001
0.997	0.001	0.001	0.001
0.001	0.001	0.997	0.001
0.001	0.001	0.997	0.001
0.001	0.001	0.001	0.997
>ATTAGAACCT	7-ATTAGAACCT	7.424926	-13.570953	0	T:15.0(7.69%),B:2588.2(1.67%),P:1e-5,FDR:0.4	Tpos:49.6,Tstd:23.5,Bpos:50.7,Bstd:33.1,StrandBias:0.9,Multiplicity:1.13
0.811	0.001	0.097	0.091
0.005	0.124	0.190	0.681
0.098	0.182	0.001	0.719
0.705	0.001	0.195	0.099
0.097	0.001	0.694	0.208
0.778	0.097	0.001	0.124
0.839	0.101	0.001	0.059
0.001	0.910	0.088	0.001
0.001	0.899	0.001	0.099
0.001	0.001	0.001	0.997
>TTTTTTTTTT	8-TTTTTTTTTT	9.193858	-7.457195	0	T:15.0(7.69%),B:4456.1(2.87%),P:1e-3,FDR:0.525	Tpos:46.2,Tstd:23.1,Bpos:51.5,Bstd:34.6,StrandBias:-1.1,Multiplicity:1.20
0.051	0.081	0.122	0.746
0.034	0.057	0.091	0.818
0.045	0.031	0.117	0.807
0.051	0.046	0.111	0.792
0.001	0.073	0.091	0.835
0.027	0.056	0.102	0.815
0.031	0.062	0.075	0.832
0.032	0.067	0.089	0.812
0.066	0.063	0.071	0.800
0.055	0.105	0.092	0.748
>ATGGTGGTCCAC	1-ATGGTGGTCCAC	8.894561	-30.528648	0	T:15.0(7.69%),B:730.3(0.47%),P:1e-13,FDR:0.2	Tpos:43.5,Tstd:23.7,Bpos:52.7,Bstd:32.6,StrandBias:-0.6,Multiplicity:1.00
0.687	0.001	0.311	0.001
0.009	0.001	0.001	0.989
0.001	0.001	0.997	0.001
0.001	0.346	0.642	0.011
0.001	0.001	0.001	0.997
0.001	0.001	0.997	0.001
0.001	0.001	0.997	0.001
0.001	0.185	0.289	0.525
0.001	0.636	0.150	0.213
0.001	0.997	0.001	0.001
0.997	0.001	0.001	0.001
0.001	0.997	0.001	0.001
>TCCGAAGGTCCA	2-TCCGAAGGTCCA	14.412510	-27.684753	0	T:6.0(3.08%),B:24.9(0.02%),P:1e-12,FDR:0.2	Tpos:68.0,Tstd:13.4,Bpos:57.4,Bstd:28.2,StrandBias:-10.0,Multiplicity:1.00
0.001	0.001	0.001	0.997
0.001	0.997	0.001	0.001
0.001	0.997	0.001	0.001
0.193	0.001	0.805	0.001
0.997	0.001	0.001	0.001
0.997	0.001	0.001	0.001
0.001	0.001	0.997	0.001
0.001	0.001	0.997	0.001
0.001	0.001	0.001	0.997
0.001	0.743	0.255	0.001
0.001	0.997	0.001	0.001
0.812	0.001	0.186	0.001
>CTGGTTACTKGG	3-CTGGTTACTKGG	8.831595	-27.015162	0	T:16.0(8.21%),B:1122.8(0.72%),P:1e-11,FDR:0.2	Tpos:51.9,Tstd:23.5,Bpos:50.2,Bstd:33.6,StrandBias:0.2,Multiplicity:1.19
0.001	0.977	0.021	0.001
0.001	0.001	0.001	0.997
0.001	0.001	0.997	0.001
0.001	0.001	0.997	0.001
0.001	0.005	0.180	0.814
0.001	0.001	0.221	0.777
0.652	0.001	0.346	0.001
0.001	0.835	0.163	0.001
0.007	0.001	0.001	0.991
0.141	0.001	0.443	0.415
0.140	0.001	0.858	0.001
0.001	0.001	0.997	0.001
>GTCCTGGAACTC	4-GTCCTGGAACTC	9.753666	-25.938748	0	T:19.0(9.74%),B:1879.4(1.21%),P:1e-11,FDR:0.2	Tpos:57.0,Tstd:29.3,Bpos:48.4,Bstd:34.5,StrandBias:0.6,Multiplicity:1.05
0.062	0.110	0.750	0.078
0.036	0.001	0.260	0.703
0.001	0.889	0.001	0.109
0.109	0.889	0.001	0.001
0.003	0.001	0.220	0.776
0.001	0.027	0.936	0.036
0.061	0.110	0.828	0.001
0.900	0.098	0.001	0.001
0.889	0.109	0.001	0.001
0.083	0.817	0.001	0.099
0.001	0.074	0.099	0.826
0.102	0.814	0.001	0.083
>TTCTGSTGTGTC	5-TTCTGSTGTGTC	8.739240	-25.354425	0	T:19.0(9.74%),B:1945.4(1.25%),P:1e-11,FDR:0.2	Tpos:46.8,Tstd:33.7,Bpos:50.5,Bstd:32.2,StrandBias:-0.7,Multiplicity:1.00
0.001	0.063	0.001	0.935
0.257	0.001	0.103	0.639
0.001	0.738	0.260	0.001
0.153	0.001	0.001	0.845
0.102	0.180	0.717	0.001
0.001	0.395	0.544	0.060
0.086	0.086	0.102	0.726
0.001	0.157	0.598	0.244
0.001	0.001	0.077	0.921
0.102	0.303	0.594	0.001
0.001	0.001	0.085	0.913
0.001	0.842	0.072	0.085
>AACTGACTGCTC	6-AACTGACTGCTC	12.138424	-23.676207	0	T:6.0(3.08%),B:47.4(0.03%),P:1e-10,FDR:0.2	Tpos:76.2,Tstd:12.3,Bpos:48.9,Bstd:27.7,StrandBias:-2.3,Multiplicity:1.00
0.997	0.001	0.001	0.001
0.869	0.129	0.001	0.001
0.001	0.997	0.001	0.001
0.001	0.089	0.001	0.909
0.001	0.001	0.997	0.001
0.997	0.001	0.001	0.001
0.001	0.997	0.001	0.001
0.001	0.001	0.001	0.997
0.001	0.001	0.997	0.001
0.001	0.997	0.001	0.001
0.001	0.001	0.001	0.997
0.001	0.997	0.001	0.001
>GTGGCATCCAGT	7-GTGGCATCCAGT	12.509600	-10.840593	0	T:2.0(1.03%),B:5.3(0.00%),P:1e-4,FDR:0.6	Tpos:64.0,Tstd:22.6,Bpos:43.7,Bstd:24.7,StrandBias:10.0,Multiplicity:2.00
0.001	0.001	0.997	0.001
0.001	0.001	0.001	0.997
0.129	0.001	0.869	0.001
0.001	0.001	0.997	0.001
0.001	0.997	0.001	0.001
0.997	0.001	0.001	0.001
0.001	0.001	0.001	0.997
0.001	0.997	0.001	0.001
0.001	0.997	0.001	0.001
0.997	0.001	0.001	0.001
0.001	0.001	0.869	0.129
0.001	0.001	0.001	0.997
>AAAAAAAAAAAA	8-AAAAAAAAAAAA	8.463612	-2.999627	0	T:18.0(9.23%),B:9378.5(6.05%),P:1e-1,FDR:0.725	Tpos:42.8,Tstd:20.9,Bpos:51.0,Bstd:33.9,StrandBias:0.9,Multiplicity:1.28
0.700	0.100	0.100	0.100
0.700	0.100	0.100	0.100
0.700	0.100	0.100	0.100
0.700	0.100	0.100	0.100
0.700	0.100	0.100	0.100
0.700	0.100	0.100	0.100
0.700	0.100	0.100	0.100
0.700	0.100	0.100	0.100
0.700	0.100	0.100	0.100
0.700	0.100	0.100	0.100
0.700	0.100	0.100	0.100
0.700	0.100	0.100	0.100
>GAGCCACC	1-GAGCCACC	8.323081	-21.116081	0	T:21.0(10.77%),B:3126.7(2.02%),P:1e-9,FDR:0.2	Tpos:50.0,Tstd:23.6,Bpos:50.3,Bstd:34.4,StrandBias:0.4,Multiplicity:1.00
0.001	0.001	0.997	0.001
0.997	0.001	0.001	0.001
0.085	0.001	0.913	0.001
0.001	0.846	0.001	0.152
0.001	0.887	0.001	0.111
0.997	0.001	0.001	0.001
0.001	0.997	0.001	0.001
0.001	0.997	0.001	0.001
>GGWTGCTA	2-GGWTGCTA	7.828814	-20.455354	0	T:24.0(12.31%),B:4276.7(2.76%),P:1e-8,FDR:0.2	Tpos:53.3,Tstd:25.8,Bpos:50.6,Bstd:33.2,StrandBias:0.8,Multiplicity:1.25
0.001	0.001	0.997	0.001
0.001	0.001	0.997	0.001
0.474	0.001	0.001	0.524
0.001	0.001	0.075	0.923
0.138	0.304	0.557	0.001
0.001	0.997	0.001	0.001
0.001	0.001	0.001	0.997
0.779	0.076	0.144	0.001
>ATTTGAAC	3-ATTTGAAC	8.185057	-18.517274	0	T:13.0(6.67%),B:1242.0(0.80%),P:1e-8,FDR:0.2	Tpos:60.9,Tstd:21.8,Bpos:49.5,Bstd:33.8,StrandBias:2.0,Multiplicity:1.15
0.997	0.001	0.001	0.001
0.001	0.150	0.001	0.848
0.001	0.001	0.001	0.997
0.179	0.001	0.001	0.819
0.001	0.001	0.997	0.001
0.997	0.001	0.001	0.001
0.918	0.001	0.001	0.080
0.001	0.997	0.001	0.001
>TCCTGGAA	4-TCCTGGAA	7.186911	-12.678760	0	T:23.0(11.79%),B:6092.4(3.93%),P:1e-5,FDR:0.8	Tpos:54.5,Tstd:30.3,Bpos:49.8,Bstd:33.0,StrandBias:0.0,Multiplicity:1.04
0.001	0.001	0.001	0.997
0.001	0.997	0.001	0.001
0.042	0.956	0.001	0.001
0.140	0.001	0.001	0.858
0.030	0.001	0.968	0.001
0.001	0.001	0.997	0.001
0.884	0.114	0.001	0.001
0.969	0.001	0.001	0.029
>CGTATCTA	5-CGTATCTA	8.395279	-11.880994	0	T:6.0(3.08%),B:354.1(0.23%),P:1e-5,FDR:0.8	Tpos:61.0,Tstd:16.8,Bpos:48.0,Bstd:34.6,StrandBias:0.0,Multiplicity:1.00
0.069	0.758	0.069	0.104
0.001	0.065	0.642	0.292
0.001	0.001	0.001	0.997
0.997	0.001	0.001	0.001
0.001	0.001	0.001	0.997
0.001	0.997	0.001	0.001
0.001	0.109	0.001	0.889
0.840	0.158	0.001	0.001
>CSGATTGT	6-CSGATTGT	6.481233	-11.295441	0	T:14.0(7.18%),B:2750.1(1.77%),P:1e-4,FDR:0.8	Tpos:55.7,Tstd:22.4,Bpos:49.6,Bstd:29.3,StrandBias:-1.0,Multiplicity:1.29
0.124	0.874	0.001	0.001
0.001	0.514	0.484	0.001
0.154	0.058	0.671	0.117
0.762	0.001	0.008	0.229
0.382	0.017	0.001	0.600
0.011	0.001	0.235	0.753
0.001	0.334	0.664	0.001
0.001	0.001	0.169	0.829
>ACATGCAA	7-ACATGCAA	8.236954	-6.399694	0	T:5.0(2.56%),B:666.1(0.43%),P:1e-2,FDR:0.8	Tpos:40.0,Tstd:33.1,Bpos:50.7,Bstd:33.9,StrandBias:0.3,Multiplicity:1.80
0.700	0.100	0.100	0.100
0.100	0.700	0.100	0.100
0.700	0.100	0.100	0.100
0.100	0.100	0.100	0.700
0.100	0.100	0.700	0.100
0.100	0.700	0.100	0.100
0.700	0.100	0.100	0.100
0.700	0.100	0.100	0.100
>AAAAAAAA	8-AAAAAAAA	7.354906	-6.120137	0	T:15.0(7.69%),B:5107.4(3.29%),P:1e-2,FDR:0.8	Tpos:53.5,Tstd:25.7,Bpos:51.3,Bstd:35.1,StrandBias:-0.2,Multiplicity:1.13
0.604	0.283	0.062	0.051
0.714	0.178	0.064	0.044
0.790	0.117	0.061	0.032
0.881	0.043	0.044	0.032
0.904	0.076	0.019	0.001
0.762	0.147	0.090	0.001
0.669	0.228	0.037	0.066
0.692	0.277	0.001	0.030
