>ATTTGAAC	1-ATTTGAAC	8.199740	-20.153298	0	T:13.0(7.83%),B:1223.2(0.82%),P:1e-8,FDR:0.2	Tpos:60.9,Tstd:21.8,Bpos:49.4,Bstd:33.4,StrandBias:2.0,Multiplicity:1.15
0.997	0.001	0.001	0.001
0.001	0.146	0.001	0.852
0.001	0.001	0.001	0.997
0.181	0.001	0.001	0.817
0.001	0.001	0.997	0.001
0.997	0.001	0.001	0.001
0.917	0.001	0.001	0.081
0.001	0.997	0.001	0.001
>TGGTTGTC	2-TGGTTGTC	6.343859	-17.392137	0	T:22.0(13.25%),B:4826.6(3.25%),P:1e-7,FDR:0.5	Tpos:46.2,Tstd:28.4,Bpos:50.6,Bstd:33.0,StrandBias:1.4,Multiplicity:1.00
0.001	0.301	0.001	0.697
0.001	0.001	0.997	0.001
0.204	0.001	0.794	0.001
0.011	0.106	0.001	0.882
0.001	0.357	0.001	0.641
0.001	0.001	0.997	0.001
0.001	0.001	0.001	0.997
0.001	0.970	0.028	0.001
>ATGGTTGC	3-ATGGTTGC	8.025255	-15.248810	0	T:14.0(8.43%),B:2205.5(1.48%),P:1e-6,FDR:0.6	Tpos:42.0,Tstd:22.5,Bpos:50.7,Bstd:34.4,StrandBias:0.3,Multiplicity:1.43
0.525	0.103	0.371	0.001
0.001	0.071	0.001	0.927
0.029	0.122	0.848	0.001
0.086	0.001	0.912	0.001
0.129	0.091	0.105	0.675
0.029	0.001	0.284	0.686
0.029	0.101	0.869	0.001
0.088	0.744	0.001	0.167
>CCGAAGGT	4-CCGAAGGT	8.236954	-14.082695	0	T:5.0(3.01%),B:145.8(0.10%),P:1e-6,FDR:0.6	Tpos:66.6,Tstd:13.4,Bpos:50.3,Bstd:26.4,StrandBias:-10.0,Multiplicity:1.00
0.100	0.700	0.100	0.100
0.100	0.700	0.100	0.100
0.100	0.100	0.700	0.100
0.700	0.100	0.100	0.100
0.700	0.100	0.100	0.100
0.100	0.100	0.700	0.100
0.100	0.100	0.700	0.100
0.100	0.100	0.100	0.700
>CGACTGCT	5-CGACTGCT	9.376503	-13.683492	0	T:6.0(3.61%),B:291.5(0.20%),P:1e-5,FDR:0.6	Tpos:83.3,Tstd:13.2,Bpos:49.0,Bstd:27.2,StrandBias:-10.0,Multiplicity:1.00
0.001	0.997	0.001	0.001
0.001	0.001	0.997	0.001
0.997	0.001	0.001	0.001
0.001	0.997	0.001	0.001
0.184	0.001	0.001	0.814
0.001	0.001	0.997	0.001
0.001	0.997	0.001	0.001
0.001	0.001	0.001	0.997
>TTTGCATG	6-TTTGCATG	8.498877	-9.158162	0	T:9.0(5.42%),B:1634.7(1.10%),P:1e-3,FDR:0.633333333333333	Tpos:45.4,Tstd:27.1,Bpos:49.8,Bstd:32.4,StrandBias:-1.2,Multiplicity:1.44
0.001	0.001	0.090	0.908
0.001	0.001	0.001	0.997
0.001	0.001	0.084	0.914
0.001	0.001	0.997	0.001
0.001	0.997	0.001	0.001
0.997	0.001	0.001	0.001
0.001	0.001	0.001	0.997
0.001	0.001	0.997	0.001
>CTATCTAT	7-CTATCTAT	8.485278	-6.411879	0	T:6.0(3.61%),B:1107.7(0.75%),P:1e-2,FDR:0.633333333333333	Tpos:51.0,Tstd:17.4,Bpos:50.8,Bstd:39.9,StrandBias:1.0,Multiplicity:1.50
0.094	0.620	0.125	0.161
0.001	0.050	0.001	0.948
0.929	0.036	0.001	0.034
0.001	0.001	0.001	0.997
0.001	0.915	0.033	0.051
0.001	0.001	0.001	0.997
0.687	0.038	0.160	0.115
0.001	0.068	0.001	0.930
>AAAAAAAA	8-AAAAAAAA	7.411862	-4.358205	0	T:11.0(6.63%),B:4502.5(3.03%),P:1e-1,FDR:0.633333333333333	Tpos:39.3,Tstd:13.6,Bpos:51.3,Bstd:33.3,StrandBias:0.1,Multiplicity:1.18
0.654	0.249	0.042	0.055
0.720	0.186	0.039	0.055
0.791	0.110	0.083	0.016
0.812	0.072	0.115	0.001
0.879	0.045	0.050	0.026
0.809	0.124	0.062	0.005
0.706	0.197	0.042	0.055
0.644	0.264	0.028	0.064
