>ATGGTGGTCCAC	1-ATGGTGGTCCAC	8.894561	-30.528648	0	T:15.0(7.69%),B:730.3(0.47%),P:1e-13,FDR:0.2	Tpos:43.5,Tstd:23.7,Bpos:52.7,Bstd:32.6,StrandBias:-0.6,Multiplicity:1.00
0.687	0.001	0.311	0.001
0.009	0.001	0.001	0.989
0.001	0.001	0.997	0.001
0.001	0.346	0.642	0.011
0.001	0.001	0.001	0.997
0.001	0.001	0.997	0.001
0.001	0.001	0.997	0.001
0.001	0.185	0.289	0.525
0.001	0.636	0.150	0.213
0.001	0.997	0.001	0.001
0.997	0.001	0.001	0.001
0.001	0.997	0.001	0.001
>TCCGAAGGTCCA	2-TCCGAAGGTCCA	14.412510	-27.684753	0	T:6.0(3.08%),B:24.9(0.02%),P:1e-12,FDR:0.2	Tpos:68.0,Tstd:13.4,Bpos:57.4,Bstd:28.2,StrandBias:-10.0,Multiplicity:1.00
0.001	0.001	0.001	0.997
0.001	0.997	0.001	0.001
0.001	0.997	0.001	0.001
0.193	0.001	0.805	0.001
0.997	0.001	0.001	0.001
0.997	0.001	0.001	0.001
0.001	0.001	0.997	0.001
0.001	0.001	0.997	0.001
0.001	0.001	0.001	0.997
0.001	0.743	0.255	0.001
0.001	0.997	0.001	0.001
0.812	0.001	0.186	0.001
>CTGGTTACTKGG	3-CTGGTTACTKGG	8.831595	-27.015162	0	T:16.0(8.21%),B:1122.8(0.72%),P:1e-11,FDR:0.2	Tpos:51.9,Tstd:23.5,Bpos:50.2,Bstd:33.6,StrandBias:0.2,Multiplicity:1.19
0.001	0.977	0.021	0.001
0.001	0.001	0.001	0.997
0.001	0.001	0.997	0.001
0.001	0.001	0.997	0.001
0.001	0.005	0.180	0.814
0.001	0.001	0.221	0.777
0.652	0.001	0.346	0.001
0.001	0.835	0.163	0.001
0.007	0.001	0.001	0.991
0.141	0.001	0.443	0.415
0.140	0.001	0.858	0.001
0.001	0.001	0.997	0.001
>GTCCTGGAACTC	4-GTCCTGGAACTC	9.753666	-25.938748	0	T:19.0(9.74%),B:1879.4(1.21%),P:1e-11,FDR:0.2	Tpos:57.0,Tstd:29.3,Bpos:48.4,Bstd:34.5,StrandBias:0.6,Multiplicity:1.05
0.062	0.110	0.750	0.078
0.036	0.001	0.260	0.703
0.001	0.889	0.001	0.109
0.109	0.889	0.001	0.001
0.003	0.001	0.220	0.776
0.001	0.027	0.936	0.036
0.061	0.110	0.828	0.001
0.900	0.098	0.001	0.001
0.889	0.109	0.001	0.001
0.083	0.817	0.001	0.099
0.001	0.074	0.099	0.826
0.102	0.814	0.001	0.083
>TTCTGSTGTGTC	5-TTCTGSTGTGTC	8.739240	-25.354425	0	T:19.0(9.74%),B:1945.4(1.25%),P:1e-11,FDR:0.2	Tpos:46.8,Tstd:33.7,Bpos:50.5,Bstd:32.2,StrandBias:-0.7,Multiplicity:1.00
0.001	0.063	0.001	0.935
0.257	0.001	0.103	0.639
0.001	0.738	0.260	0.001
0.153	0.001	0.001	0.845
0.102	0.180	0.717	0.001
0.001	0.395	0.544	0.060
0.086	0.086	0.102	0.726
0.001	0.157	0.598	0.244
0.001	0.001	0.077	0.921
0.102	0.303	0.594	0.001
0.001	0.001	0.085	0.913
0.001	0.842	0.072	0.085
>AACTGACTGCTC	6-AACTGACTGCTC	12.138424	-23.676207	0	T:6.0(3.08%),B:47.4(0.03%),P:1e-10,FDR:0.2	Tpos:76.2,Tstd:12.3,Bpos:48.9,Bstd:27.7,StrandBias:-2.3,Multiplicity:1.00
0.997	0.001	0.001	0.001
0.869	0.129	0.001	0.001
0.001	0.997	0.001	0.001
0.001	0.089	0.001	0.909
0.001	0.001	0.997	0.001
0.997	0.001	0.001	0.001
0.001	0.997	0.001	0.001
0.001	0.001	0.001	0.997
0.001	0.001	0.997	0.001
0.001	0.997	0.001	0.001
0.001	0.001	0.001	0.997
0.001	0.997	0.001	0.001
>GTGGCATCCAGT	7-GTGGCATCCAGT	12.509600	-10.840593	0	T:2.0(1.03%),B:5.3(0.00%),P:1e-4,FDR:0.6	Tpos:64.0,Tstd:22.6,Bpos:43.7,Bstd:24.7,StrandBias:10.0,Multiplicity:2.00
0.001	0.001	0.997	0.001
0.001	0.001	0.001	0.997
0.129	0.001	0.869	0.001
0.001	0.001	0.997	0.001
0.001	0.997	0.001	0.001
0.997	0.001	0.001	0.001
0.001	0.001	0.001	0.997
0.001	0.997	0.001	0.001
0.001	0.997	0.001	0.001
0.997	0.001	0.001	0.001
0.001	0.001	0.869	0.129
0.001	0.001	0.001	0.997
>AAAAAAAAAAAA	8-AAAAAAAAAAAA	8.463612	-2.999627	0	T:18.0(9.23%),B:9378.5(6.05%),P:1e-1,FDR:0.725	Tpos:42.8,Tstd:20.9,Bpos:51.0,Bstd:33.9,StrandBias:0.9,Multiplicity:1.28
0.700	0.100	0.100	0.100
0.700	0.100	0.100	0.100
0.700	0.100	0.100	0.100
0.700	0.100	0.100	0.100
0.700	0.100	0.100	0.100
0.700	0.100	0.100	0.100
0.700	0.100	0.100	0.100
0.700	0.100	0.100	0.100
0.700	0.100	0.100	0.100
0.700	0.100	0.100	0.100
0.700	0.100	0.100	0.100
0.700	0.100	0.100	0.100
