>GTMGGAATCC	1-GTMGGAATCC	6.580607	-9.928956	0	T:3.0(75.00%),B:64.0(2.31%),P:1e-4	Tpos:50.4,Tstd:25.6,Bpos:51.4,Bstd:26.5,StrandBias:-2.0,Multiplicity:1.33
0.200	0.001	0.798	0.001
0.217	0.194	0.007	0.582
0.396	0.395	0.201	0.007
0.201	0.201	0.591	0.007
0.193	0.001	0.805	0.001
0.791	0.001	0.014	0.194
0.611	0.194	0.001	0.194
0.007	0.194	0.001	0.798
0.001	0.588	0.001	0.410
0.001	0.611	0.194	0.194
>YKGGCYCCTC	2-YKGGCYCCTC	7.285861	-7.632168	0	T:2.0(50.00%),B:25.0(0.90%),P:1e-3	Tpos:61.7,Tstd:19.7,Bpos:52.5,Bstd:28.7,StrandBias:1.0,Multiplicity:1.50
0.001	0.464	0.071	0.464
0.001	0.001	0.464	0.534
0.001	0.001	0.997	0.001
0.001	0.001	0.997	0.001
0.001	0.997	0.001	0.001
0.001	0.464	0.001	0.534
0.001	0.997	0.001	0.001
0.001	0.928	0.001	0.070
0.001	0.001	0.001	0.997
0.001	0.997	0.001	0.001
>CTTGTATCTC	3-CTTGTATCTC	8.350283	-7.269950	0	T:2.0(50.00%),B:30.0(1.08%),P:1e-3	Tpos:27.7,Tstd:17.0,Bpos:45.6,Bstd:28.7,StrandBias:10.0,Multiplicity:1.50
0.100	0.700	0.100	0.100
0.100	0.100	0.100	0.700
0.100	0.100	0.100	0.700
0.100	0.100	0.700	0.100
0.100	0.100	0.100	0.700
0.700	0.100	0.100	0.100
0.100	0.100	0.100	0.700
0.100	0.700	0.100	0.100
0.100	0.100	0.100	0.700
0.100	0.700	0.100	0.100
>CCAGGTGGCT	4-CCAGGTGGCT	10.296193	-6.539044	0	T:1.0(25.00%),B:1.0(0.04%),P:1e-2	Tpos:46.0,Tstd:0.0,Bpos:9.0,Bstd:0.0,StrandBias:-10.0,Multiplicity:1.00
0.100	0.700	0.100	0.100
0.100	0.700	0.100	0.100
0.700	0.100	0.100	0.100
0.100	0.100	0.700	0.100
0.100	0.100	0.700	0.100
0.100	0.100	0.100	0.700
0.100	0.100	0.700	0.100
0.100	0.100	0.700	0.100
0.100	0.700	0.100	0.100
0.100	0.100	0.100	0.700
>CTACCCCTGG	5-CTACCCCTGG	10.296193	-6.539044	0	T:1.0(25.00%),B:1.0(0.04%),P:1e-2	Tpos:65.0,Tstd:0.0,Bpos:60.0,Bstd:0.0,StrandBias:-10.0,Multiplicity:1.00
0.100	0.700	0.100	0.100
0.100	0.100	0.100	0.700
0.700	0.100	0.100	0.100
0.100	0.700	0.100	0.100
0.100	0.700	0.100	0.100
0.100	0.700	0.100	0.100
0.100	0.700	0.100	0.100
0.100	0.100	0.100	0.700
0.100	0.100	0.700	0.100
0.100	0.100	0.700	0.100
