>CCAAGCTG	1-CCAAGCTG	6.447013	-16.689499	0	T:20.0(13.42%),B:96.0(3.14%),P:1e-7	Tpos:57.7,Tstd:25.8,Bpos:48.1,Bstd:25.9,StrandBias:-0.3,Multiplicity:1.05
0.001	0.912	0.001	0.086
0.086	0.912	0.001	0.001
0.849	0.149	0.001	0.001
0.997	0.001	0.001	0.001
0.063	0.001	0.935	0.001
0.001	0.997	0.001	0.001
0.001	0.001	0.156	0.842
0.001	0.001	0.997	0.001
>CCAGGGGT	2-CCAGGGGT	6.901705	-15.019674	0	T:21.0(14.09%),B:117.0(3.83%),P:1e-6	Tpos:53.5,Tstd:30.7,Bpos:48.5,Bstd:27.5,StrandBias:0.3,Multiplicity:1.05
0.001	0.956	0.001	0.042
0.001	0.997	0.001	0.001
0.997	0.001	0.001	0.001
0.001	0.226	0.772	0.001
0.001	0.083	0.647	0.269
0.001	0.001	0.641	0.357
0.001	0.001	0.997	0.001
0.001	0.050	0.001	0.948
>AGACTAAG	3-AGACTAAG	5.478121	-12.859127	0	T:37.0(24.83%),B:343.0(11.23%),P:1e-5	Tpos:47.3,Tstd:29.4,Bpos:51.4,Bstd:26.7,StrandBias:-0.3,Multiplicity:1.25
0.849	0.029	0.066	0.056
0.067	0.113	0.717	0.103
0.745	0.059	0.045	0.151
0.068	0.815	0.079	0.038
0.120	0.080	0.022	0.778
0.671	0.082	0.160	0.087
0.710	0.092	0.155	0.043
0.045	0.113	0.725	0.117
>CCCATCCT	4-CCCATCCT	4.806007	-11.901804	0	T:73.0(48.99%),B:963.0(31.53%),P:1e-5	Tpos:45.9,Tstd:26.5,Bpos:50.6,Bstd:27.5,StrandBias:0.5,Multiplicity:1.58
0.081	0.773	0.056	0.090
0.073	0.771	0.043	0.113
0.116	0.782	0.045	0.057
0.706	0.143	0.035	0.116
0.090	0.104	0.127	0.679
0.134	0.740	0.071	0.055
0.063	0.733	0.039	0.165
0.085	0.061	0.028	0.826
>AATCTGTA	5-AATCTGTA	8.236954	-1.993483	0	T:1.0(0.67%),B:3.0(0.10%),P:1e0	Tpos:45.0,Tstd:28.3,Bpos:43.3,Bstd:13.5,StrandBias:10.0,Multiplicity:5.00
0.700	0.100	0.100	0.100
0.700	0.100	0.100	0.100
0.100	0.100	0.100	0.700
0.100	0.700	0.100	0.100
0.100	0.100	0.100	0.700
0.100	0.100	0.700	0.100
0.100	0.100	0.100	0.700
0.700	0.100	0.100	0.100
