>CTGCCGTT	1-CTGCCGTT	8.089568	-17.113823	0	T:12.0(8.05%),B:30.0(0.98%),P:1e-7	Tpos:51.0,Tstd:28.2,Bpos:47.5,Bstd:27.1,StrandBias:0.0,Multiplicity:1.00
0.001	0.997	0.001	0.001
0.001	0.001	0.001	0.997
0.001	0.160	0.759	0.080
0.001	0.874	0.124	0.001
0.001	0.818	0.125	0.056
0.001	0.327	0.654	0.018
0.001	0.001	0.001	0.997
0.001	0.001	0.001	0.997
>TAATTAGG	2-TAATTAGG	6.370726	-13.753792	0	T:18.0(12.08%),B:95.0(3.11%),P:1e-5	Tpos:52.0,Tstd:26.0,Bpos:48.5,Bstd:29.9,StrandBias:0.3,Multiplicity:1.00
0.071	0.191	0.001	0.737
0.880	0.038	0.081	0.001
0.842	0.001	0.064	0.093
0.001	0.063	0.001	0.935
0.001	0.043	0.001	0.955
0.997	0.001	0.001	0.001
0.001	0.001	0.997	0.001
0.071	0.142	0.729	0.058
>CTGAGCTG	3-CTGAGCTG	6.341347	-12.890361	0	T:33.0(22.15%),B:286.0(9.36%),P:1e-5	Tpos:51.0,Tstd:26.9,Bpos:49.6,Bstd:27.2,StrandBias:-0.6,Multiplicity:1.30
0.103	0.782	0.072	0.043
0.068	0.001	0.055	0.876
0.001	0.101	0.897	0.001
0.835	0.001	0.163	0.001
0.037	0.050	0.867	0.046
0.042	0.956	0.001	0.001
0.054	0.106	0.001	0.839
0.001	0.001	0.944	0.054
>GCAAAGAC	4-GCAAAGAC	8.236954	-11.018959	0	T:4.0(2.68%),B:3.0(0.10%),P:1e-4	Tpos:48.8,Tstd:33.0,Bpos:58.0,Bstd:27.7,StrandBias:0.0,Multiplicity:1.00
0.100	0.100	0.700	0.100
0.100	0.700	0.100	0.100
0.700	0.100	0.100	0.100
0.700	0.100	0.100	0.100
0.700	0.100	0.100	0.100
0.100	0.100	0.700	0.100
0.700	0.100	0.100	0.100
0.100	0.700	0.100	0.100
>GACACTGC	5-GACACTGC	9.574001	-9.872638	0	T:5.0(3.36%),B:8.0(0.26%),P:1e-4	Tpos:49.4,Tstd:30.1,Bpos:47.0,Bstd:19.1,StrandBias:-1.3,Multiplicity:1.40
0.001	0.001	0.997	0.001
0.997	0.001	0.001	0.001
0.001	0.916	0.001	0.082
0.997	0.001	0.001	0.001
0.001	0.997	0.001	0.001
0.001	0.001	0.244	0.754
0.001	0.001	0.997	0.001
0.001	0.997	0.001	0.001
