>GTGGCCTA	1-GTGGCCTA	7.983279	-13.141426	0	T:10.0(6.71%),B:29.0(0.95%),P:1e-5	Tpos:45.9,Tstd:26.3,Bpos:45.5,Bstd:23.8,StrandBias:2.0,Multiplicity:1.50
0.001	0.001	0.909	0.089
0.125	0.221	0.099	0.555
0.001	0.392	0.606	0.001
0.001	0.001	0.997	0.001
0.228	0.770	0.001	0.001
0.001	0.997	0.001	0.001
0.001	0.211	0.001	0.787
0.610	0.001	0.001	0.388
>GGGGGCCC	2-GGGGGCCC	7.183025	-10.876316	0	T:12.0(8.05%),B:55.0(1.80%),P:1e-4	Tpos:49.5,Tstd:20.6,Bpos:41.8,Bstd:26.3,StrandBias:-0.9,Multiplicity:1.08
0.051	0.001	0.909	0.039
0.001	0.001	0.941	0.057
0.001	0.001	0.970	0.028
0.056	0.001	0.942	0.001
0.058	0.115	0.712	0.115
0.075	0.720	0.115	0.090
0.001	0.924	0.001	0.074
0.039	0.913	0.001	0.047
>AAARATAA	3-AAARATAA	6.622838	-9.552306	0	T:14.0(9.40%),B:84.0(2.75%),P:1e-4	Tpos:42.3,Tstd:25.8,Bpos:55.4,Bstd:26.9,StrandBias:-0.2,Multiplicity:1.07
0.997	0.001	0.001	0.001
0.997	0.001	0.001	0.001
0.746	0.252	0.001	0.001
0.566	0.001	0.432	0.001
0.824	0.001	0.001	0.174
0.020	0.001	0.001	0.978
0.953	0.001	0.037	0.009
0.917	0.001	0.081	0.001
>ACTGGACA	4-ACTGGACA	6.041135	-9.204401	0	T:13.0(8.72%),B:76.0(2.49%),P:1e-3	Tpos:49.8,Tstd:29.6,Bpos:51.8,Bstd:27.6,StrandBias:-1.4,Multiplicity:1.38
0.997	0.001	0.001	0.001
0.001	0.997	0.001	0.001
0.001	0.001	0.042	0.956
0.001	0.001	0.997	0.001
0.001	0.174	0.824	0.001
0.891	0.001	0.058	0.050
0.001	0.997	0.001	0.001
0.997	0.001	0.001	0.001
>CGGCCGSG	5-CGGCCGSG	7.166726	-9.051215	0	T:4.0(2.68%),B:5.0(0.16%),P:1e-3	Tpos:48.0,Tstd:16.0,Bpos:49.5,Bstd:30.7,StrandBias:1.0,Multiplicity:1.00
0.159	0.839	0.001	0.001
0.148	0.278	0.561	0.013
0.001	0.160	0.838	0.001
0.001	0.592	0.248	0.159
0.080	0.771	0.031	0.118
0.001	0.159	0.839	0.001
0.230	0.343	0.426	0.001
0.220	0.001	0.620	0.159
>ACWCCAAC	6-ACWCCAAC	8.594666	-8.806343	0	T:6.0(4.03%),B:16.0(0.52%),P:1e-3	Tpos:40.5,Tstd:25.4,Bpos:44.4,Bstd:26.1,StrandBias:-1.4,Multiplicity:1.83
0.888	0.024	0.087	0.001
0.026	0.934	0.001	0.039
0.299	0.047	0.218	0.437
0.001	0.853	0.034	0.112
0.099	0.815	0.047	0.039
0.528	0.269	0.086	0.117
0.743	0.096	0.060	0.101
0.039	0.834	0.069	0.058
