>CTCAAGTGTT	1-CTCAAGTGTT	10.935735	-24.031574	0	T:8.0(5.37%),B:4.0(0.13%),P:1e-10	Tpos:52.2,Tstd:21.9,Bpos:39.5,Bstd:22.5,StrandBias:0.0,Multiplicity:1.00
0.124	0.874	0.001	0.001
0.001	0.001	0.124	0.874
0.124	0.874	0.001	0.001
0.997	0.001	0.001	0.001
0.749	0.001	0.125	0.125
0.124	0.001	0.874	0.001
0.001	0.001	0.001	0.997
0.001	0.001	0.997	0.001
0.001	0.124	0.001	0.874
0.001	0.001	0.001	0.997
>TCTCTTCCAG	2-TCTCTTCCAG	10.821993	-20.268583	0	T:7.0(4.70%),B:4.0(0.13%),P:1e-8	Tpos:28.2,Tstd:25.1,Bpos:47.3,Bstd:35.3,StrandBias:0.0,Multiplicity:1.14
0.001	0.074	0.051	0.874
0.001	0.885	0.001	0.113
0.114	0.114	0.001	0.771
0.001	0.997	0.001	0.001
0.113	0.001	0.001	0.885
0.001	0.001	0.001	0.997
0.114	0.811	0.001	0.074
0.001	0.997	0.001	0.001
0.885	0.113	0.001	0.001
0.001	0.001	0.997	0.001
>GCCATATTCC	3-GCCATATTCC	11.316461	-18.331381	0	T:6.0(4.03%),B:3.0(0.10%),P:1e-7	Tpos:57.4,Tstd:22.1,Bpos:46.5,Bstd:24.6,StrandBias:0.4,Multiplicity:1.17
0.001	0.001	0.997	0.001
0.001	0.997	0.001	0.001
0.001	0.997	0.001	0.001
0.997	0.001	0.001	0.001
0.001	0.001	0.166	0.832
0.832	0.001	0.001	0.166
0.001	0.001	0.166	0.832
0.001	0.001	0.001	0.997
0.001	0.832	0.001	0.166
0.001	0.832	0.001	0.166
>GAATTGTTTG	4-GAATTGTTTG	11.276337	-18.331381	0	T:6.0(4.03%),B:3.0(0.10%),P:1e-7	Tpos:60.5,Tstd:25.9,Bpos:37.3,Bstd:34.0,StrandBias:1.0,Multiplicity:1.00
0.001	0.001	0.997	0.001
0.832	0.166	0.001	0.001
0.832	0.001	0.166	0.001
0.001	0.001	0.001	0.997
0.001	0.001	0.001	0.997
0.001	0.001	0.997	0.001
0.001	0.001	0.001	0.997
0.001	0.166	0.166	0.667
0.001	0.001	0.001	0.997
0.001	0.166	0.832	0.001
>GAGMASAAAG	5-GAGMASAAAG	8.735177	-16.809598	0	T:15.0(10.07%),B:52.0(1.70%),P:1e-7	Tpos:57.5,Tstd:30.0,Bpos:56.1,Bstd:28.0,StrandBias:-2.0,Multiplicity:1.07
0.001	0.122	0.876	0.001
0.736	0.001	0.262	0.001
0.235	0.123	0.641	0.001
0.247	0.396	0.234	0.123
0.875	0.001	0.001	0.123
0.123	0.504	0.372	0.001
0.723	0.009	0.267	0.001
0.997	0.001	0.001	0.001
0.997	0.001	0.001	0.001
0.001	0.122	0.876	0.001
>TTCTTTCTTC	6-TTCTTTCTTC	6.367802	-13.709526	0	T:32.0(21.48%),B:262.0(8.58%),P:1e-5	Tpos:51.4,Tstd:22.6,Bpos:50.5,Bstd:27.1,StrandBias:1.1,Multiplicity:1.12
0.061	0.061	0.122	0.756
0.001	0.216	0.121	0.662
0.060	0.879	0.001	0.060
0.060	0.095	0.001	0.844
0.061	0.061	0.061	0.817
0.061	0.216	0.061	0.662
0.061	0.817	0.061	0.061
0.001	0.095	0.121	0.783
0.060	0.060	0.001	0.879
0.010	0.919	0.061	0.010
>ATCAGCTAGC	7-ATCAGCTAGC	8.082697	-11.035256	0	T:10.0(6.71%),B:37.0(1.21%),P:1e-4	Tpos:49.0,Tstd:26.1,Bpos:47.3,Bstd:28.9,StrandBias:0.9,Multiplicity:1.50
0.612	0.290	0.097	0.001
0.001	0.001	0.193	0.805
0.097	0.612	0.097	0.194
0.997	0.001	0.001	0.001
0.001	0.001	0.997	0.001
0.001	0.612	0.097	0.290
0.001	0.001	0.001	0.997
0.709	0.097	0.097	0.097
0.001	0.001	0.902	0.096
0.097	0.805	0.001	0.097
>CCAYACCTCT	8-CCAYACCTCT	10.911434	-9.051215	0	T:4.0(2.68%),B:5.0(0.16%),P:1e-3	Tpos:54.9,Tstd:24.0,Bpos:53.4,Bstd:27.7,StrandBias:0.7,Multiplicity:2.00
0.001	0.997	0.001	0.001
0.001	0.997	0.001	0.001
0.854	0.144	0.001	0.001
0.001	0.421	0.144	0.434
0.997	0.001	0.001	0.001
0.001	0.997	0.001	0.001
0.001	0.997	0.001	0.001
0.001	0.001	0.001	0.997
0.001	0.997	0.001	0.001
0.001	0.144	0.001	0.854
