>TGTGTRGACAGG	1-TGTGTRGACAGG	11.986546	-19.995874	0	T:5.0(3.36%),B:0.0(0.00%),P:1e-8	Tpos:47.6,Tstd:22.4,Bpos:0.0,Bstd:0.0,StrandBias:-2.6,Multiplicity:1.40
0.001	0.001	0.001	0.997
0.230	0.001	0.768	0.001
0.001	0.001	0.001	0.997
0.001	0.001	0.997	0.001
0.001	0.001	0.001	0.997
0.507	0.001	0.477	0.015
0.001	0.231	0.738	0.030
0.969	0.001	0.015	0.015
0.001	0.753	0.245	0.001
0.477	0.231	0.231	0.061
0.001	0.001	0.997	0.001
0.001	0.001	0.997	0.001
>GGAKGKWGRCTT	2-GGAKGKWGRCTT	10.943109	-19.995874	0	T:5.0(3.36%),B:1.0(0.03%),P:1e-8	Tpos:55.8,Tstd:25.0,Bpos:49.0,Bstd:0.0,StrandBias:10.0,Multiplicity:1.20
0.001	0.001	0.997	0.001
0.001	0.001	0.997	0.001
0.997	0.001	0.001	0.001
0.001	0.001	0.569	0.429
0.001	0.001	0.997	0.001
0.001	0.001	0.569	0.429
0.464	0.001	0.001	0.534
0.001	0.001	0.997	0.001
0.569	0.001	0.429	0.001
0.001	0.997	0.001	0.001
0.001	0.001	0.001	0.997
0.035	0.001	0.035	0.929
>CYCACTATASTG	3-CYCACTATASTG	9.424840	-16.225535	0	T:8.0(5.37%),B:11.0(0.36%),P:1e-7	Tpos:58.1,Tstd:24.9,Bpos:49.8,Bstd:26.1,StrandBias:-0.4,Multiplicity:1.38
0.233	0.523	0.001	0.243
0.001	0.499	0.001	0.499
0.012	0.755	0.001	0.232
0.987	0.001	0.011	0.001
0.001	0.718	0.280	0.001
0.230	0.001	0.001	0.768
0.464	0.231	0.304	0.001
0.026	0.267	0.012	0.695
0.744	0.001	0.231	0.024
0.001	0.485	0.513	0.001
0.011	0.001	0.001	0.987
0.001	0.001	0.756	0.242
>TGAACTTAGCTT	4-TGAACTTAGCTT	8.433708	-10.908607	0	T:3.0(2.01%),B:1.0(0.03%),P:1e-4	Tpos:46.2,Tstd:24.2,Bpos:31.0,Bstd:0.0,StrandBias:10.0,Multiplicity:2.67
0.001	0.001	0.001	0.997
0.001	0.001	0.997	0.001
0.997	0.001	0.001	0.001
0.752	0.001	0.001	0.246
0.001	0.753	0.244	0.002
0.001	0.001	0.001	0.997
0.001	0.001	0.001	0.997
0.997	0.001	0.001	0.001
0.001	0.244	0.754	0.001
0.001	0.997	0.001	0.001
0.056	0.001	0.186	0.757
0.001	0.001	0.001	0.997
>CACCCATGTATA	5-CACCCATGTATA	10.882627	-8.864905	0	T:3.0(2.01%),B:2.0(0.07%),P:1e-3	Tpos:17.1,Tstd:9.1,Bpos:72.0,Bstd:12.0,StrandBias:2.8,Multiplicity:1.33
0.001	0.997	0.001	0.001
0.997	0.001	0.001	0.001
0.001	0.997	0.001	0.001
0.246	0.752	0.001	0.001
0.001	0.937	0.001	0.061
0.997	0.001	0.001	0.001
0.001	0.061	0.001	0.937
0.246	0.001	0.752	0.001
0.001	0.061	0.001	0.937
0.997	0.001	0.001	0.001
0.001	0.001	0.001	0.997
0.997	0.001	0.001	0.001
>TGGTAACCCTGA	6-TGGTAACCCTGA	10.409522	-8.864905	0	T:3.0(2.01%),B:2.0(0.07%),P:1e-3	Tpos:49.5,Tstd:26.5,Bpos:57.0,Bstd:21.0,StrandBias:2.3,Multiplicity:2.00
0.100	0.100	0.100	0.700
0.100	0.100	0.700	0.100
0.100	0.100	0.700	0.100
0.100	0.100	0.100	0.700
0.700	0.100	0.100	0.100
0.700	0.100	0.100	0.100
0.100	0.700	0.100	0.100
0.100	0.700	0.100	0.100
0.100	0.700	0.100	0.100
0.100	0.100	0.100	0.700
0.100	0.100	0.700	0.100
0.700	0.100	0.100	0.100
>CTGCTGSTRCTG	7-CTGCTGSTRCTG	9.398014	-7.944674	0	T:8.0(5.37%),B:35.0(1.15%),P:1e-3	Tpos:49.2,Tstd:24.2,Bpos:58.3,Bstd:23.6,StrandBias:-0.2,Multiplicity:1.86
0.018	0.584	0.001	0.397
0.018	0.001	0.001	0.980
0.375	0.001	0.585	0.039
0.002	0.604	0.188	0.206
0.187	0.001	0.001	0.811
0.376	0.001	0.605	0.018
0.001	0.416	0.375	0.208
0.001	0.001	0.001	0.997
0.431	0.001	0.567	0.001
0.001	0.603	0.002	0.394
0.001	0.001	0.001	0.997
0.020	0.188	0.604	0.188
>CTGCTGYTGYTG	8-CTGCTGYTGYTG	13.210179	-5.418044	0	T:2.0(1.34%),B:2.0(0.07%),P:1e-2	Tpos:48.7,Tstd:21.9,Bpos:26.2,Bstd:15.7,StrandBias:-1.0,Multiplicity:2.00
0.001	0.944	0.001	0.054
0.001	0.001	0.001	0.997
0.035	0.001	0.963	0.001
0.001	0.858	0.001	0.140
0.001	0.001	0.001	0.997
0.001	0.001	0.997	0.001
0.001	0.444	0.001	0.554
0.001	0.001	0.001	0.997
0.015	0.001	0.983	0.001
0.001	0.520	0.001	0.478
0.001	0.001	0.001	0.997
0.001	0.001	0.997	0.001
