>GACAAGGTGT	1-GACAAGGTGT	11.121572	-20.869838	0	T:8.0(5.37%),B:6.0(0.20%),P:1e-9	Tpos:47.4,Tstd:26.7,Bpos:51.0,Bstd:33.3,StrandBias:-1.6,Multiplicity:1.00
0.001	0.142	0.856	0.001
0.997	0.001	0.001	0.001
0.001	0.997	0.001	0.001
0.997	0.001	0.001	0.001
0.856	0.001	0.142	0.001
0.142	0.001	0.856	0.001
0.001	0.142	0.856	0.001
0.001	0.001	0.001	0.997
0.001	0.142	0.856	0.001
0.001	0.142	0.001	0.856
>CCTTCCTGTG	2-CCTTCCTGTG	9.293675	-18.624690	0	T:13.0(8.72%),B:32.0(1.05%),P:1e-8	Tpos:44.7,Tstd:25.2,Bpos:45.1,Bstd:27.5,StrandBias:0.2,Multiplicity:1.00
0.103	0.832	0.064	0.001
0.001	0.997	0.001	0.001
0.157	0.001	0.001	0.841
0.001	0.001	0.078	0.920
0.001	0.997	0.001	0.001
0.001	0.997	0.001	0.001
0.001	0.001	0.001	0.997
0.001	0.001	0.997	0.001
0.157	0.001	0.001	0.841
0.001	0.123	0.719	0.157
>CAGACTGAAA	3-CAGACTGAAA	11.091263	-15.346515	0	T:6.0(4.03%),B:5.0(0.16%),P:1e-6	Tpos:52.4,Tstd:23.2,Bpos:66.2,Bstd:25.8,StrandBias:-1.3,Multiplicity:1.00
0.001	0.997	0.001	0.001
0.997	0.001	0.001	0.001
0.001	0.001	0.997	0.001
0.856	0.001	0.001	0.142
0.143	0.713	0.143	0.001
0.001	0.001	0.001	0.997
0.001	0.001	0.997	0.001
0.856	0.142	0.001	0.001
0.856	0.001	0.001	0.142
0.856	0.001	0.142	0.001
>CTGTTKAGGA	4-CTGTTKAGGA	8.193502	-15.174666	0	T:12.0(8.05%),B:36.0(1.18%),P:1e-6	Tpos:48.1,Tstd:30.1,Bpos:46.5,Bstd:24.7,StrandBias:-1.0,Multiplicity:1.00
0.004	0.994	0.001	0.001
0.032	0.001	0.004	0.963
0.001	0.001	0.829	0.169
0.001	0.007	0.001	0.991
0.005	0.005	0.115	0.875
0.005	0.001	0.433	0.561
0.703	0.148	0.001	0.148
0.003	0.101	0.895	0.001
0.021	0.148	0.711	0.120
0.594	0.152	0.097	0.157
>GGTCCATCGT	5-GGTCCATCGT	8.350283	-12.602963	0	T:4.0(2.68%),B:2.0(0.07%),P:1e-5	Tpos:22.2,Tstd:12.6,Bpos:72.5,Bstd:21.5,StrandBias:10.0,Multiplicity:1.00
0.100	0.100	0.700	0.100
0.100	0.100	0.700	0.100
0.100	0.100	0.100	0.700
0.100	0.700	0.100	0.100
0.100	0.700	0.100	0.100
0.700	0.100	0.100	0.100
0.100	0.100	0.100	0.700
0.100	0.700	0.100	0.100
0.100	0.100	0.700	0.100
0.100	0.100	0.100	0.700
>AAACCAAAAA	6-AAACCAAAAA	8.171071	-5.062212	0	T:18.0(12.08%),B:193.0(6.32%),P:1e-2	Tpos:49.4,Tstd:25.6,Bpos:47.8,Bstd:24.2,StrandBias:0.7,Multiplicity:1.83
0.866	0.070	0.063	0.001
0.946	0.001	0.052	0.001
0.904	0.094	0.001	0.001
0.180	0.758	0.020	0.042
0.308	0.585	0.001	0.106
0.769	0.177	0.053	0.001
0.893	0.053	0.053	0.001
0.751	0.101	0.073	0.075
0.780	0.194	0.024	0.002
0.761	0.195	0.001	0.043
>CTCTCTCTCT	7-CTCTCTCTCT	10.800367	-3.750116	0	T:5.0(3.36%),B:33.0(1.08%),P:1e-1	Tpos:56.7,Tstd:35.8,Bpos:38.3,Bstd:19.2,StrandBias:4.1,Multiplicity:1.20
0.001	0.997	0.001	0.001
0.001	0.129	0.001	0.869
0.001	0.997	0.001	0.001
0.001	0.061	0.001	0.937
0.001	0.997	0.001	0.001
0.001	0.001	0.001	0.997
0.001	0.997	0.001	0.001
0.001	0.001	0.001	0.997
0.001	0.901	0.097	0.001
0.001	0.001	0.001	0.997
