>GGGDAKGKMTAD	1-GGGDAKGKMTAD	6.663944	-15.675929	0	T:4.0(80.00%),B:34.0(1.33%),P:1e-6	Tpos:55.5,Tstd:25.5,Bpos:47.1,Bstd:29.4,StrandBias:10.0,Multiplicity:1.00
0.149	0.140	0.568	0.143
0.143	0.140	0.577	0.140
0.001	0.003	0.854	0.142
0.286	0.003	0.429	0.282
0.572	0.419	0.006	0.003
0.001	0.139	0.441	0.419
0.143	0.140	0.435	0.283
0.140	0.143	0.432	0.286
0.282	0.428	0.140	0.149
0.003	0.140	0.149	0.708
0.562	0.003	0.143	0.292
0.286	0.003	0.425	0.286
>WCCTKTRTSTKT	2-WCCTKTRTSTKT	12.914106	-12.002736	0	T:2.0(40.00%),B:2.0(0.08%),P:1e-5	Tpos:66.0,Tstd:29.0,Bpos:37.5,Bstd:23.5,StrandBias:10.0,Multiplicity:1.00
0.472	0.001	0.001	0.526
0.001	0.997	0.001	0.001
0.001	0.997	0.001	0.001
0.001	0.001	0.001	0.997
0.001	0.001	0.536	0.462
0.001	0.001	0.073	0.925
0.462	0.001	0.536	0.001
0.001	0.001	0.001	0.997
0.001	0.536	0.462	0.001
0.001	0.001	0.001	0.997
0.001	0.010	0.463	0.526
0.001	0.001	0.063	0.935
>GGTGGTGCCTTG	3-GGTGGTGCCTTG	12.355432	-6.236370	0	T:1.0(20.00%),B:1.0(0.04%),P:1e-2	Tpos:7.0,Tstd:0.0,Bpos:65.0,Bstd:0.0,StrandBias:10.0,Multiplicity:1.00
0.100	0.100	0.700	0.100
0.100	0.100	0.700	0.100
0.100	0.100	0.100	0.700
0.100	0.100	0.700	0.100
0.100	0.100	0.700	0.100
0.100	0.100	0.100	0.700
0.100	0.100	0.700	0.100
0.100	0.700	0.100	0.100
0.100	0.700	0.100	0.100
0.100	0.100	0.100	0.700
0.100	0.100	0.100	0.700
0.100	0.100	0.700	0.100
>AAGAAGAATGAA	4-AAGAAGAATGAA	12.355432	-6.236370	0	T:1.0(20.00%),B:0.0(0.00%),P:1e-2	Tpos:6.0,Tstd:0.0,Bpos:0.0,Bstd:0.0,StrandBias:10.0,Multiplicity:1.00
0.700	0.100	0.100	0.100
0.700	0.100	0.100	0.100
0.100	0.100	0.700	0.100
0.700	0.100	0.100	0.100
0.700	0.100	0.100	0.100
0.100	0.100	0.700	0.100
0.700	0.100	0.100	0.100
0.700	0.100	0.100	0.100
0.100	0.100	0.100	0.700
0.100	0.100	0.700	0.100
0.700	0.100	0.100	0.100
0.700	0.100	0.100	0.100
>AGTCAGAGACAG	5-AGTCAGAGACAG	12.355432	-5.544006	0	T:1.0(20.00%),B:2.0(0.08%),P:1e-2	Tpos:66.0,Tstd:0.0,Bpos:34.0,Bstd:28.0,StrandBias:-10.0,Multiplicity:1.00
0.700	0.100	0.100	0.100
0.100	0.100	0.700	0.100
0.100	0.100	0.100	0.700
0.100	0.700	0.100	0.100
0.700	0.100	0.100	0.100
0.100	0.100	0.700	0.100
0.700	0.100	0.100	0.100
0.100	0.100	0.700	0.100
0.700	0.100	0.100	0.100
0.100	0.700	0.100	0.100
0.700	0.100	0.100	0.100
0.100	0.100	0.700	0.100
