>CCCAGGGTTGTC	1-CCCAGGGTTGTC	12.317359	-31.480782	0	T:8.0(6.25%),B:94.0(0.06%),P:1e-13,FDR:0.2	Tpos:52.6,Tstd:26.6,Bpos:54.8,Bstd:31.2,StrandBias:3.2,Multiplicity:1.25
0.001	0.988	0.001	0.010
0.001	0.673	0.001	0.325
0.001	0.997	0.001	0.001
0.673	0.001	0.001	0.325
0.001	0.001	0.997	0.001
0.001	0.001	0.725	0.273
0.001	0.001	0.989	0.009
0.001	0.001	0.351	0.647
0.001	0.001	0.001	0.997
0.001	0.001	0.725	0.273
0.342	0.001	0.001	0.656
0.001	0.997	0.001	0.001
>TAAGTTAGGADG	2-TAAGTTAGGADG	14.033255	-26.107870	0	T:4.0(3.12%),B:4.4(0.00%),P:1e-11,FDR:0.2	Tpos:65.2,Tstd:24.6,Bpos:22.6,Bstd:15.4,StrandBias:10.0,Multiplicity:1.25
0.001	0.001	0.001	0.997
0.706	0.001	0.292	0.001
0.997	0.001	0.001	0.001
0.001	0.001	0.706	0.292
0.001	0.001	0.001	0.997
0.001	0.001	0.001	0.997
0.991	0.001	0.001	0.007
0.312	0.001	0.686	0.001
0.345	0.001	0.653	0.001
0.997	0.001	0.001	0.001
0.341	0.001	0.346	0.312
0.001	0.001	0.997	0.001
>GGCAGAGTATGA	3-GGCAGAGTATGA	12.255269	-24.809983	0	T:6.0(4.69%),B:60.8(0.04%),P:1e-10,FDR:0.2	Tpos:33.8,Tstd:24.3,Bpos:49.4,Bstd:34.2,StrandBias:-1.6,Multiplicity:1.33
0.001	0.001	0.997	0.001
0.001	0.001	0.997	0.001
0.325	0.673	0.001	0.001
0.673	0.001	0.325	0.001
0.001	0.360	0.638	0.001
0.990	0.001	0.008	0.001
0.001	0.001	0.997	0.001
0.001	0.001	0.001	0.997
0.717	0.006	0.269	0.008
0.261	0.001	0.001	0.737
0.001	0.001	0.989	0.009
0.638	0.001	0.001	0.360
>CTCATCCCCCTG	4-CTCATCCCCCTG	12.355432	-12.143125	0	T:2.0(1.56%),B:4.7(0.00%),P:1e-5,FDR:1	Tpos:62.2,Tstd:23.1,Bpos:50.4,Bstd:31.7,StrandBias:-1.6,Multiplicity:2.00
0.100	0.700	0.100	0.100
0.100	0.100	0.100	0.700
0.100	0.700	0.100	0.100
0.700	0.100	0.100	0.100
0.100	0.100	0.100	0.700
0.100	0.700	0.100	0.100
0.100	0.700	0.100	0.100
0.100	0.700	0.100	0.100
0.100	0.700	0.100	0.100
0.100	0.700	0.100	0.100
0.100	0.100	0.100	0.700
0.100	0.100	0.700	0.100
>CTAGGGTTATGT	5-CTAGGGTTATGT	11.214899	-9.688743	0	T:3.0(2.34%),B:90.3(0.06%),P:1e-4,FDR:1	Tpos:54.1,Tstd:22.7,Bpos:51.9,Bstd:34.2,StrandBias:2.8,Multiplicity:2.67
0.208	0.553	0.001	0.238
0.001	0.176	0.001	0.822
0.811	0.001	0.187	0.001
0.001	0.001	0.576	0.422
0.001	0.001	0.997	0.001
0.001	0.187	0.811	0.001
0.001	0.001	0.001	0.997
0.001	0.001	0.001	0.997
0.603	0.208	0.188	0.001
0.001	0.001	0.405	0.593
0.001	0.001	0.997	0.001
0.001	0.001	0.233	0.765
>CTCTAGCCTGTC	6-CTCTAGCCTGTC	12.355432	-7.106693	0	T:1.0(0.78%),B:1.6(0.00%),P:1e-3,FDR:1	Tpos:50.2,Tstd:31.5,Bpos:70.1,Bstd:8.9,StrandBias:10.0,Multiplicity:5.00
0.100	0.700	0.100	0.100
0.100	0.100	0.100	0.700
0.100	0.700	0.100	0.100
0.100	0.100	0.100	0.700
0.700	0.100	0.100	0.100
0.100	0.100	0.700	0.100
0.100	0.700	0.100	0.100
0.100	0.700	0.100	0.100
0.100	0.100	0.100	0.700
0.100	0.100	0.700	0.100
0.100	0.100	0.100	0.700
0.100	0.700	0.100	0.100
>CTCAGCGACCTC	7-CTCAGCGACCTC	12.355432	-7.106693	0	T:1.0(0.78%),B:1.3(0.00%),P:1e-3,FDR:1	Tpos:45.5,Tstd:23.5,Bpos:35.2,Bstd:16.7,StrandBias:-10.0,Multiplicity:4.00
0.100	0.700	0.100	0.100
0.100	0.100	0.100	0.700
0.100	0.700	0.100	0.100
0.700	0.100	0.100	0.100
0.100	0.100	0.700	0.100
0.100	0.700	0.100	0.100
0.100	0.100	0.700	0.100
0.700	0.100	0.100	0.100
0.100	0.700	0.100	0.100
0.100	0.700	0.100	0.100
0.100	0.100	0.100	0.700
0.100	0.700	0.100	0.100
>CATGCGCCACAG	8-CATGCGCCACAG	12.355432	-6.413952	0	T:1.0(0.78%),B:2.3(0.00%),P:1e-2,FDR:1	Tpos:56.5,Tstd:23.5,Bpos:69.4,Bstd:7.2,StrandBias:-10.0,Multiplicity:4.00
0.100	0.700	0.100	0.100
0.700	0.100	0.100	0.100
0.100	0.100	0.100	0.700
0.100	0.100	0.700	0.100
0.100	0.700	0.100	0.100
0.100	0.100	0.700	0.100
0.100	0.700	0.100	0.100
0.100	0.700	0.100	0.100
0.700	0.100	0.100	0.100
0.100	0.700	0.100	0.100
0.700	0.100	0.100	0.100
0.100	0.100	0.700	0.100
