>AAGTAGCC	1-AAGTAGCC	7.380943	-16.389377	0	T:11.0(32.35%),B:6198.0(4.16%),P:1e-7	Tpos:41.6,Tstd:24.1,Bpos:49.8,Bstd:26.9,StrandBias:-0.3,Multiplicity:1.00
0.706	0.086	0.093	0.115
0.909	0.001	0.089	0.001
0.001	0.100	0.898	0.001
0.068	0.001	0.059	0.872
0.905	0.001	0.093	0.001
0.001	0.108	0.890	0.001
0.001	0.897	0.101	0.001
0.001	0.997	0.001	0.001
>ACCACTGA	2-ACCACTGA	8.050002	-12.482450	0	T:7.0(20.59%),B:2923.0(1.96%),P:1e-5	Tpos:60.6,Tstd:23.9,Bpos:50.7,Bstd:26.9,StrandBias:-0.4,Multiplicity:1.00
0.789	0.092	0.001	0.118
0.001	0.911	0.087	0.001
0.001	0.846	0.001	0.152
0.997	0.001	0.001	0.001
0.116	0.882	0.001	0.001
0.095	0.001	0.142	0.762
0.001	0.001	0.997	0.001
0.895	0.103	0.001	0.001
>AAGTGTGT	3-AAGTGTGT	7.939622	-12.336283	0	T:8.0(23.53%),B:4288.0(2.88%),P:1e-5	Tpos:54.5,Tstd:25.3,Bpos:49.4,Bstd:27.5,StrandBias:0.0,Multiplicity:1.00
0.896	0.001	0.102	0.001
0.903	0.001	0.001	0.095
0.001	0.001	0.997	0.001
0.123	0.001	0.001	0.875
0.001	0.114	0.884	0.001
0.001	0.001	0.110	0.888
0.001	0.001	0.898	0.100
0.001	0.135	0.108	0.756
>TTCYTKTT	4-TTCYTKTT	8.741034	-10.646761	0	T:9.0(26.47%),B:7151.0(4.80%),P:1e-4	Tpos:72.2,Tstd:19.7,Bpos:49.9,Bstd:27.4,StrandBias:0.3,Multiplicity:1.00
0.001	0.001	0.001	0.997
0.001	0.001	0.001	0.997
0.001	0.997	0.001	0.001
0.205	0.467	0.001	0.326
0.001	0.001	0.001	0.997
0.001	0.001	0.524	0.474
0.001	0.001	0.001	0.997
0.001	0.001	0.001	0.997
>AATCGTCG	5-AATCGTCG	8.236954	-5.391133	0	T:1.0(2.94%),B:20.0(0.01%),P:1e-2	Tpos:24.0,Tstd:0.0,Bpos:51.9,Bstd:30.3,StrandBias:-10.0,Multiplicity:1.00
0.700	0.100	0.100	0.100
0.700	0.100	0.100	0.100
0.100	0.100	0.100	0.700
0.100	0.700	0.100	0.100
0.100	0.100	0.700	0.100
0.100	0.100	0.100	0.700
0.100	0.700	0.100	0.100
0.100	0.100	0.700	0.100
