>KGATCARA	1-KGATCARA	6.198946	-13.730096	0	T:14.0(41.18%),B:14167.0(9.51%),P:1e-5	Tpos:47.1,Tstd:26.4,Bpos:50.1,Bstd:27.2,StrandBias:-0.6,Multiplicity:1.00
0.056	0.001	0.524	0.419
0.075	0.175	0.749	0.001
0.797	0.001	0.201	0.001
0.001	0.001	0.175	0.823
0.001	0.781	0.217	0.001
0.876	0.122	0.001	0.001
0.484	0.086	0.428	0.001
0.586	0.104	0.144	0.166
>TCTGCATT	2-TCTGCATT	7.863830	-13.520175	0	T:10.0(29.41%),B:6551.0(4.40%),P:1e-5	Tpos:52.7,Tstd:23.0,Bpos:50.7,Bstd:27.7,StrandBias:1.4,Multiplicity:1.10
0.148	0.001	0.001	0.850
0.001	0.857	0.001	0.141
0.001	0.001	0.001	0.997
0.001	0.001	0.997	0.001
0.001	0.847	0.001	0.151
0.825	0.084	0.001	0.090
0.001	0.001	0.101	0.897
0.001	0.001	0.139	0.859
>TAGTGGTG	3-TAGTGGTG	7.886861	-12.079973	0	T:8.0(23.53%),B:4441.0(2.98%),P:1e-5	Tpos:53.4,Tstd:24.6,Bpos:50.3,Bstd:26.6,StrandBias:1.8,Multiplicity:1.12
0.001	0.087	0.111	0.801
0.828	0.001	0.064	0.107
0.001	0.001	0.997	0.001
0.001	0.001	0.001	0.997
0.001	0.001	0.997	0.001
0.001	0.112	0.757	0.130
0.124	0.001	0.001	0.874
0.001	0.138	0.860	0.001
>AATTTCAT	4-AATTTCAT	9.403648	-11.893396	0	T:4.0(11.76%),B:530.0(0.36%),P:1e-5	Tpos:62.2,Tstd:25.8,Bpos:50.2,Bstd:26.9,StrandBias:0.0,Multiplicity:1.00
0.997	0.001	0.001	0.001
0.997	0.001	0.001	0.001
0.001	0.001	0.001	0.997
0.001	0.001	0.001	0.997
0.001	0.001	0.001	0.997
0.001	0.997	0.001	0.001
0.816	0.182	0.001	0.001
0.231	0.001	0.001	0.767
>GACAGGAG	5-GACAGGAG	5.783360	-9.610471	0	T:13.0(38.24%),B:17473.0(11.73%),P:1e-4	Tpos:46.4,Tstd:28.3,Bpos:49.5,Bstd:27.4,StrandBias:-1.3,Multiplicity:1.31
0.094	0.077	0.828	0.001
0.876	0.069	0.054	0.001
0.077	0.921	0.001	0.001
0.752	0.001	0.162	0.085
0.001	0.001	0.997	0.001
0.101	0.001	0.897	0.001
0.997	0.001	0.001	0.001
0.072	0.001	0.808	0.119
