>AAGCACTGTTGC	1-AAGCACTGTTGC	12.105128	-34.580196	0	T:11.0(1.92%),B:0.0(0.00%),P:1e-15	Tpos:55.5,Tstd:18.6,Bpos:0.0,Bstd:0.0,StrandBias:0.3,Multiplicity:1.00
0.631	0.005	0.001	0.363
0.779	0.001	0.001	0.219
0.286	0.001	0.712	0.001
0.001	0.997	0.001	0.001
0.997	0.001	0.001	0.001
0.191	0.803	0.001	0.005
0.177	0.001	0.001	0.821
0.001	0.001	0.997	0.001
0.001	0.001	0.001	0.997
0.219	0.001	0.001	0.779
0.002	0.006	0.808	0.184
0.001	0.821	0.001	0.177
>GCTGACTTAAAT	2-GCTGACTTAAAT	7.454253	-33.910677	0	T:13.0(2.27%),B:2.0(0.08%),P:1e-14	Tpos:55.1,Tstd:18.9,Bpos:73.0,Bstd:11.0,StrandBias:0.7,Multiplicity:1.00
0.118	0.227	0.521	0.134
0.122	0.650	0.094	0.134
0.067	0.037	0.001	0.895
0.105	0.180	0.526	0.189
0.459	0.214	0.180	0.147
0.188	0.669	0.001	0.142
0.001	0.109	0.050	0.840
0.163	0.172	0.236	0.428
0.457	0.206	0.147	0.190
0.566	0.130	0.111	0.193
0.615	0.163	0.071	0.151
0.210	0.138	0.130	0.522
>GTCTGATTTTCT	3-GTCTGATTTTCT	7.911505	-26.791334	0	T:9.0(1.57%),B:1.0(0.04%),P:1e-11	Tpos:54.1,Tstd:18.6,Bpos:27.5,Bstd:15.5,StrandBias:0.0,Multiplicity:1.33
0.001	0.001	0.997	0.001
0.001	0.001	0.001	0.997
0.075	0.621	0.303	0.001
0.001	0.075	0.001	0.923
0.001	0.228	0.695	0.076
0.997	0.001	0.001	0.001
0.001	0.001	0.001	0.997
0.001	0.001	0.001	0.997
0.001	0.001	0.001	0.997
0.075	0.001	0.001	0.923
0.001	0.997	0.001	0.001
0.075	0.001	0.001	0.923
>GCCTGTCCCAGC	4-GCCTGTCCCAGC	9.460094	-23.816060	0	T:19.0(3.32%),B:12.0(0.46%),P:1e-10	Tpos:51.6,Tstd:27.5,Bpos:40.9,Bstd:25.3,StrandBias:0.8,Multiplicity:1.22
0.001	0.011	0.987	0.001
0.011	0.987	0.001	0.001
0.103	0.895	0.001	0.001
0.001	0.001	0.001	0.997
0.104	0.001	0.791	0.104
0.001	0.028	0.208	0.763
0.001	0.791	0.207	0.001
0.207	0.791	0.001	0.001
0.104	0.688	0.104	0.104
0.583	0.001	0.001	0.415
0.001	0.001	0.997	0.001
0.104	0.791	0.001	0.104
>CAGTCAGTGCAG	5-CAGTCAGTGCAG	10.478288	-20.038616	0	T:10.0(1.75%),B:3.0(0.11%),P:1e-8	Tpos:44.8,Tstd:25.2,Bpos:44.7,Bstd:8.6,StrandBias:1.9,Multiplicity:1.90
0.001	0.722	0.276	0.001
0.997	0.001	0.001	0.001
0.036	0.001	0.962	0.001
0.037	0.001	0.327	0.635
0.001	0.997	0.001	0.001
0.720	0.001	0.001	0.278
0.001	0.001	0.997	0.001
0.038	0.001	0.350	0.611
0.001	0.037	0.925	0.037
0.001	0.997	0.001	0.001
0.722	0.001	0.001	0.276
0.001	0.001	0.722	0.276
>CTTCCTTCYTTC	6-CTTCCTTCYTTC	10.606752	-14.973606	0	T:19.0(3.32%),B:21.0(0.80%),P:1e-6	Tpos:49.4,Tstd:22.3,Bpos:48.0,Bstd:25.2,StrandBias:1.5,Multiplicity:1.00
0.001	0.827	0.001	0.171
0.001	0.085	0.001	0.913
0.001	0.171	0.001	0.827
0.001	0.997	0.001	0.001
0.001	0.817	0.001	0.181
0.001	0.001	0.001	0.997
0.001	0.268	0.086	0.645
0.001	0.997	0.001	0.001
0.086	0.463	0.001	0.450
0.001	0.001	0.085	0.913
0.001	0.344	0.001	0.654
0.001	0.997	0.001	0.001
>CCATGGGCACAC	7-CCATGGGCACAC	11.144858	-12.614074	0	T:5.0(0.87%),B:1.0(0.04%),P:1e-5	Tpos:50.4,Tstd:25.9,Bpos:23.0,Bstd:0.0,StrandBias:0.3,Multiplicity:2.20
0.001	0.997	0.001	0.001
0.001	0.931	0.001	0.067
0.997	0.001	0.001	0.001
0.001	0.001	0.001	0.997
0.001	0.001	0.997	0.001
0.001	0.001	0.997	0.001
0.001	0.001	0.687	0.311
0.001	0.620	0.135	0.244
0.997	0.001	0.001	0.001
0.001	0.997	0.001	0.001
0.931	0.001	0.067	0.001
0.097	0.890	0.012	0.001
>GGGGGGGGGGGG	8-GGGGGGGGGGGG	12.838505	-7.476586	0	T:5.0(0.87%),B:3.0(0.11%),P:1e-3	Tpos:52.3,Tstd:35.1,Bpos:20.8,Bstd:1.3,StrandBias:1.1,Multiplicity:1.00
0.058	0.001	0.883	0.058
0.001	0.001	0.997	0.001
0.001	0.001	0.997	0.001
0.001	0.001	0.997	0.001
0.001	0.001	0.940	0.058
0.001	0.001	0.940	0.058
0.001	0.001	0.940	0.058
0.001	0.058	0.883	0.058
0.001	0.058	0.883	0.058
0.058	0.058	0.883	0.001
0.058	0.058	0.883	0.001
0.059	0.059	0.823	0.059
