>CAATGTAAAT	1-CAATGTAAAT	10.117990	-25.293520	0	T:13.0(2.27%),B:4.0(0.15%),P:1e-10	Tpos:51.3,Tstd:23.4,Bpos:66.8,Bstd:19.2,StrandBias:0.2,Multiplicity:1.15
0.208	0.687	0.001	0.104
0.997	0.001	0.001	0.001
0.997	0.001	0.001	0.001
0.001	0.001	0.001	0.997
0.001	0.001	0.997	0.001
0.207	0.001	0.001	0.791
0.997	0.001	0.001	0.001
0.624	0.032	0.104	0.240
0.895	0.001	0.103	0.001
0.104	0.208	0.001	0.687
>CRCCATGTAA	2-CRCCATGTAA	10.292657	-23.899725	0	T:10.0(1.75%),B:2.0(0.08%),P:1e-10	Tpos:54.4,Tstd:23.7,Bpos:56.0,Bstd:14.0,StrandBias:1.3,Multiplicity:1.40
0.084	0.831	0.084	0.001
0.490	0.001	0.508	0.001
0.001	0.914	0.001	0.084
0.001	0.997	0.001	0.001
0.997	0.001	0.001	0.001
0.001	0.001	0.084	0.914
0.001	0.001	0.997	0.001
0.001	0.001	0.001	0.997
0.997	0.001	0.001	0.001
0.914	0.084	0.001	0.001
>CACATGTGCT	3-CACATGTGCT	7.147268	-22.320588	0	T:55.0(9.62%),B:97.0(3.69%),P:1e-9	Tpos:53.4,Tstd:27.0,Bpos:53.5,Bstd:25.1,StrandBias:-0.2,Multiplicity:1.13
0.001	0.891	0.081	0.027
0.689	0.165	0.001	0.145
0.027	0.945	0.027	0.001
0.798	0.121	0.027	0.054
0.027	0.064	0.216	0.693
0.027	0.227	0.557	0.189
0.081	0.027	0.030	0.862
0.054	0.001	0.861	0.084
0.072	0.846	0.001	0.081
0.081	0.030	0.001	0.888
>ACCACCACCA	4-ACCACCACCA	12.354246	-12.614074	0	T:5.0(0.87%),B:1.0(0.04%),P:1e-5	Tpos:53.7,Tstd:25.7,Bpos:51.0,Bstd:0.0,StrandBias:3.2,Multiplicity:1.20
0.616	0.382	0.001	0.001
0.001	0.997	0.001	0.001
0.001	0.997	0.001	0.001
0.997	0.001	0.001	0.001
0.001	0.997	0.001	0.001
0.001	0.997	0.001	0.001
0.616	0.001	0.382	0.001
0.038	0.960	0.001	0.001
0.001	0.997	0.001	0.001
0.997	0.001	0.001	0.001
>GTTATAGGTC	5-GTTATAGGTC	7.485142	-11.970019	0	T:6.0(1.05%),B:2.0(0.08%),P:1e-5	Tpos:53.4,Tstd:26.0,Bpos:37.0,Bstd:21.0,StrandBias:3.0,Multiplicity:1.50
0.086	0.078	0.724	0.112
0.061	0.086	0.112	0.741
0.069	0.095	0.112	0.724
0.603	0.138	0.061	0.198
0.112	0.130	0.164	0.594
0.760	0.043	0.094	0.103
0.146	0.043	0.760	0.051
0.078	0.103	0.708	0.111
0.104	0.095	0.112	0.689
0.086	0.700	0.094	0.120
>TGCTCTGCTC	6-TGCTCTGCTC	7.887047	-7.476586	0	T:5.0(0.87%),B:3.0(0.11%),P:1e-3	Tpos:37.1,Tstd:26.9,Bpos:36.3,Bstd:6.8,StrandBias:-2.0,Multiplicity:3.00
0.001	0.001	0.001	0.997
0.051	0.051	0.897	0.001
0.001	0.997	0.001	0.001
0.001	0.001	0.001	0.997
0.001	0.997	0.001	0.001
0.001	0.001	0.001	0.997
0.001	0.001	0.997	0.001
0.001	0.947	0.001	0.051
0.001	0.001	0.001	0.997
0.001	0.997	0.001	0.001
>AAGGTGAGGG	7-AAGGTGAGGG	11.863652	-5.410600	0	T:4.0(0.70%),B:3.0(0.11%),P:1e-2	Tpos:41.3,Tstd:25.8,Bpos:35.5,Bstd:30.4,StrandBias:4.5,Multiplicity:5.75
0.997	0.001	0.001	0.001
0.620	0.001	0.378	0.001
0.001	0.001	0.997	0.001
0.001	0.001	0.997	0.001
0.001	0.001	0.001	0.997
0.001	0.001	0.631	0.367
0.997	0.001	0.001	0.001
0.001	0.001	0.997	0.001
0.001	0.001	0.997	0.001
0.001	0.001	0.997	0.001
>GTGCAGGCAG	8-GTGCAGGCAG	12.453600	-4.616415	0	T:3.0(0.52%),B:2.0(0.08%),P:1e-2	Tpos:51.5,Tstd:28.0,Bpos:44.0,Bstd:6.0,StrandBias:2.3,Multiplicity:4.00
0.001	0.001	0.997	0.001
0.001	0.001	0.001	0.997
0.001	0.001	0.997	0.001
0.001	0.997	0.001	0.001
0.997	0.001	0.001	0.001
0.001	0.001	0.997	0.001
0.001	0.001	0.747	0.251
0.001	0.997	0.001	0.001
0.997	0.001	0.001	0.001
0.001	0.001	0.997	0.001
