>TGTTTYCC	1-TGTTTYCC	7.149004	-15.416249	0	T:10.0(38.46%),B:104.7(4.93%),P:1e-6,FDR:0.2	Tpos:51.1,Tstd:27.5,Bpos:52.5,Bstd:35.9,StrandBias:1.3,Multiplicity:1.00
0.001	0.001	0.083	0.915
0.001	0.001	0.695	0.303
0.001	0.001	0.069	0.929
0.001	0.001	0.001	0.997
0.001	0.296	0.171	0.532
0.001	0.559	0.030	0.410
0.097	0.726	0.001	0.176
0.001	0.630	0.289	0.080
>GGACTCCA	2-GGACTCCA	2.552201	-14.295005	0	T:15.0(57.69%),B:318.2(14.96%),P:1e-6,FDR:0.3	Tpos:44.0,Tstd:28.9,Bpos:48.0,Bstd:43.5,StrandBias:-0.1,Multiplicity:1.07
0.001	0.001	0.997	0.001
0.001	0.001	0.997	0.001
0.997	0.001	0.001	0.001
0.001	0.872	0.126	0.001
0.001	0.001	0.001	0.997
0.001	0.997	0.001	0.001
0.060	0.938	0.001	0.001
0.584	0.061	0.228	0.127
>AAAACCCG	3-AAAACCCG	8.306221	-10.785899	0	T:5.0(19.23%),B:28.8(1.35%),P:1e-4,FDR:0.733333333333333	Tpos:35.0,Tstd:20.6,Bpos:58.4,Bstd:26.5,StrandBias:-1.0,Multiplicity:1.20
0.997	0.001	0.001	0.001
0.732	0.001	0.266	0.001
0.997	0.001	0.001	0.001
0.997	0.001	0.001	0.001
0.001	0.997	0.001	0.001
0.001	0.997	0.001	0.001
0.144	0.630	0.001	0.225
0.001	0.001	0.862	0.136
>AAGGGCCT	4-AAGGGCCT	7.683355	-10.693774	0	T:7.0(26.92%),B:74.2(3.49%),P:1e-4,FDR:0.733333333333333	Tpos:49.2,Tstd:17.5,Bpos:50.2,Bstd:42.5,StrandBias:-0.3,Multiplicity:1.00
0.817	0.052	0.056	0.075
0.920	0.001	0.078	0.001
0.074	0.001	0.791	0.134
0.001	0.001	0.997	0.001
0.088	0.062	0.762	0.088
0.001	0.997	0.001	0.001
0.001	0.997	0.001	0.001
0.209	0.001	0.001	0.789
>GACGAGCA	5-GACGAGCA	7.779232	-9.341735	0	T:5.0(19.23%),B:38.6(1.82%),P:1e-4,FDR:0.733333333333333	Tpos:73.1,Tstd:14.7,Bpos:50.3,Bstd:33.3,StrandBias:-2.6,Multiplicity:1.40
0.001	0.001	0.810	0.188
0.810	0.188	0.001	0.001
0.001	0.910	0.088	0.001
0.130	0.082	0.787	0.001
0.810	0.188	0.001	0.001
0.001	0.001	0.997	0.001
0.001	0.997	0.001	0.001
0.997	0.001	0.001	0.001
