>TCCAGGATCCTG	1-TCCAGGATCCTG	9.658287	-21.045359	0	T:32.0(1.99%),B:838.0(0.54%),P:1e-9	Tpos:44.1,Tstd:25.7,Bpos:49.8,Bstd:25.6,StrandBias:-0.1,Multiplicity:1.12
0.001	0.123	0.234	0.642
0.001	0.756	0.001	0.242
0.209	0.789	0.001	0.001
0.690	0.043	0.081	0.186
0.001	0.001	0.997	0.001
0.109	0.025	0.627	0.239
0.772	0.226	0.001	0.001
0.001	0.001	0.153	0.845
0.110	0.858	0.001	0.031
0.001	0.997	0.001	0.001
0.001	0.111	0.001	0.887
0.089	0.067	0.798	0.046
>TCCTCAGACACT	2-TCCTCAGACACT	15.119676	-20.766631	0	T:5.0(0.31%),B:4.0(0.00%),P:1e-9	Tpos:42.2,Tstd:24.7,Bpos:37.0,Bstd:16.0,StrandBias:2.0,Multiplicity:1.00
0.001	0.001	0.001	0.997
0.001	0.997	0.001	0.001
0.001	0.997	0.001	0.001
0.001	0.001	0.001	0.997
0.001	0.997	0.001	0.001
0.771	0.001	0.227	0.001
0.001	0.001	0.997	0.001
0.997	0.001	0.001	0.001
0.001	0.997	0.001	0.001
0.997	0.001	0.001	0.001
0.001	0.997	0.001	0.001
0.001	0.001	0.001	0.997
>TWCCAGCTSTCC	3-TWCCAGCTSTCC	9.469096	-17.846575	0	T:30.0(1.86%),B:860.0(0.55%),P:1e-7	Tpos:52.6,Tstd:26.3,Bpos:50.8,Bstd:26.6,StrandBias:0.5,Multiplicity:1.07
0.001	0.001	0.115	0.883
0.476	0.067	0.001	0.457
0.375	0.623	0.001	0.001
0.001	0.997	0.001	0.001
0.644	0.110	0.073	0.173
0.072	0.072	0.855	0.001
0.001	0.924	0.003	0.072
0.047	0.073	0.003	0.877
0.001	0.507	0.435	0.057
0.001	0.375	0.072	0.552
0.075	0.826	0.098	0.001
0.061	0.937	0.001	0.001
>TACACCATCCGG	4-TACACCATCCGG	9.717333	-14.939224	0	T:6.0(0.37%),B:25.0(0.02%),P:1e-6	Tpos:47.4,Tstd:21.3,Bpos:55.4,Bstd:27.2,StrandBias:-3.0,Multiplicity:1.50
0.001	0.001	0.001	0.997
0.997	0.001	0.001	0.001
0.001	0.997	0.001	0.001
0.997	0.001	0.001	0.001
0.001	0.826	0.034	0.139
0.001	0.997	0.001	0.001
0.830	0.001	0.001	0.168
0.001	0.001	0.001	0.997
0.001	0.997	0.001	0.001
0.001	0.997	0.001	0.001
0.178	0.001	0.820	0.001
0.001	0.001	0.997	0.001
>GACAGAGACACA	5-GACAGAGACACA	9.741437	-12.438195	0	T:27.0(1.68%),B:948.0(0.61%),P:1e-5	Tpos:47.5,Tstd:23.8,Bpos:51.3,Bstd:26.1,StrandBias:-0.5,Multiplicity:1.33
0.129	0.066	0.711	0.094
0.837	0.022	0.090	0.051
0.052	0.791	0.156	0.001
0.896	0.001	0.001	0.102
0.109	0.061	0.829	0.001
0.934	0.036	0.029	0.001
0.020	0.076	0.884	0.020
0.740	0.087	0.096	0.077
0.028	0.833	0.066	0.073
0.879	0.027	0.001	0.093
0.022	0.809	0.093	0.076
0.864	0.035	0.048	0.053
>MCACWSYCMCAC	6-MCACWSYCMCAC	8.252906	-11.064189	0	T:66.0(4.10%),B:3662.0(2.35%),P:1e-4	Tpos:59.0,Tstd:27.8,Bpos:49.3,Bstd:26.9,StrandBias:0.3,Multiplicity:1.08
0.411	0.520	0.068	0.001
0.075	0.565	0.061	0.299
0.811	0.073	0.023	0.093
0.012	0.647	0.035	0.306
0.465	0.043	0.031	0.461
0.001	0.399	0.361	0.239
0.189	0.392	0.046	0.373
0.019	0.951	0.007	0.023
0.488	0.469	0.019	0.023
0.074	0.834	0.069	0.023
0.948	0.023	0.013	0.016
0.055	0.869	0.053	0.023
>CATAGATGCATA	7-CATAGATGCATA	11.712413	-6.870460	0	T:4.0(0.25%),B:42.0(0.03%),P:1e-2	Tpos:53.0,Tstd:26.1,Bpos:46.7,Bstd:25.3,StrandBias:-1.0,Multiplicity:1.50
0.001	0.997	0.001	0.001
0.997	0.001	0.001	0.001
0.001	0.181	0.013	0.805
0.886	0.001	0.001	0.112
0.001	0.001	0.997	0.001
0.886	0.001	0.001	0.112
0.001	0.001	0.001	0.997
0.049	0.001	0.728	0.222
0.222	0.741	0.036	0.001
0.810	0.001	0.001	0.188
0.222	0.001	0.169	0.608
0.588	0.001	0.222	0.189
>AAAAAAAAAAAA	8-AAAAAAAAAAAA	9.698687	-3.913846	0	T:53.0(3.29%),B:3809.0(2.44%),P:1e-1	Tpos:54.4,Tstd:23.5,Bpos:51.0,Bstd:25.0,StrandBias:0.1,Multiplicity:1.11
0.847	0.057	0.032	0.064
0.825	0.070	0.042	0.063
0.875	0.061	0.046	0.018
0.879	0.064	0.027	0.030
0.847	0.056	0.053	0.044
0.897	0.040	0.046	0.017
0.845	0.047	0.086	0.022
0.818	0.094	0.063	0.025
0.790	0.110	0.067	0.033
0.765	0.141	0.074	0.020
0.799	0.104	0.069	0.028
0.818	0.077	0.082	0.023
