>AAGCTCAACT	1-AAGCTCAACT	9.475062	-24.371726	0	T:27.0(1.68%),B:523.0(0.34%),P:1e-10	Tpos:46.2,Tstd:26.5,Bpos:50.2,Bstd:27.5,StrandBias:0.1,Multiplicity:1.00
0.864	0.086	0.049	0.001
0.793	0.001	0.001	0.205
0.001	0.001	0.997	0.001
0.080	0.918	0.001	0.001
0.047	0.040	0.001	0.912
0.001	0.997	0.001	0.001
0.963	0.035	0.001	0.001
0.836	0.086	0.043	0.035
0.001	0.910	0.032	0.057
0.053	0.001	0.100	0.846
>ATGGTTTGGG	2-ATGGTTTGGG	8.693902	-22.782386	0	T:29.0(1.80%),B:647.0(0.41%),P:1e-9	Tpos:42.7,Tstd:29.4,Bpos:49.2,Bstd:26.8,StrandBias:0.5,Multiplicity:1.00
0.761	0.147	0.091	0.001
0.052	0.001	0.001	0.946
0.078	0.001	0.886	0.035
0.001	0.061	0.937	0.001
0.071	0.001	0.052	0.876
0.001	0.052	0.096	0.851
0.001	0.001	0.001	0.997
0.001	0.001	0.925	0.073
0.001	0.001	0.945	0.053
0.062	0.001	0.936	0.001
>GTCGGGGCTG	3-GTCGGGGCTG	9.748264	-14.834916	0	T:24.0(1.49%),B:679.0(0.44%),P:1e-6	Tpos:50.1,Tstd:24.4,Bpos:50.2,Bstd:26.8,StrandBias:1.4,Multiplicity:1.08
0.001	0.023	0.930	0.046
0.001	0.085	0.148	0.766
0.001	0.997	0.001	0.001
0.019	0.033	0.913	0.035
0.001	0.073	0.861	0.065
0.045	0.001	0.953	0.001
0.099	0.001	0.899	0.001
0.080	0.918	0.001	0.001
0.001	0.165	0.044	0.790
0.001	0.001	0.997	0.001
>AAATWAACTA	4-AAATWAACTA	8.415071	-14.030107	0	T:30.0(1.86%),B:1033.0(0.66%),P:1e-6	Tpos:54.7,Tstd:25.1,Bpos:49.6,Bstd:26.6,StrandBias:-0.3,Multiplicity:1.17
0.770	0.072	0.068	0.090
0.997	0.001	0.001	0.001
0.619	0.193	0.001	0.187
0.001	0.106	0.001	0.892
0.554	0.001	0.001	0.444
0.887	0.001	0.001	0.111
0.997	0.001	0.001	0.001
0.001	0.940	0.058	0.001
0.001	0.043	0.169	0.787
0.640	0.071	0.100	0.189
>GAAGGGAGGG	5-GAAGGGAGGG	7.375903	-8.755879	0	T:157.0(9.76%),B:11370.0(7.29%),P:1e-3	Tpos:47.8,Tstd:26.4,Bpos:49.8,Bstd:26.7,StrandBias:0.3,Multiplicity:1.24
0.072	0.086	0.836	0.006
0.673	0.073	0.209	0.045
0.704	0.075	0.159	0.062
0.099	0.013	0.861	0.027
0.061	0.010	0.905	0.024
0.114	0.102	0.757	0.027
0.758	0.150	0.066	0.026
0.069	0.041	0.860	0.030
0.071	0.011	0.774	0.144
0.026	0.041	0.884	0.049
>GAGCAGAGCA	6-GAGCAGAGCA	8.447157	-7.936596	0	T:15.0(0.93%),B:508.0(0.33%),P:1e-3	Tpos:43.8,Tstd:27.5,Bpos:49.6,Bstd:26.8,StrandBias:-1.9,Multiplicity:1.87
0.001	0.001	0.997	0.001
0.997	0.001	0.001	0.001
0.001	0.001	0.997	0.001
0.001	0.997	0.001	0.001
0.997	0.001	0.001	0.001
0.001	0.001	0.997	0.001
0.997	0.001	0.001	0.001
0.001	0.001	0.997	0.001
0.001	0.965	0.001	0.033
0.860	0.138	0.001	0.001
>TTTCCGACGT	7-TTTCCGACGT	10.064992	-7.920914	0	T:3.0(0.19%),B:13.0(0.01%),P:1e-3	Tpos:60.8,Tstd:30.2,Bpos:54.7,Bstd:29.3,StrandBias:-2.3,Multiplicity:2.00
0.001	0.178	0.001	0.820
0.001	0.001	0.001	0.997
0.001	0.001	0.001	0.997
0.001	0.997	0.001	0.001
0.001	0.997	0.001	0.001
0.001	0.001	0.997	0.001
0.997	0.001	0.001	0.001
0.001	0.869	0.001	0.129
0.001	0.001	0.997	0.001
0.001	0.001	0.001	0.997
>CCGGAGCGAG	8-CCGGAGCGAG	11.245501	-5.418268	0	T:4.0(0.25%),B:63.0(0.04%),P:1e-2	Tpos:37.1,Tstd:27.7,Bpos:52.8,Bstd:27.8,StrandBias:-1.8,Multiplicity:2.25
0.001	0.997	0.001	0.001
0.001	0.997	0.001	0.001
0.001	0.095	0.903	0.001
0.001	0.001	0.997	0.001
0.997	0.001	0.001	0.001
0.001	0.001	0.997	0.001
0.001	0.997	0.001	0.001
0.001	0.001	0.997	0.001
0.997	0.001	0.001	0.001
0.001	0.001	0.787	0.211
