>CCGGTACA	1-CCGGTACA	5.187417	-18.896283	0	T:196.0(12.18%),B:12531.0(8.03%),P:1e-8	Tpos:46.5,Tstd:26.3,Bpos:49.9,Bstd:27.1,StrandBias:-0.0,Multiplicity:1.08
0.033	0.853	0.028	0.086
0.026	0.781	0.092	0.101
0.077	0.043	0.742	0.138
0.147	0.119	0.718	0.016
0.061	0.042	0.110	0.787
0.751	0.129	0.071	0.049
0.209	0.717	0.034	0.040
0.669	0.045	0.111	0.175
>GCGTCAGA	2-GCGTCAGA	5.241719	-16.566684	0	T:355.0(22.06%),B:26391.0(16.92%),P:1e-7	Tpos:49.7,Tstd:26.8,Bpos:49.9,Bstd:26.9,StrandBias:0.2,Multiplicity:1.11
0.001	0.077	0.899	0.023
0.020	0.851	0.001	0.128
0.108	0.140	0.634	0.118
0.012	0.073	0.125	0.790
0.057	0.777	0.133	0.033
0.626	0.085	0.160	0.129
0.172	0.013	0.762	0.053
0.683	0.030	0.152	0.135
>ACCTATAC	3-ACCTATAC	7.161779	-15.279307	0	T:48.0(2.98%),B:2031.0(1.30%),P:1e-6	Tpos:44.8,Tstd:26.6,Bpos:50.1,Bstd:27.3,StrandBias:-0.1,Multiplicity:1.04
0.997	0.001	0.001	0.001
0.001	0.871	0.115	0.013
0.017	0.949	0.004	0.030
0.155	0.171	0.204	0.470
0.893	0.001	0.001	0.105
0.030	0.087	0.197	0.686
0.458	0.001	0.255	0.286
0.030	0.879	0.001	0.090
>ACTGTMGA	4-ACTGTMGA	5.753759	-15.014217	0	T:139.0(8.64%),B:8658.0(5.55%),P:1e-6	Tpos:50.5,Tstd:27.6,Bpos:50.8,Bstd:27.1,StrandBias:0.0,Multiplicity:1.08
0.706	0.056	0.156	0.082
0.097	0.525	0.021	0.357
0.146	0.006	0.005	0.843
0.093	0.128	0.570	0.209
0.009	0.039	0.011	0.941
0.398	0.469	0.132	0.001
0.001	0.001	0.982	0.016
0.786	0.001	0.172	0.041
>CCGGRACC	5-CCGGRACC	7.783133	-14.299095	0	T:65.0(4.04%),B:3239.0(2.08%),P:1e-6	Tpos:47.5,Tstd:28.6,Bpos:50.1,Bstd:27.3,StrandBias:-0.4,Multiplicity:1.12
0.001	0.997	0.001	0.001
0.001	0.952	0.046	0.001
0.001	0.001	0.997	0.001
0.001	0.001	0.681	0.317
0.476	0.001	0.522	0.001
0.955	0.043	0.001	0.001
0.329	0.533	0.137	0.001
0.001	0.832	0.166	0.001
>AATAGATA	6-AATAGATA	5.777051	-13.824468	0	T:128.0(7.96%),B:7987.0(5.12%),P:1e-6	Tpos:47.5,Tstd:25.4,Bpos:49.9,Bstd:26.8,StrandBias:0.3,Multiplicity:1.18
0.940	0.001	0.058	0.001
0.898	0.001	0.100	0.001
0.001	0.052	0.036	0.911
0.829	0.025	0.001	0.145
0.094	0.057	0.764	0.085
0.997	0.001	0.001	0.001
0.057	0.046	0.129	0.768
0.964	0.034	0.001	0.001
>GTTGGTTG	7-GTTGGTTG	5.845947	-11.876828	0	T:148.0(9.20%),B:9932.0(6.37%),P:1e-5	Tpos:50.0,Tstd:26.5,Bpos:50.3,Bstd:26.9,StrandBias:-0.1,Multiplicity:1.19
0.016	0.001	0.982	0.001
0.066	0.061	0.016	0.857
0.001	0.012	0.015	0.972
0.078	0.053	0.847	0.022
0.022	0.029	0.843	0.106
0.001	0.024	0.027	0.948
0.024	0.001	0.001	0.974
0.054	0.100	0.845	0.001
>AACAATAA	8-AACAATAA	9.582102	-10.885173	0	T:36.0(2.24%),B:1596.0(1.02%),P:1e-4	Tpos:47.0,Tstd:27.6,Bpos:49.4,Bstd:26.5,StrandBias:-0.2,Multiplicity:1.06
0.997	0.001	0.001	0.001
0.997	0.001	0.001	0.001
0.001	0.997	0.001	0.001
0.997	0.001	0.001	0.001
0.997	0.001	0.001	0.001
0.001	0.001	0.001	0.997
0.772	0.001	0.226	0.001
0.997	0.001	0.001	0.001
