>GGCAGCAGAAGG	1-GGCAGCAGAAGG	12.386373	-17.892628	0	T:14.0(0.87%),B:186.0(0.12%),P:1e-7	Tpos:59.5,Tstd:26.5,Bpos:49.4,Bstd:24.8,StrandBias:-1.0,Multiplicity:1.07
0.001	0.001	0.924	0.074
0.001	0.001	0.997	0.001
0.055	0.866	0.078	0.001
0.924	0.001	0.001	0.074
0.001	0.001	0.997	0.001
0.001	0.936	0.062	0.001
0.852	0.001	0.146	0.001
0.090	0.001	0.908	0.001
0.854	0.001	0.033	0.112
0.957	0.001	0.041	0.001
0.001	0.001	0.997	0.001
0.146	0.001	0.852	0.001
>GTAAGCTGAGCG	2-GTAAGCTGAGCG	15.119676	-8.469251	0	T:2.0(0.12%),B:2.0(0.00%),P:1e-3	Tpos:53.6,Tstd:25.7,Bpos:63.0,Bstd:0.0,StrandBias:10.0,Multiplicity:2.50
0.001	0.001	0.997	0.001
0.001	0.001	0.001	0.997
0.997	0.001	0.001	0.001
0.997	0.001	0.001	0.001
0.001	0.001	0.997	0.001
0.001	0.997	0.001	0.001
0.001	0.001	0.001	0.997
0.001	0.001	0.997	0.001
0.997	0.001	0.001	0.001
0.001	0.001	0.997	0.001
0.001	0.997	0.001	0.001
0.001	0.001	0.771	0.227
>GCTGCTGCTGCT	3-GCTGCTGCTGCT	8.813356	-7.766055	0	T:56.0(3.48%),B:3351.0(2.15%),P:1e-3	Tpos:48.2,Tstd:28.0,Bpos:50.7,Bstd:26.1,StrandBias:0.8,Multiplicity:1.11
0.027	0.108	0.839	0.026
0.047	0.852	0.019	0.082
0.123	0.021	0.074	0.782
0.018	0.095	0.840	0.047
0.057	0.848	0.020	0.075
0.099	0.049	0.049	0.803
0.001	0.034	0.930	0.035
0.028	0.790	0.058	0.124
0.084	0.061	0.054	0.801
0.040	0.029	0.903	0.028
0.055	0.799	0.056	0.090
0.050	0.054	0.080	0.816
>GCCACGCCACGC	4-GCCACGCCACGC	13.789071	-7.096660	0	T:2.0(0.12%),B:4.0(0.00%),P:1e-3	Tpos:52.8,Tstd:22.7,Bpos:68.3,Bstd:27.6,StrandBias:3.9,Multiplicity:1.00
0.001	0.001	0.938	0.060
0.001	0.997	0.001	0.001
0.001	0.997	0.001	0.001
0.997	0.001	0.001	0.001
0.001	0.997	0.001	0.001
0.001	0.001	0.997	0.001
0.001	0.997	0.001	0.001
0.001	0.997	0.001	0.001
0.997	0.001	0.001	0.001
0.001	0.997	0.001	0.001
0.001	0.001	0.997	0.001
0.001	0.997	0.001	0.001
>GTGGCAGAGGAA	5-GTGGCAGAGGAA	2.867488	-5.797762	0	T:385.0(23.93%),B:32861.0(21.07%),P:1e-2	Tpos:51.0,Tstd:26.9,Bpos:49.9,Bstd:26.1,StrandBias:0.0,Multiplicity:1.14
0.001	0.093	0.905	0.001
0.163	0.094	0.066	0.677
0.001	0.001	0.997	0.001
0.001	0.079	0.919	0.001
0.267	0.731	0.001	0.001
0.763	0.001	0.001	0.235
0.001	0.001	0.905	0.093
0.825	0.094	0.001	0.080
0.093	0.001	0.905	0.001
0.061	0.058	0.880	0.001
0.676	0.163	0.001	0.160
0.847	0.058	0.094	0.001
>YGTGYGCGCGCG	6-YGTGYGCGCGCG	-0.769152	-5.469723	0	T:564.0(35.05%),B:49813.0(31.94%),P:1e-2	Tpos:50.4,Tstd:25.3,Bpos:49.7,Bstd:25.8,StrandBias:0.4,Multiplicity:1.29
0.035	0.506	0.001	0.458
0.001	0.001	0.997	0.001
0.072	0.376	0.001	0.551
0.001	0.059	0.939	0.001
0.001	0.508	0.001	0.490
0.070	0.071	0.799	0.060
0.001	0.617	0.001	0.381
0.039	0.102	0.858	0.001
0.038	0.745	0.001	0.216
0.001	0.001	0.997	0.001
0.060	0.632	0.037	0.271
0.001	0.073	0.884	0.042
>TAAGGTAAAATG	7-TAAGGTAAAATG	12.355432	-4.579176	0	T:1.0(0.06%),B:1.0(0.00%),P:1e-1	Tpos:53.0,Tstd:29.1,Bpos:53.0,Bstd:0.0,StrandBias:10.0,Multiplicity:4.00
0.100	0.100	0.100	0.700
0.700	0.100	0.100	0.100
0.700	0.100	0.100	0.100
0.100	0.100	0.700	0.100
0.100	0.100	0.700	0.100
0.100	0.100	0.100	0.700
0.700	0.100	0.100	0.100
0.700	0.100	0.100	0.100
0.700	0.100	0.100	0.100
0.700	0.100	0.100	0.100
0.100	0.100	0.100	0.700
0.100	0.100	0.700	0.100
>GGCTTCCGGCTT	8-GGCTTCCGGCTT	12.355432	-3.891170	0	T:1.0(0.06%),B:2.0(0.00%),P:1e-1	Tpos:59.0,Tstd:9.9,Bpos:40.0,Bstd:5.0,StrandBias:-10.0,Multiplicity:5.00
0.100	0.100	0.700	0.100
0.100	0.100	0.700	0.100
0.100	0.700	0.100	0.100
0.100	0.100	0.100	0.700
0.100	0.100	0.100	0.700
0.100	0.700	0.100	0.100
0.100	0.700	0.100	0.100
0.100	0.100	0.700	0.100
0.100	0.100	0.700	0.100
0.100	0.700	0.100	0.100
0.100	0.100	0.100	0.700
0.100	0.100	0.100	0.700
