>AGCCAGCATA	1-AGCCAGCATA	7.007287	-20.550222	0	T:126.0(7.83%),B:6912.0(4.43%),P:1e-8	Tpos:48.7,Tstd:27.6,Bpos:50.0,Bstd:26.6,StrandBias:-0.2,Multiplicity:1.07
0.735	0.001	0.194	0.070
0.102	0.036	0.861	0.001
0.117	0.719	0.152	0.012
0.043	0.857	0.052	0.048
0.871	0.001	0.001	0.127
0.010	0.035	0.810	0.145
0.290	0.668	0.041	0.001
0.591	0.200	0.131	0.078
0.103	0.015	0.087	0.795
0.641	0.185	0.123	0.051
>CGGAGACAGG	2-CGGAGACAGG	9.937405	-16.888822	0	T:14.0(0.87%),B:202.0(0.13%),P:1e-7	Tpos:64.3,Tstd:27.5,Bpos:47.4,Bstd:25.7,StrandBias:1.5,Multiplicity:1.07
0.001	0.997	0.001	0.001
0.001	0.001	0.997	0.001
0.001	0.116	0.882	0.001
0.735	0.001	0.001	0.263
0.001	0.215	0.498	0.286
0.997	0.001	0.001	0.001
0.001	0.997	0.001	0.001
0.889	0.001	0.001	0.109
0.001	0.001	0.924	0.074
0.001	0.001	0.997	0.001
>GTTAGGTTTA	3-GTTAGGTTTA	9.384439	-14.591302	0	T:15.0(0.93%),B:283.0(0.18%),P:1e-6	Tpos:47.4,Tstd:27.6,Bpos:50.9,Bstd:27.5,StrandBias:2.1,Multiplicity:1.80
0.001	0.068	0.930	0.001
0.001	0.001	0.001	0.997
0.001	0.001	0.111	0.887
0.997	0.001	0.001	0.001
0.001	0.211	0.725	0.063
0.001	0.090	0.846	0.063
0.001	0.001	0.296	0.702
0.001	0.001	0.075	0.923
0.084	0.001	0.158	0.757
0.872	0.001	0.073	0.054
>TGGTAAGGGC	4-TGGTAAGGGC	10.296193	-14.494994	0	T:6.0(0.37%),B:27.0(0.02%),P:1e-6	Tpos:71.2,Tstd:17.7,Bpos:44.3,Bstd:23.6,StrandBias:-1.0,Multiplicity:1.00
0.100	0.100	0.100	0.700
0.100	0.100	0.700	0.100
0.100	0.100	0.700	0.100
0.100	0.100	0.100	0.700
0.700	0.100	0.100	0.100
0.700	0.100	0.100	0.100
0.100	0.100	0.700	0.100
0.100	0.100	0.700	0.100
0.100	0.100	0.700	0.100
0.100	0.700	0.100	0.100
>TTTTTTTTTC	5-TTTTTTTTTC	9.445721	-12.097912	0	T:29.0(1.80%),B:1082.0(0.69%),P:1e-5	Tpos:53.2,Tstd:27.2,Bpos:50.6,Bstd:26.3,StrandBias:-0.8,Multiplicity:1.00
0.047	0.004	0.015	0.934
0.001	0.021	0.001	0.977
0.049	0.001	0.001	0.949
0.084	0.001	0.001	0.914
0.001	0.001	0.001	0.997
0.050	0.037	0.001	0.912
0.112	0.057	0.001	0.830
0.001	0.001	0.068	0.930
0.020	0.365	0.081	0.534
0.222	0.742	0.001	0.035
>TAGTTAGTTA	6-TAGTTAGTTA	4.491119	-11.521608	0	T:342.0(21.26%),B:26681.0(17.11%),P:1e-5	Tpos:50.9,Tstd:26.0,Bpos:49.9,Bstd:26.2,StrandBias:0.1,Multiplicity:1.23
0.118	0.091	0.114	0.677
0.712	0.109	0.096	0.083
0.112	0.119	0.663	0.106
0.134	0.080	0.089	0.697
0.111	0.093	0.084	0.712
0.788	0.069	0.059	0.084
0.120	0.080	0.712	0.088
0.141	0.089	0.108	0.662
0.149	0.116	0.074	0.661
0.717	0.100	0.106	0.077
>GAGCTGGAGC	7-GAGCTGGAGC	7.885381	-7.047615	0	T:13.0(0.81%),B:441.0(0.28%),P:1e-3	Tpos:56.2,Tstd:23.6,Bpos:49.5,Bstd:25.7,StrandBias:-2.0,Multiplicity:1.85
0.001	0.001	0.966	0.032
0.997	0.001	0.001	0.001
0.001	0.001	0.997	0.001
0.001	0.997	0.001	0.001
0.001	0.001	0.001	0.997
0.001	0.067	0.896	0.036
0.001	0.001	0.997	0.001
0.958	0.040	0.001	0.001
0.001	0.001	0.997	0.001
0.001	0.997	0.001	0.001
>CCCCTATCAC	8-CCCCTATCAC	10.296193	-4.528090	0	T:2.0(0.12%),B:15.0(0.01%),P:1e-1	Tpos:58.2,Tstd:30.6,Bpos:37.5,Bstd:27.1,StrandBias:-2.0,Multiplicity:2.50
0.100	0.700	0.100	0.100
0.100	0.700	0.100	0.100
0.100	0.700	0.100	0.100
0.100	0.700	0.100	0.100
0.100	0.100	0.100	0.700
0.700	0.100	0.100	0.100
0.100	0.100	0.100	0.700
0.100	0.700	0.100	0.100
0.700	0.100	0.100	0.100
0.100	0.700	0.100	0.100
