>TCACTTTAAT	1-TCACTTTAAT	9.789891	-22.557889	0	T:21.0(1.31%),B:338.0(0.22%),P:1e-9	Tpos:42.2,Tstd:18.6,Bpos:48.4,Bstd:27.2,StrandBias:-0.1,Multiplicity:1.00
0.001	0.001	0.088	0.910
0.001	0.847	0.081	0.071
0.952	0.001	0.001	0.046
0.001	0.997	0.001	0.001
0.001	0.001	0.001	0.997
0.001	0.070	0.001	0.928
0.001	0.078	0.069	0.852
0.839	0.089	0.001	0.071
0.926	0.072	0.001	0.001
0.038	0.001	0.154	0.807
>ACTCGGATCC	2-ACTCGGATCC	10.226359	-22.181759	0	T:14.0(0.87%),B:132.0(0.08%),P:1e-9	Tpos:58.7,Tstd:30.0,Bpos:50.4,Bstd:25.5,StrandBias:0.6,Multiplicity:1.00
0.850	0.061	0.001	0.088
0.001	0.997	0.001	0.001
0.001	0.001	0.001	0.997
0.001	0.883	0.115	0.001
0.044	0.001	0.903	0.052
0.111	0.100	0.788	0.001
0.956	0.042	0.001	0.001
0.095	0.001	0.001	0.903
0.001	0.887	0.111	0.001
0.001	0.903	0.001	0.095
>CTCTATAGCC	3-CTCTATAGCC	8.894172	-21.080984	0	T:34.0(2.11%),B:933.0(0.60%),P:1e-9	Tpos:45.5,Tstd:24.9,Bpos:49.2,Bstd:26.6,StrandBias:0.0,Multiplicity:1.09
0.001	0.906	0.001	0.092
0.045	0.090	0.069	0.796
0.157	0.664	0.064	0.115
0.146	0.077	0.001	0.776
0.802	0.001	0.138	0.059
0.001	0.054	0.001	0.944
0.753	0.045	0.201	0.001
0.152	0.001	0.778	0.069
0.001	0.951	0.047	0.001
0.001	0.997	0.001	0.001
>CGGCGGCTGA	4-CGGCGGCTGA	8.921267	-18.388016	0	T:23.0(1.43%),B:514.0(0.33%),P:1e-7	Tpos:48.9,Tstd:29.0,Bpos:51.6,Bstd:27.0,StrandBias:-0.2,Multiplicity:1.04
0.001	0.997	0.001	0.001
0.001	0.001	0.997	0.001
0.001	0.001	0.997	0.001
0.101	0.897	0.001	0.001
0.001	0.071	0.739	0.189
0.001	0.337	0.540	0.122
0.001	0.997	0.001	0.001
0.001	0.001	0.001	0.997
0.001	0.062	0.936	0.001
0.997	0.001	0.001	0.001
>GCTCCTCCGA	5-GCTCCTCCGA	9.005372	-16.608503	0	T:33.0(2.05%),B:1070.0(0.69%),P:1e-7	Tpos:51.6,Tstd:26.8,Bpos:49.3,Bstd:25.7,StrandBias:-0.4,Multiplicity:1.21
0.001	0.001	0.997	0.001
0.001	0.997	0.001	0.001
0.001	0.050	0.065	0.884
0.062	0.936	0.001	0.001
0.001	0.913	0.085	0.001
0.052	0.001	0.077	0.870
0.086	0.868	0.045	0.001
0.018	0.705	0.036	0.241
0.016	0.109	0.874	0.001
0.982	0.016	0.001	0.001
>GTATGTCCCA	6-GTATGTCCCA	11.017904	-12.976272	0	T:8.0(0.50%),B:79.0(0.05%),P:1e-5	Tpos:50.3,Tstd:23.6,Bpos:52.0,Bstd:27.5,StrandBias:1.8,Multiplicity:1.12
0.001	0.001	0.997	0.001
0.001	0.379	0.001	0.619
0.896	0.102	0.001	0.001
0.001	0.001	0.001	0.997
0.001	0.001	0.997	0.001
0.001	0.184	0.001	0.814
0.001	0.997	0.001	0.001
0.001	0.997	0.001	0.001
0.001	0.997	0.001	0.001
0.580	0.001	0.001	0.418
>TTTTTTTTTT	7-TTTTTTTTTT	6.863184	-5.687507	0	T:169.0(10.50%),B:13310.0(8.53%),P:1e-2	Tpos:47.5,Tstd:24.6,Bpos:50.7,Bstd:25.7,StrandBias:0.2,Multiplicity:1.24
0.018	0.035	0.087	0.860
0.035	0.087	0.100	0.778
0.050	0.107	0.116	0.727
0.040	0.072	0.110	0.778
0.019	0.030	0.142	0.809
0.020	0.045	0.097	0.838
0.030	0.049	0.116	0.805
0.041	0.116	0.099	0.744
0.023	0.074	0.087	0.816
0.028	0.040	0.083	0.849
>CGCCACGCCA	8-CGCCACGCCA	10.296193	-1.594254	0	T:1.0(0.06%),B:22.0(0.01%),P:1e0	Tpos:58.0,Tstd:21.6,Bpos:60.9,Bstd:25.1,StrandBias:10.0,Multiplicity:15.00
0.100	0.700	0.100	0.100
0.100	0.100	0.700	0.100
0.100	0.700	0.100	0.100
0.100	0.700	0.100	0.100
0.700	0.100	0.100	0.100
0.100	0.700	0.100	0.100
0.100	0.100	0.700	0.100
0.100	0.700	0.100	0.100
0.100	0.700	0.100	0.100
0.700	0.100	0.100	0.100
