>TTAAATGA	1-TTAAATGA	5.531504	-16.184812	0	T:242.0(15.04%),B:16811.0(10.78%),P:1e-7	Tpos:49.3,Tstd:28.3,Bpos:49.9,Bstd:27.3,StrandBias:-0.0,Multiplicity:1.19
0.199	0.001	0.171	0.629
0.298	0.081	0.001	0.620
0.570	0.001	0.100	0.329
0.861	0.001	0.137	0.001
0.779	0.219	0.001	0.001
0.284	0.174	0.001	0.541
0.001	0.001	0.997	0.001
0.537	0.001	0.274	0.188
>GAACCTAT	2-GAACCTAT	5.126769	-14.592975	0	T:258.0(16.03%),B:18517.0(11.87%),P:1e-6	Tpos:51.1,Tstd:27.3,Bpos:49.4,Bstd:27.5,StrandBias:0.1,Multiplicity:1.13
0.049	0.041	0.897	0.013
0.767	0.050	0.141	0.042
0.850	0.034	0.056	0.060
0.059	0.770	0.083	0.088
0.088	0.760	0.119	0.033
0.161	0.162	0.037	0.640
0.694	0.121	0.059	0.126
0.124	0.097	0.145	0.634
>TCCTCACC	3-TCCTCACC	7.587949	-13.960131	0	T:98.0(6.09%),B:5664.0(3.63%),P:1e-6	Tpos:50.5,Tstd:29.5,Bpos:50.5,Bstd:27.4,StrandBias:-0.4,Multiplicity:1.03
0.001	0.001	0.001	0.997
0.001	0.882	0.116	0.001
0.001	0.997	0.001	0.001
0.001	0.001	0.001	0.997
0.050	0.888	0.001	0.061
0.826	0.001	0.001	0.172
0.062	0.837	0.001	0.100
0.001	0.997	0.001	0.001
>WTCATKRC	4-WTCATKRC	6.878880	-13.917920	0	T:34.0(2.11%),B:1268.0(0.81%),P:1e-6	Tpos:45.0,Tstd:22.7,Bpos:48.5,Bstd:27.0,StrandBias:0.3,Multiplicity:1.12
0.475	0.007	0.179	0.339
0.113	0.052	0.001	0.834
0.052	0.529	0.158	0.261
0.733	0.045	0.068	0.154
0.117	0.154	0.001	0.728
0.001	0.001	0.462	0.536
0.416	0.001	0.484	0.100
0.092	0.716	0.077	0.115
>TAATTTTT	5-TAATTTTT	6.224386	-13.759086	0	T:95.0(5.90%),B:5466.0(3.50%),P:1e-5	Tpos:51.6,Tstd:26.4,Bpos:49.7,Bstd:27.2,StrandBias:-0.1,Multiplicity:1.08
0.001	0.001	0.001	0.997
0.841	0.001	0.023	0.135
0.751	0.091	0.097	0.061
0.001	0.001	0.014	0.984
0.035	0.037	0.001	0.927
0.049	0.115	0.037	0.799
0.050	0.109	0.001	0.840
0.039	0.079	0.017	0.865
