>CCGSGCBGGG	1-CCGSGCBGGG	7.542111	-27.286659	0	T:96.0(5.97%),B:4194.0(2.69%),P:1e-11	Tpos:49.2,Tstd:28.3,Bpos:50.1,Bstd:26.6,StrandBias:0.0,Multiplicity:1.12
0.073	0.925	0.001	0.001
0.103	0.864	0.032	0.001
0.039	0.001	0.959	0.001
0.063	0.368	0.479	0.091
0.001	0.001	0.748	0.250
0.001	0.944	0.054	0.001
0.159	0.235	0.263	0.343
0.001	0.111	0.817	0.071
0.254	0.001	0.744	0.001
0.071	0.027	0.649	0.253
>TCACACGCTG	2-TCACACGCTG	8.777973	-23.043364	0	T:25.0(1.55%),B:476.0(0.31%),P:1e-10	Tpos:57.0,Tstd:22.8,Bpos:51.1,Bstd:26.7,StrandBias:-0.3,Multiplicity:1.00
0.048	0.043	0.001	0.908
0.001	0.930	0.068	0.001
0.862	0.001	0.091	0.046
0.001	0.949	0.049	0.001
0.953	0.045	0.001	0.001
0.137	0.850	0.012	0.001
0.027	0.027	0.945	0.001
0.001	0.997	0.001	0.001
0.052	0.091	0.001	0.856
0.133	0.060	0.806	0.001
>ATGATTGGGT	3-ATGATTGGGT	6.483165	-20.501246	0	T:121.0(7.52%),B:6553.0(4.20%),P:1e-8	Tpos:50.1,Tstd:25.7,Bpos:50.6,Bstd:26.6,StrandBias:0.1,Multiplicity:1.07
0.794	0.055	0.082	0.069
0.076	0.027	0.078	0.819
0.085	0.074	0.786	0.055
0.750	0.124	0.061	0.065
0.069	0.070	0.131	0.730
0.001	0.101	0.111	0.787
0.053	0.085	0.780	0.082
0.061	0.040	0.795	0.104
0.020	0.080	0.866	0.034
0.067	0.085	0.054	0.794
>AGCCTGGGCT	4-AGCCTGGGCT	9.589913	-19.793325	0	T:52.0(3.23%),B:1977.0(1.27%),P:1e-8	Tpos:48.5,Tstd:28.3,Bpos:50.1,Bstd:27.3,StrandBias:-0.7,Multiplicity:1.02
0.897	0.024	0.016	0.063
0.001	0.001	0.997	0.001
0.001	0.849	0.149	0.001
0.001	0.959	0.039	0.001
0.074	0.028	0.020	0.878
0.022	0.028	0.801	0.149
0.001	0.021	0.952	0.026
0.033	0.156	0.783	0.028
0.011	0.950	0.001	0.038
0.001	0.019	0.019	0.961
>CCTTGTTTTT	5-CCTTGTTTTT	9.410586	-15.695679	0	T:22.0(1.37%),B:552.0(0.35%),P:1e-6	Tpos:61.4,Tstd:27.0,Bpos:50.3,Bstd:26.8,StrandBias:0.8,Multiplicity:1.00
0.001	0.997	0.001	0.001
0.001	0.840	0.001	0.158
0.001	0.001	0.001	0.997
0.001	0.001	0.001	0.997
0.001	0.001	0.997	0.001
0.084	0.001	0.001	0.914
0.089	0.001	0.001	0.909
0.075	0.001	0.001	0.923
0.001	0.001	0.001	0.997
0.001	0.001	0.001	0.997
>CGGCTCCTCG	6-CGGCTCCTCG	7.982672	-6.072828	0	T:6.0(0.37%),B:127.0(0.08%),P:1e-2	Tpos:39.6,Tstd:24.8,Bpos:50.4,Bstd:26.6,StrandBias:1.5,Multiplicity:2.50
0.053	0.945	0.001	0.001
0.001	0.001	0.997	0.001
0.001	0.001	0.997	0.001
0.001	0.997	0.001	0.001
0.001	0.001	0.001	0.997
0.001	0.944	0.054	0.001
0.001	0.997	0.001	0.001
0.001	0.001	0.001	0.997
0.001	0.997	0.001	0.001
0.001	0.001	0.997	0.001
>ATTATTATTA	7-ATTATTATTA	-6.881355	-3.201628	0	T:176.0(10.94%),B:14989.0(9.61%),P:1e-1	Tpos:53.4,Tstd:27.1,Bpos:50.0,Bstd:26.7,StrandBias:0.3,Multiplicity:1.12
0.997	0.001	0.001	0.001
0.001	0.001	0.001	0.997
0.001	0.001	0.001	0.997
0.997	0.001	0.001	0.001
0.001	0.001	0.001	0.997
0.001	0.001	0.105	0.893
0.997	0.001	0.001	0.001
0.001	0.001	0.001	0.997
0.001	0.001	0.001	0.997
0.997	0.001	0.001	0.001
>GTAGTATAGC	8-GTAGTATAGC	10.296193	-2.535541	0	T:1.0(0.06%),B:8.0(0.01%),P:1e-1	Tpos:47.0,Tstd:27.3,Bpos:49.9,Bstd:23.3,StrandBias:10.0,Multiplicity:6.00
0.100	0.100	0.700	0.100
0.100	0.100	0.100	0.700
0.700	0.100	0.100	0.100
0.100	0.100	0.700	0.100
0.100	0.100	0.100	0.700
0.700	0.100	0.100	0.100
0.100	0.100	0.100	0.700
0.700	0.100	0.100	0.100
0.100	0.100	0.700	0.100
0.100	0.700	0.100	0.100
