>GTGTAAGTTA	1-GTGTAAGTTA	13.333103	-19.783923	0	T:4.0(8.51%),B:0.0(0.00%),P:1e-8,FDR:0.8	Tpos:69.0,Tstd:23.4,Bpos:0.0,Bstd:0.0,StrandBias:10.0,Multiplicity:1.00
0.001	0.154	0.844	0.001
0.154	0.001	0.001	0.844
0.154	0.001	0.844	0.001
0.001	0.001	0.001	0.997
0.997	0.001	0.001	0.001
0.997	0.001	0.001	0.001
0.001	0.001	0.997	0.001
0.001	0.001	0.001	0.997
0.001	0.001	0.001	0.997
0.997	0.001	0.001	0.001
>CGTTGTCTCA	2-CGTTGTCTCA	9.396815	-17.077445	0	T:7.0(14.89%),B:20.2(0.70%),P:1e-7,FDR:0.8	Tpos:58.7,Tstd:27.1,Bpos:49.4,Bstd:29.9,StrandBias:3.0,Multiplicity:1.29
0.001	0.493	0.327	0.180
0.180	0.001	0.679	0.140
0.001	0.180	0.111	0.708
0.001	0.001	0.001	0.997
0.001	0.001	0.997	0.001
0.103	0.360	0.001	0.536
0.001	0.997	0.001	0.001
0.001	0.179	0.001	0.819
0.006	0.992	0.001	0.001
0.992	0.001	0.001	0.006
>CCCGGGGGTG	3-CCCGGGGGTG	7.119425	-16.677139	0	T:12.0(25.53%),B:101.8(3.53%),P:1e-7,FDR:0.8	Tpos:46.5,Tstd:25.5,Bpos:49.2,Bstd:31.3,StrandBias:1.0,Multiplicity:1.18
0.001	0.920	0.001	0.078
0.001	0.997	0.001	0.001
0.079	0.757	0.079	0.085
0.201	0.157	0.563	0.079
0.001	0.078	0.843	0.078
0.001	0.001	0.997	0.001
0.001	0.078	0.843	0.078
0.079	0.215	0.569	0.137
0.079	0.157	0.079	0.685
0.001	0.078	0.843	0.078
>ACTCTGCCTG	4-ACTCTGCCTG	10.296193	-14.274547	0	T:4.0(8.51%),B:4.7(0.16%),P:1e-6,FDR:0.8	Tpos:43.4,Tstd:25.8,Bpos:54.0,Bstd:35.2,StrandBias:10.0,Multiplicity:1.75
0.700	0.100	0.100	0.100
0.100	0.700	0.100	0.100
0.100	0.100	0.100	0.700
0.100	0.700	0.100	0.100
0.100	0.100	0.100	0.700
0.100	0.100	0.700	0.100
0.100	0.700	0.100	0.100
0.100	0.700	0.100	0.100
0.100	0.100	0.100	0.700
0.100	0.100	0.700	0.100
>ATGGTTAGGT	5-ATGGTTAGGT	8.607610	-13.875774	0	T:6.0(12.77%),B:20.1(0.70%),P:1e-6,FDR:0.8	Tpos:51.7,Tstd:25.9,Bpos:47.2,Bstd:38.9,StrandBias:1.0,Multiplicity:2.00
0.825	0.001	0.173	0.001
0.001	0.001	0.174	0.824
0.001	0.001	0.997	0.001
0.164	0.164	0.671	0.001
0.001	0.164	0.001	0.834
0.001	0.001	0.001	0.997
0.671	0.164	0.164	0.001
0.001	0.137	0.698	0.164
0.001	0.301	0.697	0.001
0.001	0.001	0.173	0.825
>CCTGTCCAGT	6-CCTGTCCAGT	13.685079	-7.580654	0	T:2.0(4.26%),B:2.9(0.10%),P:1e-3,FDR:0.8	Tpos:51.5,Tstd:29.9,Bpos:24.2,Bstd:12.9,StrandBias:10.0,Multiplicity:3.00
0.001	0.860	0.001	0.138
0.001	0.997	0.001	0.001
0.001	0.001	0.001	0.997
0.001	0.001	0.997	0.001
0.001	0.001	0.001	0.997
0.001	0.997	0.001	0.001
0.001	0.997	0.001	0.001
0.997	0.001	0.001	0.001
0.001	0.001	0.997	0.001
0.001	0.001	0.001	0.997
>ATAGAGGTCG	7-ATAGAGGTCG	10.296193	-4.123719	0	T:1.0(2.13%),B:0.0(0.00%),P:1e-1,FDR:0.8	Tpos:11.0,Tstd:0.0,Bpos:0.0,Bstd:0.0,StrandBias:10.0,Multiplicity:1.00
0.700	0.100	0.100	0.100
0.100	0.100	0.100	0.700
0.700	0.100	0.100	0.100
0.100	0.100	0.700	0.100
0.700	0.100	0.100	0.100
0.100	0.100	0.700	0.100
0.100	0.100	0.700	0.100
0.100	0.100	0.100	0.700
0.100	0.700	0.100	0.100
0.100	0.100	0.700	0.100
>GTTAGAGGTC	8-GTTAGAGGTC	10.296193	-3.438526	0	T:1.0(2.13%),B:2.1(0.07%),P:1e-1,FDR:0.8	Tpos:62.8,Tstd:23.8,Bpos:16.0,Bstd:0.0,StrandBias:10.0,Multiplicity:4.00
0.100	0.100	0.700	0.100
0.100	0.100	0.100	0.700
0.100	0.100	0.100	0.700
0.700	0.100	0.100	0.100
0.100	0.100	0.700	0.100
0.700	0.100	0.100	0.100
0.100	0.100	0.700	0.100
0.100	0.100	0.700	0.100
0.100	0.100	0.100	0.700
0.100	0.700	0.100	0.100
>WGCCTGWSYASA	1-WGCCTGWSYASA	8.914192	-22.144674	0	T:5.0(10.64%),B:2.1(0.07%),P:1e-9,FDR:0.6	Tpos:48.6,Tstd:30.1,Bpos:51.7,Bstd:28.2,StrandBias:10.0,Multiplicity:2.00
0.458	0.001	0.001	0.540
0.001	0.001	0.997	0.001
0.001	0.997	0.001	0.001
0.001	0.997	0.001	0.001
0.001	0.001	0.001	0.997
0.001	0.001	0.997	0.001
0.532	0.001	0.001	0.466
0.001	0.461	0.536	0.002
0.001	0.553	0.001	0.445
0.997	0.001	0.001	0.001
0.001	0.445	0.553	0.001
0.892	0.001	0.092	0.015
>MWGTKTTGYCTC	2-MWGTKTTGYCTC	7.739066	-22.010467	0	T:6.0(12.77%),B:5.5(0.19%),P:1e-9,FDR:0.6	Tpos:44.7,Tstd:25.4,Bpos:52.0,Bstd:21.0,StrandBias:1.8,Multiplicity:1.50
0.445	0.553	0.001	0.001
0.549	0.001	0.001	0.449
0.001	0.001	0.997	0.001
0.001	0.001	0.107	0.891
0.001	0.001	0.549	0.449
0.001	0.001	0.090	0.908
0.001	0.001	0.001	0.997
0.001	0.001	0.997	0.001
0.087	0.446	0.001	0.467
0.001	0.997	0.001	0.001
0.001	0.001	0.001	0.997
0.003	0.995	0.001	0.001
>AGTAAGTTAAGA	3-AGTAAGTTAAGA	13.256297	-19.783923	0	T:4.0(8.51%),B:0.0(0.00%),P:1e-8,FDR:0.6	Tpos:52.4,Tstd:26.6,Bpos:0.0,Bstd:0.0,StrandBias:10.0,Multiplicity:1.25
0.804	0.001	0.001	0.194
0.035	0.001	0.963	0.001
0.001	0.001	0.001	0.997
0.997	0.001	0.001	0.001
0.997	0.001	0.001	0.001
0.001	0.001	0.997	0.001
0.001	0.001	0.001	0.997
0.001	0.001	0.001	0.997
0.997	0.001	0.001	0.001
0.804	0.001	0.194	0.001
0.035	0.001	0.963	0.001
0.997	0.001	0.001	0.001
>ASYMGTTRGAGG	4-ASYMGTTRGAGG	10.531665	-14.215438	0	T:3.0(6.38%),B:0.0(0.00%),P:1e-6,FDR:0.6	Tpos:46.0,Tstd:28.2,Bpos:0.0,Bstd:0.0,StrandBias:2.6,Multiplicity:2.33
0.997	0.001	0.001	0.001
0.001	0.553	0.445	0.001
0.001	0.553	0.001	0.445
0.553	0.445	0.001	0.001
0.001	0.001	0.997	0.001
0.025	0.001	0.001	0.973
0.001	0.001	0.025	0.973
0.553	0.001	0.445	0.001
0.001	0.001	0.997	0.001
0.997	0.001	0.001	0.001
0.001	0.001	0.997	0.001
0.001	0.001	0.997	0.001
>TGGGTAGGGTTA	5-TGGGTAGGGTTA	12.519249	-5.126947	0	T:2.0(4.26%),B:7.2(0.25%),P:1e-2,FDR:1	Tpos:53.4,Tstd:23.7,Bpos:35.6,Bstd:35.0,StrandBias:10.0,Multiplicity:3.50
0.388	0.001	0.001	0.610
0.001	0.001	0.997	0.001
0.001	0.001	0.997	0.001
0.001	0.001	0.628	0.370
0.001	0.312	0.001	0.686
0.675	0.001	0.001	0.323
0.315	0.001	0.681	0.003
0.001	0.001	0.694	0.304
0.001	0.001	0.997	0.001
0.003	0.001	0.001	0.995
0.001	0.001	0.001	0.997
0.993	0.003	0.003	0.001
>TTGTCTCA	1-TTGTCTCA	8.296126	-21.381887	0	T:12.0(25.53%),B:66.2(2.30%),P:1e-9,FDR:0.2	Tpos:44.9,Tstd:27.1,Bpos:52.8,Bstd:27.7,StrandBias:1.3,Multiplicity:1.17
0.001	0.001	0.001	0.997
0.103	0.001	0.001	0.895
0.001	0.001	0.997	0.001
0.001	0.082	0.001	0.916
0.001	0.997	0.001	0.001
0.103	0.114	0.001	0.782
0.001	0.997	0.001	0.001
0.839	0.001	0.001	0.159
>CAGTTGGA	2-CAGTTGGA	8.789113	-18.178557	0	T:7.0(14.89%),B:17.2(0.60%),P:1e-7,FDR:0.2	Tpos:54.1,Tstd:29.8,Bpos:42.6,Bstd:30.6,StrandBias:-0.4,Multiplicity:1.00
0.001	0.997	0.001	0.001
0.997	0.001	0.001	0.001
0.001	0.001	0.997	0.001
0.001	0.001	0.001	0.997
0.001	0.280	0.001	0.718
0.001	0.001	0.997	0.001
0.001	0.001	0.856	0.142
0.997	0.001	0.001	0.001
>TAAATTAG	3-TAAATTAG	8.002733	-15.165805	0	T:6.0(12.77%),B:16.2(0.56%),P:1e-6,FDR:0.266666666666667	Tpos:55.8,Tstd:26.1,Bpos:64.8,Bstd:14.9,StrandBias:-2.8,Multiplicity:1.33
0.001	0.001	0.001	0.997
0.997	0.001	0.001	0.001
0.997	0.001	0.001	0.001
0.775	0.216	0.007	0.002
0.001	0.001	0.001	0.997
0.001	0.001	0.001	0.997
0.997	0.001	0.001	0.001
0.001	0.215	0.782	0.002
>CCCGGGGG	4-CCCGGGGG	7.033920	-13.703962	0	T:11.0(23.40%),B:109.1(3.79%),P:1e-5,FDR:0.266666666666667	Tpos:62.9,Tstd:25.1,Bpos:49.7,Bstd:38.0,StrandBias:-0.4,Multiplicity:1.09
0.086	0.811	0.015	0.088
0.023	0.870	0.001	0.106
0.080	0.650	0.143	0.127
0.168	0.068	0.581	0.183
0.067	0.001	0.875	0.057
0.015	0.036	0.907	0.042
0.001	0.201	0.795	0.003
0.106	0.189	0.527	0.178
>CTCTAGCC	5-CTCTAGCC	8.508840	-11.122588	0	T:8.0(17.02%),B:69.3(2.41%),P:1e-4,FDR:0.36	Tpos:47.7,Tstd:30.5,Bpos:49.8,Bstd:33.9,StrandBias:0.7,Multiplicity:1.62
0.113	0.832	0.054	0.001
0.001	0.128	0.001	0.870
0.001	0.855	0.143	0.001
0.001	0.001	0.001	0.997
0.997	0.001	0.001	0.001
0.001	0.001	0.997	0.001
0.001	0.911	0.001	0.087
0.001	0.997	0.001	0.001
>CAGGCAGA	6-CAGGCAGA	8.236954	-10.862954	0	T:6.0(12.77%),B:34.3(1.19%),P:1e-4,FDR:0.36	Tpos:42.3,Tstd:24.5,Bpos:49.6,Bstd:36.6,StrandBias:-3.2,Multiplicity:1.67
0.100	0.700	0.100	0.100
0.700	0.100	0.100	0.100
0.100	0.100	0.700	0.100
0.100	0.100	0.700	0.100
0.100	0.700	0.100	0.100
0.700	0.100	0.100	0.100
0.100	0.100	0.700	0.100
0.700	0.100	0.100	0.100
>MATGGACA	7-MATGGACA	5.912702	-9.402167	0	T:9.0(19.15%),B:115.0(3.99%),P:1e-4,FDR:0.36	Tpos:54.8,Tstd:26.7,Bpos:48.0,Bstd:28.6,StrandBias:-1.7,Multiplicity:1.62
0.548	0.450	0.001	0.001
0.846	0.152	0.001	0.001
0.001	0.001	0.001	0.997
0.001	0.001	0.997	0.001
0.001	0.001	0.997	0.001
0.886	0.001	0.001	0.112
0.001	0.612	0.001	0.386
0.997	0.001	0.001	0.001
>CGACCTCT	8-CGACCTCT	8.236954	-4.123719	0	T:1.0(2.13%),B:0.4(0.01%),P:1e-1,FDR:0.575	Tpos:53.2,Tstd:30.0,Bpos:42.0,Bstd:0.0,StrandBias:-10.0,Multiplicity:5.00
0.100	0.700	0.100	0.100
0.100	0.100	0.700	0.100
0.700	0.100	0.100	0.100
0.100	0.700	0.100	0.100
0.100	0.700	0.100	0.100
0.100	0.100	0.100	0.700
0.100	0.700	0.100	0.100
0.100	0.100	0.100	0.700
