>TTGTCTCA	1-TTGTCTCA	8.296126	-21.381887	0	T:12.0(25.53%),B:66.2(2.30%),P:1e-9,FDR:0.2	Tpos:44.9,Tstd:27.1,Bpos:52.8,Bstd:27.7,StrandBias:1.3,Multiplicity:1.17
0.001	0.001	0.001	0.997
0.103	0.001	0.001	0.895
0.001	0.001	0.997	0.001
0.001	0.082	0.001	0.916
0.001	0.997	0.001	0.001
0.103	0.114	0.001	0.782
0.001	0.997	0.001	0.001
0.839	0.001	0.001	0.159
>CAGTTGGA	2-CAGTTGGA	8.789113	-18.178557	0	T:7.0(14.89%),B:17.2(0.60%),P:1e-7,FDR:0.2	Tpos:54.1,Tstd:29.8,Bpos:42.6,Bstd:30.6,StrandBias:-0.4,Multiplicity:1.00
0.001	0.997	0.001	0.001
0.997	0.001	0.001	0.001
0.001	0.001	0.997	0.001
0.001	0.001	0.001	0.997
0.001	0.280	0.001	0.718
0.001	0.001	0.997	0.001
0.001	0.001	0.856	0.142
0.997	0.001	0.001	0.001
>TAAATTAG	3-TAAATTAG	8.002733	-15.165805	0	T:6.0(12.77%),B:16.2(0.56%),P:1e-6,FDR:0.266666666666667	Tpos:55.8,Tstd:26.1,Bpos:64.8,Bstd:14.9,StrandBias:-2.8,Multiplicity:1.33
0.001	0.001	0.001	0.997
0.997	0.001	0.001	0.001
0.997	0.001	0.001	0.001
0.775	0.216	0.007	0.002
0.001	0.001	0.001	0.997
0.001	0.001	0.001	0.997
0.997	0.001	0.001	0.001
0.001	0.215	0.782	0.002
>CCCGGGGG	4-CCCGGGGG	7.033920	-13.703962	0	T:11.0(23.40%),B:109.1(3.79%),P:1e-5,FDR:0.266666666666667	Tpos:62.9,Tstd:25.1,Bpos:49.7,Bstd:38.0,StrandBias:-0.4,Multiplicity:1.09
0.086	0.811	0.015	0.088
0.023	0.870	0.001	0.106
0.080	0.650	0.143	0.127
0.168	0.068	0.581	0.183
0.067	0.001	0.875	0.057
0.015	0.036	0.907	0.042
0.001	0.201	0.795	0.003
0.106	0.189	0.527	0.178
>CTCTAGCC	5-CTCTAGCC	8.508840	-11.122588	0	T:8.0(17.02%),B:69.3(2.41%),P:1e-4,FDR:0.36	Tpos:47.7,Tstd:30.5,Bpos:49.8,Bstd:33.9,StrandBias:0.7,Multiplicity:1.62
0.113	0.832	0.054	0.001
0.001	0.128	0.001	0.870
0.001	0.855	0.143	0.001
0.001	0.001	0.001	0.997
0.997	0.001	0.001	0.001
0.001	0.001	0.997	0.001
0.001	0.911	0.001	0.087
0.001	0.997	0.001	0.001
>CAGGCAGA	6-CAGGCAGA	8.236954	-10.862954	0	T:6.0(12.77%),B:34.3(1.19%),P:1e-4,FDR:0.36	Tpos:42.3,Tstd:24.5,Bpos:49.6,Bstd:36.6,StrandBias:-3.2,Multiplicity:1.67
0.100	0.700	0.100	0.100
0.700	0.100	0.100	0.100
0.100	0.100	0.700	0.100
0.100	0.100	0.700	0.100
0.100	0.700	0.100	0.100
0.700	0.100	0.100	0.100
0.100	0.100	0.700	0.100
0.700	0.100	0.100	0.100
>MATGGACA	7-MATGGACA	5.912702	-9.402167	0	T:9.0(19.15%),B:115.0(3.99%),P:1e-4,FDR:0.36	Tpos:54.8,Tstd:26.7,Bpos:48.0,Bstd:28.6,StrandBias:-1.7,Multiplicity:1.62
0.548	0.450	0.001	0.001
0.846	0.152	0.001	0.001
0.001	0.001	0.001	0.997
0.001	0.001	0.997	0.001
0.001	0.001	0.997	0.001
0.886	0.001	0.001	0.112
0.001	0.612	0.001	0.386
0.997	0.001	0.001	0.001
>CGACCTCT	8-CGACCTCT	8.236954	-4.123719	0	T:1.0(2.13%),B:0.4(0.01%),P:1e-1,FDR:0.575	Tpos:53.2,Tstd:30.0,Bpos:42.0,Bstd:0.0,StrandBias:-10.0,Multiplicity:5.00
0.100	0.700	0.100	0.100
0.100	0.100	0.700	0.100
0.700	0.100	0.100	0.100
0.100	0.700	0.100	0.100
0.100	0.700	0.100	0.100
0.100	0.100	0.100	0.700
0.100	0.700	0.100	0.100
0.100	0.100	0.100	0.700
