>CGGGCDGAGTTG	1-CGGGCDGAGTTG	11.468010	-16.697665	0	T:3.0(15.00%),B:0.0(0.00%),P:1e-7	Tpos:62.7,Tstd:22.9,Bpos:0.0,Bstd:0.0,StrandBias:-1.0,Multiplicity:1.00
0.001	0.977	0.021	0.001
0.001	0.352	0.625	0.022
0.001	0.040	0.938	0.021
0.001	0.001	0.956	0.042
0.020	0.644	0.314	0.022
0.354	0.001	0.333	0.312
0.021	0.001	0.957	0.021
0.646	0.019	0.001	0.334
0.334	0.001	0.624	0.041
0.001	0.001	0.041	0.957
0.001	0.001	0.021	0.977
0.021	0.001	0.977	0.001
>CACCKAGTCMCT	2-CACCKAGTCMCT	8.804815	-15.534915	0	T:5.0(25.00%),B:18.0(0.66%),P:1e-6	Tpos:41.8,Tstd:34.8,Bpos:46.2,Bstd:26.1,StrandBias:-2.0,Multiplicity:1.00
0.118	0.680	0.001	0.201
0.815	0.001	0.183	0.001
0.295	0.568	0.136	0.001
0.183	0.584	0.232	0.001
0.017	0.112	0.486	0.385
0.848	0.001	0.150	0.001
0.001	0.117	0.881	0.001
0.019	0.129	0.001	0.851
0.001	0.495	0.303	0.201
0.552	0.446	0.001	0.001
0.001	0.697	0.002	0.300
0.001	0.203	0.001	0.795
>GGCATRTAAATG	3-GGCATRTAAATG	11.111143	-15.269180	0	T:5.0(25.00%),B:19.0(0.70%),P:1e-6	Tpos:50.4,Tstd:24.2,Bpos:53.0,Bstd:20.1,StrandBias:-2.6,Multiplicity:1.40
0.001	0.001	0.807	0.191
0.204	0.192	0.603	0.001
0.001	0.576	0.001	0.422
0.997	0.001	0.001	0.001
0.001	0.001	0.001	0.997
0.384	0.001	0.423	0.192
0.192	0.192	0.001	0.615
0.796	0.001	0.001	0.202
0.615	0.001	0.383	0.001
0.997	0.001	0.001	0.001
0.001	0.001	0.191	0.807
0.001	0.001	0.997	0.001
>TTTMTTCTTCTS	4-TTTMTTCTTCTS	11.128672	-11.345771	0	T:3.0(15.00%),B:6.0(0.22%),P:1e-4	Tpos:75.7,Tstd:13.6,Bpos:48.2,Bstd:29.7,StrandBias:1.0,Multiplicity:1.00
0.017	0.001	0.001	0.981
0.001	0.001	0.191	0.807
0.001	0.001	0.191	0.807
0.384	0.423	0.001	0.192
0.001	0.191	0.001	0.807
0.210	0.192	0.001	0.597
0.001	0.807	0.001	0.191
0.001	0.001	0.001	0.997
0.001	0.001	0.001	0.997
0.001	0.597	0.001	0.401
0.209	0.001	0.001	0.789
0.001	0.423	0.384	0.192
>CCTCCCTCCCCT	5-CCTCCCTCCCCT	12.355432	-4.228675	0	T:1.0(5.00%),B:2.0(0.07%),P:1e-1	Tpos:84.0,Tstd:0.0,Bpos:59.5,Bstd:16.5,StrandBias:-10.0,Multiplicity:1.00
0.100	0.700	0.100	0.100
0.100	0.700	0.100	0.100
0.100	0.100	0.100	0.700
0.100	0.700	0.100	0.100
0.100	0.700	0.100	0.100
0.100	0.700	0.100	0.100
0.100	0.100	0.100	0.700
0.100	0.700	0.100	0.100
0.100	0.700	0.100	0.100
0.100	0.700	0.100	0.100
0.100	0.700	0.100	0.100
0.100	0.100	0.100	0.700
