>GCCTCCAG	1-GCCTCCAG	7.249320	-9.115827	0	T:7.0(35.00%),B:164.0(6.02%),P:1e-3	Tpos:44.6,Tstd:29.8,Bpos:51.5,Bstd:27.3,StrandBias:-2.0,Multiplicity:1.43
0.001	0.142	0.856	0.001
0.001	0.997	0.001	0.001
0.204	0.794	0.001	0.001
0.167	0.134	0.001	0.698
0.001	0.856	0.142	0.001
0.061	0.937	0.001	0.001
0.872	0.001	0.001	0.126
0.001	0.001	0.997	0.001
>CTCTCTCT	2-CTCTCTCT	7.649401	-8.618790	0	T:6.0(30.00%),B:122.0(4.48%),P:1e-3	Tpos:46.9,Tstd:22.9,Bpos:44.4,Bstd:26.5,StrandBias:-0.6,Multiplicity:1.00
0.001	0.946	0.001	0.052
0.083	0.050	0.190	0.677
0.001	0.904	0.044	0.051
0.001	0.001	0.162	0.836
0.001	0.997	0.001	0.001
0.001	0.001	0.001	0.997
0.001	0.947	0.051	0.001
0.001	0.046	0.001	0.952
>TTAGCCAC	3-TTAGCCAC	8.710137	-8.314225	0	T:4.0(20.00%),B:43.0(1.58%),P:1e-3	Tpos:51.8,Tstd:18.3,Bpos:56.3,Bstd:26.5,StrandBias:1.0,Multiplicity:1.50
0.001	0.001	0.001	0.997
0.132	0.001	0.001	0.866
0.997	0.001	0.001	0.001
0.154	0.001	0.844	0.001
0.001	0.832	0.001	0.166
0.001	0.997	0.001	0.001
0.997	0.001	0.001	0.001
0.001	0.844	0.154	0.001
>AGTGGYGT	4-AGTGGYGT	8.835080	-7.394052	0	T:3.0(15.00%),B:23.0(0.84%),P:1e-3	Tpos:43.2,Tstd:25.2,Bpos:62.3,Bstd:27.3,StrandBias:-0.6,Multiplicity:1.67
0.997	0.001	0.001	0.001
0.001	0.001	0.997	0.001
0.001	0.001	0.001	0.997
0.001	0.001	0.997	0.001
0.256	0.001	0.742	0.001
0.174	0.299	0.110	0.417
0.001	0.001	0.997	0.001
0.001	0.001	0.001	0.997
>GCTTGGGA	5-GCTTGGGA	6.291044	-5.663365	0	T:7.0(35.00%),B:291.0(10.67%),P:1e-2	Tpos:33.6,Tstd:27.1,Bpos:49.8,Bstd:27.6,StrandBias:-0.6,Multiplicity:1.43
0.100	0.100	0.700	0.100
0.100	0.700	0.100	0.100
0.100	0.100	0.100	0.700
0.100	0.100	0.100	0.700
0.100	0.100	0.700	0.100
0.100	0.100	0.700	0.100
0.100	0.100	0.700	0.100
0.700	0.100	0.100	0.100
