>CATGWGAGCTCT	1-CATGWGAGCTCT	10.572187	-17.965114	0	T:5.0(25.00%),B:11.0(0.40%),P:1e-7	Tpos:76.4,Tstd:22.4,Bpos:61.1,Bstd:18.3,StrandBias:0.6,Multiplicity:1.00
0.001	0.761	0.237	0.001
0.476	0.238	0.001	0.286
0.001	0.001	0.001	0.997
0.001	0.001	0.997	0.001
0.523	0.001	0.001	0.475
0.001	0.237	0.761	0.001
0.761	0.001	0.001	0.237
0.237	0.001	0.761	0.001
0.238	0.523	0.001	0.238
0.001	0.001	0.001	0.997
0.001	0.997	0.001	0.001
0.237	0.001	0.001	0.761
>TGTGTCATAGAG	2-TGTGTCATAGAG	5.786001	-14.876474	0	T:4.0(20.00%),B:8.0(0.29%),P:1e-6	Tpos:55.5,Tstd:26.8,Bpos:51.2,Bstd:21.8,StrandBias:0.0,Multiplicity:1.00
0.001	0.001	0.001	0.997
0.001	0.001	0.997	0.001
0.001	0.001	0.001	0.997
0.001	0.001	0.997	0.001
0.001	0.168	0.001	0.830
0.001	0.997	0.001	0.001
0.887	0.056	0.001	0.056
0.168	0.001	0.001	0.830
0.886	0.001	0.001	0.112
0.001	0.001	0.997	0.001
0.997	0.001	0.001	0.001
0.112	0.001	0.886	0.001
>AGTKYSKCTGKK	3-AGTKYSKCTGKK	12.421006	-11.888059	0	T:3.0(15.00%),B:5.0(0.18%),P:1e-5	Tpos:46.7,Tstd:24.6,Bpos:42.4,Bstd:15.3,StrandBias:-1.0,Multiplicity:1.00
0.997	0.001	0.001	0.001
0.001	0.001	0.997	0.001
0.001	0.001	0.001	0.997
0.001	0.001	0.453	0.545
0.001	0.453	0.001	0.545
0.001	0.545	0.453	0.001
0.001	0.001	0.453	0.545
0.001	0.997	0.001	0.001
0.001	0.001	0.001	0.997
0.001	0.001	0.997	0.001
0.001	0.001	0.453	0.545
0.001	0.001	0.545	0.453
>TTTCTTGGTGGG	4-TTTCTTGGTGGG	6.935375	-7.761067	0	T:6.0(30.00%),B:143.0(5.25%),P:1e-3	Tpos:58.7,Tstd:26.6,Bpos:49.5,Bstd:25.4,StrandBias:-1.0,Multiplicity:1.00
0.050	0.103	0.103	0.744
0.001	0.001	0.412	0.586
0.103	0.206	0.001	0.690
0.017	0.674	0.206	0.103
0.103	0.223	0.001	0.673
0.050	0.206	0.103	0.641
0.001	0.103	0.690	0.206
0.001	0.103	0.587	0.309
0.206	0.050	0.206	0.538
0.153	0.001	0.829	0.017
0.103	0.103	0.793	0.001
0.309	0.001	0.587	0.103
>GGGTTAGGGTTA	5-GGGTTAGGGTTA	12.355432	-4.228675	0	T:1.0(5.00%),B:2.0(0.07%),P:1e-1	Tpos:50.9,Tstd:28.1,Bpos:31.0,Bstd:19.6,StrandBias:10.0,Multiplicity:14.00
0.100	0.100	0.700	0.100
0.100	0.100	0.700	0.100
0.100	0.100	0.700	0.100
0.100	0.100	0.100	0.700
0.100	0.100	0.100	0.700
0.700	0.100	0.100	0.100
0.100	0.100	0.700	0.100
0.100	0.100	0.700	0.100
0.100	0.100	0.700	0.100
0.100	0.100	0.100	0.700
0.100	0.100	0.100	0.700
0.700	0.100	0.100	0.100
