>AASWGCTCKCMA	1-AASWGCTCKCMA	13.595264	-13.446648	0	T:2.0(66.67%),B:0.0(0.00%),P:1e-5	Tpos:63.5,Tstd:30.5,Bpos:0.0,Bstd:0.0,StrandBias:-10.0,Multiplicity:1.00
0.997	0.001	0.001	0.001
0.997	0.001	0.001	0.001
0.001	0.462	0.536	0.001
0.462	0.001	0.074	0.462
0.001	0.001	0.997	0.001
0.001	0.997	0.001	0.001
0.001	0.001	0.001	0.997
0.001	0.924	0.074	0.001
0.001	0.001	0.536	0.462
0.001	0.997	0.001	0.001
0.462	0.462	0.074	0.001
0.997	0.001	0.001	0.001
>CYRKYYAGCMTY	2-CYRKYYAGCMTY	9.398793	-10.229626	0	T:2.0(66.67%),B:5.0(0.35%),P:1e-4	Tpos:51.0,Tstd:13.1,Bpos:46.8,Bstd:30.1,StrandBias:10.0,Multiplicity:1.50
0.001	0.997	0.001	0.001
0.001	0.462	0.001	0.536
0.503	0.034	0.462	0.001
0.001	0.001	0.536	0.462
0.001	0.502	0.001	0.496
0.001	0.503	0.034	0.462
0.997	0.001	0.001	0.001
0.001	0.001	0.997	0.001
0.001	0.997	0.001	0.001
0.462	0.536	0.001	0.001
0.034	0.034	0.001	0.931
0.040	0.462	0.001	0.497
>GKGRKGTGKGRR	3-GKGRKGTGKGRR	12.430070	-9.291012	0	T:2.0(66.67%),B:8.0(0.56%),P:1e-4	Tpos:36.3,Tstd:34.6,Bpos:47.6,Bstd:31.7,StrandBias:1.0,Multiplicity:1.50
0.001	0.001	0.997	0.001
0.001	0.001	0.536	0.462
0.001	0.001	0.997	0.001
0.536	0.001	0.462	0.001
0.001	0.001	0.536	0.462
0.001	0.001	0.997	0.001
0.001	0.001	0.001	0.997
0.001	0.001	0.997	0.001
0.001	0.001	0.536	0.462
0.001	0.001	0.997	0.001
0.462	0.001	0.536	0.001
0.462	0.001	0.536	0.001
>TCTHTDTTTCTA	4-TCTHTDTTTCTA	7.499188	-7.274337	0	T:2.0(66.67%),B:22.0(1.53%),P:1e-3	Tpos:83.0,Tstd:7.0,Bpos:53.5,Bstd:27.9,StrandBias:-10.0,Multiplicity:1.00
0.001	0.001	0.366	0.632
0.001	0.632	0.044	0.323
0.001	0.316	0.051	0.632
0.316	0.367	0.001	0.316
0.316	0.044	0.001	0.639
0.316	0.001	0.323	0.360
0.001	0.001	0.315	0.683
0.315	0.001	0.001	0.683
0.316	0.001	0.044	0.639
0.316	0.639	0.001	0.044
0.315	0.001	0.001	0.683
0.683	0.001	0.315	0.001
>CTCAGAGAGGGA	5-CTCAGAGAGGGA	12.355432	-6.174481	0	T:1.0(33.33%),B:1.0(0.07%),P:1e-2	Tpos:11.0,Tstd:0.0,Bpos:72.0,Bstd:0.0,StrandBias:10.0,Multiplicity:1.00
0.100	0.700	0.100	0.100
0.100	0.100	0.100	0.700
0.100	0.700	0.100	0.100
0.700	0.100	0.100	0.100
0.100	0.100	0.700	0.100
0.700	0.100	0.100	0.100
0.100	0.100	0.700	0.100
0.700	0.100	0.100	0.100
0.100	0.100	0.700	0.100
0.100	0.100	0.700	0.100
0.100	0.100	0.700	0.100
0.700	0.100	0.100	0.100
