>TGCTGCTG	1-TGCTGCTG	7.129857	-19.506694	0	T:29.0(19.46%),B:8728.0(5.55%),P:1e-8	Tpos:47.4,Tstd:25.5,Bpos:50.3,Bstd:27.2,StrandBias:-0.1,Multiplicity:1.00
0.001	0.001	0.001	0.997
0.001	0.001	0.974	0.024
0.228	0.770	0.001	0.001
0.001	0.001	0.001	0.997
0.037	0.001	0.915	0.047
0.033	0.965	0.001	0.001
0.001	0.001	0.001	0.997
0.001	0.096	0.849	0.054
>GGGTTGAT	2-GGGTTGAT	7.866564	-11.808211	0	T:11.0(7.38%),B:2145.0(1.36%),P:1e-5	Tpos:62.6,Tstd:27.0,Bpos:50.1,Bstd:27.5,StrandBias:0.5,Multiplicity:1.09
0.001	0.001	0.997	0.001
0.287	0.001	0.711	0.001
0.001	0.001	0.997	0.001
0.001	0.001	0.191	0.807
0.001	0.001	0.119	0.879
0.001	0.001	0.736	0.262
0.997	0.001	0.001	0.001
0.245	0.001	0.001	0.753
>GATCTCTG	3-GATCTCTG	5.140070	-10.932086	0	T:37.0(24.83%),B:19227.0(12.22%),P:1e-4	Tpos:50.7,Tstd:26.0,Bpos:50.3,Bstd:27.3,StrandBias:0.5,Multiplicity:1.24
0.001	0.022	0.725	0.252
0.957	0.041	0.001	0.001
0.228	0.001	0.084	0.687
0.001	0.736	0.001	0.262
0.001	0.001	0.218	0.780
0.001	0.997	0.001	0.001
0.001	0.001	0.370	0.628
0.001	0.001	0.997	0.001
>GCTGGTCT	4-GCTGGTCT	7.594493	-10.901420	0	T:19.0(12.75%),B:6629.0(4.21%),P:1e-4	Tpos:57.7,Tstd:25.8,Bpos:50.3,Bstd:27.0,StrandBias:-2.1,Multiplicity:1.17
0.102	0.001	0.896	0.001
0.001	0.913	0.085	0.001
0.001	0.001	0.001	0.997
0.001	0.001	0.787	0.211
0.001	0.001	0.756	0.242
0.001	0.001	0.180	0.818
0.001	0.997	0.001	0.001
0.001	0.175	0.001	0.823
>ACTAAACA	5-ACTAAACA	6.277601	-8.562260	0	T:27.0(18.12%),B:13615.0(8.65%),P:1e-3	Tpos:41.1,Tstd:26.7,Bpos:50.0,Bstd:26.7,StrandBias:1.0,Multiplicity:1.27
0.656	0.129	0.005	0.210
0.148	0.743	0.108	0.001
0.085	0.156	0.008	0.751
0.785	0.001	0.209	0.005
0.582	0.146	0.271	0.001
0.666	0.107	0.106	0.121
0.098	0.862	0.034	0.006
0.993	0.001	0.001	0.005
