>CAGCAGGAGTAG	1-CAGCAGGAGTAG	9.020742	-16.867024	0	T:13.0(8.72%),B:1919.0(1.22%),P:1e-7	Tpos:56.0,Tstd:30.8,Bpos:50.0,Bstd:26.2,StrandBias:1.6,Multiplicity:1.15
0.154	0.616	0.148	0.082
0.702	0.089	0.001	0.208
0.001	0.001	0.997	0.001
0.261	0.652	0.005	0.082
0.917	0.001	0.001	0.081
0.086	0.001	0.912	0.001
0.145	0.107	0.747	0.001
0.657	0.082	0.082	0.179
0.001	0.066	0.851	0.082
0.187	0.199	0.001	0.613
0.930	0.063	0.001	0.006
0.082	0.124	0.793	0.001
>GGTTCAGGATHT	2-GGTTCAGGATHT	12.187330	-15.873693	0	T:4.0(2.68%),B:45.0(0.03%),P:1e-6	Tpos:57.0,Tstd:26.2,Bpos:52.1,Bstd:28.4,StrandBias:1.0,Multiplicity:1.50
0.001	0.001	0.997	0.001
0.001	0.328	0.670	0.001
0.001	0.001	0.358	0.640
0.001	0.001	0.001	0.997
0.001	0.997	0.001	0.001
0.997	0.001	0.001	0.001
0.001	0.001	0.997	0.001
0.328	0.001	0.670	0.001
0.670	0.001	0.328	0.001
0.014	0.001	0.296	0.689
0.375	0.328	0.001	0.296
0.001	0.001	0.001	0.997
>AATTGTWACTWK	3-AATTGTWACTWK	12.933529	-14.727062	0	T:5.0(3.36%),B:150.0(0.10%),P:1e-6	Tpos:49.7,Tstd:22.7,Bpos:51.0,Bstd:24.9,StrandBias:1.3,Multiplicity:1.40
0.997	0.001	0.001	0.001
0.768	0.230	0.001	0.001
0.001	0.001	0.001	0.997
0.001	0.001	0.255	0.743
0.001	0.001	0.997	0.001
0.001	0.001	0.001	0.997
0.465	0.001	0.001	0.533
0.997	0.001	0.001	0.001
0.001	0.997	0.001	0.001
0.001	0.001	0.001	0.997
0.495	0.001	0.001	0.503
0.001	0.001	0.448	0.550
>TTTTGTTTTGTT	4-TTTTGTTTTGTT	12.455541	-10.668514	0	T:9.0(6.04%),B:1583.0(1.01%),P:1e-4	Tpos:63.3,Tstd:20.3,Bpos:50.8,Bstd:25.0,StrandBias:-0.3,Multiplicity:1.00
0.001	0.001	0.036	0.962
0.107	0.001	0.068	0.824
0.001	0.001	0.001	0.997
0.001	0.097	0.001	0.901
0.001	0.164	0.834	0.001
0.001	0.001	0.001	0.997
0.124	0.001	0.001	0.874
0.001	0.001	0.001	0.997
0.001	0.001	0.001	0.997
0.001	0.075	0.876	0.048
0.088	0.001	0.001	0.910
0.001	0.001	0.001	0.997
>SAGAGASTCTCT	5-SAGAGASTCTCT	11.759043	-8.119678	0	T:3.0(2.01%),B:133.0(0.08%),P:1e-3	Tpos:44.5,Tstd:21.1,Bpos:52.0,Bstd:27.9,StrandBias:2.3,Multiplicity:1.33
0.001	0.484	0.514	0.001
0.792	0.001	0.206	0.001
0.248	0.207	0.544	0.001
0.997	0.001	0.001	0.001
0.001	0.001	0.997	0.001
0.984	0.001	0.001	0.014
0.001	0.497	0.501	0.001
0.265	0.001	0.001	0.733
0.001	0.997	0.001	0.001
0.001	0.001	0.001	0.997
0.001	0.997	0.001	0.001
0.001	0.013	0.001	0.985
