>TCGAGGGG	1-TCGAGGGG	5.076801	-17.786613	0	T:44.0(29.53%),B:19371.0(12.31%),P:1e-7	Tpos:50.7,Tstd:24.5,Bpos:50.3,Bstd:27.0,StrandBias:-0.7,Multiplicity:1.25
0.048	0.070	0.113	0.769
0.145	0.715	0.092	0.048
0.105	0.028	0.782	0.085
0.708	0.148	0.093	0.051
0.077	0.108	0.752	0.063
0.141	0.110	0.748	0.001
0.094	0.028	0.784	0.094
0.138	0.021	0.751	0.090
>TAGTCGCT	2-TAGTCGCT	8.044485	-13.584191	0	T:7.0(4.70%),B:557.0(0.35%),P:1e-5	Tpos:50.3,Tstd:24.5,Bpos:49.7,Bstd:26.7,StrandBias:-0.4,Multiplicity:1.00
0.001	0.001	0.001	0.997
0.776	0.180	0.001	0.043
0.001	0.001	0.997	0.001
0.001	0.269	0.001	0.729
0.001	0.997	0.001	0.001
0.001	0.001	0.997	0.001
0.001	0.997	0.001	0.001
0.001	0.001	0.001	0.997
>TCCCGCTA	3-TCCCGCTA	5.103764	-12.759662	0	T:41.0(27.52%),B:20787.0(13.21%),P:1e-5	Tpos:49.2,Tstd:29.2,Bpos:50.2,Bstd:27.1,StrandBias:-0.2,Multiplicity:1.12
0.103	0.146	0.119	0.632
0.001	0.890	0.048	0.061
0.085	0.828	0.023	0.064
0.063	0.770	0.056	0.111
0.088	0.073	0.791	0.048
0.114	0.678	0.128	0.080
0.144	0.028	0.066	0.762
0.667	0.204	0.107	0.022
>GCDAACAT	4-GCDAACAT	6.069243	-11.483877	0	T:27.0(18.12%),B:11473.0(7.29%),P:1e-4	Tpos:44.8,Tstd:28.3,Bpos:49.6,Bstd:27.5,StrandBias:0.0,Multiplicity:1.19
0.003	0.336	0.660	0.001
0.001	0.841	0.157	0.001
0.288	0.076	0.285	0.351
0.583	0.004	0.313	0.100
0.928	0.001	0.062	0.009
0.079	0.919	0.001	0.001
0.699	0.118	0.001	0.182
0.001	0.122	0.180	0.697
>GSGCGCGY	5-GSGCGCGY	7.858661	-5.064966	0	T:7.0(4.70%),B:2279.0(1.45%),P:1e-2	Tpos:62.5,Tstd:12.8,Bpos:49.8,Bstd:25.6,StrandBias:-0.5,Multiplicity:1.00
0.001	0.369	0.629	0.001
0.001	0.549	0.449	0.001
0.375	0.001	0.623	0.001
0.001	0.793	0.001	0.205
0.001	0.239	0.759	0.001
0.001	0.997	0.001	0.001
0.001	0.001	0.997	0.001
0.001	0.475	0.001	0.523
