>TGCCTTGTCT	1-TGCCTTGTCT	8.852807	-23.221372	0	T:12.0(8.05%),B:889.0(0.57%),P:1e-10	Tpos:51.0,Tstd:32.3,Bpos:49.2,Bstd:26.7,StrandBias:0.0,Multiplicity:1.00
0.001	0.001	0.001	0.997
0.001	0.216	0.562	0.221
0.001	0.581	0.084	0.334
0.282	0.588	0.069	0.061
0.001	0.391	0.051	0.557
0.254	0.001	0.027	0.718
0.001	0.290	0.675	0.034
0.095	0.101	0.048	0.756
0.129	0.779	0.053	0.039
0.094	0.111	0.001	0.794
>AGGCGKCSGC	2-AGGCGKCSGC	7.941391	-15.836576	0	T:15.0(10.07%),B:2891.0(1.84%),P:1e-6	Tpos:58.2,Tstd:25.3,Bpos:49.6,Bstd:26.4,StrandBias:-1.5,Multiplicity:1.20
0.707	0.243	0.001	0.049
0.001	0.046	0.952	0.001
0.132	0.001	0.780	0.087
0.081	0.855	0.063	0.001
0.001	0.004	0.935	0.060
0.001	0.068	0.419	0.512
0.054	0.721	0.224	0.001
0.001	0.421	0.447	0.132
0.065	0.144	0.790	0.001
0.070	0.864	0.004	0.062
>AAGAGGTMWC	3-AAGAGGTMWC	9.297253	-12.023648	0	T:5.0(3.36%),B:262.0(0.17%),P:1e-5	Tpos:47.5,Tstd:25.7,Bpos:50.1,Bstd:26.5,StrandBias:3.5,Multiplicity:2.40
0.997	0.001	0.001	0.001
0.997	0.001	0.001	0.001
0.001	0.001	0.997	0.001
0.997	0.001	0.001	0.001
0.034	0.001	0.898	0.067
0.001	0.001	0.997	0.001
0.001	0.001	0.001	0.997
0.555	0.443	0.001	0.001
0.435	0.001	0.001	0.563
0.001	0.997	0.001	0.001
>CGGGTACTGA	4-CGGGTACTGA	7.369949	-10.858458	0	T:15.0(10.07%),B:4359.0(2.77%),P:1e-4	Tpos:47.1,Tstd:25.7,Bpos:49.5,Bstd:26.9,StrandBias:-0.7,Multiplicity:1.20
0.001	0.662	0.120	0.217
0.081	0.001	0.917	0.001
0.102	0.001	0.896	0.001
0.001	0.184	0.695	0.120
0.130	0.073	0.179	0.618
0.797	0.001	0.111	0.091
0.097	0.901	0.001	0.001
0.097	0.001	0.099	0.803
0.001	0.001	0.997	0.001
0.711	0.120	0.168	0.001
>GGTGTGTAAA	5-GGTGTGTAAA	10.296193	-8.548178	0	T:2.0(1.34%),B:21.0(0.01%),P:1e-3	Tpos:73.3,Tstd:13.5,Bpos:53.5,Bstd:31.5,StrandBias:-1.0,Multiplicity:1.50
0.100	0.100	0.700	0.100
0.100	0.100	0.700	0.100
0.100	0.100	0.100	0.700
0.100	0.100	0.700	0.100
0.100	0.100	0.100	0.700
0.100	0.100	0.700	0.100
0.100	0.100	0.100	0.700
0.700	0.100	0.100	0.100
0.700	0.100	0.100	0.100
0.700	0.100	0.100	0.100
