>TGCTATAC	1-TGCTATAC	8.103572	-14.119165	0	T:9.0(6.04%),B:1027.0(0.65%),P:1e-6	Tpos:40.8,Tstd:25.6,Bpos:47.7,Bstd:26.4,StrandBias:-1.0,Multiplicity:1.00
0.092	0.001	0.001	0.906
0.001	0.001	0.792	0.206
0.001	0.610	0.001	0.388
0.001	0.001	0.196	0.802
0.997	0.001	0.001	0.001
0.001	0.001	0.001	0.997
0.898	0.100	0.001	0.001
0.001	0.619	0.001	0.379
>GGCGGCKG	2-GGCGGCKG	7.328618	-12.730474	0	T:21.0(14.09%),B:6965.0(4.43%),P:1e-5	Tpos:55.6,Tstd:29.4,Bpos:49.8,Bstd:27.1,StrandBias:0.0,Multiplicity:1.10
0.030	0.001	0.876	0.093
0.001	0.032	0.891	0.076
0.084	0.878	0.018	0.020
0.029	0.001	0.951	0.019
0.001	0.001	0.997	0.001
0.001	0.997	0.001	0.001
0.196	0.076	0.293	0.435
0.001	0.031	0.967	0.001
>TGCAGTAG	3-TGCAGTAG	5.769974	-12.234228	0	T:30.0(20.13%),B:13059.0(8.30%),P:1e-5	Tpos:55.3,Tstd:28.2,Bpos:50.3,Bstd:27.2,StrandBias:-1.0,Multiplicity:1.10
0.092	0.040	0.051	0.817
0.095	0.083	0.715	0.107
0.109	0.823	0.034	0.034
0.692	0.081	0.088	0.139
0.061	0.037	0.849	0.053
0.160	0.110	0.084	0.646
0.761	0.060	0.118	0.061
0.069	0.100	0.708	0.123
>GGCACGCA	4-GGCACGCA	8.667332	-11.882974	0	T:8.0(5.37%),B:1020.0(0.65%),P:1e-5	Tpos:56.9,Tstd:28.5,Bpos:50.5,Bstd:27.2,StrandBias:-0.3,Multiplicity:1.12
0.001	0.001	0.997	0.001
0.001	0.001	0.997	0.001
0.121	0.877	0.001	0.001
0.997	0.001	0.001	0.001
0.001	0.997	0.001	0.001
0.001	0.001	0.997	0.001
0.001	0.997	0.001	0.001
0.746	0.001	0.126	0.127
>ACAGTCGG	5-ACAGTCGG	4.977072	-10.390204	0	T:44.0(29.53%),B:25377.0(16.13%),P:1e-4	Tpos:51.5,Tstd:26.7,Bpos:49.6,Bstd:27.2,StrandBias:0.1,Multiplicity:1.18
0.751	0.034	0.122	0.093
0.048	0.854	0.059	0.039
0.753	0.068	0.111	0.068
0.057	0.086	0.856	0.001
0.054	0.156	0.150	0.640
0.073	0.764	0.098	0.065
0.123	0.134	0.658	0.085
0.071	0.110	0.739	0.080
