>TCCACTCTTCTC	1-TCCACTCTTCTC	14.072803	-23.026298	0	T:5.0(3.36%),B:28.0(0.02%),P:1e-10	Tpos:48.6,Tstd:20.3,Bpos:43.3,Bstd:29.0,StrandBias:2.0,Multiplicity:1.00
0.001	0.001	0.001	0.997
0.001	0.997	0.001	0.001
0.001	0.997	0.001	0.001
0.997	0.001	0.001	0.001
0.001	0.772	0.226	0.001
0.001	0.001	0.001	0.997
0.001	0.997	0.001	0.001
0.001	0.171	0.001	0.827
0.001	0.001	0.001	0.997
0.001	0.997	0.001	0.001
0.001	0.001	0.001	0.997
0.001	0.600	0.212	0.187
>YTSCTTCCTWWG	2-YTSCTTCCTWWG	9.844724	-20.337299	0	T:7.0(4.70%),B:204.0(0.13%),P:1e-8	Tpos:52.0,Tstd:20.5,Bpos:50.2,Bstd:26.6,StrandBias:1.3,Multiplicity:1.00
0.001	0.518	0.001	0.480
0.001	0.001	0.001	0.997
0.001	0.550	0.448	0.001
0.001	0.997	0.001	0.001
0.001	0.001	0.001	0.997
0.001	0.001	0.001	0.997
0.001	0.997	0.001	0.001
0.021	0.977	0.001	0.001
0.001	0.001	0.001	0.997
0.464	0.001	0.001	0.534
0.448	0.001	0.001	0.550
0.018	0.014	0.967	0.001
>AAACTTTCCAGG	3-AAACTTTCCAGG	12.824535	-13.579456	0	T:3.0(2.01%),B:21.0(0.01%),P:1e-5	Tpos:38.2,Tstd:17.1,Bpos:49.3,Bstd:27.1,StrandBias:-1.6,Multiplicity:1.33
0.997	0.001	0.001	0.001
0.847	0.151	0.001	0.001
0.997	0.001	0.001	0.001
0.001	0.847	0.151	0.001
0.001	0.001	0.001	0.997
0.001	0.001	0.001	0.997
0.001	0.001	0.001	0.997
0.001	0.997	0.001	0.001
0.001	0.997	0.001	0.001
0.997	0.001	0.001	0.001
0.001	0.001	0.997	0.001
0.001	0.001	0.997	0.001
>VGAGCGAGCGAG	4-VGAGCGAGCGAG	8.697910	-10.315788	0	T:7.0(4.70%),B:926.0(0.59%),P:1e-4	Tpos:53.1,Tstd:34.6,Bpos:51.2,Bstd:26.1,StrandBias:-2.1,Multiplicity:1.14
0.340	0.265	0.393	0.001
0.143	0.266	0.590	0.001
0.997	0.001	0.001	0.001
0.169	0.001	0.829	0.001
0.001	0.978	0.020	0.001
0.001	0.072	0.905	0.022
0.975	0.001	0.023	0.001
0.171	0.001	0.827	0.001
0.001	0.748	0.250	0.001
0.190	0.072	0.566	0.172
0.978	0.001	0.020	0.001
0.169	0.001	0.829	0.001
>CCCCCCCCMCCC	5-CCCCCCCCMCCC	9.779394	-8.581447	0	T:11.0(7.38%),B:3079.0(1.96%),P:1e-3	Tpos:52.4,Tstd:24.3,Bpos:50.2,Bstd:25.8,StrandBias:1.0,Multiplicity:1.09
0.001	0.869	0.129	0.001
0.001	0.742	0.206	0.051
0.172	0.773	0.001	0.054
0.072	0.751	0.001	0.176
0.132	0.755	0.001	0.112
0.291	0.606	0.067	0.036
0.001	0.997	0.001	0.001
0.001	0.997	0.001	0.001
0.492	0.460	0.047	0.001
0.139	0.812	0.048	0.001
0.162	0.836	0.001	0.001
0.001	0.841	0.157	0.001
>GCGCGCGTGTGT	6-GCGCGCGTGTGT	5.859666	-7.678515	0	T:22.0(14.77%),B:10639.0(6.76%),P:1e-3	Tpos:34.0,Tstd:26.2,Bpos:49.6,Bstd:25.7,StrandBias:-1.9,Multiplicity:1.18
0.056	0.169	0.722	0.053
0.098	0.565	0.224	0.113
0.172	0.069	0.648	0.111
0.103	0.677	0.164	0.056
0.094	0.147	0.718	0.041
0.056	0.602	0.213	0.129
0.086	0.139	0.666	0.109
0.109	0.197	0.179	0.515
0.056	0.128	0.751	0.065
0.064	0.134	0.093	0.709
0.018	0.085	0.853	0.044
0.119	0.190	0.114	0.577
>GGAGTGGCGGAG	7-GGAGTGGCGGAG	12.355432	-6.962606	0	T:1.0(0.67%),B:1.0(0.00%),P:1e-3	Tpos:62.0,Tstd:18.3,Bpos:35.0,Bstd:0.0,StrandBias:-10.0,Multiplicity:8.00
0.100	0.100	0.700	0.100
0.100	0.100	0.700	0.100
0.700	0.100	0.100	0.100
0.100	0.100	0.700	0.100
0.100	0.100	0.100	0.700
0.100	0.100	0.700	0.100
0.100	0.100	0.700	0.100
0.100	0.700	0.100	0.100
0.100	0.100	0.700	0.100
0.100	0.100	0.700	0.100
0.700	0.100	0.100	0.100
0.100	0.100	0.700	0.100
