>CAGACAGCAG	1-CAGACAGCAG	8.246948	-19.582686	0	T:5.0(6.25%),B:2.4(0.08%),P:1e-8,FDR:1	Tpos:47.3,Tstd:25.5,Bpos:50.2,Bstd:30.3,StrandBias:1.2,Multiplicity:2.00
0.021	0.977	0.001	0.001
0.784	0.001	0.001	0.214
0.001	0.001	0.997	0.001
0.997	0.001	0.001	0.001
0.001	0.997	0.001	0.001
0.997	0.001	0.001	0.001
0.171	0.001	0.827	0.001
0.001	0.997	0.001	0.001
0.997	0.001	0.001	0.001
0.001	0.001	0.997	0.001
>CGAAGGTCTA	2-CGAAGGTCTA	12.329821	-17.747846	0	T:4.0(5.00%),B:0.0(0.00%),P:1e-7,FDR:1	Tpos:54.5,Tstd:16.8,Bpos:0.0,Bstd:0.0,StrandBias:0.0,Multiplicity:1.00
0.001	0.997	0.001	0.001
0.001	0.332	0.666	0.001
0.997	0.001	0.001	0.001
0.666	0.001	0.332	0.001
0.001	0.001	0.997	0.001
0.001	0.001	0.997	0.001
0.001	0.001	0.001	0.997
0.001	0.997	0.001	0.001
0.001	0.001	0.001	0.997
0.997	0.001	0.001	0.001
>CCTGGGCCAG	3-CCTGGGCCAG	11.059422	-13.826700	0	T:6.0(7.50%),B:12.1(0.41%),P:1e-6,FDR:1	Tpos:55.4,Tstd:23.7,Bpos:53.4,Bstd:26.1,StrandBias:-0.4,Multiplicity:1.17
0.001	0.846	0.001	0.152
0.001	0.846	0.001	0.152
0.001	0.001	0.001	0.997
0.001	0.001	0.997	0.001
0.152	0.001	0.846	0.001
0.153	0.074	0.620	0.153
0.001	0.997	0.001	0.001
0.001	0.912	0.001	0.086
0.997	0.001	0.001	0.001
0.001	0.001	0.997	0.001
>TTTAACCCCG	4-TTTAACCCCG	7.789941	-13.826700	0	T:6.0(7.50%),B:12.2(0.41%),P:1e-6,FDR:1	Tpos:75.0,Tstd:11.8,Bpos:44.0,Bstd:27.9,StrandBias:0.0,Multiplicity:1.00
0.001	0.001	0.001	0.997
0.001	0.001	0.001	0.997
0.001	0.001	0.304	0.694
0.997	0.001	0.001	0.001
0.971	0.027	0.001	0.001
0.001	0.997	0.001	0.001
0.388	0.610	0.001	0.001
0.001	0.694	0.001	0.304
0.001	0.694	0.304	0.001
0.001	0.028	0.666	0.305
>WTTTTTTYCA	5-WTTTTTTYCA	10.158096	-4.844265	0	T:4.0(5.00%),B:29.6(0.99%),P:1e-2,FDR:1	Tpos:41.8,Tstd:34.3,Bpos:52.5,Bstd:29.0,StrandBias:0.0,Multiplicity:1.00
0.505	0.001	0.001	0.493
0.001	0.358	0.001	0.640
0.001	0.047	0.001	0.951
0.001	0.001	0.001	0.997
0.001	0.006	0.001	0.992
0.001	0.001	0.001	0.997
0.001	0.001	0.006	0.992
0.001	0.424	0.009	0.566
0.070	0.553	0.001	0.376
0.940	0.001	0.001	0.058
>TGACAGCAGGAA	1-TGACAGCAGGAA	8.922478	-23.027473	0	T:5.0(6.25%),B:1.6(0.05%),P:1e-10,FDR:1	Tpos:51.9,Tstd:24.5,Bpos:72.9,Bstd:9.0,StrandBias:1.2,Multiplicity:2.00
0.001	0.001	0.001	0.997
0.001	0.001	0.997	0.001
0.997	0.001	0.001	0.001
0.001	0.997	0.001	0.001
0.997	0.001	0.001	0.001
0.175	0.001	0.820	0.004
0.001	0.997	0.001	0.001
0.997	0.001	0.001	0.001
0.001	0.001	0.997	0.001
0.004	0.207	0.788	0.001
0.830	0.001	0.168	0.001
0.788	0.210	0.001	0.001
>TTACCRAACCAG	2-TTACCRAACCAG	11.799130	-23.027473	0	T:5.0(6.25%),B:1.8(0.06%),P:1e-10,FDR:1	Tpos:31.4,Tstd:25.1,Bpos:60.6,Bstd:21.2,StrandBias:-0.6,Multiplicity:1.00
0.001	0.001	0.001	0.997
0.001	0.001	0.001	0.997
0.799	0.199	0.001	0.001
0.001	0.997	0.001	0.001
0.001	0.799	0.199	0.001
0.400	0.001	0.400	0.200
0.997	0.001	0.001	0.001
0.799	0.199	0.001	0.001
0.001	0.997	0.001	0.001
0.001	0.799	0.199	0.001
0.997	0.001	0.001	0.001
0.001	0.199	0.799	0.001
>ARYAAAGRTCTA	3-ARYAAAGRTCTA	11.460219	-23.027473	0	T:5.0(6.25%),B:0.0(0.00%),P:1e-10,FDR:1	Tpos:48.8,Tstd:21.1,Bpos:0.0,Bstd:0.0,StrandBias:-0.6,Multiplicity:1.00
0.701	0.287	0.011	0.001
0.531	0.001	0.467	0.001
0.051	0.468	0.001	0.479
0.468	0.234	0.298	0.001
0.997	0.001	0.001	0.001
0.997	0.001	0.001	0.001
0.001	0.001	0.997	0.001
0.468	0.011	0.520	0.001
0.233	0.001	0.001	0.765
0.001	0.714	0.050	0.235
0.001	0.001	0.001	0.997
0.948	0.050	0.001	0.001
>GGRSCWCASMST	4-GGRSCWCASMST	12.200362	-21.953261	0	T:6.0(7.50%),B:3.7(0.12%),P:1e-9,FDR:1	Tpos:44.5,Tstd:23.0,Bpos:22.7,Bstd:20.4,StrandBias:2.3,Multiplicity:1.00
0.001	0.001	0.997	0.001
0.001	0.001	0.997	0.001
0.439	0.001	0.559	0.001
0.001	0.452	0.546	0.001
0.001	0.997	0.001	0.001
0.533	0.001	0.001	0.465
0.001	0.997	0.001	0.001
0.997	0.001	0.001	0.001
0.001	0.465	0.533	0.001
0.559	0.439	0.001	0.001
0.001	0.559	0.439	0.001
0.001	0.001	0.001	0.997
>GGAAAYTCTAGC	5-GGAAAYTCTAGC	9.645142	-20.651879	0	T:7.0(8.75%),B:7.9(0.26%),P:1e-8,FDR:1	Tpos:48.3,Tstd:27.0,Bpos:51.8,Bstd:19.7,StrandBias:2.6,Multiplicity:1.00
0.137	0.001	0.861	0.001
0.001	0.137	0.861	0.001
0.587	0.001	0.275	0.137
0.725	0.137	0.137	0.001
0.450	0.275	0.137	0.137
0.001	0.561	0.001	0.437
0.137	0.275	0.001	0.587
0.001	0.997	0.001	0.001
0.274	0.001	0.001	0.724
0.997	0.001	0.001	0.001
0.012	0.001	0.986	0.001
0.001	0.861	0.137	0.001
>GGVGTCAAGGCA	6-GGVGTCAAGGCA	10.953603	-19.582686	0	T:5.0(6.25%),B:2.6(0.09%),P:1e-8,FDR:1	Tpos:61.2,Tstd:17.9,Bpos:41.4,Bstd:25.4,StrandBias:0.6,Multiplicity:1.00
0.304	0.001	0.694	0.001
0.001	0.001	0.694	0.304
0.389	0.305	0.305	0.001
0.001	0.001	0.657	0.341
0.037	0.315	0.001	0.647
0.001	0.997	0.001	0.001
0.957	0.041	0.001	0.001
0.657	0.001	0.341	0.001
0.001	0.001	0.997	0.001
0.036	0.001	0.962	0.001
0.001	0.694	0.304	0.001
0.997	0.001	0.001	0.001
>TCCACAGACTGG	7-TCCACAGACTGG	9.415575	-13.596894	0	T:8.0(10.00%),B:29.6(0.99%),P:1e-5,FDR:1	Tpos:42.7,Tstd:22.5,Bpos:55.2,Bstd:28.0,StrandBias:0.3,Multiplicity:1.12
0.001	0.241	0.252	0.506
0.241	0.637	0.121	0.001
0.241	0.637	0.001	0.121
0.516	0.242	0.121	0.121
0.120	0.878	0.001	0.001
0.997	0.001	0.001	0.001
0.001	0.241	0.757	0.001
0.506	0.001	0.252	0.241
0.001	0.878	0.120	0.001
0.120	0.001	0.001	0.878
0.001	0.001	0.878	0.120
0.001	0.001	0.997	0.001
>TTTTTTTTWWTT	8-TTTTTTTTWWTT	11.461617	-4.510467	0	T:4.0(5.00%),B:32.4(1.09%),P:1e-1,FDR:1	Tpos:76.1,Tstd:31.4,Bpos:46.5,Bstd:33.2,StrandBias:1.6,Multiplicity:1.00
0.001	0.196	0.001	0.802
0.001	0.094	0.001	0.904
0.001	0.001	0.001	0.997
0.001	0.003	0.001	0.995
0.001	0.019	0.001	0.979
0.001	0.001	0.001	0.997
0.001	0.001	0.001	0.997
0.001	0.001	0.114	0.884
0.434	0.001	0.001	0.564
0.435	0.001	0.004	0.560
0.342	0.001	0.020	0.637
0.248	0.094	0.001	0.657
>GGTTTAAG	1-GGTTTAAG	8.871242	-13.826700	0	T:6.0(7.50%),B:12.6(0.42%),P:1e-6,FDR:1	Tpos:60.8,Tstd:16.6,Bpos:59.9,Bstd:20.5,StrandBias:0.0,Multiplicity:1.00
0.001	0.001	0.847	0.151
0.001	0.001	0.997	0.001
0.001	0.265	0.001	0.733
0.001	0.001	0.001	0.997
0.001	0.001	0.001	0.997
0.997	0.001	0.001	0.001
0.997	0.001	0.001	0.001
0.001	0.001	0.997	0.001
>CTGCATAA	2-CTGCATAA	9.564244	-12.776767	0	T:5.0(6.25%),B:8.0(0.27%),P:1e-5,FDR:1	Tpos:70.4,Tstd:22.4,Bpos:31.6,Bstd:28.2,StrandBias:0.6,Multiplicity:1.00
0.001	0.997	0.001	0.001
0.001	0.001	0.001	0.997
0.001	0.001	0.997	0.001
0.001	0.776	0.001	0.222
0.997	0.001	0.001	0.001
0.001	0.001	0.001	0.997
0.997	0.001	0.001	0.001
0.997	0.001	0.001	0.001
>TGACAACA	3-TGACAACA	9.821049	-11.873173	0	T:7.0(8.75%),B:26.5(0.89%),P:1e-5,FDR:1	Tpos:44.9,Tstd:27.0,Bpos:56.5,Bstd:27.6,StrandBias:2.3,Multiplicity:1.71
0.001	0.001	0.001	0.997
0.001	0.001	0.997	0.001
0.997	0.001	0.001	0.001
0.001	0.997	0.001	0.001
0.997	0.001	0.001	0.001
0.711	0.001	0.287	0.001
0.001	0.997	0.001	0.001
0.997	0.001	0.001	0.001
>TGGACCAG	4-TGGACCAG	7.801910	-9.773493	0	T:11.0(13.75%),B:97.8(3.28%),P:1e-4,FDR:1	Tpos:54.8,Tstd:26.3,Bpos:49.9,Bstd:32.0,StrandBias:0.2,Multiplicity:1.00
0.079	0.001	0.001	0.919
0.001	0.001	0.997	0.001
0.001	0.001	0.997	0.001
0.553	0.001	0.256	0.190
0.001	0.867	0.131	0.001
0.001	0.997	0.001	0.001
0.997	0.001	0.001	0.001
0.001	0.001	0.997	0.001
>TAGACCTT	5-TAGACCTT	6.291044	-6.837834	0	T:12.0(15.00%),B:159.1(5.33%),P:1e-2,FDR:1	Tpos:43.5,Tstd:22.2,Bpos:48.0,Bstd:27.3,StrandBias:-0.2,Multiplicity:1.08
0.100	0.100	0.100	0.700
0.700	0.100	0.100	0.100
0.100	0.100	0.700	0.100
0.700	0.100	0.100	0.100
0.100	0.700	0.100	0.100
0.100	0.700	0.100	0.100
0.100	0.100	0.100	0.700
0.100	0.100	0.100	0.700
>TYTTTTTR	6-TYTTTTTR	7.934215	-5.414736	0	T:10.0(12.50%),B:141.9(4.76%),P:1e-2,FDR:1	Tpos:67.2,Tstd:34.0,Bpos:48.4,Bstd:30.1,StrandBias:0.8,Multiplicity:1.30
0.001	0.001	0.373	0.625
0.001	0.426	0.001	0.572
0.001	0.001	0.001	0.997
0.001	0.001	0.001	0.997
0.001	0.001	0.001	0.997
0.001	0.001	0.392	0.606
0.001	0.001	0.001	0.997
0.321	0.014	0.413	0.252
