>CTGATGAA	1-CTGATGAA	6.336043	-12.145335	0	T:21.0(16.94%),B:172.0(5.58%),P:1e-5	Tpos:49.4,Tstd:23.0,Bpos:48.9,Bstd:27.3,StrandBias:-0.7,Multiplicity:1.14
0.105	0.789	0.105	0.001
0.001	0.105	0.210	0.684
0.001	0.001	0.997	0.001
0.997	0.001	0.001	0.001
0.252	0.210	0.001	0.537
0.001	0.001	0.894	0.104
0.494	0.183	0.108	0.216
0.660	0.001	0.083	0.256
>GATGACGT	2-GATGACGT	9.898139	-8.246600	0	T:3.0(2.42%),B:3.0(0.10%),P:1e-3	Tpos:46.2,Tstd:13.1,Bpos:49.0,Bstd:24.5,StrandBias:1.6,Multiplicity:1.00
0.001	0.001	0.997	0.001
0.997	0.001	0.001	0.001
0.001	0.001	0.001	0.997
0.001	0.001	0.997	0.001
0.688	0.001	0.310	0.001
0.001	0.997	0.001	0.001
0.001	0.001	0.997	0.001
0.001	0.001	0.001	0.997
>GTACASTA	3-GTACASTA	5.473058	-8.152244	0	T:21.0(16.94%),B:227.0(7.37%),P:1e-3	Tpos:49.4,Tstd:26.5,Bpos:50.0,Bstd:27.5,StrandBias:0.5,Multiplicity:1.90
0.165	0.001	0.833	0.001
0.058	0.001	0.061	0.880
0.691	0.209	0.050	0.050
0.001	0.672	0.001	0.326
0.779	0.104	0.001	0.116
0.001	0.574	0.424	0.001
0.236	0.073	0.104	0.587
0.679	0.005	0.105	0.211
>MMAAMAAM	4-MMAAMAAM	6.242405	-7.023700	0	T:36.0(29.03%),B:534.0(17.33%),P:1e-3	Tpos:49.5,Tstd:24.6,Bpos:47.9,Bstd:26.0,StrandBias:1.2,Multiplicity:1.50
0.495	0.503	0.001	0.001
0.410	0.394	0.195	0.001
0.786	0.212	0.001	0.001
0.569	0.250	0.180	0.001
0.522	0.476	0.001	0.001
0.921	0.077	0.001	0.001
0.903	0.001	0.095	0.001
0.464	0.534	0.001	0.001
>CGCGCGCG	5-CGCGCGCG	8.075723	-5.008305	0	T:2.0(1.61%),B:3.0(0.10%),P:1e-2	Tpos:59.7,Tstd:11.6,Bpos:78.4,Bstd:10.0,StrandBias:1.0,Multiplicity:1.00
0.001	0.812	0.001	0.186
0.001	0.163	0.649	0.187
0.154	0.432	0.154	0.260
0.169	0.001	0.829	0.001
0.001	0.691	0.155	0.153
0.001	0.153	0.845	0.001
0.001	0.997	0.001	0.001
0.001	0.001	0.742	0.256
