>CCTTCCTT	1-CCTTCCTT	8.247391	-16.450065	0	T:14.0(11.29%),B:56.0(1.82%),P:1e-7	Tpos:49.8,Tstd:19.1,Bpos:54.7,Bstd:27.6,StrandBias:3.3,Multiplicity:1.57
0.001	0.997	0.001	0.001
0.001	0.907	0.091	0.001
0.083	0.001	0.001	0.915
0.001	0.001	0.001	0.997
0.001	0.997	0.001	0.001
0.001	0.877	0.001	0.121
0.105	0.001	0.001	0.893
0.001	0.001	0.001	0.997
>GATACCAA	2-GATACCAA	7.451875	-15.158434	0	T:12.0(9.68%),B:44.0(1.43%),P:1e-6	Tpos:56.1,Tstd:27.0,Bpos:54.8,Bstd:26.1,StrandBias:-0.7,Multiplicity:1.18
0.049	0.001	0.949	0.001
0.632	0.193	0.125	0.050
0.029	0.001	0.001	0.969
0.861	0.065	0.001	0.073
0.001	0.940	0.058	0.001
0.055	0.802	0.001	0.142
0.926	0.072	0.001	0.001
0.997	0.001	0.001	0.001
>GACTCACA	3-GACTCACA	7.111057	-12.588335	0	T:23.0(18.55%),B:196.0(6.36%),P:1e-5	Tpos:48.1,Tstd:27.6,Bpos:54.9,Bstd:27.7,StrandBias:0.1,Multiplicity:1.26
0.025	0.001	0.922	0.052
0.937	0.001	0.001	0.061
0.052	0.798	0.149	0.001
0.001	0.058	0.121	0.820
0.058	0.825	0.045	0.072
0.969	0.001	0.001	0.029
0.048	0.950	0.001	0.001
0.862	0.031	0.001	0.106
>ACCCGGCC	4-ACCCGGCC	5.088331	-11.387037	0	T:23.0(18.55%),B:211.0(6.85%),P:1e-4	Tpos:55.9,Tstd:23.9,Bpos:49.6,Bstd:28.7,StrandBias:0.7,Multiplicity:1.17
0.692	0.091	0.081	0.136
0.092	0.709	0.158	0.041
0.226	0.620	0.068	0.086
0.128	0.750	0.006	0.116
0.149	0.134	0.475	0.242
0.226	0.118	0.516	0.140
0.138	0.543	0.143	0.176
0.124	0.593	0.187	0.096
>ATCTGCAG	5-ATCTGCAG	9.577667	-9.482403	0	T:7.0(5.65%),B:25.0(0.81%),P:1e-4	Tpos:49.5,Tstd:28.2,Bpos:51.5,Bstd:28.9,StrandBias:2.8,Multiplicity:1.14
0.997	0.001	0.001	0.001
0.001	0.001	0.001	0.997
0.001	0.997	0.001	0.001
0.001	0.001	0.001	0.997
0.001	0.001	0.997	0.001
0.001	0.997	0.001	0.001
0.997	0.001	0.001	0.001
0.225	0.001	0.773	0.001
