>TGGYTAGGKK	1-TGGYTAGGKK	7.520994	-21.342126	0	T:21.0(16.94%),B:99.0(3.21%),P:1e-9	Tpos:43.7,Tstd:27.9,Bpos:49.0,Bstd:26.7,StrandBias:2.3,Multiplicity:1.67
0.137	0.001	0.294	0.568
0.001	0.001	0.997	0.001
0.289	0.001	0.709	0.001
0.001	0.426	0.001	0.572
0.001	0.001	0.301	0.697
0.997	0.001	0.001	0.001
0.001	0.001	0.725	0.273
0.001	0.417	0.581	0.001
0.001	0.001	0.435	0.563
0.001	0.273	0.290	0.436
>CCCAGTCTGG	2-CCCAGTCTGG	7.788817	-19.149940	0	T:17.0(13.71%),B:71.0(2.30%),P:1e-8	Tpos:58.3,Tstd:23.1,Bpos:51.2,Bstd:26.3,StrandBias:0.1,Multiplicity:1.06
0.046	0.743	0.209	0.002
0.182	0.772	0.001	0.045
0.046	0.817	0.046	0.091
0.690	0.091	0.001	0.218
0.136	0.062	0.801	0.001
0.265	0.011	0.060	0.664
0.001	0.883	0.069	0.047
0.045	0.001	0.091	0.863
0.001	0.001	0.953	0.045
0.047	0.001	0.823	0.129
>GGACBCCTAA	3-GGACBCCTAA	9.078062	-16.896118	0	T:7.0(5.65%),B:8.0(0.26%),P:1e-7	Tpos:51.8,Tstd:22.4,Bpos:55.5,Bstd:27.2,StrandBias:0.7,Multiplicity:1.00
0.001	0.001	0.997	0.001
0.001	0.012	0.829	0.158
0.840	0.001	0.001	0.158
0.001	0.829	0.158	0.012
0.159	0.317	0.195	0.329
0.001	0.997	0.001	0.001
0.001	0.997	0.001	0.001
0.158	0.001	0.158	0.683
0.840	0.001	0.158	0.001
0.840	0.001	0.158	0.001
>TACTCCCTAG	4-TACTCCCTAG	11.755457	-16.108957	0	T:4.0(3.23%),B:1.0(0.03%),P:1e-6	Tpos:42.4,Tstd:11.9,Bpos:77.0,Bstd:0.0,StrandBias:10.0,Multiplicity:1.25
0.001	0.001	0.001	0.997
0.749	0.001	0.001	0.249
0.001	0.997	0.001	0.001
0.001	0.001	0.001	0.997
0.001	0.997	0.001	0.001
0.001	0.997	0.001	0.001
0.001	0.997	0.001	0.001
0.001	0.001	0.001	0.997
0.500	0.001	0.250	0.250
0.001	0.001	0.997	0.001
>AATCAGGATT	5-AATCAGGATT	11.276337	-14.129877	0	T:5.0(4.03%),B:4.0(0.13%),P:1e-6	Tpos:52.3,Tstd:27.7,Bpos:46.8,Bstd:39.4,StrandBias:2.3,Multiplicity:1.20
0.997	0.001	0.001	0.001
0.997	0.001	0.001	0.001
0.001	0.001	0.001	0.997
0.166	0.832	0.001	0.001
0.997	0.001	0.001	0.001
0.166	0.001	0.832	0.001
0.166	0.166	0.667	0.001
0.997	0.001	0.001	0.001
0.166	0.001	0.001	0.832
0.001	0.001	0.001	0.997
>GTTGTTGTTG	6-GTTGTTGTTG	6.218032	-6.477629	0	T:23.0(18.55%),B:295.0(9.57%),P:1e-2	Tpos:45.9,Tstd:27.8,Bpos:50.9,Bstd:25.6,StrandBias:1.1,Multiplicity:1.24
0.003	0.001	0.917	0.079
0.001	0.193	0.037	0.769
0.001	0.184	0.001	0.814
0.166	0.001	0.729	0.104
0.001	0.268	0.001	0.730
0.001	0.092	0.001	0.906
0.049	0.093	0.653	0.205
0.001	0.242	0.092	0.665
0.001	0.001	0.001	0.997
0.001	0.062	0.842	0.095
>WATCYATSTA	7-WATCYATSTA	11.672416	-5.125632	0	T:3.0(2.42%),B:9.0(0.29%),P:1e-2	Tpos:49.9,Tstd:26.9,Bpos:55.5,Bstd:23.8,StrandBias:0.5,Multiplicity:4.00
0.432	0.001	0.001	0.566
0.971	0.001	0.027	0.001
0.001	0.001	0.001	0.997
0.001	0.899	0.099	0.001
0.001	0.432	0.001	0.566
0.997	0.001	0.001	0.001
0.001	0.001	0.001	0.997
0.001	0.466	0.532	0.001
0.001	0.001	0.001	0.997
0.997	0.001	0.001	0.001
>GTGTGAGTGT	8-GTGTGAGTGT	8.739860	-3.232625	0	T:1.0(0.81%),B:1.0(0.03%),P:1e-1	Tpos:48.0,Tstd:0.0,Bpos:64.0,Bstd:0.0,StrandBias:10.0,Multiplicity:1.00
0.127	0.137	0.620	0.116
0.149	0.107	0.140	0.604
0.121	0.143	0.613	0.123
0.114	0.080	0.162	0.644
0.094	0.163	0.603	0.140
0.636	0.094	0.100	0.170
0.127	0.131	0.624	0.118
0.154	0.127	0.169	0.550
0.181	0.172	0.540	0.107
0.164	0.127	0.142	0.567
