>GACCCCCTCTAG	1-GACCCCCTCTAG	11.486356	-26.011237	0	T:6.0(4.84%),B:1.0(0.03%),P:1e-11	Tpos:48.8,Tstd:31.7,Bpos:87.0,Bstd:0.0,StrandBias:1.0,Multiplicity:1.00
0.166	0.166	0.667	0.001
0.832	0.001	0.001	0.166
0.001	0.832	0.001	0.166
0.001	0.832	0.001	0.166
0.001	0.997	0.001	0.001
0.001	0.832	0.001	0.166
0.001	0.997	0.001	0.001
0.001	0.001	0.001	0.997
0.001	0.997	0.001	0.001
0.001	0.166	0.001	0.832
0.832	0.001	0.166	0.001
0.166	0.001	0.667	0.166
>TCTGAGGGAGGW	2-TCTGAGGGAGGW	10.258058	-22.392053	0	T:10.0(8.06%),B:13.0(0.42%),P:1e-9	Tpos:46.8,Tstd:27.3,Bpos:52.7,Bstd:29.1,StrandBias:1.6,Multiplicity:1.20
0.001	0.150	0.143	0.706
0.001	0.862	0.136	0.001
0.013	0.001	0.001	0.985
0.001	0.001	0.997	0.001
0.589	0.001	0.137	0.273
0.149	0.001	0.849	0.001
0.143	0.001	0.855	0.001
0.001	0.281	0.717	0.001
0.997	0.001	0.001	0.001
0.001	0.001	0.997	0.001
0.137	0.280	0.582	0.001
0.430	0.001	0.008	0.561
>TTCYCCYCMCCT	3-TTCYCCYCMCCT	9.255613	-16.485760	0	T:6.0(4.84%),B:5.0(0.16%),P:1e-7	Tpos:59.9,Tstd:22.6,Bpos:36.2,Bstd:16.5,StrandBias:-1.8,Multiplicity:1.50
0.001	0.001	0.001	0.997
0.001	0.001	0.072	0.926
0.001	0.997	0.001	0.001
0.001	0.432	0.001	0.566
0.001	0.997	0.001	0.001
0.001	0.997	0.001	0.001
0.113	0.453	0.001	0.433
0.001	0.997	0.001	0.001
0.432	0.566	0.001	0.001
0.001	0.997	0.001	0.001
0.019	0.979	0.001	0.001
0.001	0.001	0.001	0.997
>YTTTCACTTTCC	4-YTTTCACTTTCC	11.113892	-16.108957	0	T:4.0(3.23%),B:1.0(0.03%),P:1e-6	Tpos:45.0,Tstd:20.2,Bpos:65.0,Bstd:0.0,StrandBias:-2.3,Multiplicity:1.50
0.001	0.425	0.001	0.573
0.001	0.272	0.001	0.726
0.001	0.380	0.001	0.618
0.001	0.128	0.001	0.870
0.001	0.590	0.134	0.275
0.719	0.136	0.001	0.144
0.001	0.530	0.367	0.102
0.001	0.007	0.001	0.991
0.001	0.128	0.001	0.870
0.001	0.387	0.001	0.611
0.001	0.906	0.007	0.086
0.008	0.720	0.001	0.271
>GCTGACAGRKGT	5-GCTGACAGRKGT	9.181954	-13.367479	0	T:4.0(3.23%),B:2.0(0.06%),P:1e-5	Tpos:41.3,Tstd:27.2,Bpos:18.5,Bstd:10.5,StrandBias:2.3,Multiplicity:1.50
0.001	0.001	0.997	0.001
0.001	0.997	0.001	0.001
0.001	0.001	0.001	0.997
0.001	0.001	0.997	0.001
0.954	0.001	0.044	0.001
0.001	0.997	0.001	0.001
0.954	0.001	0.001	0.044
0.001	0.001	0.997	0.001
0.432	0.001	0.566	0.001
0.001	0.001	0.566	0.432
0.001	0.044	0.911	0.044
0.001	0.001	0.001	0.997
>AGGGTGGGGGGT	6-AGGGTGGGGGGT	10.570866	-12.166712	0	T:5.0(4.03%),B:6.0(0.19%),P:1e-5	Tpos:41.4,Tstd:24.2,Bpos:50.5,Bstd:19.3,StrandBias:-0.4,Multiplicity:1.40
0.997	0.001	0.001	0.001
0.001	0.001	0.997	0.001
0.001	0.001	0.997	0.001
0.001	0.301	0.697	0.001
0.001	0.302	0.023	0.674
0.001	0.023	0.674	0.302
0.001	0.001	0.976	0.022
0.301	0.001	0.697	0.001
0.001	0.001	0.997	0.001
0.001	0.001	0.697	0.301
0.301	0.001	0.697	0.001
0.001	0.001	0.001	0.997
