>CCCCCACCTGGR	1-CCCCCACCTGGR	11.700068	-23.596012	0	T:7.0(5.65%),B:3.0(0.10%),P:1e-10	Tpos:51.4,Tstd:28.7,Bpos:11.3,Bstd:3.3,StrandBias:-1.3,Multiplicity:1.00
0.001	0.997	0.001	0.001
0.001	0.745	0.001	0.253
0.001	0.997	0.001	0.001
0.235	0.511	0.001	0.253
0.001	0.977	0.001	0.021
0.717	0.001	0.001	0.281
0.001	0.977	0.021	0.001
0.001	0.767	0.001	0.231
0.001	0.001	0.001	0.997
0.001	0.001	0.767	0.231
0.001	0.001	0.997	0.001
0.514	0.021	0.464	0.001
>GTACACMATGTA	2-GTACACMATGTA	10.750670	-21.885162	0	T:6.0(4.84%),B:2.0(0.06%),P:1e-9	Tpos:57.2,Tstd:19.6,Bpos:61.0,Bstd:0.0,StrandBias:3.2,Multiplicity:1.67
0.001	0.158	0.840	0.001
0.001	0.158	0.158	0.683
0.840	0.001	0.001	0.158
0.001	0.997	0.001	0.001
0.682	0.001	0.001	0.316
0.001	0.983	0.015	0.001
0.491	0.349	0.001	0.158
0.840	0.001	0.158	0.001
0.001	0.001	0.001	0.997
0.001	0.001	0.997	0.001
0.001	0.001	0.158	0.840
0.997	0.001	0.001	0.001
>CYTCTGGTCYCT	3-CYTCTGGTCYCT	9.920210	-17.791854	0	T:6.0(4.84%),B:4.0(0.13%),P:1e-7	Tpos:28.7,Tstd:23.0,Bpos:48.5,Bstd:11.2,StrandBias:-1.0,Multiplicity:1.00
0.133	0.865	0.001	0.001
0.001	0.532	0.001	0.466
0.001	0.001	0.001	0.997
0.001	0.997	0.001	0.001
0.001	0.001	0.001	0.997
0.001	0.001	0.966	0.032
0.001	0.001	0.997	0.001
0.001	0.001	0.001	0.997
0.001	0.966	0.001	0.032
0.001	0.432	0.001	0.566
0.001	0.997	0.001	0.001
0.001	0.001	0.001	0.997
>GYAGAAACGGCC	4-GYAGAAACGGCC	11.799130	-17.531366	0	T:5.0(4.03%),B:2.0(0.06%),P:1e-7	Tpos:62.6,Tstd:17.6,Bpos:67.5,Bstd:1.5,StrandBias:0.6,Multiplicity:1.00
0.199	0.001	0.799	0.001
0.001	0.400	0.200	0.400
0.997	0.001	0.001	0.001
0.001	0.001	0.997	0.001
0.997	0.001	0.001	0.001
0.997	0.001	0.001	0.001
0.799	0.199	0.001	0.001
0.001	0.799	0.001	0.199
0.199	0.001	0.799	0.001
0.001	0.001	0.997	0.001
0.001	0.997	0.001	0.001
0.001	0.799	0.001	0.199
>AGGAGCCACAGG	5-AGGAGCCACAGG	14.640156	-11.483731	0	T:3.0(2.42%),B:1.0(0.03%),P:1e-4	Tpos:58.2,Tstd:21.2,Bpos:93.0,Bstd:0.0,StrandBias:1.6,Multiplicity:1.33
0.997	0.001	0.001	0.001
0.001	0.001	0.997	0.001
0.001	0.001	0.997	0.001
0.749	0.001	0.001	0.249
0.249	0.001	0.749	0.001
0.249	0.749	0.001	0.001
0.001	0.997	0.001	0.001
0.997	0.001	0.001	0.001
0.001	0.997	0.001	0.001
0.997	0.001	0.001	0.001
0.001	0.001	0.997	0.001
0.001	0.001	0.997	0.001
