>ATAGTCTGTC	1-ATAGTCTGTC	11.557282	-26.011237	0	T:6.0(4.84%),B:0.0(0.00%),P:1e-11	Tpos:66.9,Tstd:22.4,Bpos:0.0,Bstd:0.0,StrandBias:0.4,Multiplicity:1.17
0.997	0.001	0.001	0.001
0.001	0.001	0.199	0.799
0.997	0.001	0.001	0.001
0.001	0.001	0.997	0.001
0.001	0.001	0.001	0.997
0.001	0.997	0.001	0.001
0.001	0.199	0.001	0.799
0.001	0.001	0.799	0.199
0.001	0.001	0.001	0.997
0.001	0.799	0.001	0.199
>CAACTAAGTK	2-CAACTAAGTK	9.135421	-18.319698	0	T:10.0(8.06%),B:20.0(0.65%),P:1e-7	Tpos:53.1,Tstd:32.5,Bpos:45.7,Bstd:27.6,StrandBias:0.3,Multiplicity:1.00
0.110	0.768	0.116	0.006
0.583	0.110	0.001	0.306
0.997	0.001	0.001	0.001
0.115	0.883	0.001	0.001
0.196	0.001	0.001	0.802
0.554	0.001	0.110	0.335
0.997	0.001	0.001	0.001
0.109	0.001	0.889	0.001
0.001	0.001	0.001	0.997
0.004	0.001	0.439	0.556
>GTGGAAGTGT	3-GTGGAAGTGT	11.231288	-17.791854	0	T:6.0(4.84%),B:4.0(0.13%),P:1e-7	Tpos:72.5,Tstd:25.4,Bpos:46.0,Bstd:30.4,StrandBias:1.0,Multiplicity:1.00
0.001	0.001	0.997	0.001
0.066	0.001	0.001	0.932
0.154	0.001	0.844	0.001
0.154	0.001	0.844	0.001
0.997	0.001	0.001	0.001
0.997	0.001	0.001	0.001
0.001	0.154	0.844	0.001
0.154	0.001	0.001	0.844
0.001	0.154	0.844	0.001
0.001	0.001	0.001	0.997
>ATTTATCTGG	4-ATTTATCTGG	11.276337	-17.791854	0	T:6.0(4.84%),B:4.0(0.13%),P:1e-7	Tpos:35.3,Tstd:22.3,Bpos:17.8,Bstd:7.1,StrandBias:0.0,Multiplicity:1.00
0.997	0.001	0.001	0.001
0.001	0.001	0.001	0.997
0.001	0.001	0.166	0.832
0.001	0.001	0.166	0.832
0.667	0.166	0.166	0.001
0.001	0.001	0.001	0.997
0.166	0.832	0.001	0.001
0.001	0.001	0.001	0.997
0.001	0.001	0.997	0.001
0.001	0.001	0.997	0.001
>TTGTAACAAT	5-TTGTAACAAT	10.051775	-12.221399	0	T:8.0(6.45%),B:23.0(0.75%),P:1e-5	Tpos:49.9,Tstd:22.4,Bpos:55.0,Bstd:23.4,StrandBias:-1.4,Multiplicity:1.25
0.046	0.001	0.001	0.952
0.097	0.001	0.001	0.901
0.001	0.001	0.997	0.001
0.001	0.051	0.001	0.947
0.901	0.001	0.001	0.097
0.901	0.001	0.001	0.097
0.001	0.997	0.001	0.001
0.651	0.347	0.001	0.001
0.816	0.066	0.066	0.052
0.001	0.001	0.001	0.997
>CCCCCCCCCC	6-CCCCCCCCCC	8.403207	-8.638257	0	T:12.0(9.68%),B:85.0(2.76%),P:1e-3	Tpos:38.8,Tstd:21.0,Bpos:44.9,Bstd:27.8,StrandBias:-0.3,Multiplicity:1.08
0.076	0.726	0.153	0.045
0.001	0.923	0.001	0.075
0.065	0.858	0.001	0.076
0.001	0.753	0.137	0.109
0.151	0.764	0.041	0.044
0.116	0.747	0.085	0.052
0.001	0.735	0.188	0.076
0.001	0.846	0.152	0.001
0.001	0.877	0.001	0.121
0.028	0.795	0.076	0.101
>AGGGTCAGGG	7-AGGGTCAGGG	10.296193	-7.153058	0	T:2.0(1.61%),B:0.0(0.00%),P:1e-3	Tpos:54.5,Tstd:24.3,Bpos:0.0,Bstd:0.0,StrandBias:10.0,Multiplicity:6.00
0.700	0.100	0.100	0.100
0.100	0.100	0.700	0.100
0.100	0.100	0.700	0.100
0.100	0.100	0.700	0.100
0.100	0.100	0.100	0.700
0.100	0.700	0.100	0.100
0.700	0.100	0.100	0.100
0.100	0.100	0.700	0.100
0.100	0.100	0.700	0.100
0.100	0.100	0.700	0.100
>AAAACAGCAC	8-AAAACAGCAC	8.695343	-5.551010	0	T:10.0(8.06%),B:91.0(2.95%),P:1e-2	Tpos:51.4,Tstd:20.9,Bpos:47.4,Bstd:25.1,StrandBias:1.2,Multiplicity:2.50
0.652	0.087	0.087	0.174
0.997	0.001	0.001	0.001
0.813	0.001	0.185	0.001
0.912	0.001	0.086	0.001
0.124	0.788	0.087	0.001
0.997	0.001	0.001	0.001
0.220	0.095	0.510	0.175
0.407	0.591	0.001	0.001
0.843	0.087	0.001	0.069
0.001	0.912	0.001	0.086
