>CAGTGGGG	1-CAGTGGGG	7.895882	-16.046858	0	T:22.0(15.07%),B:6288.0(4.02%),P:1e-6	Tpos:58.9,Tstd:26.9,Bpos:50.2,Bstd:27.6,StrandBias:0.0,Multiplicity:1.10
0.001	0.957	0.041	0.001
0.854	0.001	0.144	0.001
0.001	0.001	0.858	0.140
0.148	0.001	0.001	0.850
0.001	0.001	0.877	0.121
0.116	0.001	0.882	0.001
0.001	0.142	0.678	0.179
0.001	0.001	0.997	0.001
>TTGGTAAG	2-TTGGTAAG	7.072355	-12.955871	0	T:17.0(11.64%),B:4727.0(3.02%),P:1e-5	Tpos:42.5,Tstd:27.7,Bpos:49.6,Bstd:27.5,StrandBias:0.3,Multiplicity:1.06
0.080	0.001	0.060	0.859
0.001	0.001	0.047	0.951
0.084	0.001	0.866	0.049
0.103	0.040	0.856	0.001
0.034	0.001	0.144	0.821
0.793	0.032	0.115	0.060
0.926	0.001	0.072	0.001
0.001	0.001	0.997	0.001
>TTAAACCT	3-TTAAACCT	7.375707	-12.567578	0	T:15.0(10.27%),B:3828.0(2.45%),P:1e-5	Tpos:47.9,Tstd:28.3,Bpos:49.9,Bstd:27.6,StrandBias:1.0,Multiplicity:1.20
0.001	0.063	0.084	0.852
0.001	0.001	0.001	0.997
0.872	0.061	0.001	0.066
0.882	0.001	0.001	0.116
0.928	0.070	0.001	0.001
0.268	0.670	0.061	0.001
0.070	0.860	0.001	0.069
0.001	0.001	0.001	0.997
>CCCCCCCC	4-CCCCCCCC	6.436443	-8.399296	0	T:29.0(19.86%),B:15528.0(9.92%),P:1e-3	Tpos:51.8,Tstd:26.3,Bpos:49.9,Bstd:26.6,StrandBias:0.8,Multiplicity:1.45
0.278	0.627	0.092	0.003
0.010	0.979	0.010	0.001
0.156	0.665	0.178	0.001
0.001	0.807	0.191	0.001
0.001	0.719	0.279	0.001
0.001	0.840	0.158	0.001
0.001	0.772	0.226	0.001
0.262	0.670	0.067	0.001
>TCGTTTCG	5-TCGTTTCG	8.236954	-3.731047	0	T:1.0(0.68%),B:26.0(0.02%),P:1e-1	Tpos:14.0,Tstd:7.1,Bpos:56.1,Bstd:27.4,StrandBias:-10.0,Multiplicity:5.00
0.100	0.100	0.100	0.700
0.100	0.700	0.100	0.100
0.100	0.100	0.700	0.100
0.100	0.100	0.100	0.700
0.100	0.100	0.100	0.700
0.100	0.100	0.100	0.700
0.100	0.700	0.100	0.100
0.100	0.100	0.700	0.100
