>TCTAGGCAAA	1-TCTAGGCAAA	10.782984	-20.648529	0	T:8.0(5.48%),B:323.0(0.21%),P:1e-8	Tpos:43.8,Tstd:24.4,Bpos:51.9,Bstd:26.1,StrandBias:0.0,Multiplicity:1.00
0.001	0.001	0.001	0.997
0.001	0.997	0.001	0.001
0.001	0.001	0.001	0.997
0.882	0.001	0.116	0.001
0.001	0.001	0.997	0.001
0.122	0.001	0.876	0.001
0.001	0.997	0.001	0.001
0.997	0.001	0.001	0.001
0.595	0.137	0.106	0.162
0.774	0.114	0.111	0.001
>CCAGTGSCTG	2-CCAGTGSCTG	8.163240	-19.287875	0	T:22.0(15.07%),B:5227.0(3.34%),P:1e-8	Tpos:46.6,Tstd:26.1,Bpos:49.8,Bstd:26.4,StrandBias:-0.3,Multiplicity:1.18
0.193	0.805	0.001	0.001
0.138	0.699	0.001	0.162
0.707	0.001	0.001	0.291
0.052	0.206	0.740	0.002
0.056	0.001	0.135	0.808
0.001	0.001	0.997	0.001
0.078	0.527	0.394	0.001
0.165	0.833	0.001	0.001
0.068	0.001	0.001	0.930
0.097	0.063	0.839	0.001
>GCCGGGCCCG	3-GCCGGGCCCG	10.676033	-17.140780	0	T:8.0(5.48%),B:510.0(0.33%),P:1e-7	Tpos:54.7,Tstd:17.6,Bpos:48.7,Bstd:26.6,StrandBias:0.0,Multiplicity:1.00
0.177	0.107	0.715	0.001
0.001	0.997	0.001	0.001
0.103	0.804	0.092	0.001
0.001	0.087	0.911	0.001
0.001	0.001	0.997	0.001
0.001	0.001	0.997	0.001
0.001	0.997	0.001	0.001
0.001	0.868	0.001	0.130
0.099	0.806	0.094	0.001
0.001	0.001	0.997	0.001
>TGCTCAGCTC	4-TGCTCAGCTC	8.224892	-14.911060	0	T:16.0(10.96%),B:3616.0(2.31%),P:1e-6	Tpos:43.0,Tstd:24.3,Bpos:50.0,Bstd:26.4,StrandBias:-1.0,Multiplicity:1.12
0.035	0.001	0.132	0.832
0.002	0.001	0.762	0.235
0.055	0.890	0.001	0.054
0.191	0.053	0.065	0.691
0.001	0.806	0.131	0.062
0.681	0.133	0.102	0.084
0.050	0.001	0.948	0.001
0.048	0.740	0.002	0.210
0.086	0.041	0.049	0.824
0.117	0.844	0.038	0.001
>GTGGGGCCTA	5-GTGGGGCCTA	11.558853	-12.370314	0	T:4.0(2.74%),B:111.0(0.07%),P:1e-5	Tpos:48.6,Tstd:20.7,Bpos:47.3,Bstd:27.5,StrandBias:-10.0,Multiplicity:1.75
0.001	0.001	0.997	0.001
0.001	0.001	0.001	0.997
0.001	0.226	0.772	0.001
0.001	0.001	0.997	0.001
0.001	0.001	0.997	0.001
0.001	0.001	0.836	0.162
0.001	0.840	0.158	0.001
0.001	0.997	0.001	0.001
0.001	0.001	0.001	0.997
0.997	0.001	0.001	0.001
