>MDGGTRTM	1-MDGGTRTM	3.779713	-15.417363	0	T:33.0(22.60%),B:13372.0(8.55%),P:1e-6	Tpos:55.9,Tstd:27.7,Bpos:50.3,Bstd:27.3,StrandBias:0.0,Multiplicity:1.16
0.295	0.366	0.214	0.125
0.295	0.072	0.263	0.370
0.263	0.052	0.429	0.256
0.187	0.168	0.557	0.088
0.225	0.250	0.067	0.457
0.373	0.059	0.424	0.143
0.109	0.339	0.041	0.511
0.369	0.415	0.067	0.149
>CGGAGACC	2-CGGAGACC	5.324550	-15.060772	0	T:41.0(28.08%),B:19352.0(12.37%),P:1e-6	Tpos:45.9,Tstd:26.3,Bpos:50.0,Bstd:26.9,StrandBias:-0.1,Multiplicity:1.20
0.058	0.795	0.054	0.093
0.081	0.098	0.708	0.113
0.110	0.017	0.822	0.051
0.770	0.055	0.128	0.047
0.139	0.156	0.657	0.048
0.753	0.039	0.153	0.055
0.027	0.783	0.121	0.069
0.027	0.723	0.073	0.177
>CTGATCCT	3-CTGATCCT	6.607741	-13.133116	0	T:26.0(17.81%),B:10002.0(6.39%),P:1e-5	Tpos:49.5,Tstd:30.1,Bpos:49.7,Bstd:27.4,StrandBias:-0.9,Multiplicity:1.12
0.001	0.997	0.001	0.001
0.001	0.001	0.273	0.725
0.219	0.001	0.779	0.001
0.840	0.085	0.001	0.074
0.051	0.114	0.059	0.776
0.001	0.997	0.001	0.001
0.001	0.934	0.001	0.064
0.001	0.001	0.001	0.997
>TCGCCGCC	4-TCGCCGCC	7.189103	-11.752429	0	T:16.0(10.96%),B:4632.0(2.96%),P:1e-5	Tpos:56.5,Tstd:24.9,Bpos:50.3,Bstd:27.1,StrandBias:0.3,Multiplicity:1.12
0.001	0.156	0.001	0.842
0.083	0.847	0.001	0.069
0.001	0.001	0.965	0.033
0.001	0.930	0.068	0.001
0.049	0.819	0.070	0.062
0.001	0.047	0.830	0.122
0.001	0.890	0.001	0.108
0.001	0.922	0.076	0.001
>GAGGACGA	5-GAGGACGA	5.244017	-6.971772	0	T:35.0(23.97%),B:21991.0(14.05%),P:1e-3	Tpos:52.5,Tstd:26.4,Bpos:50.4,Bstd:27.1,StrandBias:0.8,Multiplicity:1.11
0.146	0.020	0.769	0.065
0.730	0.103	0.071	0.096
0.027	0.127	0.749	0.097
0.095	0.105	0.767	0.033
0.821	0.055	0.112	0.012
0.074	0.658	0.197	0.071
0.092	0.070	0.692	0.146
0.833	0.063	0.078	0.026
