>CTAGCCAA	1-CTAGCCAA	7.016671	-16.598314	0	T:24.0(16.44%),B:7183.0(4.59%),P:1e-7	Tpos:57.2,Tstd:29.1,Bpos:49.9,Bstd:26.9,StrandBias:-0.2,Multiplicity:1.08
0.046	0.853	0.059	0.042
0.124	0.127	0.001	0.748
0.864	0.001	0.097	0.038
0.044	0.052	0.903	0.001
0.001	0.932	0.001	0.066
0.044	0.895	0.001	0.060
0.836	0.034	0.085	0.045
0.997	0.001	0.001	0.001
>AGACCTGC	2-AGACCTGC	4.793336	-15.939468	0	T:62.0(42.47%),B:35812.0(22.88%),P:1e-6	Tpos:50.6,Tstd:26.4,Bpos:49.8,Bstd:27.4,StrandBias:-0.1,Multiplicity:1.23
0.762	0.035	0.097	0.106
0.052	0.102	0.779	0.067
0.760	0.064	0.079	0.097
0.043	0.728	0.093	0.136
0.083	0.764	0.081	0.072
0.089	0.122	0.098	0.691
0.070	0.039	0.810	0.081
0.054	0.720	0.127	0.099
>TACTSCTA	3-TACTSCTA	7.713766	-11.109920	0	T:14.0(9.59%),B:3803.0(2.43%),P:1e-4	Tpos:48.4,Tstd:31.8,Bpos:49.5,Bstd:27.1,StrandBias:-1.0,Multiplicity:1.07
0.403	0.001	0.001	0.595
0.997	0.001	0.001	0.001
0.001	0.997	0.001	0.001
0.001	0.252	0.001	0.746
0.001	0.445	0.553	0.001
0.001	0.576	0.001	0.422
0.001	0.001	0.001	0.997
0.695	0.303	0.001	0.001
>CGCGAGCG	4-CGCGAGCG	7.171384	-9.338040	0	T:12.0(8.22%),B:3382.0(2.16%),P:1e-4	Tpos:65.4,Tstd:24.5,Bpos:50.0,Bstd:26.0,StrandBias:0.0,Multiplicity:1.42
0.183	0.773	0.043	0.001
0.001	0.053	0.863	0.083
0.062	0.900	0.037	0.001
0.064	0.001	0.934	0.001
0.794	0.108	0.001	0.097
0.118	0.001	0.880	0.001
0.001	0.914	0.001	0.084
0.001	0.001	0.997	0.001
>TCGCGACT	5-TCGCGACT	8.236954	-6.568884	0	T:2.0(1.37%),B:58.0(0.04%),P:1e-2	Tpos:45.0,Tstd:2.4,Bpos:48.7,Bstd:27.5,StrandBias:-1.0,Multiplicity:1.00
0.100	0.100	0.100	0.700
0.100	0.700	0.100	0.100
0.100	0.100	0.700	0.100
0.100	0.700	0.100	0.100
0.100	0.100	0.700	0.100
0.700	0.100	0.100	0.100
0.100	0.700	0.100	0.100
0.100	0.100	0.100	0.700
