>CGCTTAAG	1-CGCTTAAG	5.281259	-16.672209	0	T:15.0(35.71%),B:10208.0(6.86%),P:1e-7	Tpos:46.4,Tstd:29.6,Bpos:50.2,Bstd:26.9,StrandBias:-0.5,Multiplicity:1.00
0.108	0.848	0.002	0.042
0.077	0.128	0.753	0.042
0.170	0.793	0.001	0.036
0.064	0.106	0.055	0.775
0.064	0.194	0.110	0.632
0.688	0.117	0.135	0.060
0.932	0.064	0.003	0.001
0.108	0.001	0.601	0.290
>GTACCTTT	2-GTACCTTT	9.771039	-12.853584	0	T:4.0(9.52%),B:333.0(0.22%),P:1e-5	Tpos:37.2,Tstd:11.5,Bpos:49.2,Bstd:28.4,StrandBias:0.0,Multiplicity:1.00
0.001	0.001	0.997	0.001
0.001	0.001	0.001	0.997
0.997	0.001	0.001	0.001
0.001	0.997	0.001	0.001
0.001	0.997	0.001	0.001
0.001	0.001	0.001	0.997
0.273	0.001	0.190	0.536
0.001	0.001	0.001	0.997
>GGGTGGAG	3-GGGTGGAG	8.018087	-9.751484	0	T:10.0(23.81%),B:7969.0(5.35%),P:1e-4	Tpos:53.9,Tstd:23.4,Bpos:50.5,Bstd:26.7,StrandBias:0.5,Multiplicity:1.20
0.001	0.001	0.997	0.001
0.001	0.001	0.899	0.099
0.001	0.001	0.997	0.001
0.001	0.068	0.104	0.827
0.001	0.001	0.997	0.001
0.001	0.001	0.997	0.001
0.900	0.001	0.001	0.098
0.001	0.001	0.852	0.146
>CGGCGCGG	4-CGGCGCGG	8.667249	-8.138643	0	T:4.0(9.52%),B:1127.0(0.76%),P:1e-3	Tpos:33.2,Tstd:19.7,Bpos:50.5,Bstd:27.1,StrandBias:-0.7,Multiplicity:1.75
0.182	0.816	0.001	0.001
0.001	0.001	0.997	0.001
0.001	0.191	0.807	0.001
0.001	0.997	0.001	0.001
0.242	0.001	0.756	0.001
0.001	0.997	0.001	0.001
0.190	0.001	0.808	0.001
0.001	0.001	0.997	0.001
>TGTCAVAT	5-TGTCAVAT	5.525865	-7.384598	0	T:13.0(30.95%),B:17141.0(11.51%),P:1e-3	Tpos:45.4,Tstd:29.6,Bpos:49.8,Bstd:27.0,StrandBias:0.8,Multiplicity:1.00
0.001	0.001	0.001	0.997
0.001	0.062	0.783	0.154
0.001	0.215	0.311	0.473
0.127	0.688	0.076	0.109
0.626	0.212	0.001	0.161
0.373	0.246	0.379	0.001
0.764	0.144	0.091	0.001
0.186	0.184	0.230	0.399
