>CTCTTGGA	1-CTCTTGGA	6.192072	-16.981893	0	T:15.0(35.71%),B:9971.0(6.70%),P:1e-7	Tpos:52.3,Tstd:28.5,Bpos:50.5,Bstd:27.2,StrandBias:0.0,Multiplicity:1.07
0.001	0.997	0.001	0.001
0.095	0.086	0.001	0.818
0.120	0.878	0.001	0.001
0.104	0.057	0.139	0.700
0.001	0.001	0.051	0.947
0.001	0.001	0.997	0.001
0.098	0.083	0.818	0.001
0.923	0.075	0.001	0.001
>TTCGGCCG	2-TTCGGCCG	9.250391	-11.482776	0	T:3.0(7.14%),B:145.0(0.10%),P:1e-4	Tpos:18.3,Tstd:7.7,Bpos:51.9,Bstd:28.9,StrandBias:-10.0,Multiplicity:1.00
0.001	0.001	0.001	0.997
0.001	0.169	0.001	0.829
0.001	0.997	0.001	0.001
0.145	0.001	0.853	0.001
0.252	0.001	0.519	0.228
0.001	0.997	0.001	0.001
0.001	0.997	0.001	0.001
0.001	0.001	0.997	0.001
>GCGGCGCC	3-GCGGCGCC	4.791530	-9.879772	0	T:19.0(45.24%),B:27099.0(18.20%),P:1e-4	Tpos:58.2,Tstd:22.0,Bpos:50.2,Bstd:26.2,StrandBias:-0.7,Multiplicity:1.44
0.014	0.133	0.768	0.085
0.098	0.668	0.136	0.098
0.143	0.071	0.691	0.095
0.035	0.153	0.708	0.104
0.093	0.817	0.067	0.023
0.013	0.070	0.814	0.103
0.072	0.844	0.060	0.024
0.072	0.703	0.162	0.063
>GCCGGCTC	4-GCCGGCTC	8.236954	-8.018473	0	T:3.0(7.14%),B:470.0(0.32%),P:1e-3	Tpos:47.7,Tstd:31.9,Bpos:50.7,Bstd:27.3,StrandBias:-1.0,Multiplicity:1.00
0.100	0.100	0.700	0.100
0.100	0.700	0.100	0.100
0.100	0.700	0.100	0.100
0.100	0.100	0.700	0.100
0.100	0.100	0.700	0.100
0.100	0.700	0.100	0.100
0.100	0.100	0.100	0.700
0.100	0.700	0.100	0.100
>ACGATCGT	5-ACGATCGT	8.236954	-6.564537	0	T:1.0(2.38%),B:5.0(0.00%),P:1e-2	Tpos:29.5,Tstd:0.5,Bpos:39.7,Bstd:23.2,StrandBias:0.0,Multiplicity:1.00
0.700	0.100	0.100	0.100
0.100	0.700	0.100	0.100
0.100	0.100	0.700	0.100
0.700	0.100	0.100	0.100
0.100	0.100	0.100	0.700
0.100	0.700	0.100	0.100
0.100	0.100	0.700	0.100
0.100	0.100	0.100	0.700
