>TTYCTTCGAGGC	1-TTYCTTCGAGGC	7.416415	-12.913626	0	T:6.0(27.27%),B:2508.0(1.87%),P:1e-5	Tpos:56.0,Tstd:32.0,Bpos:49.9,Bstd:26.2,StrandBias:1.3,Multiplicity:1.17
0.001	0.281	0.140	0.578
0.140	0.281	0.001	0.578
0.001	0.437	0.140	0.421
0.140	0.578	0.281	0.001
0.001	0.001	0.001	0.997
0.140	0.001	0.140	0.719
0.140	0.719	0.001	0.140
0.280	0.001	0.718	0.001
0.562	0.281	0.156	0.001
0.001	0.001	0.858	0.140
0.001	0.001	0.997	0.001
0.140	0.719	0.140	0.001
>MHCTAGKTAYAC	2-MHCTAGKTAYAC	8.346975	-10.874750	0	T:3.0(13.64%),B:313.0(0.23%),P:1e-4	Tpos:39.3,Tstd:12.7,Bpos:48.6,Bstd:26.5,StrandBias:1.0,Multiplicity:1.00
0.405	0.495	0.099	0.001
0.296	0.297	0.001	0.405
0.099	0.801	0.099	0.001
0.001	0.197	0.099	0.703
0.801	0.001	0.099	0.099
0.010	0.099	0.890	0.001
0.198	0.010	0.397	0.395
0.001	0.099	0.099	0.801
0.801	0.001	0.099	0.099
0.099	0.407	0.198	0.297
0.505	0.099	0.297	0.099
0.110	0.593	0.099	0.198
>CATCTTTTCTGC	3-CATCTTTTCTGC	12.355432	-8.022517	0	T:1.0(4.55%),B:2.0(0.00%),P:1e-3	Tpos:75.0,Tstd:0.0,Bpos:22.5,Bstd:4.5,StrandBias:10.0,Multiplicity:1.00
0.100	0.700	0.100	0.100
0.700	0.100	0.100	0.100
0.100	0.100	0.100	0.700
0.100	0.700	0.100	0.100
0.100	0.100	0.100	0.700
0.100	0.100	0.100	0.700
0.100	0.100	0.100	0.700
0.100	0.100	0.100	0.700
0.100	0.700	0.100	0.100
0.100	0.100	0.100	0.700
0.100	0.100	0.700	0.100
0.100	0.700	0.100	0.100
>TTCCTTTCGGCC	4-TTCCTTTCGGCC	12.355432	-8.022517	0	T:1.0(4.55%),B:2.0(0.00%),P:1e-3	Tpos:8.0,Tstd:0.0,Bpos:62.0,Bstd:5.0,StrandBias:10.0,Multiplicity:1.00
0.100	0.100	0.100	0.700
0.100	0.100	0.100	0.700
0.100	0.700	0.100	0.100
0.100	0.700	0.100	0.100
0.100	0.100	0.100	0.700
0.100	0.100	0.100	0.700
0.100	0.100	0.100	0.700
0.100	0.700	0.100	0.100
0.100	0.100	0.700	0.100
0.100	0.100	0.700	0.100
0.100	0.700	0.100	0.100
0.100	0.700	0.100	0.100
>TTGGAGCTCATC	5-TTGGAGCTCATC	12.355432	-8.022517	0	T:1.0(4.55%),B:2.0(0.00%),P:1e-3	Tpos:68.0,Tstd:0.0,Bpos:62.0,Bstd:23.0,StrandBias:10.0,Multiplicity:1.00
0.100	0.100	0.100	0.700
0.100	0.100	0.100	0.700
0.100	0.100	0.700	0.100
0.100	0.100	0.700	0.100
0.700	0.100	0.100	0.100
0.100	0.100	0.700	0.100
0.100	0.700	0.100	0.100
0.100	0.100	0.100	0.700
0.100	0.700	0.100	0.100
0.700	0.100	0.100	0.100
0.100	0.100	0.100	0.700
0.100	0.700	0.100	0.100
>CTCAAATTAGCG	6-CTCAAATTAGCG	12.355432	-8.022517	0	T:1.0(4.55%),B:2.0(0.00%),P:1e-3	Tpos:42.0,Tstd:0.0,Bpos:17.0,Bstd:10.0,StrandBias:-10.0,Multiplicity:1.00
0.100	0.700	0.100	0.100
0.100	0.100	0.100	0.700
0.100	0.700	0.100	0.100
0.700	0.100	0.100	0.100
0.700	0.100	0.100	0.100
0.700	0.100	0.100	0.100
0.100	0.100	0.100	0.700
0.100	0.100	0.100	0.700
0.700	0.100	0.100	0.100
0.100	0.100	0.700	0.100
0.100	0.700	0.100	0.100
0.100	0.100	0.700	0.100
>CTGAAGAAGATA	7-CTGAAGAAGATA	12.355432	-8.022517	0	T:1.0(4.55%),B:2.0(0.00%),P:1e-3	Tpos:13.0,Tstd:0.0,Bpos:53.5,Bstd:38.5,StrandBias:10.0,Multiplicity:1.00
0.100	0.700	0.100	0.100
0.100	0.100	0.100	0.700
0.100	0.100	0.700	0.100
0.700	0.100	0.100	0.100
0.700	0.100	0.100	0.100
0.100	0.100	0.700	0.100
0.700	0.100	0.100	0.100
0.700	0.100	0.100	0.100
0.100	0.100	0.700	0.100
0.700	0.100	0.100	0.100
0.100	0.100	0.100	0.700
0.700	0.100	0.100	0.100
>AGTAACACAATC	8-AGTAACACAATC	12.355432	-8.022517	0	T:1.0(4.55%),B:2.0(0.00%),P:1e-3	Tpos:39.0,Tstd:0.0,Bpos:54.0,Bstd:40.0,StrandBias:10.0,Multiplicity:1.00
0.700	0.100	0.100	0.100
0.100	0.100	0.700	0.100
0.100	0.100	0.100	0.700
0.700	0.100	0.100	0.100
0.700	0.100	0.100	0.100
0.100	0.700	0.100	0.100
0.700	0.100	0.100	0.100
0.100	0.700	0.100	0.100
0.700	0.100	0.100	0.100
0.700	0.100	0.100	0.100
0.100	0.100	0.100	0.700
0.100	0.700	0.100	0.100
