>CGACTGCT	1-CGACTGCT	8.236954	-12.891422	0	T:4.0(4.94%),B:164.7(0.11%),P:1e-5,FDR:1	Tpos:83.8,Tstd:15.0,Bpos:46.6,Bstd:26.7,StrandBias:-10.0,Multiplicity:1.00
0.100	0.700	0.100	0.100
0.100	0.100	0.700	0.100
0.700	0.100	0.100	0.100
0.100	0.700	0.100	0.100
0.100	0.100	0.100	0.700
0.100	0.100	0.700	0.100
0.100	0.700	0.100	0.100
0.100	0.100	0.100	0.700
>WCCWGKAM	2-WCCWGKAM	8.327590	-12.382828	0	T:13.0(16.05%),B:5025.9(3.46%),P:1e-5,FDR:1	Tpos:59.1,Tstd:27.3,Bpos:49.4,Bstd:32.9,StrandBias:0.4,Multiplicity:1.00
0.484	0.001	0.001	0.514
0.001	0.979	0.001	0.019
0.001	0.997	0.001	0.001
0.510	0.001	0.001	0.488
0.001	0.001	0.997	0.001
0.001	0.001	0.525	0.473
0.997	0.001	0.001	0.001
0.502	0.496	0.001	0.001
>ATGGTGGC	3-ATGGTGGC	10.848233	-10.606231	0	T:6.0(7.41%),B:1020.7(0.70%),P:1e-4,FDR:1	Tpos:39.7,Tstd:26.2,Bpos:51.5,Bstd:37.5,StrandBias:-2.3,Multiplicity:1.00
0.940	0.001	0.058	0.001
0.001	0.001	0.001	0.997
0.001	0.001	0.997	0.001
0.001	0.001	0.997	0.001
0.018	0.001	0.001	0.980
0.001	0.001	0.890	0.108
0.001	0.001	0.997	0.001
0.001	0.969	0.001	0.029
>CATCTGAT	4-CATCTGAT	4.019169	-10.371333	0	T:12.0(14.81%),B:5200.1(3.58%),P:1e-4,FDR:1	Tpos:39.0,Tstd:25.5,Bpos:50.3,Bstd:32.6,StrandBias:0.5,Multiplicity:1.25
0.100	0.898	0.001	0.001
0.997	0.001	0.001	0.001
0.001	0.001	0.001	0.997
0.001	0.997	0.001	0.001
0.038	0.001	0.001	0.960
0.001	0.001	0.997	0.001
0.997	0.001	0.001	0.001
0.086	0.001	0.001	0.912
>GCATGCCA	5-GCATGCCA	8.559038	-6.948753	0	T:6.0(7.41%),B:2019.8(1.39%),P:1e-3,FDR:1	Tpos:41.6,Tstd:25.1,Bpos:49.4,Bstd:35.0,StrandBias:1.2,Multiplicity:1.50
0.323	0.001	0.675	0.001
0.071	0.927	0.001	0.001
0.923	0.001	0.001	0.075
0.001	0.001	0.011	0.987
0.001	0.001	0.997	0.001
0.076	0.848	0.001	0.075
0.346	0.652	0.001	0.001
0.997	0.001	0.001	0.001
>CTATCTAT	6-CTATCTAT	6.617370	-6.157016	0	T:10.0(12.35%),B:6110.2(4.21%),P:1e-2,FDR:1	Tpos:59.6,Tstd:18.3,Bpos:50.0,Bstd:43.0,StrandBias:1.6,Multiplicity:2.40
0.115	0.486	0.190	0.209
0.001	0.067	0.001	0.931
0.888	0.054	0.001	0.057
0.001	0.001	0.001	0.997
0.001	0.861	0.062	0.076
0.001	0.001	0.001	0.997
0.877	0.001	0.053	0.069
0.001	0.001	0.001	0.997
>AAAAAAAA	7-AAAAAAAA	7.817172	-5.681137	0	T:7.0(8.64%),B:3491.2(2.40%),P:1e-2,FDR:1	Tpos:42.7,Tstd:24.3,Bpos:51.9,Bstd:32.3,StrandBias:0.0,Multiplicity:1.14
0.621	0.217	0.103	0.059
0.725	0.183	0.091	0.001
0.778	0.001	0.220	0.001
0.730	0.001	0.268	0.001
0.814	0.058	0.127	0.001
0.892	0.001	0.106	0.001
0.682	0.136	0.181	0.001
0.815	0.102	0.082	0.001
>GAGAGAGA	8-GAGAGAGA	8.135920	-3.309357	0	T:5.0(6.17%),B:3277.8(2.26%),P:1e-1,FDR:1	Tpos:31.9,Tstd:13.6,Bpos:49.2,Bstd:37.5,StrandBias:-1.3,Multiplicity:1.00
0.001	0.001	0.997	0.001
0.997	0.001	0.001	0.001
0.001	0.001	0.997	0.001
0.997	0.001	0.001	0.001
0.001	0.001	0.997	0.001
0.829	0.169	0.001	0.001
0.001	0.001	0.997	0.001
0.934	0.001	0.001	0.064
