>GCGCGCAC	1-GCGCGCAC	5.616551	-16.053434	0	T:10.0(29.41%),B:101.0(3.33%),P:1e-6	Tpos:75.6,Tstd:22.2,Bpos:53.5,Bstd:26.7,StrandBias:-0.3,Multiplicity:1.00
0.001	0.072	0.864	0.063
0.156	0.632	0.172	0.040
0.001	0.001	0.803	0.195
0.079	0.781	0.001	0.139
0.073	0.122	0.765	0.040
0.104	0.894	0.001	0.001
0.652	0.001	0.170	0.177
0.257	0.633	0.001	0.109
>TTCTCSTG	2-TTCTCSTG	5.235817	-15.012828	0	T:22.0(64.71%),B:703.0(23.21%),P:1e-6	Tpos:51.8,Tstd:25.2,Bpos:48.5,Bstd:26.3,StrandBias:-0.4,Multiplicity:1.36
0.001	0.133	0.001	0.865
0.095	0.001	0.001	0.903
0.051	0.886	0.035	0.028
0.047	0.149	0.001	0.803
0.005	0.756	0.162	0.077
0.093	0.399	0.302	0.206
0.080	0.066	0.143	0.711
0.001	0.038	0.796	0.165
>TACCCGAT	3-TACCCGAT	8.146249	-14.641847	0	T:6.0(17.65%),B:26.0(0.86%),P:1e-6	Tpos:36.0,Tstd:15.4,Bpos:39.3,Bstd:21.6,StrandBias:2.6,Multiplicity:1.17
0.001	0.001	0.001	0.997
0.820	0.001	0.001	0.178
0.211	0.787	0.001	0.001
0.001	0.997	0.001	0.001
0.001	0.883	0.001	0.115
0.121	0.160	0.718	0.001
0.997	0.001	0.001	0.001
0.001	0.001	0.001	0.997
>CTAAATGA	4-CTAAATGA	8.236954	-13.287025	0	T:3.0(8.82%),B:2.0(0.07%),P:1e-5	Tpos:30.6,Tstd:13.6,Bpos:49.5,Bstd:32.5,StrandBias:0.6,Multiplicity:1.67
0.100	0.700	0.100	0.100
0.100	0.100	0.100	0.700
0.700	0.100	0.100	0.100
0.700	0.100	0.100	0.100
0.700	0.100	0.100	0.100
0.100	0.100	0.100	0.700
0.100	0.100	0.700	0.100
0.700	0.100	0.100	0.100
>GYGABTAC	5-GYGABTAC	6.830620	-5.371010	0	T:2.0(5.88%),B:9.0(0.30%),P:1e-2	Tpos:72.0,Tstd:4.0,Bpos:53.6,Bstd:29.5,StrandBias:-10.0,Multiplicity:1.00
0.090	0.084	0.750	0.076
0.097	0.324	0.189	0.390
0.090	0.167	0.519	0.224
0.869	0.054	0.076	0.001
0.146	0.259	0.285	0.310
0.090	0.090	0.056	0.764
0.599	0.120	0.192	0.089
0.031	0.821	0.147	0.001
