>TTTCATGACT	1-TTTCATGACT	11.873576	-15.358794	0	T:3.0(8.82%),B:1.0(0.03%),P:1e-6	Tpos:45.8,Tstd:26.7,Bpos:43.0,Bstd:0.0,StrandBias:1.6,Multiplicity:1.33
0.001	0.001	0.001	0.997
0.001	0.001	0.001	0.997
0.001	0.001	0.001	0.997
0.001	0.997	0.001	0.001
0.749	0.001	0.001	0.249
0.001	0.001	0.001	0.997
0.001	0.001	0.749	0.249
0.997	0.001	0.001	0.001
0.001	0.997	0.001	0.001
0.001	0.249	0.001	0.749
>TCCCWCYTGA	2-TCCCWCYTGA	7.631618	-14.752011	0	T:8.0(23.53%),B:63.0(2.08%),P:1e-6	Tpos:55.4,Tstd:26.2,Bpos:51.2,Bstd:25.5,StrandBias:-0.7,Multiplicity:1.00
0.252	0.089	0.001	0.658
0.001	0.722	0.001	0.276
0.257	0.741	0.001	0.001
0.001	0.745	0.001	0.253
0.506	0.001	0.001	0.492
0.256	0.507	0.126	0.111
0.001	0.365	0.126	0.508
0.001	0.001	0.126	0.872
0.023	0.126	0.850	0.001
0.532	0.126	0.214	0.128
>AACATCCCAG	3-AACATCCCAG	11.873576	-13.591226	0	T:4.0(11.76%),B:7.0(0.23%),P:1e-5	Tpos:46.2,Tstd:33.4,Bpos:63.9,Bstd:26.4,StrandBias:-2.0,Multiplicity:1.25
0.749	0.249	0.001	0.001
0.997	0.001	0.001	0.001
0.001	0.997	0.001	0.001
0.749	0.249	0.001	0.001
0.001	0.249	0.001	0.749
0.001	0.997	0.001	0.001
0.001	0.997	0.001	0.001
0.001	0.997	0.001	0.001
0.997	0.001	0.001	0.001
0.001	0.001	0.997	0.001
>CTGTGACAGA	4-CTGTGACAGA	9.654188	-13.513269	0	T:5.0(14.71%),B:17.0(0.56%),P:1e-5	Tpos:46.7,Tstd:24.0,Bpos:50.1,Bstd:26.9,StrandBias:0.4,Multiplicity:1.20
0.001	0.678	0.320	0.001
0.160	0.001	0.001	0.838
0.001	0.178	0.820	0.001
0.320	0.001	0.001	0.678
0.001	0.338	0.660	0.001
0.997	0.001	0.001	0.001
0.001	0.838	0.160	0.001
0.997	0.001	0.001	0.001
0.001	0.001	0.997	0.001
0.838	0.001	0.001	0.160
>CCAGTGATGC	5-CCAGTGATGC	11.784682	-13.065020	0	T:4.0(11.76%),B:8.0(0.26%),P:1e-5	Tpos:25.2,Tstd:14.1,Bpos:58.2,Bstd:26.9,StrandBias:0.0,Multiplicity:1.00
0.001	0.997	0.001	0.001
0.001	0.997	0.001	0.001
0.997	0.001	0.001	0.001
0.001	0.001	0.997	0.001
0.001	0.001	0.228	0.770
0.001	0.001	0.997	0.001
0.728	0.270	0.001	0.001
0.001	0.001	0.001	0.997
0.001	0.001	0.997	0.001
0.001	0.770	0.228	0.001
