>ATCAGTGYTT	1-ATCAGTGYTT	6.445168	-18.965365	0	T:10.0(29.41%),B:74.0(2.44%),P:1e-8	Tpos:45.4,Tstd:21.0,Bpos:56.1,Bstd:24.1,StrandBias:0.2,Multiplicity:1.00
0.997	0.001	0.001	0.001
0.202	0.192	0.223	0.383
0.001	0.997	0.001	0.001
0.997	0.001	0.001	0.001
0.001	0.201	0.797	0.001
0.191	0.001	0.010	0.798
0.001	0.001	0.997	0.001
0.001	0.425	0.191	0.383
0.001	0.001	0.001	0.997
0.191	0.001	0.001	0.807
>AGCAACAAGG	2-AGCAACAAGG	11.400419	-18.632723	0	T:5.0(14.71%),B:6.0(0.20%),P:1e-8	Tpos:38.4,Tstd:20.1,Bpos:35.7,Bstd:26.6,StrandBias:0.6,Multiplicity:1.00
0.997	0.001	0.001	0.001
0.205	0.001	0.793	0.001
0.001	0.793	0.001	0.205
0.793	0.001	0.001	0.205
0.997	0.001	0.001	0.001
0.001	0.997	0.001	0.001
0.997	0.001	0.001	0.001
0.997	0.001	0.001	0.001
0.001	0.001	0.997	0.001
0.174	0.001	0.824	0.001
>CCCCACCCAT	3-CCCCACCCAT	10.304405	-15.883563	0	T:6.0(17.65%),B:21.0(0.69%),P:1e-6	Tpos:36.8,Tstd:19.1,Bpos:49.8,Bstd:26.4,StrandBias:-1.0,Multiplicity:1.00
0.001	0.997	0.001	0.001
0.001	0.997	0.001	0.001
0.340	0.658	0.001	0.001
0.001	0.815	0.001	0.183
0.630	0.001	0.001	0.368
0.183	0.815	0.001	0.001
0.001	0.997	0.001	0.001
0.001	0.997	0.001	0.001
0.997	0.001	0.001	0.001
0.001	0.105	0.001	0.893
>GTCTTGGAAG	4-GTCTTGGAAG	11.873576	-11.222924	0	T:3.0(8.82%),B:4.0(0.13%),P:1e-4	Tpos:50.5,Tstd:25.2,Bpos:35.0,Bstd:21.2,StrandBias:10.0,Multiplicity:1.33
0.001	0.001	0.997	0.001
0.001	0.249	0.001	0.749
0.001	0.997	0.001	0.001
0.249	0.001	0.001	0.749
0.001	0.001	0.001	0.997
0.001	0.001	0.997	0.001
0.001	0.001	0.997	0.001
0.997	0.001	0.001	0.001
0.997	0.001	0.001	0.001
0.001	0.249	0.749	0.001
>AGTCACAGCT	5-AGTCACAGCT	7.027581	-8.828449	0	T:3.0(8.82%),B:9.0(0.30%),P:1e-3	Tpos:37.8,Tstd:23.8,Bpos:54.5,Bstd:20.3,StrandBias:10.0,Multiplicity:1.67
0.997	0.001	0.001	0.001
0.001	0.001	0.997	0.001
0.001	0.001	0.001	0.997
0.001	0.997	0.001	0.001
0.997	0.001	0.001	0.001
0.001	0.791	0.001	0.207
0.997	0.001	0.001	0.001
0.001	0.001	0.947	0.051
0.001	0.843	0.052	0.104
0.001	0.001	0.001	0.997
