>AAGCAGGGAGCC	1-AAGCAGGGAGCC	9.003885	-21.327337	0	T:4.0(11.76%),B:1.0(0.03%),P:1e-9	Tpos:67.4,Tstd:17.4,Bpos:73.0,Bstd:0.0,StrandBias:2.0,Multiplicity:1.25
0.997	0.001	0.001	0.001
0.997	0.001	0.001	0.001
0.001	0.001	0.997	0.001
0.001	0.997	0.001	0.001
0.997	0.001	0.001	0.001
0.090	0.001	0.908	0.001
0.001	0.001	0.997	0.001
0.001	0.181	0.817	0.001
0.997	0.001	0.001	0.001
0.001	0.001	0.997	0.001
0.181	0.817	0.001	0.001
0.181	0.817	0.001	0.001
>TCACAGCACCTC	2-TCACAGCACCTC	11.591558	-21.327337	0	T:4.0(11.76%),B:1.0(0.03%),P:1e-9	Tpos:29.2,Tstd:15.4,Bpos:26.0,Bstd:0.0,StrandBias:0.0,Multiplicity:1.00
0.001	0.019	0.001	0.979
0.001	0.997	0.001	0.001
0.664	0.001	0.001	0.334
0.001	0.997	0.001	0.001
0.689	0.309	0.001	0.001
0.310	0.019	0.670	0.001
0.024	0.621	0.330	0.025
0.689	0.001	0.001	0.309
0.001	0.997	0.001	0.001
0.001	0.669	0.329	0.001
0.001	0.001	0.309	0.689
0.001	0.997	0.001	0.001
>GGGCGACCAGGG	3-GGGCGACCAGGG	12.562715	-21.327337	0	T:4.0(11.76%),B:1.0(0.03%),P:1e-9	Tpos:40.5,Tstd:10.3,Bpos:52.0,Bstd:0.0,StrandBias:-1.6,Multiplicity:1.00
0.001	0.001	0.997	0.001
0.001	0.249	0.749	0.001
0.249	0.001	0.749	0.001
0.001	0.997	0.001	0.001
0.001	0.250	0.500	0.250
0.749	0.249	0.001	0.001
0.249	0.749	0.001	0.001
0.001	0.997	0.001	0.001
0.997	0.001	0.001	0.001
0.001	0.001	0.997	0.001
0.001	0.001	0.997	0.001
0.001	0.001	0.997	0.001
>GAAAGGGRNDGG	4-GAAAGGGRNDGG	7.126387	-12.997229	0	T:17.0(50.00%),B:463.0(15.29%),P:1e-5	Tpos:43.5,Tstd:29.8,Bpos:48.5,Bstd:26.0,StrandBias:0.2,Multiplicity:1.18
0.001	0.001	0.997	0.001
0.617	0.001	0.381	0.001
0.490	0.254	0.253	0.003
0.739	0.007	0.001	0.253
0.121	0.001	0.877	0.001
0.259	0.001	0.739	0.001
0.243	0.004	0.631	0.122
0.378	0.126	0.493	0.003
0.257	0.243	0.256	0.243
0.375	0.001	0.372	0.252
0.248	0.001	0.750	0.001
0.012	0.243	0.744	0.001
>WGGTTYTGTCAG	5-WGGTTYTGTCAG	13.501575	-8.959546	0	T:4.0(11.76%),B:23.0(0.76%),P:1e-3	Tpos:52.8,Tstd:30.8,Bpos:55.6,Bstd:20.4,StrandBias:0.0,Multiplicity:1.00
0.521	0.001	0.001	0.477
0.001	0.001	0.997	0.001
0.001	0.001	0.997	0.001
0.001	0.159	0.001	0.839
0.092	0.001	0.001	0.906
0.001	0.521	0.001	0.477
0.001	0.001	0.001	0.997
0.001	0.001	0.997	0.001
0.092	0.001	0.001	0.906
0.259	0.475	0.265	0.001
0.997	0.001	0.001	0.001
0.085	0.001	0.913	0.001
