>SWKYRTGAYTRG	1-SWKYRTGAYTRG	11.593291	-13.999904	0	T:2.0(66.67%),B:1.0(0.05%),P:1e-6	Tpos:33.5,Tstd:18.5,Bpos:6.0,Bstd:0.0,StrandBias:0.0,Multiplicity:1.00
0.001	0.535	0.463	0.001
0.535	0.001	0.001	0.463
0.071	0.001	0.464	0.464
0.001	0.463	0.001	0.535
0.463	0.001	0.535	0.001
0.001	0.001	0.001	0.997
0.001	0.001	0.997	0.001
0.997	0.001	0.001	0.001
0.001	0.535	0.001	0.463
0.001	0.071	0.001	0.927
0.535	0.001	0.463	0.001
0.001	0.001	0.997	0.001
>HCACABTGTGTC	2-HCACABTGTGTC	10.855785	-11.803382	0	T:2.0(66.67%),B:3.0(0.16%),P:1e-5	Tpos:28.5,Tstd:9.5,Bpos:51.7,Bstd:24.6,StrandBias:-10.0,Multiplicity:1.00
0.366	0.317	0.001	0.317
0.001	0.956	0.001	0.042
0.956	0.001	0.042	0.001
0.001	0.997	0.001	0.001
0.997	0.001	0.001	0.001
0.049	0.317	0.317	0.317
0.316	0.001	0.001	0.682
0.001	0.001	0.997	0.001
0.001	0.001	0.316	0.682
0.001	0.316	0.682	0.001
0.049	0.001	0.317	0.633
0.001	0.682	0.001	0.316
>YAGKSAYYSMWC	3-YAGKSAYYSMWC	10.530216	-10.782434	0	T:2.0(66.67%),B:5.0(0.26%),P:1e-4	Tpos:56.0,Tstd:18.4,Bpos:47.2,Bstd:23.8,StrandBias:10.0,Multiplicity:1.50
0.001	0.483	0.034	0.481
0.948	0.017	0.017	0.018
0.001	0.019	0.979	0.001
0.001	0.001	0.480	0.518
0.017	0.518	0.464	0.001
0.997	0.001	0.001	0.001
0.001	0.481	0.054	0.464
0.035	0.484	0.018	0.464
0.020	0.499	0.464	0.017
0.501	0.464	0.001	0.034
0.466	0.001	0.069	0.464
0.017	0.965	0.001	0.017
>GTCAGGAAGCAG	4-GTCAGGAAGCAG	12.355432	-6.450997	0	T:1.0(33.33%),B:1.0(0.05%),P:1e-2	Tpos:93.0,Tstd:0.0,Bpos:57.0,Bstd:24.0,StrandBias:-10.0,Multiplicity:1.00
0.100	0.100	0.700	0.100
0.100	0.100	0.100	0.700
0.100	0.700	0.100	0.100
0.700	0.100	0.100	0.100
0.100	0.100	0.700	0.100
0.100	0.100	0.700	0.100
0.700	0.100	0.100	0.100
0.700	0.100	0.100	0.100
0.100	0.100	0.700	0.100
0.100	0.700	0.100	0.100
0.700	0.100	0.100	0.100
0.100	0.100	0.700	0.100
>TGCTCTCCCAGA	5-TGCTCTCCCAGA	12.355432	-5.758377	0	T:1.0(33.33%),B:2.0(0.11%),P:1e-2	Tpos:76.0,Tstd:0.0,Bpos:87.0,Bstd:7.0,StrandBias:-10.0,Multiplicity:1.00
0.100	0.100	0.100	0.700
0.100	0.100	0.700	0.100
0.100	0.700	0.100	0.100
0.100	0.100	0.100	0.700
0.100	0.700	0.100	0.100
0.100	0.100	0.100	0.700
0.100	0.700	0.100	0.100
0.100	0.700	0.100	0.100
0.100	0.700	0.100	0.100
0.700	0.100	0.100	0.100
0.100	0.100	0.700	0.100
0.700	0.100	0.100	0.100
