>WKGARYYMCTGT	1-WKGARYYMCTGT	12.358157	-12.613961	0	T:2.0(66.67%),B:2.0(0.11%),P:1e-5	Tpos:44.5,Tstd:5.5,Bpos:32.0,Bstd:16.0,StrandBias:-10.0,Multiplicity:1.00
0.535	0.001	0.001	0.463
0.001	0.001	0.535	0.463
0.001	0.001	0.997	0.001
0.927	0.001	0.071	0.001
0.463	0.001	0.535	0.001
0.001	0.463	0.001	0.535
0.001	0.463	0.001	0.535
0.463	0.535	0.001	0.001
0.001	0.997	0.001	0.001
0.001	0.001	0.001	0.997
0.001	0.001	0.997	0.001
0.001	0.001	0.001	0.997
>GGMATGGAAGAS	2-GGMATGGAAGAS	7.394812	-8.892346	0	T:3.0(100.00%),B:98.0(5.16%),P:1e-3	Tpos:57.0,Tstd:28.4,Bpos:46.5,Bstd:26.3,StrandBias:-2.3,Multiplicity:2.00
0.224	0.194	0.581	0.001
0.194	0.001	0.611	0.194
0.418	0.388	0.194	0.001
0.611	0.194	0.194	0.001
0.001	0.001	0.387	0.611
0.387	0.001	0.611	0.001
0.193	0.001	0.805	0.001
0.775	0.223	0.001	0.001
0.805	0.001	0.001	0.193
0.001	0.193	0.805	0.001
0.997	0.001	0.001	0.001
0.001	0.388	0.418	0.194
>TAGGCACCTCAA	3-TAGGCACCTCAA	4.106057	-8.460009	0	T:2.0(66.67%),B:16.0(0.84%),P:1e-3	Tpos:43.5,Tstd:19.5,Bpos:63.6,Bstd:26.4,StrandBias:0.0,Multiplicity:1.00
0.001	0.001	0.001	0.997
0.883	0.115	0.001	0.001
0.133	0.001	0.865	0.001
0.001	0.001	0.865	0.133
0.001	0.865	0.133	0.001
0.865	0.001	0.133	0.001
0.001	0.883	0.115	0.001
0.001	0.997	0.001	0.001
0.115	0.001	0.001	0.883
0.001	0.997	0.001	0.001
0.997	0.001	0.001	0.001
0.981	0.001	0.001	0.017
>CAGTGGVTVBTG	4-CAGTGGVTVBTG	9.623070	-8.225149	0	T:2.0(66.67%),B:18.0(0.95%),P:1e-3	Tpos:44.0,Tstd:30.7,Bpos:44.7,Bstd:27.7,StrandBias:-1.0,Multiplicity:1.50
0.316	0.682	0.001	0.001
0.997	0.001	0.001	0.001
0.001	0.001	0.997	0.001
0.001	0.001	0.365	0.633
0.001	0.001	0.997	0.001
0.001	0.001	0.682	0.316
0.317	0.317	0.317	0.049
0.001	0.001	0.001	0.997
0.317	0.366	0.317	0.001
0.001	0.366	0.317	0.317
0.316	0.001	0.001	0.682
0.001	0.001	0.997	0.001
>GGGCACAAGGCA	5-GGGCACAAGGCA	12.355432	-6.450997	0	T:1.0(33.33%),B:0.0(0.00%),P:1e-2	Tpos:75.0,Tstd:0.0,Bpos:0.0,Bstd:0.0,StrandBias:10.0,Multiplicity:1.00
0.100	0.100	0.700	0.100
0.100	0.100	0.700	0.100
0.100	0.100	0.700	0.100
0.100	0.700	0.100	0.100
0.700	0.100	0.100	0.100
0.100	0.700	0.100	0.100
0.700	0.100	0.100	0.100
0.700	0.100	0.100	0.100
0.100	0.100	0.700	0.100
0.100	0.100	0.700	0.100
0.100	0.700	0.100	0.100
0.700	0.100	0.100	0.100
