>AATGACATTT	1-AATGACATTT	8.881476	-19.551919	0	T:12.0(5.11%),B:692.2(0.49%),P:1e-8,FDR:1	Tpos:38.9,Tstd:28.8,Bpos:50.7,Bstd:38.3,StrandBias:-0.4,Multiplicity:1.00
0.997	0.001	0.001	0.001
0.867	0.001	0.131	0.001
0.001	0.001	0.001	0.997
0.069	0.116	0.728	0.087
0.879	0.001	0.001	0.119
0.001	0.890	0.108	0.001
0.883	0.115	0.001	0.001
0.001	0.001	0.001	0.997
0.001	0.001	0.001	0.997
0.001	0.001	0.129	0.869
>GCTGTGTGGG	2-GCTGTGTGGG	5.381771	-19.407407	0	T:79.0(33.62%),B:24972.7(17.74%),P:1e-8,FDR:1	Tpos:51.3,Tstd:27.3,Bpos:50.1,Bstd:30.8,StrandBias:0.1,Multiplicity:1.21
0.136	0.104	0.669	0.091
0.029	0.670	0.148	0.153
0.114	0.057	0.087	0.742
0.108	0.140	0.686	0.066
0.141	0.047	0.140	0.672
0.037	0.104	0.732	0.127
0.156	0.044	0.136	0.664
0.032	0.062	0.762	0.144
0.087	0.068	0.723	0.122
0.098	0.163	0.678	0.061
>AAAATGGAAA	3-AAAATGGAAA	10.079766	-19.116930	0	T:16.0(6.81%),B:1457.0(1.04%),P:1e-8,FDR:1	Tpos:43.4,Tstd:23.5,Bpos:48.2,Bstd:37.6,StrandBias:1.3,Multiplicity:1.06
0.938	0.001	0.060	0.001
0.808	0.001	0.062	0.129
0.997	0.001	0.001	0.001
0.847	0.001	0.075	0.077
0.001	0.001	0.224	0.774
0.001	0.001	0.937	0.061
0.001	0.001	0.921	0.077
0.917	0.001	0.001	0.081
0.910	0.001	0.088	0.001
0.997	0.001	0.001	0.001
>ACTTCCTGTT	4-ACTTCCTGTT	7.480800	-18.497840	0	T:45.0(19.15%),B:10708.4(7.61%),P:1e-8,FDR:1	Tpos:51.0,Tstd:24.9,Bpos:50.0,Bstd:33.4,StrandBias:0.2,Multiplicity:1.18
0.578	0.022	0.189	0.211
0.001	0.763	0.213	0.023
0.192	0.093	0.001	0.714
0.001	0.001	0.001	0.997
0.001	0.867	0.001	0.131
0.001	0.919	0.001	0.079
0.003	0.001	0.001	0.995
0.001	0.192	0.806	0.001
0.001	0.144	0.098	0.757
0.090	0.166	0.143	0.601
>ATTAGCTAGC	5-ATTAGCTAGC	8.807733	-11.708218	0	T:5.0(2.13%),B:158.6(0.11%),P:1e-5,FDR:1	Tpos:45.3,Tstd:34.1,Bpos:51.6,Bstd:31.7,StrandBias:-2.3,Multiplicity:1.00
0.674	0.001	0.324	0.001
0.001	0.001	0.001	0.997
0.001	0.011	0.001	0.987
0.997	0.001	0.001	0.001
0.001	0.001	0.997	0.001
0.001	0.640	0.067	0.292
0.001	0.001	0.001	0.997
0.997	0.001	0.001	0.001
0.001	0.001	0.997	0.001
0.001	0.695	0.303	0.001
>GCTGGCTAGC	6-GCTGGCTAGC	11.573502	-10.023144	0	T:4.0(1.70%),B:113.8(0.08%),P:1e-4,FDR:1	Tpos:54.9,Tstd:26.7,Bpos:47.7,Bstd:32.9,StrandBias:-1.6,Multiplicity:1.75
0.001	0.001	0.997	0.001
0.001	0.997	0.001	0.001
0.001	0.001	0.001	0.997
0.001	0.001	0.874	0.124
0.001	0.001	0.997	0.001
0.001	0.997	0.001	0.001
0.001	0.001	0.001	0.997
0.837	0.161	0.001	0.001
0.001	0.001	0.997	0.001
0.001	0.997	0.001	0.001
>CTGAGTGGGTGG	1-CTGAGTGGGTGG	10.083574	-24.222919	0	T:15.0(6.38%),B:858.0(0.61%),P:1e-10,FDR:0.2	Tpos:50.7,Tstd:27.9,Bpos:50.2,Bstd:29.1,StrandBias:1.0,Multiplicity:1.00
0.040	0.719	0.140	0.101
0.002	0.001	0.040	0.957
0.066	0.101	0.832	0.001
0.835	0.003	0.103	0.059
0.001	0.001	0.898	0.100
0.001	0.165	0.228	0.606
0.147	0.001	0.851	0.001
0.001	0.001	0.996	0.002
0.001	0.083	0.841	0.075
0.175	0.001	0.001	0.823
0.159	0.001	0.757	0.083
0.001	0.100	0.898	0.001
>CAACAGGAAGCA	2-CAACAGGAAGCA	10.124119	-23.593415	0	T:17.0(7.23%),B:1236.3(0.88%),P:1e-10,FDR:0.2	Tpos:57.0,Tstd:21.9,Bpos:49.4,Bstd:34.8,StrandBias:0.7,Multiplicity:1.00
0.155	0.766	0.001	0.078
0.538	0.251	0.148	0.063
0.877	0.001	0.121	0.001
0.171	0.762	0.066	0.001
0.997	0.001	0.001	0.001
0.035	0.001	0.856	0.108
0.001	0.050	0.948	0.001
0.997	0.001	0.001	0.001
0.890	0.001	0.108	0.001
0.065	0.085	0.849	0.001
0.058	0.831	0.110	0.001
0.696	0.001	0.058	0.245
>AAACATCCTGTC	3-AAACATCCTGTC	8.583272	-15.728648	0	T:7.0(2.98%),B:227.1(0.16%),P:1e-6,FDR:1	Tpos:57.5,Tstd:17.8,Bpos:50.6,Bstd:35.2,StrandBias:0.7,Multiplicity:1.14
0.997	0.001	0.001	0.001
0.997	0.001	0.001	0.001
0.997	0.001	0.001	0.001
0.001	0.997	0.001	0.001
0.997	0.001	0.001	0.001
0.001	0.340	0.001	0.658
0.001	0.941	0.001	0.057
0.001	0.941	0.057	0.001
0.386	0.001	0.001	0.612
0.001	0.001	0.997	0.001
0.001	0.398	0.001	0.600
0.001	0.997	0.001	0.001
>CATGAGGCAGCT	4-CATGAGGCAGCT	14.295897	-15.219326	0	T:4.0(1.70%),B:30.3(0.02%),P:1e-6,FDR:1	Tpos:43.5,Tstd:26.4,Bpos:38.6,Bstd:26.4,StrandBias:1.6,Multiplicity:1.00
0.001	0.997	0.001	0.001
0.574	0.161	0.264	0.001
0.173	0.001	0.165	0.661
0.001	0.001	0.997	0.001
0.997	0.001	0.001	0.001
0.001	0.001	0.997	0.001
0.001	0.001	0.997	0.001
0.001	0.997	0.001	0.001
0.997	0.001	0.001	0.001
0.001	0.001	0.997	0.001
0.001	0.997	0.001	0.001
0.001	0.001	0.001	0.997
>GGAGCAGCAGGA	5-GGAGCAGCAGGA	15.613620	-8.531353	0	T:2.0(0.85%),B:12.2(0.01%),P:1e-3,FDR:1	Tpos:75.5,Tstd:12.9,Bpos:48.7,Bstd:30.6,StrandBias:10.0,Multiplicity:2.00
0.001	0.001	0.997	0.001
0.001	0.001	0.997	0.001
0.997	0.001	0.001	0.001
0.001	0.001	0.997	0.001
0.001	0.997	0.001	0.001
0.997	0.001	0.001	0.001
0.001	0.001	0.626	0.372
0.001	0.997	0.001	0.001
0.997	0.001	0.001	0.001
0.001	0.001	0.997	0.001
0.001	0.001	0.997	0.001
0.997	0.001	0.001	0.001
>TCAGCTAGCCAG	6-TCAGCTAGCCAG	12.355432	-5.703776	0	T:1.0(0.43%),B:2.7(0.00%),P:1e-2,FDR:1	Tpos:42.6,Tstd:27.1,Bpos:44.0,Bstd:31.6,StrandBias:10.0,Multiplicity:5.00
0.100	0.100	0.100	0.700
0.100	0.700	0.100	0.100
0.700	0.100	0.100	0.100
0.100	0.100	0.700	0.100
0.100	0.700	0.100	0.100
0.100	0.100	0.100	0.700
0.700	0.100	0.100	0.100
0.100	0.100	0.700	0.100
0.100	0.700	0.100	0.100
0.100	0.700	0.100	0.100
0.700	0.100	0.100	0.100
0.100	0.100	0.700	0.100
>TGAGTGGG	1-TGAGTGGG	6.778845	-21.036774	0	T:34.0(14.47%),B:6041.6(4.29%),P:1e-9,FDR:0.2	Tpos:50.6,Tstd:25.0,Bpos:50.0,Bstd:31.3,StrandBias:0.6,Multiplicity:1.12
0.009	0.001	0.001	0.989
0.035	0.001	0.860	0.104
0.536	0.045	0.172	0.247
0.001	0.021	0.949	0.029
0.001	0.001	0.001	0.997
0.031	0.082	0.886	0.001
0.001	0.001	0.997	0.001
0.063	0.071	0.865	0.001
>CTTCCTGC	2-CTTCCTGC	7.543337	-19.758411	0	T:49.0(20.85%),B:11808.2(8.39%),P:1e-8,FDR:0.2	Tpos:50.9,Tstd:25.4,Bpos:49.8,Bstd:32.9,StrandBias:0.6,Multiplicity:1.18
0.011	0.914	0.074	0.001
0.001	0.047	0.001	0.951
0.001	0.036	0.070	0.893
0.022	0.882	0.079	0.017
0.001	0.997	0.001	0.001
0.032	0.001	0.026	0.941
0.001	0.001	0.904	0.094
0.001	0.633	0.058	0.308
>ATTAAACA	3-ATTAAACA	5.221454	-19.474539	0	T:78.0(33.19%),B:24467.5(17.38%),P:1e-8,FDR:0.2	Tpos:43.1,Tstd:25.2,Bpos:49.8,Bstd:38.9,StrandBias:0.3,Multiplicity:1.18
0.831	0.001	0.024	0.144
0.216	0.148	0.015	0.621
0.001	0.001	0.001	0.997
0.892	0.086	0.001	0.021
0.966	0.001	0.032	0.001
0.830	0.084	0.036	0.050
0.030	0.915	0.023	0.032
0.960	0.038	0.001	0.001
>GCTCTGTT	4-GCTCTGTT	5.443779	-13.543001	0	T:38.0(16.17%),B:9856.4(7.00%),P:1e-5,FDR:0.6	Tpos:45.8,Tstd:27.8,Bpos:50.2,Bstd:37.0,StrandBias:-1.3,Multiplicity:1.05
0.001	0.206	0.792	0.001
0.001	0.849	0.029	0.121
0.001	0.001	0.001	0.997
0.001	0.997	0.001	0.001
0.001	0.001	0.001	0.997
0.001	0.001	0.842	0.156
0.001	0.001	0.001	0.997
0.001	0.001	0.001	0.997
>GCTAGCTA	5-GCTAGCTA	6.573991	-6.616716	0	T:21.0(8.94%),B:6037.0(4.29%),P:1e-2,FDR:0.92	Tpos:53.2,Tstd:30.0,Bpos:50.0,Bstd:33.0,StrandBias:-0.3,Multiplicity:1.60
0.001	0.021	0.977	0.001
0.001	0.938	0.031	0.030
0.022	0.001	0.001	0.976
0.750	0.001	0.205	0.044
0.087	0.035	0.877	0.001
0.001	0.997	0.001	0.001
0.022	0.241	0.001	0.736
0.766	0.001	0.232	0.001
