>TGAGTGGG	1-TGAGTGGG	6.778845	-21.036774	0	T:34.0(14.47%),B:6041.6(4.29%),P:1e-9,FDR:0.2	Tpos:50.6,Tstd:25.0,Bpos:50.0,Bstd:31.3,StrandBias:0.6,Multiplicity:1.12
0.009	0.001	0.001	0.989
0.035	0.001	0.860	0.104
0.536	0.045	0.172	0.247
0.001	0.021	0.949	0.029
0.001	0.001	0.001	0.997
0.031	0.082	0.886	0.001
0.001	0.001	0.997	0.001
0.063	0.071	0.865	0.001
>CTTCCTGC	2-CTTCCTGC	7.543337	-19.758411	0	T:49.0(20.85%),B:11808.2(8.39%),P:1e-8,FDR:0.2	Tpos:50.9,Tstd:25.4,Bpos:49.8,Bstd:32.9,StrandBias:0.6,Multiplicity:1.18
0.011	0.914	0.074	0.001
0.001	0.047	0.001	0.951
0.001	0.036	0.070	0.893
0.022	0.882	0.079	0.017
0.001	0.997	0.001	0.001
0.032	0.001	0.026	0.941
0.001	0.001	0.904	0.094
0.001	0.633	0.058	0.308
>ATTAAACA	3-ATTAAACA	5.221454	-19.474539	0	T:78.0(33.19%),B:24467.5(17.38%),P:1e-8,FDR:0.2	Tpos:43.1,Tstd:25.2,Bpos:49.8,Bstd:38.9,StrandBias:0.3,Multiplicity:1.18
0.831	0.001	0.024	0.144
0.216	0.148	0.015	0.621
0.001	0.001	0.001	0.997
0.892	0.086	0.001	0.021
0.966	0.001	0.032	0.001
0.830	0.084	0.036	0.050
0.030	0.915	0.023	0.032
0.960	0.038	0.001	0.001
>GCTCTGTT	4-GCTCTGTT	5.443779	-13.543001	0	T:38.0(16.17%),B:9856.4(7.00%),P:1e-5,FDR:0.6	Tpos:45.8,Tstd:27.8,Bpos:50.2,Bstd:37.0,StrandBias:-1.3,Multiplicity:1.05
0.001	0.206	0.792	0.001
0.001	0.849	0.029	0.121
0.001	0.001	0.001	0.997
0.001	0.997	0.001	0.001
0.001	0.001	0.001	0.997
0.001	0.001	0.842	0.156
0.001	0.001	0.001	0.997
0.001	0.001	0.001	0.997
>GCTAGCTA	5-GCTAGCTA	6.573991	-6.616716	0	T:21.0(8.94%),B:6037.0(4.29%),P:1e-2,FDR:0.92	Tpos:53.2,Tstd:30.0,Bpos:50.0,Bstd:33.0,StrandBias:-0.3,Multiplicity:1.60
0.001	0.021	0.977	0.001
0.001	0.938	0.031	0.030
0.022	0.001	0.001	0.976
0.750	0.001	0.205	0.044
0.087	0.035	0.877	0.001
0.001	0.997	0.001	0.001
0.022	0.241	0.001	0.736
0.766	0.001	0.232	0.001
