>CGCGGGAC	1-CGCGGGAC	7.500060	-16.901588	0	T:9.0(19.15%),B:2350.0(1.57%),P:1e-7	Tpos:40.8,Tstd:18.0,Bpos:50.9,Bstd:27.2,StrandBias:-0.3,Multiplicity:1.00
0.001	0.927	0.071	0.001
0.001	0.098	0.900	0.001
0.145	0.577	0.146	0.132
0.120	0.001	0.878	0.001
0.001	0.001	0.997	0.001
0.001	0.001	0.997	0.001
0.997	0.001	0.001	0.001
0.138	0.860	0.001	0.001
>CCGGGAWC	2-CCGGGAWC	6.452592	-11.773045	0	T:12.0(25.53%),B:8376.0(5.59%),P:1e-5	Tpos:53.9,Tstd:23.7,Bpos:50.1,Bstd:27.5,StrandBias:-0.2,Multiplicity:1.25
0.001	0.631	0.001	0.367
0.176	0.643	0.001	0.180
0.051	0.001	0.866	0.082
0.001	0.001	0.784	0.214
0.057	0.001	0.941	0.001
0.661	0.052	0.144	0.143
0.374	0.001	0.163	0.462
0.027	0.751	0.178	0.044
>GCGGTGAA	3-GCGGTGAA	6.458437	-10.465889	0	T:7.0(14.89%),B:2841.0(1.90%),P:1e-4	Tpos:48.0,Tstd:24.4,Bpos:49.5,Bstd:27.8,StrandBias:1.0,Multiplicity:1.29
0.001	0.001	0.997	0.001
0.210	0.737	0.052	0.001
0.001	0.001	0.997	0.001
0.001	0.001	0.945	0.053
0.001	0.001	0.001	0.997
0.001	0.053	0.888	0.058
0.997	0.001	0.001	0.001
0.997	0.001	0.001	0.001
>ATGCCTTA	4-ATGCCTTA	7.969142	-9.802533	0	T:6.0(12.77%),B:2141.0(1.43%),P:1e-4	Tpos:32.0,Tstd:19.7,Bpos:49.5,Bstd:27.6,StrandBias:-1.0,Multiplicity:1.00
0.796	0.090	0.001	0.113
0.105	0.001	0.001	0.893
0.001	0.001	0.997	0.001
0.146	0.729	0.124	0.001
0.001	0.997	0.001	0.001
0.001	0.001	0.001	0.997
0.001	0.104	0.001	0.894
0.817	0.099	0.001	0.083
>GTCGTTTG	5-GTCGTTTG	5.958093	-7.477515	0	T:12.0(25.53%),B:13100.0(8.74%),P:1e-3	Tpos:50.1,Tstd:28.1,Bpos:50.0,Bstd:26.6,StrandBias:-0.9,Multiplicity:1.42
0.001	0.086	0.635	0.278
0.159	0.001	0.123	0.717
0.143	0.604	0.053	0.200
0.071	0.127	0.674	0.128
0.001	0.001	0.005	0.993
0.001	0.038	0.072	0.889
0.125	0.153	0.001	0.721
0.001	0.196	0.802	0.001
