>GTARATATGTAA	1-GTARATATGTAA	10.372552	-18.271072	0	T:5.0(10.64%),B:227.0(0.15%),P:1e-7	Tpos:57.8,Tstd:27.2,Bpos:50.7,Bstd:24.0,StrandBias:-1.0,Multiplicity:1.20
0.001	0.403	0.595	0.001
0.201	0.001	0.001	0.797
0.997	0.001	0.001	0.001
0.386	0.001	0.411	0.202
0.797	0.201	0.001	0.001
0.209	0.184	0.001	0.606
0.797	0.001	0.201	0.001
0.001	0.001	0.001	0.997
0.001	0.001	0.997	0.001
0.001	0.184	0.001	0.814
0.604	0.001	0.211	0.184
0.630	0.001	0.368	0.001
>GWGYSCAKACRW	2-GWGYSCAKACRW	6.839700	-15.026832	0	T:4.0(8.51%),B:172.0(0.11%),P:1e-6	Tpos:52.0,Tstd:24.1,Bpos:52.3,Bstd:26.4,StrandBias:0.0,Multiplicity:1.00
0.001	0.001	0.947	0.051
0.528	0.001	0.001	0.470
0.001	0.001	0.997	0.001
0.001	0.470	0.001	0.528
0.001	0.528	0.470	0.001
0.001	0.947	0.001	0.051
0.997	0.001	0.001	0.001
0.001	0.001	0.528	0.470
0.997	0.001	0.001	0.001
0.001	0.997	0.001	0.001
0.470	0.001	0.528	0.001
0.528	0.001	0.001	0.470
>GGGAGAGTTATK	3-GGGAGAGTTATK	6.831755	-11.779654	0	T:9.0(19.15%),B:4373.0(2.92%),P:1e-5	Tpos:31.5,Tstd:26.9,Bpos:49.8,Bstd:26.2,StrandBias:0.0,Multiplicity:1.11
0.109	0.001	0.562	0.328
0.005	0.001	0.993	0.001
0.006	0.001	0.884	0.109
0.452	0.110	0.219	0.219
0.110	0.232	0.548	0.110
0.665	0.225	0.001	0.109
0.110	0.219	0.446	0.226
0.109	0.109	0.001	0.781
0.109	0.001	0.219	0.671
0.781	0.109	0.001	0.109
0.109	0.001	0.001	0.889
0.001	0.219	0.342	0.438
>TGTGCGTGGGCC	4-TGTGCGTGGGCC	12.355432	-8.067236	0	T:1.0(2.13%),B:1.0(0.00%),P:1e-3	Tpos:74.0,Tstd:0.0,Bpos:12.0,Bstd:0.0,StrandBias:-10.0,Multiplicity:1.00
0.100	0.100	0.100	0.700
0.100	0.100	0.700	0.100
0.100	0.100	0.100	0.700
0.100	0.100	0.700	0.100
0.100	0.700	0.100	0.100
0.100	0.100	0.700	0.100
0.100	0.100	0.100	0.700
0.100	0.100	0.700	0.100
0.100	0.100	0.700	0.100
0.100	0.100	0.700	0.100
0.100	0.700	0.100	0.100
0.100	0.700	0.100	0.100
>TTACTTCATGTT	5-TTACTTCATGTT	12.355432	-7.374242	0	T:1.0(2.13%),B:2.0(0.00%),P:1e-3	Tpos:81.0,Tstd:0.0,Bpos:25.5,Bstd:14.5,StrandBias:10.0,Multiplicity:1.00
0.100	0.100	0.100	0.700
0.100	0.100	0.100	0.700
0.700	0.100	0.100	0.100
0.100	0.700	0.100	0.100
0.100	0.100	0.100	0.700
0.100	0.100	0.100	0.700
0.100	0.700	0.100	0.100
0.700	0.100	0.100	0.100
0.100	0.100	0.100	0.700
0.100	0.100	0.700	0.100
0.100	0.100	0.100	0.700
0.100	0.100	0.100	0.700
>AATTGGGGCTTG	6-AATTGGGGCTTG	12.355432	-7.374242	0	T:1.0(2.13%),B:2.0(0.00%),P:1e-3	Tpos:18.0,Tstd:0.0,Bpos:29.0,Bstd:1.0,StrandBias:-10.0,Multiplicity:1.00
0.700	0.100	0.100	0.100
0.700	0.100	0.100	0.100
0.100	0.100	0.100	0.700
0.100	0.100	0.100	0.700
0.100	0.100	0.700	0.100
0.100	0.100	0.700	0.100
0.100	0.100	0.700	0.100
0.100	0.100	0.700	0.100
0.100	0.700	0.100	0.100
0.100	0.100	0.100	0.700
0.100	0.100	0.100	0.700
0.100	0.100	0.700	0.100
>GGCAGCTCCAGA	7-GGCAGCTCCAGA	12.355432	-7.374242	0	T:1.0(2.13%),B:2.0(0.00%),P:1e-3	Tpos:10.0,Tstd:0.0,Bpos:56.5,Bstd:26.5,StrandBias:-10.0,Multiplicity:1.00
0.100	0.100	0.700	0.100
0.100	0.100	0.700	0.100
0.100	0.700	0.100	0.100
0.700	0.100	0.100	0.100
0.100	0.100	0.700	0.100
0.100	0.700	0.100	0.100
0.100	0.100	0.100	0.700
0.100	0.700	0.100	0.100
0.100	0.700	0.100	0.100
0.700	0.100	0.100	0.100
0.100	0.100	0.700	0.100
0.700	0.100	0.100	0.100
>TCTACTTACAAG	8-TCTACTTACAAG	12.355432	-7.374242	0	T:1.0(2.13%),B:2.0(0.00%),P:1e-3	Tpos:30.0,Tstd:0.0,Bpos:62.5,Bstd:16.5,StrandBias:10.0,Multiplicity:1.00
0.100	0.100	0.100	0.700
0.100	0.700	0.100	0.100
0.100	0.100	0.100	0.700
0.700	0.100	0.100	0.100
0.100	0.700	0.100	0.100
0.100	0.100	0.100	0.700
0.100	0.100	0.100	0.700
0.700	0.100	0.100	0.100
0.100	0.700	0.100	0.100
0.700	0.100	0.100	0.100
0.700	0.100	0.100	0.100
0.100	0.100	0.700	0.100
