>TAAAACAWKTKC	1-TAAAACAWKTKC	5.452989	-11.844212	0	T:19.0(40.43%),B:20848.0(13.91%),P:1e-5	Tpos:48.8,Tstd:22.5,Bpos:50.5,Bstd:25.6,StrandBias:0.5,Multiplicity:1.47
0.221	0.174	0.101	0.504
0.683	0.121	0.195	0.001
0.567	0.060	0.311	0.062
0.687	0.112	0.001	0.200
0.877	0.001	0.062	0.060
0.233	0.594	0.052	0.121
0.597	0.041	0.001	0.361
0.304	0.121	0.154	0.421
0.152	0.062	0.437	0.349
0.001	0.098	0.288	0.613
0.001	0.001	0.448	0.550
0.343	0.496	0.160	0.001
>TTGGCTCACATA	2-TTGGCTCACATA	15.805555	-8.067236	0	T:1.0(2.13%),B:1.0(0.00%),P:1e-3	Tpos:33.0,Tstd:0.0,Bpos:63.0,Bstd:0.0,StrandBias:10.0,Multiplicity:1.00
0.001	0.001	0.001	0.997
0.001	0.001	0.001	0.997
0.001	0.001	0.997	0.001
0.001	0.001	0.997	0.001
0.001	0.997	0.001	0.001
0.001	0.342	0.001	0.656
0.001	0.997	0.001	0.001
0.997	0.001	0.001	0.001
0.001	0.685	0.001	0.313
0.997	0.001	0.001	0.001
0.001	0.001	0.001	0.997
0.997	0.001	0.001	0.001
>AAGCCTGTAGTC	3-AAGCCTGTAGTC	12.355432	-8.067236	0	T:1.0(2.13%),B:1.0(0.00%),P:1e-3	Tpos:61.0,Tstd:0.0,Bpos:58.0,Bstd:0.0,StrandBias:-10.0,Multiplicity:1.00
0.700	0.100	0.100	0.100
0.700	0.100	0.100	0.100
0.100	0.100	0.700	0.100
0.100	0.700	0.100	0.100
0.100	0.700	0.100	0.100
0.100	0.100	0.100	0.700
0.100	0.100	0.700	0.100
0.100	0.100	0.100	0.700
0.700	0.100	0.100	0.100
0.100	0.100	0.700	0.100
0.100	0.100	0.100	0.700
0.100	0.700	0.100	0.100
>TGTCCTTGCCTC	4-TGTCCTTGCCTC	12.355432	-7.374242	0	T:1.0(2.13%),B:2.0(0.00%),P:1e-3	Tpos:79.0,Tstd:0.0,Bpos:40.0,Bstd:27.0,StrandBias:-10.0,Multiplicity:1.00
0.100	0.100	0.100	0.700
0.100	0.100	0.700	0.100
0.100	0.100	0.100	0.700
0.100	0.700	0.100	0.100
0.100	0.700	0.100	0.100
0.100	0.100	0.100	0.700
0.100	0.100	0.100	0.700
0.100	0.100	0.700	0.100
0.100	0.700	0.100	0.100
0.100	0.700	0.100	0.100
0.100	0.100	0.100	0.700
0.100	0.700	0.100	0.100
>TTCAGCTGAACA	5-TTCAGCTGAACA	12.355432	-7.374242	0	T:1.0(2.13%),B:2.0(0.00%),P:1e-3	Tpos:36.0,Tstd:0.0,Bpos:57.0,Bstd:1.0,StrandBias:-10.0,Multiplicity:1.00
0.100	0.100	0.100	0.700
0.100	0.100	0.100	0.700
0.100	0.700	0.100	0.100
0.700	0.100	0.100	0.100
0.100	0.100	0.700	0.100
0.100	0.700	0.100	0.100
0.100	0.100	0.100	0.700
0.100	0.100	0.700	0.100
0.700	0.100	0.100	0.100
0.700	0.100	0.100	0.100
0.100	0.700	0.100	0.100
0.700	0.100	0.100	0.100
>CACCTGAGCTGC	6-CACCTGAGCTGC	12.355432	-7.374242	0	T:1.0(2.13%),B:2.0(0.00%),P:1e-3	Tpos:84.0,Tstd:0.0,Bpos:25.0,Bstd:1.0,StrandBias:10.0,Multiplicity:1.00
0.100	0.700	0.100	0.100
0.700	0.100	0.100	0.100
0.100	0.700	0.100	0.100
0.100	0.700	0.100	0.100
0.100	0.100	0.100	0.700
0.100	0.100	0.700	0.100
0.700	0.100	0.100	0.100
0.100	0.100	0.700	0.100
0.100	0.700	0.100	0.100
0.100	0.100	0.100	0.700
0.100	0.100	0.700	0.100
0.100	0.700	0.100	0.100
>CCCCTGTGATTG	7-CCCCTGTGATTG	15.723366	-6.681402	0	T:1.0(2.13%),B:4.0(0.00%),P:1e-2	Tpos:92.0,Tstd:0.0,Bpos:54.8,Bstd:29.4,StrandBias:10.0,Multiplicity:1.00
0.001	0.997	0.001	0.001
0.001	0.748	0.001	0.250
0.001	0.997	0.001	0.001
0.236	0.762	0.001	0.001
0.001	0.001	0.001	0.997
0.274	0.001	0.724	0.001
0.001	0.001	0.001	0.997
0.001	0.001	0.997	0.001
0.997	0.001	0.001	0.001
0.001	0.001	0.001	0.997
0.001	0.001	0.001	0.997
0.001	0.001	0.997	0.001
>CCAACYACMCCR	8-CCAACYACMCCR	8.593487	-6.159957	0	T:4.0(8.51%),B:1725.0(1.15%),P:1e-2	Tpos:44.7,Tstd:25.5,Bpos:48.7,Bstd:26.5,StrandBias:1.3,Multiplicity:1.75
0.001	0.741	0.257	0.001
0.287	0.453	0.001	0.260
0.803	0.195	0.001	0.001
0.453	0.288	0.001	0.258
0.286	0.453	0.001	0.261
0.002	0.481	0.001	0.516
0.712	0.001	0.286	0.001
0.029	0.969	0.001	0.001
0.514	0.484	0.001	0.001
0.257	0.741	0.001	0.001
0.001	0.739	0.259	0.001
0.483	0.001	0.515	0.001
