>TTGGCCAGTG	1-TTGGCCAGTG	10.315093	-71.448347	0	T:20.0(3.50%),B:2.0(0.08%),P:1e-31,FDR:0.2	Tpos:57.8,Tstd:23.2,Bpos:82.2,Bstd:2.7,StrandBias:0.0,Multiplicity:1.00
0.074	0.001	0.001	0.924
0.001	0.001	0.001	0.997
0.001	0.074	0.924	0.001
0.001	0.179	0.746	0.074
0.001	0.997	0.001	0.001
0.074	0.851	0.001	0.074
0.924	0.001	0.001	0.074
0.074	0.074	0.851	0.001
0.074	0.074	0.001	0.851
0.001	0.001	0.997	0.001
>AAGAATCAAC	2-AAGAATCAAC	8.952565	-71.059253	0	T:26.0(4.55%),B:3.9(0.16%),P:1e-30,FDR:0.2	Tpos:42.0,Tstd:24.3,Bpos:28.7,Bstd:22.0,StrandBias:0.1,Multiplicity:1.12
0.997	0.001	0.001	0.001
0.826	0.001	0.172	0.001
0.029	0.029	0.725	0.217
0.997	0.001	0.001	0.001
0.997	0.001	0.001	0.001
0.210	0.001	0.001	0.788
0.028	0.970	0.001	0.001
0.997	0.001	0.001	0.001
0.997	0.001	0.001	0.001
0.014	0.984	0.001	0.001
>TAGTTSCTGC	3-TAGTTSCTGC	9.547981	-63.800042	0	T:26.0(4.55%),B:4.8(0.20%),P:1e-27,FDR:0.2	Tpos:57.0,Tstd:25.4,Bpos:59.1,Bstd:31.0,StrandBias:0.4,Multiplicity:1.08
0.023	0.215	0.216	0.546
0.921	0.023	0.055	0.001
0.215	0.239	0.440	0.106
0.214	0.001	0.001	0.784
0.001	0.003	0.001	0.995
0.001	0.509	0.435	0.055
0.001	0.976	0.001	0.022
0.001	0.001	0.001	0.997
0.001	0.001	0.997	0.001
0.347	0.651	0.001	0.001
>CATSTTTATT	4-CATSTTTATT	10.192076	-62.586411	0	T:18.0(3.15%),B:0.6(0.02%),P:1e-27,FDR:0.2	Tpos:53.9,Tstd:27.5,Bpos:10.0,Bstd:0.0,StrandBias:0.2,Multiplicity:1.00
0.077	0.921	0.001	0.001
0.921	0.001	0.001	0.077
0.001	0.001	0.001	0.997
0.001	0.456	0.465	0.077
0.001	0.001	0.001	0.997
0.001	0.001	0.001	0.997
0.001	0.001	0.001	0.997
0.921	0.001	0.077	0.001
0.001	0.077	0.001	0.921
0.001	0.001	0.077	0.921
>AAACTCAGGG	5-AAACTCAGGG	10.393652	-54.041282	0	T:19.0(3.32%),B:2.3(0.09%),P:1e-23,FDR:0.2	Tpos:53.7,Tstd:23.8,Bpos:19.1,Bstd:14.3,StrandBias:0.3,Multiplicity:1.00
0.997	0.001	0.001	0.001
0.997	0.001	0.001	0.001
0.997	0.001	0.001	0.001
0.001	0.997	0.001	0.001
0.001	0.001	0.001	0.997
0.001	0.959	0.001	0.039
0.997	0.001	0.001	0.001
0.001	0.001	0.997	0.001
0.095	0.001	0.903	0.001
0.095	0.001	0.903	0.001
>GGAAACAAAT	6-GGAAACAAAT	9.070492	-49.911705	0	T:26.0(4.55%),B:7.4(0.31%),P:1e-21,FDR:0.2	Tpos:42.7,Tstd:23.1,Bpos:51.4,Bstd:12.1,StrandBias:0.1,Multiplicity:1.04
0.001	0.001	0.621	0.377
0.067	0.067	0.865	0.001
0.621	0.377	0.001	0.001
0.997	0.001	0.001	0.001
0.997	0.001	0.001	0.001
0.001	0.997	0.001	0.001
0.965	0.001	0.001	0.033
0.899	0.033	0.001	0.067
0.997	0.001	0.001	0.001
0.029	0.001	0.001	0.969
>GATTGGACAG	7-GATTGGACAG	8.480663	-43.076918	0	T:16.0(2.80%),B:2.7(0.11%),P:1e-18,FDR:0.2	Tpos:49.4,Tstd:27.1,Bpos:47.2,Bstd:12.8,StrandBias:0.3,Multiplicity:1.25
0.254	0.025	0.696	0.025
0.823	0.126	0.050	0.001
0.051	0.051	0.127	0.771
0.050	0.001	0.257	0.692
0.316	0.001	0.582	0.101
0.266	0.025	0.708	0.001
0.545	0.178	0.252	0.025
0.101	0.435	0.182	0.282
0.848	0.051	0.076	0.025
0.266	0.001	0.556	0.177
>GTGTTTCACC	8-GTGTTTCACC	9.127728	-29.675743	0	T:10.0(1.75%),B:1.7(0.07%),P:1e-12,FDR:0.25	Tpos:41.7,Tstd:25.2,Bpos:57.8,Bstd:23.9,StrandBias:-0.6,Multiplicity:1.00
0.067	0.238	0.502	0.193
0.096	0.001	0.064	0.839
0.064	0.032	0.840	0.064
0.001	0.032	0.067	0.900
0.032	0.032	0.001	0.935
0.002	0.001	0.064	0.933
0.096	0.871	0.001	0.032
0.729	0.141	0.001	0.129
0.131	0.706	0.099	0.064
0.099	0.769	0.001	0.131
