>TTGGCCAGTG	1-TTGGCCAGTG	10.315093	-71.448347	0	T:20.0(3.50%),B:2.0(0.08%),P:1e-31,FDR:0.2	Tpos:57.8,Tstd:23.2,Bpos:82.2,Bstd:2.7,StrandBias:0.0,Multiplicity:1.00
0.074	0.001	0.001	0.924
0.001	0.001	0.001	0.997
0.001	0.074	0.924	0.001
0.001	0.179	0.746	0.074
0.001	0.997	0.001	0.001
0.074	0.851	0.001	0.074
0.924	0.001	0.001	0.074
0.074	0.074	0.851	0.001
0.074	0.074	0.001	0.851
0.001	0.001	0.997	0.001
>AAGAATCAAC	2-AAGAATCAAC	8.952565	-71.059253	0	T:26.0(4.55%),B:3.9(0.16%),P:1e-30,FDR:0.2	Tpos:42.0,Tstd:24.3,Bpos:28.7,Bstd:22.0,StrandBias:0.1,Multiplicity:1.12
0.997	0.001	0.001	0.001
0.826	0.001	0.172	0.001
0.029	0.029	0.725	0.217
0.997	0.001	0.001	0.001
0.997	0.001	0.001	0.001
0.210	0.001	0.001	0.788
0.028	0.970	0.001	0.001
0.997	0.001	0.001	0.001
0.997	0.001	0.001	0.001
0.014	0.984	0.001	0.001
>TAGTTSCTGC	3-TAGTTSCTGC	9.547981	-63.800042	0	T:26.0(4.55%),B:4.8(0.20%),P:1e-27,FDR:0.2	Tpos:57.0,Tstd:25.4,Bpos:59.1,Bstd:31.0,StrandBias:0.4,Multiplicity:1.08
0.023	0.215	0.216	0.546
0.921	0.023	0.055	0.001
0.215	0.239	0.440	0.106
0.214	0.001	0.001	0.784
0.001	0.003	0.001	0.995
0.001	0.509	0.435	0.055
0.001	0.976	0.001	0.022
0.001	0.001	0.001	0.997
0.001	0.001	0.997	0.001
0.347	0.651	0.001	0.001
>CATSTTTATT	4-CATSTTTATT	10.192076	-62.586411	0	T:18.0(3.15%),B:0.6(0.02%),P:1e-27,FDR:0.2	Tpos:53.9,Tstd:27.5,Bpos:10.0,Bstd:0.0,StrandBias:0.2,Multiplicity:1.00
0.077	0.921	0.001	0.001
0.921	0.001	0.001	0.077
0.001	0.001	0.001	0.997
0.001	0.456	0.465	0.077
0.001	0.001	0.001	0.997
0.001	0.001	0.001	0.997
0.001	0.001	0.001	0.997
0.921	0.001	0.077	0.001
0.001	0.077	0.001	0.921
0.001	0.001	0.077	0.921
>AAACTCAGGG	5-AAACTCAGGG	10.393652	-54.041282	0	T:19.0(3.32%),B:2.3(0.09%),P:1e-23,FDR:0.2	Tpos:53.7,Tstd:23.8,Bpos:19.1,Bstd:14.3,StrandBias:0.3,Multiplicity:1.00
0.997	0.001	0.001	0.001
0.997	0.001	0.001	0.001
0.997	0.001	0.001	0.001
0.001	0.997	0.001	0.001
0.001	0.001	0.001	0.997
0.001	0.959	0.001	0.039
0.997	0.001	0.001	0.001
0.001	0.001	0.997	0.001
0.095	0.001	0.903	0.001
0.095	0.001	0.903	0.001
>GGAAACAAAT	6-GGAAACAAAT	9.070492	-49.911705	0	T:26.0(4.55%),B:7.4(0.31%),P:1e-21,FDR:0.2	Tpos:42.7,Tstd:23.1,Bpos:51.4,Bstd:12.1,StrandBias:0.1,Multiplicity:1.04
0.001	0.001	0.621	0.377
0.067	0.067	0.865	0.001
0.621	0.377	0.001	0.001
0.997	0.001	0.001	0.001
0.997	0.001	0.001	0.001
0.001	0.997	0.001	0.001
0.965	0.001	0.001	0.033
0.899	0.033	0.001	0.067
0.997	0.001	0.001	0.001
0.029	0.001	0.001	0.969
>GATTGGACAG	7-GATTGGACAG	8.480663	-43.076918	0	T:16.0(2.80%),B:2.7(0.11%),P:1e-18,FDR:0.2	Tpos:49.4,Tstd:27.1,Bpos:47.2,Bstd:12.8,StrandBias:0.3,Multiplicity:1.25
0.254	0.025	0.696	0.025
0.823	0.126	0.050	0.001
0.051	0.051	0.127	0.771
0.050	0.001	0.257	0.692
0.316	0.001	0.582	0.101
0.266	0.025	0.708	0.001
0.545	0.178	0.252	0.025
0.101	0.435	0.182	0.282
0.848	0.051	0.076	0.025
0.266	0.001	0.556	0.177
>GTGTTTCACC	8-GTGTTTCACC	9.127728	-29.675743	0	T:10.0(1.75%),B:1.7(0.07%),P:1e-12,FDR:0.25	Tpos:41.7,Tstd:25.2,Bpos:57.8,Bstd:23.9,StrandBias:-0.6,Multiplicity:1.00
0.067	0.238	0.502	0.193
0.096	0.001	0.064	0.839
0.064	0.032	0.840	0.064
0.001	0.032	0.067	0.900
0.032	0.032	0.001	0.935
0.002	0.001	0.064	0.933
0.096	0.871	0.001	0.032
0.729	0.141	0.001	0.129
0.131	0.706	0.099	0.064
0.099	0.769	0.001	0.131
>GAAAKAAACAAC	1-GAAAKAAACAAC	10.836376	-75.302319	0	T:33.0(5.77%),B:7.0(0.29%),P:1e-32,FDR:0.2	Tpos:47.7,Tstd:25.5,Bpos:37.8,Bstd:23.7,StrandBias:0.0,Multiplicity:1.21
0.147	0.312	0.540	0.001
0.853	0.073	0.073	0.001
0.852	0.001	0.146	0.001
0.620	0.001	0.378	0.001
0.073	0.148	0.458	0.320
0.842	0.001	0.001	0.156
0.976	0.001	0.022	0.001
0.516	0.001	0.146	0.337
0.008	0.990	0.001	0.001
0.997	0.001	0.001	0.001
0.852	0.001	0.146	0.001
0.179	0.819	0.001	0.001
>TGTGATTGGACA	2-TGTGATTGGACA	10.406792	-62.586411	0	T:18.0(3.15%),B:1.7(0.07%),P:1e-27,FDR:0.2	Tpos:51.0,Tstd:25.7,Bpos:56.7,Bstd:19.2,StrandBias:0.0,Multiplicity:1.22
0.001	0.001	0.103	0.895
0.001	0.108	0.788	0.103
0.001	0.001	0.310	0.688
0.020	0.001	0.978	0.001
0.792	0.206	0.001	0.001
0.001	0.001	0.001	0.997
0.103	0.001	0.001	0.895
0.103	0.001	0.891	0.005
0.001	0.001	0.997	0.001
0.689	0.207	0.103	0.001
0.109	0.580	0.207	0.104
0.895	0.001	0.001	0.103
>ACTGCTGAAATC	3-ACTGCTGAAATC	9.587524	-43.076918	0	T:16.0(2.80%),B:2.5(0.10%),P:1e-18,FDR:0.2	Tpos:46.4,Tstd:18.1,Bpos:55.0,Bstd:0.0,StrandBias:-0.4,Multiplicity:1.00
0.997	0.001	0.001	0.001
0.001	0.607	0.391	0.001
0.001	0.001	0.369	0.629
0.001	0.001	0.905	0.093
0.238	0.667	0.001	0.094
0.001	0.001	0.001	0.997
0.001	0.001	0.997	0.001
0.997	0.001	0.001	0.001
0.737	0.001	0.261	0.001
0.997	0.001	0.001	0.001
0.001	0.001	0.001	0.997
0.046	0.952	0.001	0.001
>CCCACTTCCTCT	4-CCCACTTCCTCT	10.941764	-41.468692	0	T:13.0(2.27%),B:1.6(0.07%),P:1e-18,FDR:0.2	Tpos:46.3,Tstd:18.5,Bpos:59.7,Bstd:22.8,StrandBias:-0.2,Multiplicity:1.00
0.001	0.997	0.001	0.001
0.001	0.909	0.089	0.001
0.001	0.997	0.001	0.001
0.909	0.089	0.001	0.001
0.001	0.909	0.089	0.001
0.001	0.089	0.001	0.909
0.001	0.001	0.001	0.997
0.001	0.909	0.001	0.089
0.001	0.997	0.001	0.001
0.001	0.001	0.001	0.997
0.001	0.632	0.366	0.001
0.001	0.089	0.001	0.909
>SAGGAARACAAA	5-SAGGAARACAAA	12.150929	-39.542116	0	T:15.0(2.62%),B:2.8(0.12%),P:1e-17,FDR:0.2	Tpos:57.9,Tstd:23.8,Bpos:51.2,Bstd:27.8,StrandBias:-1.0,Multiplicity:1.00
0.001	0.521	0.477	0.001
0.996	0.001	0.001	0.002
0.179	0.001	0.819	0.001
0.001	0.150	0.848	0.001
0.997	0.001	0.001	0.001
0.997	0.001	0.001	0.001
0.517	0.001	0.481	0.001
0.996	0.001	0.001	0.002
0.177	0.639	0.157	0.027
0.997	0.001	0.001	0.001
0.699	0.150	0.001	0.150
0.848	0.150	0.001	0.001
>NNWGGTAATTNH	6-NNWGGTAATTNH	6.008558	-36.073402	0	T:14.0(2.45%),B:2.5(0.11%),P:1e-15,FDR:0.2	Tpos:50.2,Tstd:19.6,Bpos:72.1,Bstd:13.3,StrandBias:-0.4,Multiplicity:1.00
0.219	0.244	0.257	0.280
0.236	0.248	0.237	0.279
0.287	0.039	0.261	0.413
0.205	0.001	0.604	0.190
0.094	0.133	0.614	0.159
0.171	0.223	0.090	0.516
0.508	0.060	0.188	0.244
0.799	0.004	0.116	0.081
0.278	0.147	0.001	0.574
0.113	0.159	0.227	0.501
0.280	0.188	0.231	0.300
0.361	0.231	0.189	0.219
>AGTGTAAACAAA	7-AGTGTAAACAAA	10.409522	-33.520521	0	T:11.0(1.92%),B:1.4(0.06%),P:1e-14,FDR:0.2	Tpos:47.5,Tstd:26.4,Bpos:32.3,Bstd:10.1,StrandBias:0.3,Multiplicity:1.00
0.700	0.100	0.100	0.100
0.100	0.100	0.700	0.100
0.100	0.100	0.100	0.700
0.100	0.100	0.700	0.100
0.100	0.100	0.100	0.700
0.700	0.100	0.100	0.100
0.700	0.100	0.100	0.100
0.700	0.100	0.100	0.100
0.100	0.700	0.100	0.100
0.700	0.100	0.100	0.100
0.700	0.100	0.100	0.100
0.700	0.100	0.100	0.100
>GAGGGAGGAGCC	8-GAGGGAGGAGCC	10.550170	-26.805256	0	T:14.0(2.45%),B:4.4(0.18%),P:1e-11,FDR:0.225	Tpos:50.6,Tstd:24.3,Bpos:41.5,Bstd:31.6,StrandBias:0.8,Multiplicity:1.57
0.146	0.001	0.780	0.073
0.775	0.001	0.078	0.146
0.072	0.001	0.926	0.001
0.001	0.001	0.926	0.072
0.159	0.073	0.767	0.001
0.926	0.072	0.001	0.001
0.001	0.001	0.926	0.072
0.078	0.146	0.775	0.001
0.701	0.001	0.225	0.073
0.152	0.146	0.701	0.001
0.001	0.997	0.001	0.001
0.146	0.852	0.001	0.001
>AATAAACM	1-AATAAACM	5.734390	-56.172054	0	T:61.0(10.66%),B:49.6(2.08%),P:1e-24,FDR:0.2	Tpos:49.5,Tstd:25.9,Bpos:47.3,Bstd:32.7,StrandBias:-0.2,Multiplicity:1.23
0.963	0.001	0.035	0.001
0.997	0.001	0.001	0.001
0.001	0.001	0.001	0.997
0.750	0.248	0.001	0.001
0.997	0.001	0.001	0.001
0.997	0.001	0.001	0.001
0.001	0.997	0.001	0.001
0.552	0.446	0.001	0.001
>TAATTACC	2-TAATTACC	5.104407	-52.071529	0	T:112.0(19.58%),B:165.2(6.93%),P:1e-22,FDR:0.2	Tpos:50.1,Tstd:28.3,Bpos:51.2,Bstd:36.2,StrandBias:0.2,Multiplicity:1.03
0.121	0.056	0.017	0.806
0.844	0.029	0.044	0.083
0.807	0.093	0.055	0.045
0.056	0.061	0.039	0.844
0.060	0.141	0.140	0.659
0.786	0.035	0.148	0.031
0.158	0.525	0.193	0.124
0.130	0.733	0.072	0.065
>CAGGAAGT	3-CAGGAAGT	8.515111	-50.579650	0	T:69.0(12.06%),B:70.5(2.96%),P:1e-21,FDR:0.2	Tpos:51.4,Tstd:25.2,Bpos:54.8,Bstd:36.6,StrandBias:0.3,Multiplicity:1.09
0.001	0.957	0.041	0.001
0.997	0.001	0.001	0.001
0.141	0.019	0.839	0.001
0.001	0.016	0.982	0.001
0.997	0.001	0.001	0.001
0.944	0.001	0.001	0.054
0.178	0.122	0.699	0.001
0.051	0.072	0.001	0.876
>AGTTGTTT	4-AGTTGTTT	7.617550	-44.654373	0	T:66.0(11.54%),B:72.5(3.04%),P:1e-19,FDR:0.2	Tpos:44.8,Tstd:26.1,Bpos:55.9,Bstd:36.1,StrandBias:-0.2,Multiplicity:1.06
0.698	0.051	0.001	0.250
0.001	0.001	0.921	0.077
0.001	0.032	0.015	0.952
0.001	0.001	0.008	0.990
0.126	0.029	0.844	0.001
0.019	0.171	0.037	0.773
0.001	0.011	0.015	0.973
0.033	0.001	0.001	0.965
>GTTTCCAC	5-GTTTCCAC	9.612606	-40.000642	0	T:17.0(2.97%),B:3.1(0.13%),P:1e-17,FDR:0.2	Tpos:47.8,Tstd:27.2,Bpos:47.7,Bstd:13.6,StrandBias:0.4,Multiplicity:1.00
0.001	0.001	0.997	0.001
0.001	0.001	0.001	0.997
0.001	0.001	0.001	0.997
0.001	0.001	0.001	0.997
0.001	0.997	0.001	0.001
0.233	0.765	0.001	0.001
0.997	0.001	0.001	0.001
0.001	0.997	0.001	0.001
>AAACTCAG	6-AAACTCAG	8.236954	-33.852031	0	T:20.0(3.50%),B:7.9(0.33%),P:1e-14,FDR:0.2	Tpos:52.6,Tstd:25.7,Bpos:54.9,Bstd:34.3,StrandBias:-0.1,Multiplicity:1.05
0.700	0.100	0.100	0.100
0.700	0.100	0.100	0.100
0.700	0.100	0.100	0.100
0.100	0.700	0.100	0.100
0.100	0.100	0.100	0.700
0.100	0.700	0.100	0.100
0.700	0.100	0.100	0.100
0.100	0.100	0.700	0.100
>TGTCCAAT	7-TGTCCAAT	9.694957	-26.375337	0	T:16.0(2.80%),B:6.4(0.27%),P:1e-11,FDR:0.2	Tpos:59.7,Tstd:24.5,Bpos:38.5,Bstd:18.4,StrandBias:-1.1,Multiplicity:1.27
0.001	0.001	0.001	0.997
0.001	0.001	0.997	0.001
0.001	0.001	0.253	0.745
0.001	0.997	0.001	0.001
0.001	0.997	0.001	0.001
0.997	0.001	0.001	0.001
0.997	0.001	0.001	0.001
0.001	0.001	0.001	0.997
>AATGAATA	8-AATGAATA	8.236954	-22.958024	0	T:10.0(1.75%),B:2.8(0.12%),P:1e-9,FDR:0.2	Tpos:46.1,Tstd:21.4,Bpos:73.3,Bstd:10.2,StrandBias:-1.0,Multiplicity:1.00
0.700	0.100	0.100	0.100
0.700	0.100	0.100	0.100
0.100	0.100	0.100	0.700
0.100	0.100	0.700	0.100
0.700	0.100	0.100	0.100
0.700	0.100	0.100	0.100
0.100	0.100	0.100	0.700
0.700	0.100	0.100	0.100
