>TCCTTGCGCCAG	1-TCCTTGCGCCAG	10.114078	-14.859074	0	T:3.0(37.50%),B:4.0(0.19%),P:1e-6	Tpos:25.8,Tstd:11.6,Bpos:43.6,Bstd:17.1,StrandBias:0.0,Multiplicity:1.00
0.019	0.333	0.019	0.629
0.001	0.684	0.001	0.314
0.001	0.997	0.001	0.001
0.001	0.001	0.001	0.997
0.001	0.001	0.370	0.628
0.001	0.001	0.997	0.001
0.314	0.684	0.001	0.001
0.001	0.001	0.684	0.314
0.001	0.997	0.001	0.001
0.332	0.666	0.001	0.001
0.997	0.001	0.001	0.001
0.001	0.001	0.997	0.001
>THTATATATGTT	2-THTATATATGTT	11.543994	-12.027224	0	T:2.0(25.00%),B:0.0(0.00%),P:1e-5	Tpos:82.0,Tstd:2.0,Bpos:0.0,Bstd:0.0,StrandBias:10.0,Multiplicity:1.00
0.001	0.001	0.001	0.997
0.315	0.315	0.056	0.315
0.001	0.314	0.001	0.684
0.684	0.001	0.314	0.001
0.001	0.314	0.001	0.684
0.997	0.001	0.001	0.001
0.001	0.001	0.001	0.997
0.628	0.001	0.370	0.001
0.001	0.001	0.001	0.997
0.001	0.001	0.684	0.314
0.001	0.001	0.001	0.997
0.001	0.056	0.314	0.629
>GCTWCGCWKTWG	3-GCTWCGCWKTWG	13.437098	-12.027224	0	T:2.0(25.00%),B:0.0(0.00%),P:1e-5	Tpos:36.0,Tstd:19.0,Bpos:0.0,Bstd:0.0,StrandBias:0.0,Multiplicity:1.00
0.001	0.070	0.928	0.001
0.001	0.997	0.001	0.001
0.001	0.001	0.001	0.997
0.470	0.001	0.001	0.528
0.001	0.997	0.001	0.001
0.001	0.001	0.917	0.081
0.001	0.997	0.001	0.001
0.539	0.001	0.001	0.459
0.001	0.069	0.471	0.459
0.001	0.010	0.001	0.988
0.469	0.001	0.001	0.529
0.001	0.080	0.918	0.001
>CAGGGGCTGVAG	4-CAGGGGCTGVAG	9.918498	-8.578972	0	T:3.0(37.50%),B:33.0(1.53%),P:1e-3	Tpos:38.3,Tstd:38.8,Bpos:46.6,Bstd:29.1,StrandBias:-1.0,Multiplicity:1.00
0.001	0.628	0.370	0.001
0.951	0.001	0.001	0.047
0.001	0.001	0.997	0.001
0.001	0.001	0.997	0.001
0.314	0.001	0.684	0.001
0.001	0.314	0.684	0.001
0.001	0.629	0.047	0.323
0.361	0.001	0.001	0.637
0.001	0.001	0.684	0.314
0.314	0.314	0.370	0.001
0.684	0.001	0.001	0.314
0.314	0.001	0.684	0.001
>TTTTTTTTCCCC	5-TTTTTTTTCCCC	15.792555	-4.909437	0	T:1.0(12.50%),B:2.0(0.09%),P:1e-2	Tpos:83.0,Tstd:0.0,Bpos:56.0,Bstd:19.0,StrandBias:-10.0,Multiplicity:1.00
0.001	0.001	0.001	0.997
0.001	0.001	0.001	0.997
0.001	0.001	0.001	0.997
0.001	0.001	0.001	0.997
0.001	0.001	0.001	0.997
0.001	0.001	0.001	0.997
0.001	0.001	0.001	0.997
0.001	0.332	0.001	0.666
0.001	0.666	0.001	0.332
0.001	0.997	0.001	0.001
0.001	0.997	0.001	0.001
0.001	0.997	0.001	0.001
