>BTTGTGHCTGCB	1-BTTGTGHCTGCB	11.110421	-15.720384	0	T:3.0(37.50%),B:3.0(0.14%),P:1e-6	Tpos:44.0,Tstd:26.2,Bpos:62.0,Bstd:16.3,StrandBias:1.0,Multiplicity:1.00
0.001	0.333	0.333	0.333
0.001	0.001	0.001	0.997
0.001	0.001	0.332	0.666
0.001	0.001	0.997	0.001
0.332	0.001	0.001	0.666
0.001	0.001	0.997	0.001
0.333	0.333	0.001	0.333
0.001	0.997	0.001	0.001
0.001	0.001	0.001	0.997
0.001	0.001	0.997	0.001
0.001	0.997	0.001	0.001
0.001	0.333	0.333	0.333
>GRAACCAGGGAG	2-GRAACCAGGGAG	10.520769	-13.646152	0	T:3.0(37.50%),B:6.0(0.28%),P:1e-5	Tpos:54.3,Tstd:24.9,Bpos:43.8,Bstd:20.7,StrandBias:1.0,Multiplicity:1.00
0.238	0.001	0.760	0.001
0.478	0.001	0.520	0.001
0.521	0.239	0.239	0.001
0.723	0.001	0.275	0.001
0.036	0.724	0.239	0.001
0.282	0.478	0.239	0.001
0.997	0.001	0.001	0.001
0.001	0.001	0.717	0.281
0.001	0.001	0.760	0.238
0.001	0.238	0.760	0.001
0.724	0.001	0.239	0.036
0.001	0.001	0.997	0.001
>WGCTGAASCTGG	3-WGCTGAASCTGG	8.449545	-8.323187	0	T:3.0(37.50%),B:36.0(1.67%),P:1e-3	Tpos:57.0,Tstd:27.7,Bpos:48.5,Bstd:27.8,StrandBias:0.0,Multiplicity:1.33
0.420	0.001	0.193	0.386
0.001	0.193	0.613	0.193
0.001	0.613	0.193	0.193
0.001	0.001	0.001	0.997
0.001	0.001	0.997	0.001
0.777	0.221	0.001	0.001
0.613	0.385	0.001	0.001
0.001	0.386	0.420	0.193
0.193	0.415	0.193	0.198
0.001	0.001	0.192	0.806
0.192	0.001	0.806	0.001
0.029	0.193	0.777	0.001
>TGGTGCATCTGC	4-TGGTGCATCTGC	8.463612	-5.278577	0	T:2.0(25.00%),B:30.0(1.39%),P:1e-2	Tpos:21.0,Tstd:9.0,Bpos:46.6,Bstd:24.3,StrandBias:0.0,Multiplicity:1.00
0.100	0.100	0.100	0.700
0.100	0.100	0.700	0.100
0.100	0.100	0.700	0.100
0.100	0.100	0.100	0.700
0.100	0.100	0.700	0.100
0.100	0.700	0.100	0.100
0.700	0.100	0.100	0.100
0.100	0.100	0.100	0.700
0.100	0.700	0.100	0.100
0.100	0.100	0.100	0.700
0.100	0.100	0.700	0.100
0.100	0.700	0.100	0.100
>AGACAGGAGGAG	5-AGACAGGAGGAG	12.355432	-4.909437	0	T:1.0(12.50%),B:2.0(0.09%),P:1e-2	Tpos:75.0,Tstd:0.0,Bpos:34.5,Bstd:20.5,StrandBias:-10.0,Multiplicity:1.00
0.700	0.100	0.100	0.100
0.100	0.100	0.700	0.100
0.700	0.100	0.100	0.100
0.100	0.700	0.100	0.100
0.700	0.100	0.100	0.100
0.100	0.100	0.700	0.100
0.100	0.100	0.700	0.100
0.700	0.100	0.100	0.100
0.100	0.100	0.700	0.100
0.100	0.100	0.700	0.100
0.700	0.100	0.100	0.100
0.100	0.100	0.700	0.100
