>WCCAGTSACTGG	1-WCCAGTSACTGG	13.541878	-12.027224	0	T:2.0(25.00%),B:0.0(0.00%),P:1e-5	Tpos:34.0,Tstd:18.0,Bpos:0.0,Bstd:0.0,StrandBias:0.0,Multiplicity:1.00
0.499	0.001	0.001	0.499
0.001	0.997	0.001	0.001
0.001	0.997	0.001	0.001
0.997	0.001	0.001	0.001
0.001	0.001	0.997	0.001
0.001	0.249	0.001	0.749
0.001	0.499	0.499	0.001
0.749	0.001	0.249	0.001
0.001	0.997	0.001	0.001
0.001	0.001	0.001	0.997
0.001	0.001	0.997	0.001
0.001	0.001	0.997	0.001
>GGAGATGGAAGR	2-GGAGATGGAAGR	9.451829	-8.578972	0	T:3.0(37.50%),B:33.0(1.53%),P:1e-3	Tpos:23.0,Tstd:16.3,Bpos:40.6,Bstd:23.8,StrandBias:-10.0,Multiplicity:1.00
0.239	0.001	0.521	0.239
0.001	0.001	0.997	0.001
0.997	0.001	0.001	0.001
0.246	0.036	0.479	0.239
0.521	0.239	0.239	0.001
0.001	0.001	0.275	0.723
0.001	0.001	0.760	0.238
0.238	0.001	0.760	0.001
0.521	0.001	0.239	0.239
0.760	0.001	0.001	0.238
0.238	0.001	0.760	0.001
0.484	0.001	0.514	0.001
>CTGAGAGAGGTG	3-CTGAGAGAGGTG	12.355432	-5.600966	0	T:1.0(12.50%),B:1.0(0.05%),P:1e-2	Tpos:87.0,Tstd:0.0,Bpos:26.0,Bstd:0.0,StrandBias:10.0,Multiplicity:1.00
0.100	0.700	0.100	0.100
0.100	0.100	0.100	0.700
0.100	0.100	0.700	0.100
0.700	0.100	0.100	0.100
0.100	0.100	0.700	0.100
0.700	0.100	0.100	0.100
0.100	0.100	0.700	0.100
0.700	0.100	0.100	0.100
0.100	0.100	0.700	0.100
0.100	0.100	0.700	0.100
0.100	0.100	0.100	0.700
0.100	0.100	0.700	0.100
>CTKGKCTASAGG	4-CTKGKCTASAGG	11.613980	-5.600966	0	T:1.0(12.50%),B:1.0(0.05%),P:1e-2	Tpos:23.0,Tstd:0.0,Bpos:82.0,Bstd:0.0,StrandBias:10.0,Multiplicity:1.00
0.001	0.760	0.001	0.238
0.001	0.238	0.001	0.760
0.001	0.001	0.520	0.478
0.001	0.001	0.997	0.001
0.001	0.001	0.520	0.478
0.238	0.760	0.001	0.001
0.001	0.238	0.001	0.760
0.521	0.239	0.239	0.001
0.001	0.478	0.520	0.001
0.521	0.001	0.239	0.239
0.001	0.001	0.997	0.001
0.239	0.239	0.521	0.001
>TCCCAGCACTCA	5-TCCCAGCACTCA	12.355432	-4.909437	0	T:1.0(12.50%),B:2.0(0.09%),P:1e-2	Tpos:84.0,Tstd:0.0,Bpos:19.5,Bstd:3.5,StrandBias:10.0,Multiplicity:1.00
0.100	0.100	0.100	0.700
0.100	0.700	0.100	0.100
0.100	0.700	0.100	0.100
0.100	0.700	0.100	0.100
0.700	0.100	0.100	0.100
0.100	0.100	0.700	0.100
0.100	0.700	0.100	0.100
0.700	0.100	0.100	0.100
0.100	0.700	0.100	0.100
0.100	0.100	0.100	0.700
0.100	0.700	0.100	0.100
0.700	0.100	0.100	0.100
