>CTCGGGACCCGC	1-CTCGGGACCCGC	6.789331	-19.012750	0	T:3.0(37.50%),B:1.0(0.05%),P:1e-8	Tpos:47.3,Tstd:33.4,Bpos:91.0,Bstd:0.0,StrandBias:1.0,Multiplicity:1.00
0.001	0.923	0.001	0.075
0.001	0.001	0.001	0.997
0.001	0.997	0.001	0.001
0.001	0.001	0.923	0.075
0.001	0.001	0.997	0.001
0.001	0.001	0.997	0.001
0.923	0.001	0.001	0.075
0.001	0.848	0.150	0.001
0.001	0.923	0.001	0.075
0.075	0.849	0.001	0.075
0.001	0.001	0.997	0.001
0.001	0.997	0.001	0.001
>MARAGRKCCSRG	2-MARAGRKCCSRG	6.272688	-16.891390	0	T:4.0(50.00%),B:11.0(0.51%),P:1e-7	Tpos:34.8,Tstd:21.4,Bpos:33.8,Bstd:22.1,StrandBias:1.6,Multiplicity:1.00
0.540	0.458	0.001	0.001
0.929	0.069	0.001	0.001
0.459	0.069	0.459	0.012
0.997	0.001	0.001	0.001
0.001	0.001	0.997	0.001
0.470	0.001	0.528	0.001
0.081	0.001	0.459	0.459
0.001	0.997	0.001	0.001
0.001	0.997	0.001	0.001
0.001	0.540	0.458	0.001
0.540	0.001	0.458	0.001
0.001	0.001	0.997	0.001
>GBTGGCCGACGT	3-GBTGGCCGACGT	9.482807	-13.646152	0	T:3.0(37.50%),B:6.0(0.28%),P:1e-5	Tpos:49.0,Tstd:25.6,Bpos:71.3,Bstd:24.1,StrandBias:0.0,Multiplicity:1.33
0.001	0.001	0.997	0.001
0.056	0.315	0.315	0.315
0.001	0.001	0.001	0.997
0.001	0.314	0.684	0.001
0.314	0.001	0.684	0.001
0.001	0.684	0.314	0.001
0.001	0.628	0.001	0.370
0.001	0.001	0.684	0.314
0.684	0.001	0.001	0.314
0.001	0.684	0.314	0.001
0.001	0.001	0.997	0.001
0.314	0.001	0.001	0.684
>GGGRRGAAATGG	4-GGGRRGAAATGG	9.465256	-8.491162	0	T:3.0(37.50%),B:34.0(1.57%),P:1e-3	Tpos:51.2,Tstd:31.1,Bpos:59.3,Bstd:25.1,StrandBias:-1.6,Multiplicity:1.00
0.238	0.001	0.760	0.001
0.282	0.001	0.478	0.239
0.001	0.001	0.997	0.001
0.478	0.001	0.520	0.001
0.478	0.001	0.520	0.001
0.238	0.001	0.760	0.001
0.521	0.001	0.239	0.239
0.997	0.001	0.001	0.001
0.760	0.001	0.001	0.238
0.239	0.001	0.239	0.521
0.001	0.001	0.997	0.001
0.239	0.001	0.521	0.239
>GTGGGCCACCAC	5-GTGGGCCACCAC	12.355432	-4.909437	0	T:1.0(12.50%),B:2.0(0.09%),P:1e-2	Tpos:76.0,Tstd:0.0,Bpos:55.5,Bstd:9.5,StrandBias:-10.0,Multiplicity:1.00
0.100	0.100	0.700	0.100
0.100	0.100	0.100	0.700
0.100	0.100	0.700	0.100
0.100	0.100	0.700	0.100
0.100	0.100	0.700	0.100
0.100	0.700	0.100	0.100
0.100	0.700	0.100	0.100
0.700	0.100	0.100	0.100
0.100	0.700	0.100	0.100
0.100	0.700	0.100	0.100
0.700	0.100	0.100	0.100
0.100	0.700	0.100	0.100
