>ACKSAKRYKKST	1-ACKSAKRYKKST	11.039056	-20.882002	0	T:3.0(60.00%),B:1.0(0.04%),P:1e-9	Tpos:39.0,Tstd:34.2,Bpos:56.0,Bstd:0.0,StrandBias:1.0,Multiplicity:1.00
0.997	0.001	0.001	0.001
0.001	0.997	0.001	0.001
0.001	0.001	0.461	0.537
0.001	0.461	0.537	0.001
0.997	0.001	0.001	0.001
0.001	0.001	0.537	0.461
0.461	0.001	0.537	0.001
0.001	0.461	0.001	0.537
0.001	0.001	0.537	0.461
0.001	0.001	0.461	0.537
0.001	0.537	0.461	0.001
0.001	0.001	0.001	0.997
>ACGMMGTYCTWS	2-ACGMMGTYCTWS	12.974042	-13.154247	0	T:2.0(40.00%),B:0.0(0.00%),P:1e-5	Tpos:52.0,Tstd:5.0,Bpos:0.0,Bstd:0.0,StrandBias:0.0,Multiplicity:1.00
0.924	0.001	0.074	0.001
0.001	0.997	0.001	0.001
0.001	0.001	0.997	0.001
0.461	0.537	0.001	0.001
0.462	0.462	0.001	0.075
0.001	0.001	0.997	0.001
0.001	0.001	0.001	0.997
0.001	0.461	0.001	0.537
0.001	0.997	0.001	0.001
0.001	0.001	0.001	0.997
0.537	0.001	0.001	0.461
0.001	0.461	0.537	0.001
>GCTGAGGATATV	3-GCTGAGGATATV	11.492121	-13.154247	0	T:2.0(40.00%),B:1.0(0.04%),P:1e-5	Tpos:37.0,Tstd:2.0,Bpos:94.0,Bstd:0.0,StrandBias:-10.0,Multiplicity:1.00
0.001	0.001	0.683	0.315
0.001	0.997	0.001	0.001
0.315	0.001	0.001	0.683
0.001	0.367	0.631	0.001
0.683	0.001	0.315	0.001
0.001	0.001	0.997	0.001
0.001	0.001	0.997	0.001
0.683	0.001	0.315	0.001
0.001	0.001	0.367	0.631
0.683	0.315	0.001	0.001
0.001	0.001	0.315	0.683
0.316	0.316	0.367	0.001
>CRKAGYSYCATY	4-CRKAGYSYCATY	5.428797	-11.011739	0	T:3.0(60.00%),B:27.0(1.19%),P:1e-4	Tpos:46.2,Tstd:20.0,Bpos:44.5,Bstd:25.4,StrandBias:0.0,Multiplicity:1.33
0.001	0.997	0.001	0.001
0.537	0.001	0.461	0.001
0.001	0.001	0.537	0.461
0.924	0.001	0.001	0.074
0.001	0.001	0.997	0.001
0.001	0.461	0.001	0.537
0.001	0.461	0.537	0.001
0.001	0.537	0.001	0.461
0.001	0.997	0.001	0.001
0.997	0.001	0.001	0.001
0.001	0.001	0.064	0.934
0.001	0.462	0.065	0.472
>GWSTKYWRGKWA	5-GWSTKYWRGKWA	11.039056	-10.958784	0	T:2.0(40.00%),B:3.0(0.13%),P:1e-4	Tpos:56.0,Tstd:35.7,Bpos:74.2,Bstd:10.2,StrandBias:1.0,Multiplicity:1.50
0.001	0.001	0.997	0.001
0.461	0.001	0.001	0.537
0.001	0.537	0.461	0.001
0.001	0.001	0.001	0.997
0.001	0.001	0.461	0.537
0.001	0.461	0.001	0.537
0.537	0.001	0.001	0.461
0.537	0.001	0.461	0.001
0.001	0.001	0.997	0.001
0.001	0.001	0.537	0.461
0.537	0.001	0.001	0.461
0.997	0.001	0.001	0.001
