>SCCCCATCMCYS	1-SCCCCATCMCYS	10.779281	-20.858340	0	T:4.0(10.53%),B:1.0(0.03%),P:1e-9	Tpos:38.4,Tstd:8.8,Bpos:23.0,Bstd:0.0,StrandBias:-0.6,Multiplicity:1.25
0.001	0.550	0.448	0.001
0.001	0.997	0.001	0.001
0.001	0.997	0.001	0.001
0.001	0.965	0.001	0.033
0.001	0.997	0.001	0.001
0.965	0.001	0.001	0.033
0.001	0.001	0.001	0.997
0.001	0.997	0.001	0.001
0.448	0.550	0.001	0.001
0.001	0.997	0.001	0.001
0.001	0.448	0.001	0.550
0.001	0.448	0.550	0.001
>TGGAATGTGGGC	2-TGGAATGTGGGC	12.680834	-20.858340	0	T:4.0(10.53%),B:1.0(0.03%),P:1e-9	Tpos:40.0,Tstd:31.0,Bpos:33.0,Bstd:0.0,StrandBias:0.0,Multiplicity:1.00
0.001	0.001	0.001	0.997
0.249	0.001	0.749	0.001
0.001	0.001	0.997	0.001
0.997	0.001	0.001	0.001
0.997	0.001	0.001	0.001
0.001	0.001	0.001	0.997
0.001	0.249	0.749	0.001
0.001	0.001	0.249	0.749
0.001	0.001	0.749	0.249
0.249	0.001	0.749	0.001
0.249	0.001	0.749	0.001
0.001	0.997	0.001	0.001
>AGCTTTTCCACC	3-AGCTTTTCCACC	11.128460	-18.094741	0	T:4.0(10.53%),B:2.0(0.07%),P:1e-7	Tpos:55.8,Tstd:5.3,Bpos:6.0,Bstd:0.0,StrandBias:0.0,Multiplicity:1.00
0.689	0.001	0.001	0.309
0.001	0.309	0.689	0.001
0.001	0.997	0.001	0.001
0.070	0.001	0.001	0.928
0.001	0.001	0.001	0.997
0.001	0.001	0.001	0.997
0.001	0.001	0.001	0.997
0.001	0.689	0.309	0.001
0.379	0.619	0.001	0.001
0.997	0.001	0.001	0.001
0.001	0.689	0.309	0.001
0.309	0.689	0.001	0.001
>ACCTCAGTATCA	4-ACCTCAGTATCA	7.995836	-11.317413	0	T:7.0(18.42%),B:63.0(2.08%),P:1e-4	Tpos:46.2,Tstd:25.7,Bpos:53.0,Bstd:23.2,StrandBias:-1.8,Multiplicity:1.29
0.826	0.001	0.001	0.172
0.275	0.584	0.140	0.001
0.237	0.676	0.086	0.001
0.065	0.051	0.001	0.883
0.259	0.654	0.001	0.086
0.997	0.001	0.001	0.001
0.151	0.224	0.432	0.192
0.173	0.086	0.189	0.552
0.654	0.086	0.086	0.174
0.174	0.173	0.018	0.635
0.052	0.797	0.065	0.086
0.568	0.172	0.001	0.259
>CCCCCCCCCCCC	5-CCCCCCCCCCCC	12.456761	-6.294695	0	T:2.0(5.26%),B:5.0(0.17%),P:1e-2	Tpos:75.8,Tstd:32.4,Bpos:29.8,Bstd:28.2,StrandBias:-2.0,Multiplicity:1.00
0.344	0.654	0.001	0.001
0.001	0.997	0.001	0.001
0.001	0.997	0.001	0.001
0.309	0.689	0.001	0.001
0.309	0.689	0.001	0.001
0.309	0.689	0.001	0.001
0.001	0.997	0.001	0.001
0.001	0.997	0.001	0.001
0.001	0.997	0.001	0.001
0.001	0.997	0.001	0.001
0.001	0.997	0.001	0.001
0.035	0.654	0.310	0.001
