>TGCGTTTGTG	1-TGCGTTTGTG	12.329821	-15.012412	0	T:3.0(7.89%),B:0.0(0.00%),P:1e-6	Tpos:56.3,Tstd:17.9,Bpos:0.0,Bstd:0.0,StrandBias:1.0,Multiplicity:1.00
0.001	0.001	0.001	0.997
0.001	0.001	0.997	0.001
0.001	0.997	0.001	0.001
0.001	0.001	0.997	0.001
0.001	0.001	0.001	0.997
0.001	0.332	0.001	0.666
0.001	0.332	0.001	0.666
0.001	0.001	0.997	0.001
0.001	0.001	0.001	0.997
0.001	0.001	0.997	0.001
>TAWWKARTGA	2-TAWWKARTGA	7.696099	-10.151918	0	T:4.0(10.53%),B:15.0(0.50%),P:1e-4	Tpos:53.8,Tstd:25.2,Bpos:55.4,Bstd:24.7,StrandBias:-1.0,Multiplicity:1.25
0.001	0.001	0.001	0.997
0.997	0.001	0.001	0.001
0.512	0.001	0.038	0.449
0.448	0.001	0.001	0.550
0.001	0.001	0.550	0.448
0.997	0.001	0.001	0.001
0.550	0.001	0.448	0.001
0.001	0.001	0.001	0.997
0.025	0.001	0.973	0.001
0.997	0.001	0.001	0.001
>CCVACTGTBD	3-CCVACTGTBD	8.214841	-9.067089	0	T:8.0(21.05%),B:122.0(4.03%),P:1e-3	Tpos:55.8,Tstd:22.9,Bpos:48.6,Bstd:24.8,StrandBias:1.2,Multiplicity:1.50
0.015	0.983	0.001	0.001
0.348	0.636	0.001	0.015
0.284	0.380	0.335	0.001
0.997	0.001	0.001	0.001
0.001	0.662	0.001	0.336
0.295	0.001	0.001	0.703
0.001	0.001	0.997	0.001
0.001	0.001	0.001	0.997
0.001	0.350	0.381	0.268
0.286	0.001	0.377	0.336
>WGGGGGAGAG	4-WGGGGGAGAG	9.448065	-6.734643	0	T:5.0(13.16%),B:64.0(2.12%),P:1e-2	Tpos:49.9,Tstd:32.2,Bpos:51.8,Bstd:26.1,StrandBias:-10.0,Multiplicity:1.60
0.500	0.001	0.001	0.498
0.261	0.016	0.722	0.001
0.010	0.001	0.793	0.196
0.012	0.001	0.986	0.001
0.250	0.001	0.748	0.001
0.001	0.261	0.722	0.016
0.997	0.001	0.001	0.001
0.001	0.001	0.997	0.001
0.691	0.001	0.307	0.001
0.220	0.001	0.778	0.001
>CACACACACA	5-CACACACACA	6.296533	-4.132849	0	T:5.0(13.16%),B:119.0(3.93%),P:1e-1	Tpos:32.4,Tstd:21.3,Bpos:50.1,Bstd:26.9,StrandBias:3.5,Multiplicity:1.00
0.186	0.552	0.131	0.131
0.660	0.135	0.093	0.112
0.168	0.621	0.136	0.075
0.644	0.131	0.113	0.112
0.098	0.641	0.093	0.168
0.565	0.229	0.131	0.075
0.149	0.529	0.136	0.186
0.692	0.130	0.094	0.084
0.168	0.585	0.149	0.098
0.514	0.113	0.112	0.261
