>GTAGGTAGGTAG	1-GTAGGTAGGTAG	8.251412	-18.961332	0	T:7.0(18.42%),B:20.0(0.66%),P:1e-8	Tpos:60.1,Tstd:26.6,Bpos:42.7,Bstd:24.5,StrandBias:1.6,Multiplicity:1.29
0.190	0.001	0.808	0.001
0.001	0.001	0.001	0.997
0.616	0.001	0.382	0.001
0.191	0.001	0.617	0.191
0.205	0.001	0.793	0.001
0.001	0.190	0.001	0.808
0.793	0.001	0.205	0.001
0.001	0.001	0.808	0.190
0.234	0.001	0.574	0.191
0.001	0.190	0.001	0.808
0.997	0.001	0.001	0.001
0.190	0.001	0.808	0.001
>TGTCTGTCTGTC	2-TGTCTGTCTGTC	10.506374	-14.631663	0	T:5.0(13.16%),B:12.0(0.40%),P:1e-6	Tpos:34.1,Tstd:20.7,Bpos:43.0,Bstd:27.6,StrandBias:-1.8,Multiplicity:1.20
0.001	0.245	0.001	0.753
0.288	0.001	0.466	0.245
0.001	0.001	0.001	0.997
0.001	0.997	0.001	0.001
0.245	0.001	0.001	0.753
0.001	0.001	0.753	0.245
0.001	0.001	0.001	0.997
0.001	0.997	0.001	0.001
0.001	0.001	0.001	0.997
0.245	0.228	0.526	0.001
0.001	0.266	0.001	0.732
0.001	0.997	0.001	0.001
>ACACCTGWCAGC	3-ACACCTGWCAGC	9.938351	-12.150283	0	T:5.0(13.16%),B:20.0(0.66%),P:1e-5	Tpos:40.1,Tstd:31.9,Bpos:44.7,Bstd:24.3,StrandBias:0.0,Multiplicity:1.40
0.997	0.001	0.001	0.001
0.191	0.603	0.001	0.205
0.604	0.191	0.001	0.204
0.001	0.767	0.231	0.001
0.001	0.997	0.001	0.001
0.395	0.001	0.001	0.603
0.001	0.013	0.782	0.204
0.410	0.014	0.191	0.385
0.001	0.997	0.001	0.001
0.808	0.001	0.001	0.190
0.190	0.001	0.808	0.001
0.001	0.602	0.396	0.001
>TTATTTAGTTGG	4-TTATTTAGTTGG	7.453299	-4.446711	0	T:2.0(5.26%),B:13.0(0.43%),P:1e-1	Tpos:74.2,Tstd:15.0,Bpos:46.1,Bstd:25.2,StrandBias:10.0,Multiplicity:1.00
0.001	0.001	0.001	0.997
0.001	0.001	0.001	0.997
0.839	0.001	0.159	0.001
0.001	0.001	0.184	0.814
0.001	0.001	0.001	0.997
0.001	0.001	0.001	0.997
0.814	0.001	0.184	0.001
0.001	0.001	0.997	0.001
0.001	0.001	0.001	0.997
0.001	0.001	0.001	0.997
0.001	0.001	0.997	0.001
0.001	0.001	0.997	0.001
>YAGATAGATAGA	5-YAGATAGATAGA	12.513276	-4.383190	0	T:1.0(2.63%),B:0.0(0.00%),P:1e-1	Tpos:54.0,Tstd:0.0,Bpos:0.0,Bstd:0.0,StrandBias:10.0,Multiplicity:1.00
0.001	0.505	0.001	0.493
0.997	0.001	0.001	0.001
0.001	0.236	0.508	0.255
0.744	0.001	0.254	0.001
0.001	0.248	0.001	0.750
0.762	0.001	0.236	0.001
0.001	0.236	0.527	0.236
0.997	0.001	0.001	0.001
0.001	0.250	0.001	0.748
0.997	0.001	0.001	0.001
0.001	0.001	0.997	0.001
0.760	0.001	0.001	0.238
