>TACACTAC	1-TACACTAC	6.096147	-14.858963	0	T:6.0(15.00%),B:21.0(0.69%),P:1e-6	Tpos:62.7,Tstd:25.9,Bpos:52.2,Bstd:27.0,StrandBias:1.3,Multiplicity:1.17
0.001	0.001	0.001	0.997
0.784	0.001	0.001	0.214
0.001	0.997	0.001	0.001
0.846	0.001	0.001	0.152
0.001	0.997	0.001	0.001
0.001	0.001	0.001	0.997
0.997	0.001	0.001	0.001
0.001	0.960	0.038	0.001
>ATCCCACA	2-ATCCCACA	7.562125	-13.280893	0	T:11.0(27.50%),B:143.0(4.73%),P:1e-5	Tpos:48.4,Tstd:25.3,Bpos:50.2,Bstd:26.1,StrandBias:0.3,Multiplicity:1.00
0.869	0.057	0.001	0.073
0.087	0.001	0.073	0.839
0.171	0.827	0.001	0.001
0.001	0.997	0.001	0.001
0.001	0.858	0.001	0.140
0.828	0.064	0.001	0.107
0.001	0.997	0.001	0.001
0.892	0.001	0.001	0.106
>CACTGTCC	3-CACTGTCC	9.629627	-11.887361	0	T:5.0(12.50%),B:20.0(0.66%),P:1e-5	Tpos:32.8,Tstd:27.4,Bpos:43.3,Bstd:26.1,StrandBias:0.6,Multiplicity:1.00
0.001	0.761	0.237	0.001
0.997	0.001	0.001	0.001
0.001	0.997	0.001	0.001
0.001	0.001	0.001	0.997
0.001	0.001	0.997	0.001
0.001	0.001	0.001	0.997
0.001	0.997	0.001	0.001
0.001	0.997	0.001	0.001
>ACTCATGC	4-ACTCATGC	7.140521	-11.839221	0	T:8.0(20.00%),B:78.0(2.58%),P:1e-5	Tpos:45.5,Tstd:24.6,Bpos:49.9,Bstd:28.2,StrandBias:0.3,Multiplicity:1.38
0.806	0.113	0.080	0.001
0.001	0.769	0.103	0.127
0.001	0.051	0.001	0.947
0.113	0.813	0.073	0.001
0.951	0.047	0.001	0.001
0.001	0.001	0.001	0.997
0.001	0.066	0.932	0.001
0.001	0.848	0.001	0.150
>AGCTTTCA	5-AGCTTTCA	8.236954	-10.721557	0	T:3.0(7.50%),B:4.0(0.13%),P:1e-4	Tpos:34.0,Tstd:8.0,Bpos:75.0,Bstd:17.2,StrandBias:10.0,Multiplicity:1.00
0.700	0.100	0.100	0.100
0.100	0.100	0.700	0.100
0.100	0.700	0.100	0.100
0.100	0.100	0.100	0.700
0.100	0.100	0.100	0.700
0.100	0.100	0.100	0.700
0.100	0.700	0.100	0.100
0.700	0.100	0.100	0.100
