>ARGTCAGGTGAT	1-ARGTCAGGTGAT	8.783824	-15.437921	0	T:8.0(20.00%),B:48.0(1.59%),P:1e-6	Tpos:61.2,Tstd:29.5,Bpos:54.6,Bstd:25.4,StrandBias:0.0,Multiplicity:1.25
0.660	0.001	0.160	0.179
0.481	0.001	0.517	0.001
0.001	0.160	0.838	0.001
0.160	0.160	0.001	0.679
0.001	0.997	0.001	0.001
0.997	0.001	0.001	0.001
0.001	0.001	0.997	0.001
0.160	0.160	0.679	0.001
0.160	0.001	0.160	0.679
0.001	0.160	0.838	0.001
0.679	0.160	0.001	0.160
0.001	0.160	0.321	0.518
>MWWTWCTGTSTK	2-MWWTWCTGTSTK	12.397675	-12.782658	0	T:3.0(7.50%),B:2.0(0.07%),P:1e-5	Tpos:48.7,Tstd:27.1,Bpos:43.0,Bstd:14.0,StrandBias:10.0,Multiplicity:2.33
0.447	0.551	0.001	0.001
0.447	0.001	0.001	0.551
0.551	0.001	0.001	0.447
0.001	0.017	0.001	0.981
0.551	0.001	0.001	0.447
0.001	0.997	0.001	0.001
0.001	0.001	0.001	0.997
0.001	0.001	0.997	0.001
0.001	0.001	0.001	0.997
0.001	0.447	0.551	0.001
0.001	0.001	0.001	0.997
0.001	0.001	0.551	0.447
>AGAAGGAGAAAA	3-AGAAGGAGAAAA	10.409522	-12.782658	0	T:3.0(7.50%),B:2.0(0.07%),P:1e-5	Tpos:65.7,Tstd:11.1,Bpos:60.0,Bstd:22.0,StrandBias:1.0,Multiplicity:1.00
0.700	0.100	0.100	0.100
0.100	0.100	0.700	0.100
0.700	0.100	0.100	0.100
0.700	0.100	0.100	0.100
0.100	0.100	0.700	0.100
0.100	0.100	0.700	0.100
0.700	0.100	0.100	0.100
0.100	0.100	0.700	0.100
0.700	0.100	0.100	0.100
0.700	0.100	0.100	0.100
0.700	0.100	0.100	0.100
0.700	0.100	0.100	0.100
>GCMGWGTCTGCA	4-GCMGWGTCTGCA	10.886143	-8.334559	0	T:3.0(7.50%),B:9.0(0.30%),P:1e-3	Tpos:59.4,Tstd:27.3,Bpos:35.6,Bstd:21.9,StrandBias:0.0,Multiplicity:2.00
0.001	0.001	0.763	0.235
0.235	0.763	0.001	0.001
0.526	0.472	0.001	0.001
0.001	0.236	0.527	0.236
0.472	0.001	0.001	0.526
0.001	0.235	0.763	0.001
0.236	0.001	0.236	0.527
0.001	0.997	0.001	0.001
0.001	0.001	0.001	0.997
0.001	0.001	0.997	0.001
0.001	0.763	0.235	0.001
0.997	0.001	0.001	0.001
>TTTTTTTBTTTT	5-TTTTTTTBTTTT	9.796303	-6.565039	0	T:5.0(12.50%),B:63.0(2.08%),P:1e-2	Tpos:60.4,Tstd:24.5,Bpos:46.9,Bstd:24.9,StrandBias:2.3,Multiplicity:1.00
0.001	0.179	0.016	0.804
0.001	0.001	0.001	0.997
0.108	0.176	0.001	0.715
0.001	0.001	0.008	0.990
0.001	0.349	0.001	0.649
0.001	0.007	0.001	0.991
0.116	0.001	0.170	0.713
0.001	0.341	0.341	0.318
0.001	0.179	0.008	0.812
0.178	0.001	0.176	0.645
0.108	0.017	0.180	0.695
0.001	0.001	0.170	0.828
