>CAKCATAT	1-CAKCATAT	6.416656	-9.380195	0	T:10.0(26.32%),B:189.0(6.25%),P:1e-4	Tpos:45.7,Tstd:18.5,Bpos:48.7,Bstd:28.1,StrandBias:0.0,Multiplicity:1.00
0.053	0.945	0.001	0.001
0.876	0.001	0.001	0.122
0.123	0.001	0.497	0.380
0.001	0.619	0.379	0.001
0.589	0.233	0.001	0.177
0.001	0.288	0.032	0.679
0.876	0.001	0.001	0.122
0.001	0.001	0.001	0.997
>GCTATGGC	2-GCTATGGC	9.299528	-9.046062	0	T:4.0(10.53%),B:20.0(0.66%),P:1e-3	Tpos:50.9,Tstd:28.8,Bpos:46.1,Bstd:24.8,StrandBias:1.6,Multiplicity:2.00
0.001	0.001	0.997	0.001
0.001	0.755	0.243	0.001
0.001	0.001	0.001	0.997
0.997	0.001	0.001	0.001
0.001	0.001	0.001	0.997
0.001	0.001	0.997	0.001
0.299	0.001	0.699	0.001
0.001	0.997	0.001	0.001
>GATGCTAC	3-GATGCTAC	9.048358	-6.189527	0	T:3.0(7.89%),B:20.0(0.66%),P:1e-2	Tpos:65.2,Tstd:21.9,Bpos:47.5,Bstd:25.3,StrandBias:-0.6,Multiplicity:1.67
0.001	0.001	0.997	0.001
0.817	0.001	0.001	0.181
0.001	0.001	0.001	0.997
0.001	0.001	0.997	0.001
0.001	0.997	0.001	0.001
0.001	0.001	0.001	0.997
0.730	0.268	0.001	0.001
0.001	0.997	0.001	0.001
>CCATAGTT	4-CCATAGTT	6.286194	-5.584750	0	T:6.0(15.79%),B:121.0(4.00%),P:1e-2	Tpos:56.9,Tstd:13.7,Bpos:46.7,Bstd:28.2,StrandBias:0.7,Multiplicity:1.33
0.072	0.864	0.001	0.063
0.177	0.601	0.106	0.116
0.538	0.001	0.265	0.196
0.178	0.054	0.036	0.732
0.876	0.001	0.122	0.001
0.001	0.001	0.926	0.072
0.105	0.001	0.036	0.858
0.117	0.232	0.001	0.650
>AACAGTTY	5-AACAGTTY	7.009242	-5.407418	0	T:7.0(18.42%),B:168.0(5.55%),P:1e-2	Tpos:54.7,Tstd:26.5,Bpos:50.6,Bstd:27.6,StrandBias:-3.5,Multiplicity:1.71
0.908	0.001	0.090	0.001
0.997	0.001	0.001	0.001
0.342	0.656	0.001	0.001
0.568	0.001	0.343	0.088
0.001	0.060	0.938	0.001
0.001	0.090	0.001	0.908
0.001	0.119	0.297	0.583
0.119	0.494	0.001	0.385
