>CTTCTGAGAT	1-CTTCTGAGAT	9.729436	-24.877390	0	T:7.0(17.50%),B:8.0(0.26%),P:1e-10	Tpos:57.3,Tstd:27.2,Bpos:62.0,Bstd:23.0,StrandBias:-0.4,Multiplicity:1.00
0.235	0.763	0.001	0.001
0.001	0.235	0.001	0.763
0.001	0.001	0.001	0.997
0.001	0.997	0.001	0.001
0.001	0.001	0.001	0.997
0.001	0.016	0.982	0.001
0.527	0.236	0.236	0.001
0.001	0.001	0.997	0.001
0.709	0.054	0.236	0.001
0.001	0.001	0.001	0.997
>CTKCTGTGTC	2-CTKCTGTGTC	9.847160	-19.204404	0	T:6.0(15.00%),B:10.0(0.33%),P:1e-8	Tpos:39.1,Tstd:21.9,Bpos:44.4,Bstd:28.6,StrandBias:0.4,Multiplicity:1.17
0.001	0.997	0.001	0.001
0.001	0.001	0.235	0.763
0.054	0.001	0.472	0.472
0.001	0.763	0.001	0.235
0.001	0.001	0.001	0.997
0.001	0.001	0.997	0.001
0.001	0.235	0.001	0.763
0.001	0.001	0.997	0.001
0.001	0.235	0.001	0.763
0.001	0.997	0.001	0.001
>GAAGSWYCCS	3-GAAGSWYCCS	10.977236	-14.852925	0	T:3.0(7.50%),B:1.0(0.03%),P:1e-6	Tpos:31.0,Tstd:24.8,Bpos:19.0,Bstd:0.0,StrandBias:1.0,Multiplicity:1.00
0.001	0.001	0.997	0.001
0.997	0.001	0.001	0.001
0.965	0.001	0.001	0.033
0.001	0.001	0.997	0.001
0.001	0.551	0.447	0.001
0.447	0.001	0.001	0.551
0.001	0.447	0.001	0.551
0.001	0.997	0.001	0.001
0.001	0.965	0.001	0.033
0.001	0.447	0.551	0.001
>GGTTCTRATG	4-GGTTCTRATG	11.398811	-12.782658	0	T:3.0(7.50%),B:2.0(0.07%),P:1e-5	Tpos:50.2,Tstd:24.4,Bpos:50.0,Bstd:18.0,StrandBias:-2.0,Multiplicity:1.67
0.001	0.001	0.997	0.001
0.001	0.239	0.759	0.001
0.001	0.001	0.001	0.997
0.001	0.001	0.001	0.997
0.001	0.759	0.239	0.001
0.001	0.001	0.001	0.997
0.519	0.001	0.479	0.001
0.997	0.001	0.001	0.001
0.001	0.001	0.001	0.997
0.001	0.001	0.997	0.001
>CCACACAGCC	5-CCACACAGCC	7.822110	-8.250455	0	T:8.0(20.00%),B:130.0(4.30%),P:1e-3	Tpos:38.8,Tstd:26.3,Bpos:48.2,Bstd:26.7,StrandBias:0.5,Multiplicity:1.50
0.113	0.773	0.001	0.113
0.001	0.660	0.113	0.226
0.791	0.113	0.001	0.095
0.001	0.997	0.001	0.001
0.706	0.198	0.001	0.095
0.001	0.997	0.001	0.001
0.886	0.001	0.001	0.112
0.084	0.001	0.914	0.001
0.227	0.537	0.123	0.113
0.226	0.772	0.001	0.001
