>CTGCTTAA	1-CTGCTTAA	9.654628	-15.256612	0	T:5.0(12.50%),B:10.0(0.33%),P:1e-6	Tpos:72.0,Tstd:17.2,Bpos:49.9,Bstd:34.8,StrandBias:-0.6,Multiplicity:1.00
0.001	0.997	0.001	0.001
0.001	0.001	0.001	0.997
0.001	0.001	0.997	0.001
0.001	0.997	0.001	0.001
0.243	0.001	0.001	0.755
0.001	0.001	0.001	0.997
0.997	0.001	0.001	0.001
0.997	0.001	0.001	0.001
>AGTTCAGA	2-AGTTCAGA	7.022029	-14.676573	0	T:11.0(27.50%),B:124.0(4.10%),P:1e-6	Tpos:57.2,Tstd:21.2,Bpos:45.0,Bstd:25.0,StrandBias:0.5,Multiplicity:1.09
0.537	0.118	0.207	0.138
0.129	0.178	0.675	0.018
0.001	0.069	0.001	0.929
0.001	0.001	0.103	0.895
0.001	0.997	0.001	0.001
0.933	0.001	0.001	0.065
0.001	0.079	0.582	0.338
0.911	0.001	0.001	0.087
>GTGCAGCA	3-GTGCAGCA	7.478850	-13.420305	0	T:10.0(25.00%),B:112.0(3.70%),P:1e-5	Tpos:45.7,Tstd:30.5,Bpos:53.0,Bstd:27.7,StrandBias:0.8,Multiplicity:1.10
0.001	0.048	0.852	0.099
0.051	0.001	0.001	0.947
0.001	0.001	0.997	0.001
0.001	0.930	0.068	0.001
0.793	0.001	0.205	0.001
0.078	0.001	0.920	0.001
0.099	0.801	0.099	0.001
0.845	0.076	0.001	0.078
>TATCTTTT	4-TATCTTTT	7.533551	-12.321558	0	T:8.0(20.00%),B:73.0(2.41%),P:1e-5	Tpos:68.4,Tstd:26.7,Bpos:50.8,Bstd:26.6,StrandBias:0.3,Multiplicity:1.12
0.094	0.067	0.126	0.713
0.851	0.067	0.053	0.029
0.093	0.001	0.001	0.905
0.141	0.777	0.001	0.081
0.001	0.001	0.001	0.997
0.141	0.001	0.001	0.857
0.001	0.001	0.001	0.997
0.001	0.001	0.001	0.997
>CCCCCCTG	5-CCCCCCTG	8.236954	-9.523488	0	T:3.0(7.50%),B:6.0(0.20%),P:1e-4	Tpos:46.7,Tstd:36.4,Bpos:35.8,Bstd:23.8,StrandBias:1.0,Multiplicity:1.00
0.100	0.700	0.100	0.100
0.100	0.700	0.100	0.100
0.100	0.700	0.100	0.100
0.100	0.700	0.100	0.100
0.100	0.700	0.100	0.100
0.100	0.700	0.100	0.100
0.100	0.100	0.100	0.700
0.100	0.100	0.700	0.100
