>TGGAGAGA	1-TGGAGAGA	7.079113	-16.210147	0	T:43.0(18.30%),B:11459.0(7.66%),P:1e-7	Tpos:51.7,Tstd:27.0,Bpos:49.9,Bstd:27.3,StrandBias:0.2,Multiplicity:1.09
0.028	0.035	0.080	0.857
0.001	0.001	0.997	0.001
0.001	0.069	0.906	0.024
0.997	0.001	0.001	0.001
0.067	0.030	0.902	0.001
0.997	0.001	0.001	0.001
0.215	0.001	0.783	0.001
0.816	0.040	0.062	0.082
>TCTTAACT	2-TCTTAACT	6.507027	-15.036980	0	T:29.0(12.34%),B:6320.0(4.22%),P:1e-6	Tpos:45.2,Tstd:26.3,Bpos:49.7,Bstd:27.4,StrandBias:0.4,Multiplicity:1.07
0.001	0.001	0.001	0.997
0.001	0.933	0.034	0.032
0.073	0.100	0.126	0.701
0.035	0.033	0.019	0.913
0.813	0.136	0.019	0.032
0.960	0.001	0.001	0.038
0.001	0.838	0.116	0.045
0.038	0.088	0.001	0.873
>GGATGCYA	3-GGATGCYA	7.779185	-11.639296	0	T:21.0(8.94%),B:4434.0(2.96%),P:1e-5	Tpos:44.8,Tstd:24.1,Bpos:49.4,Bstd:27.4,StrandBias:0.0,Multiplicity:1.05
0.113	0.001	0.885	0.001
0.001	0.188	0.810	0.001
0.835	0.163	0.001	0.001
0.001	0.001	0.001	0.997
0.001	0.001	0.997	0.001
0.001	0.997	0.001	0.001
0.001	0.515	0.001	0.483
0.997	0.001	0.001	0.001
>TACGCCCC	4-TACGCCCC	9.698901	-10.622335	0	T:5.0(2.13%),B:211.0(0.14%),P:1e-4	Tpos:63.0,Tstd:17.0,Bpos:53.1,Bstd:24.6,StrandBias:-0.6,Multiplicity:1.00
0.001	0.001	0.001	0.997
0.997	0.001	0.001	0.001
0.001	0.997	0.001	0.001
0.001	0.001	0.997	0.001
0.001	0.997	0.001	0.001
0.254	0.744	0.001	0.001
0.001	0.997	0.001	0.001
0.001	0.997	0.001	0.001
>TKTTTTTT	5-TKTTTTTT	6.365815	-6.873452	0	T:32.0(13.62%),B:11390.0(7.61%),P:1e-2	Tpos:46.2,Tstd:22.3,Bpos:51.2,Bstd:26.5,StrandBias:0.9,Multiplicity:1.25
0.001	0.148	0.116	0.735
0.143	0.006	0.430	0.420
0.136	0.001	0.109	0.754
0.325	0.001	0.080	0.594
0.001	0.001	0.085	0.913
0.008	0.150	0.132	0.710
0.090	0.130	0.123	0.657
0.001	0.001	0.254	0.744
