>GGAARGVAAGGA	1-GGAARGVAAGGA	9.987374	-22.284382	0	T:13.0(5.53%),B:720.0(0.48%),P:1e-9	Tpos:54.4,Tstd:25.8,Bpos:49.1,Bstd:26.1,StrandBias:0.0,Multiplicity:1.08
0.001	0.001	0.674	0.324
0.089	0.001	0.909	0.001
0.848	0.001	0.001	0.150
0.997	0.001	0.001	0.001
0.471	0.141	0.382	0.007
0.001	0.116	0.714	0.169
0.271	0.302	0.315	0.112
0.994	0.004	0.001	0.001
0.823	0.001	0.007	0.169
0.001	0.001	0.853	0.145
0.001	0.001	0.997	0.001
0.997	0.001	0.001	0.001
>YAGACASTAACA	2-YAGACASTAACA	7.722048	-21.383876	0	T:21.0(8.94%),B:2447.0(1.64%),P:1e-9	Tpos:37.8,Tstd:19.3,Bpos:50.3,Bstd:26.1,StrandBias:1.3,Multiplicity:1.05
0.001	0.494	0.112	0.393
0.887	0.111	0.001	0.001
0.398	0.001	0.600	0.001
0.775	0.001	0.114	0.110
0.001	0.721	0.277	0.001
0.582	0.002	0.300	0.116
0.001	0.430	0.568	0.001
0.001	0.001	0.001	0.997
0.713	0.206	0.079	0.002
0.546	0.269	0.075	0.110
0.110	0.591	0.298	0.001
0.623	0.077	0.298	0.002
>AAGTAGAAACAG	3-AAGTAGAAACAG	14.673920	-21.049893	0	T:5.0(2.13%),B:25.0(0.02%),P:1e-9	Tpos:36.2,Tstd:19.0,Bpos:57.2,Bstd:22.4,StrandBias:-2.0,Multiplicity:1.00
0.997	0.001	0.001	0.001
0.997	0.001	0.001	0.001
0.001	0.001	0.997	0.001
0.001	0.201	0.001	0.797
0.997	0.001	0.001	0.001
0.001	0.001	0.997	0.001
0.997	0.001	0.001	0.001
0.721	0.001	0.277	0.001
0.997	0.001	0.001	0.001
0.001	0.997	0.001	0.001
0.997	0.001	0.001	0.001
0.001	0.001	0.997	0.001
>AGGAGTGDGBGC	4-AGGAGTGDGBGC	13.358424	-17.715877	0	T:5.0(2.13%),B:49.0(0.03%),P:1e-7	Tpos:54.6,Tstd:29.7,Bpos:46.5,Bstd:23.9,StrandBias:0.6,Multiplicity:1.00
0.997	0.001	0.001	0.001
0.001	0.001	0.997	0.001
0.001	0.001	0.997	0.001
0.997	0.001	0.001	0.001
0.360	0.001	0.638	0.001
0.001	0.001	0.001	0.997
0.001	0.001	0.997	0.001
0.283	0.001	0.299	0.416
0.001	0.001	0.997	0.001
0.001	0.361	0.339	0.299
0.001	0.001	0.997	0.001
0.001	0.715	0.001	0.283
>GGAGAGGGAGAC	5-GGAGAGGGAGAC	9.931786	-11.867740	0	T:10.0(4.26%),B:1033.0(0.69%),P:1e-5	Tpos:45.1,Tstd:24.7,Bpos:50.6,Bstd:25.8,StrandBias:0.7,Multiplicity:1.60
0.001	0.001	0.997	0.001
0.151	0.183	0.581	0.085
0.824	0.091	0.084	0.001
0.203	0.001	0.795	0.001
0.732	0.091	0.176	0.001
0.076	0.001	0.922	0.001
0.001	0.001	0.997	0.001
0.121	0.085	0.623	0.171
0.897	0.001	0.001	0.101
0.001	0.001	0.897	0.101
0.810	0.057	0.069	0.064
0.001	0.933	0.062	0.004
