>GACTATGTTTAT	1-GACTATGTTTAT	15.115097	-21.254272	0	T:4.0(1.70%),B:7.0(0.00%),P:1e-9	Tpos:59.0,Tstd:13.1,Bpos:51.7,Bstd:22.6,StrandBias:-1.6,Multiplicity:1.00
0.001	0.345	0.653	0.001
0.653	0.001	0.001	0.345
0.001	0.997	0.001	0.001
0.001	0.001	0.001	0.997
0.997	0.001	0.001	0.001
0.001	0.001	0.001	0.997
0.001	0.001	0.997	0.001
0.001	0.001	0.001	0.997
0.001	0.001	0.001	0.997
0.001	0.001	0.001	0.997
0.997	0.001	0.001	0.001
0.001	0.001	0.001	0.997
>GTCAGGCACCCT	2-GTCAGGCACCCT	12.355432	-19.096621	0	T:3.0(1.28%),B:2.0(0.00%),P:1e-8	Tpos:28.0,Tstd:4.1,Bpos:62.5,Bstd:14.5,StrandBias:1.0,Multiplicity:1.00
0.100	0.100	0.700	0.100
0.100	0.100	0.100	0.700
0.100	0.700	0.100	0.100
0.700	0.100	0.100	0.100
0.100	0.100	0.700	0.100
0.100	0.100	0.700	0.100
0.100	0.700	0.100	0.100
0.700	0.100	0.100	0.100
0.100	0.700	0.100	0.100
0.100	0.700	0.100	0.100
0.100	0.700	0.100	0.100
0.100	0.100	0.100	0.700
>TGCAGGGACCTC	3-TGCAGGGACCTC	12.112858	-17.881928	0	T:6.0(2.55%),B:100.0(0.07%),P:1e-7	Tpos:62.2,Tstd:25.4,Bpos:51.4,Bstd:27.2,StrandBias:1.6,Multiplicity:1.33
0.197	0.234	0.001	0.568
0.001	0.001	0.801	0.197
0.001	0.997	0.001	0.001
0.833	0.001	0.001	0.165
0.001	0.001	0.997	0.001
0.359	0.001	0.639	0.001
0.001	0.001	0.997	0.001
0.815	0.001	0.001	0.183
0.001	0.997	0.001	0.001
0.001	0.997	0.001	0.001
0.001	0.207	0.001	0.791
0.001	0.778	0.220	0.001
>AGASARAGTBTD	4-AGASARAGTBTD	9.278458	-16.464639	0	T:15.0(6.38%),B:1635.0(1.09%),P:1e-7	Tpos:39.9,Tstd:23.6,Bpos:50.6,Bstd:25.9,StrandBias:-1.4,Multiplicity:1.20
0.905	0.001	0.093	0.001
0.073	0.001	0.925	0.001
0.778	0.001	0.220	0.001
0.001	0.521	0.477	0.001
0.928	0.067	0.004	0.001
0.495	0.001	0.503	0.001
0.776	0.001	0.130	0.093
0.001	0.067	0.931	0.001
0.005	0.302	0.110	0.583
0.001	0.405	0.317	0.277
0.001	0.216	0.225	0.558
0.262	0.129	0.245	0.365
>ATAAACAAACAR	5-ATAAACAAACAR	10.429441	-6.244967	0	T:8.0(3.40%),B:1411.0(0.94%),P:1e-2	Tpos:60.5,Tstd:26.9,Bpos:50.0,Bstd:25.1,StrandBias:1.5,Multiplicity:1.00
0.995	0.001	0.001	0.003
0.010	0.028	0.009	0.953
0.997	0.001	0.001	0.001
0.995	0.003	0.001	0.001
0.988	0.001	0.010	0.001
0.001	0.985	0.013	0.001
0.993	0.001	0.001	0.005
0.513	0.245	0.241	0.001
0.683	0.001	0.009	0.307
0.245	0.593	0.161	0.001
0.828	0.010	0.001	0.161
0.439	0.004	0.308	0.249
