>TGTAGCCTCA	1-TGTAGCCTCA	10.407174	-19.865837	0	T:11.0(4.68%),B:563.0(0.38%),P:1e-8	Tpos:60.0,Tstd:26.1,Bpos:50.5,Bstd:26.2,StrandBias:-0.2,Multiplicity:1.18
0.125	0.001	0.001	0.873
0.001	0.090	0.908	0.001
0.082	0.001	0.001	0.916
0.724	0.001	0.274	0.001
0.001	0.001	0.910	0.088
0.001	0.997	0.001	0.001
0.001	0.912	0.001	0.086
0.001	0.001	0.001	0.997
0.001	0.997	0.001	0.001
0.844	0.073	0.001	0.082
>CTCCCARYTT	2-CTCCCARYTT	7.152234	-17.113700	0	T:18.0(7.66%),B:2300.0(1.54%),P:1e-7	Tpos:42.3,Tstd:28.8,Bpos:50.0,Bstd:27.2,StrandBias:0.5,Multiplicity:1.06
0.001	0.742	0.256	0.001
0.001	0.001	0.001	0.997
0.015	0.964	0.007	0.014
0.001	0.841	0.007	0.151
0.014	0.984	0.001	0.001
0.933	0.052	0.014	0.001
0.312	0.001	0.420	0.267
0.001	0.445	0.001	0.553
0.001	0.001	0.207	0.791
0.001	0.001	0.001	0.997
>CAMDCACACA	3-CAMDCACACA	8.047232	-14.110722	0	T:24.0(10.21%),B:4791.0(3.20%),P:1e-6	Tpos:63.5,Tstd:25.7,Bpos:48.8,Bstd:27.4,StrandBias:1.9,Multiplicity:1.12
0.001	0.899	0.001	0.099
0.997	0.001	0.001	0.001
0.472	0.390	0.136	0.002
0.369	0.091	0.295	0.245
0.001	0.997	0.001	0.001
0.997	0.001	0.001	0.001
0.001	0.714	0.250	0.035
0.800	0.086	0.044	0.070
0.001	0.737	0.001	0.261
0.624	0.001	0.031	0.344
>AAATAAATAA	4-AAATAAATAA	7.773946	-7.311621	0	T:19.0(8.09%),B:5218.0(3.49%),P:1e-3	Tpos:35.5,Tstd:24.7,Bpos:50.2,Bstd:26.0,StrandBias:0.3,Multiplicity:1.11
0.774	0.001	0.193	0.032
0.846	0.048	0.105	0.001
0.907	0.048	0.044	0.001
0.040	0.131	0.080	0.749
0.722	0.168	0.109	0.001
0.896	0.034	0.024	0.046
0.707	0.175	0.117	0.001
0.028	0.143	0.068	0.761
0.821	0.023	0.108	0.048
0.839	0.058	0.001	0.102
>CATTGACGTG	5-CATTGACGTG	10.296193	-5.764805	0	T:1.0(0.43%),B:2.0(0.00%),P:1e-2	Tpos:58.0,Tstd:22.6,Bpos:55.0,Bstd:6.0,StrandBias:10.0,Multiplicity:5.00
0.100	0.700	0.100	0.100
0.700	0.100	0.100	0.100
0.100	0.100	0.100	0.700
0.100	0.100	0.100	0.700
0.100	0.100	0.700	0.100
0.700	0.100	0.100	0.100
0.100	0.700	0.100	0.100
0.100	0.100	0.700	0.100
0.100	0.100	0.100	0.700
0.100	0.100	0.700	0.100
