>TGGAGAATGTGA	1-TGGAGAATGTGA	10.510707	-21.542296	0	T:13.0(1.83%),B:262.0(0.17%),P:1e-9	Tpos:56.5,Tstd:25.2,Bpos:51.4,Bstd:26.0,StrandBias:-1.9,Multiplicity:1.08
0.001	0.001	0.001	0.997
0.001	0.001	0.997	0.001
0.112	0.001	0.886	0.001
0.796	0.001	0.202	0.001
0.202	0.001	0.685	0.112
0.788	0.001	0.001	0.210
0.920	0.001	0.078	0.001
0.178	0.171	0.090	0.561
0.001	0.001	0.927	0.071
0.211	0.113	0.090	0.586
0.001	0.001	0.997	0.001
0.886	0.001	0.001	0.112
>CTGACTTCTTCC	2-CTGACTTCTTCC	10.193144	-18.699145	0	T:9.0(1.27%),B:122.0(0.08%),P:1e-8	Tpos:61.1,Tstd:20.9,Bpos:46.1,Bstd:26.6,StrandBias:0.0,Multiplicity:1.33
0.001	0.997	0.001	0.001
0.001	0.107	0.001	0.891
0.001	0.001	0.997	0.001
0.997	0.001	0.001	0.001
0.169	0.829	0.001	0.001
0.001	0.001	0.059	0.939
0.001	0.187	0.001	0.811
0.001	0.997	0.001	0.001
0.001	0.001	0.001	0.997
0.001	0.019	0.001	0.979
0.001	0.997	0.001	0.001
0.001	0.997	0.001	0.001
>CTGTGTTCMTTT	3-CTGTGTTCMTTT	9.185091	-16.227590	0	T:24.0(3.39%),B:1442.0(0.92%),P:1e-7	Tpos:43.8,Tstd:28.2,Bpos:50.4,Bstd:26.3,StrandBias:0.4,Multiplicity:1.08
0.001	0.602	0.093	0.304
0.001	0.090	0.001	0.908
0.001	0.001	0.997	0.001
0.349	0.001	0.001	0.649
0.262	0.125	0.612	0.001
0.001	0.001	0.172	0.826
0.001	0.001	0.001	0.997
0.001	0.806	0.191	0.002
0.506	0.424	0.001	0.069
0.164	0.068	0.175	0.593
0.001	0.116	0.001	0.882
0.001	0.001	0.315	0.683
>CAGATTCATGGT	4-CAGATTCATGGT	15.459918	-14.708157	0	T:3.0(0.42%),B:3.0(0.00%),P:1e-6	Tpos:63.8,Tstd:21.4,Bpos:40.0,Bstd:21.9,StrandBias:-1.6,Multiplicity:1.33
0.001	0.997	0.001	0.001
0.997	0.001	0.001	0.001
0.001	0.001	0.997	0.001
0.679	0.001	0.001	0.319
0.001	0.001	0.001	0.997
0.001	0.001	0.001	0.997
0.001	0.997	0.001	0.001
0.997	0.001	0.001	0.001
0.001	0.001	0.001	0.997
0.001	0.001	0.997	0.001
0.001	0.001	0.997	0.001
0.001	0.001	0.001	0.997
>GGGCTGGCTAGG	5-GGGCTGGCTAGG	15.459918	-13.848484	0	T:3.0(0.42%),B:4.0(0.00%),P:1e-6	Tpos:40.0,Tstd:24.4,Bpos:30.0,Bstd:16.8,StrandBias:-10.0,Multiplicity:1.33
0.001	0.001	0.997	0.001
0.001	0.001	0.997	0.001
0.001	0.001	0.997	0.001
0.001	0.997	0.001	0.001
0.001	0.001	0.001	0.997
0.001	0.319	0.679	0.001
0.001	0.001	0.997	0.001
0.001	0.997	0.001	0.001
0.001	0.001	0.001	0.997
0.997	0.001	0.001	0.001
0.001	0.001	0.997	0.001
0.001	0.001	0.997	0.001
>CSGTGYAGYGGW	6-CSGTGYAGYGGW	13.816679	-13.182425	0	T:3.0(0.42%),B:5.0(0.00%),P:1e-5	Tpos:76.6,Tstd:15.8,Bpos:46.4,Bstd:28.2,StrandBias:2.6,Multiplicity:2.33
0.001	0.997	0.001	0.001
0.001	0.457	0.541	0.001
0.001	0.001	0.997	0.001
0.001	0.001	0.001	0.997
0.001	0.001	0.997	0.001
0.001	0.457	0.001	0.541
0.997	0.001	0.001	0.001
0.001	0.001	0.997	0.001
0.001	0.541	0.001	0.457
0.001	0.001	0.997	0.001
0.001	0.001	0.997	0.001
0.457	0.001	0.001	0.541
>AGCTGSAGATGG	7-AGCTGSAGATGG	13.441112	-8.318733	0	T:4.0(0.56%),B:65.0(0.04%),P:1e-3	Tpos:58.0,Tstd:22.1,Bpos:51.8,Bstd:21.5,StrandBias:-2.6,Multiplicity:3.50
0.997	0.001	0.001	0.001
0.001	0.001	0.997	0.001
0.001	0.997	0.001	0.001
0.001	0.001	0.001	0.997
0.001	0.001	0.997	0.001
0.001	0.448	0.550	0.001
0.595	0.001	0.403	0.001
0.001	0.001	0.997	0.001
0.854	0.144	0.001	0.001
0.001	0.001	0.001	0.997
0.001	0.001	0.997	0.001
0.107	0.001	0.891	0.001
>GTGTTCATTAAT	8-GTGTTCATTAAT	16.215348	-5.401548	0	T:1.0(0.14%),B:1.0(0.00%),P:1e-2	Tpos:36.0,Tstd:23.3,Bpos:56.0,Bstd:0.0,StrandBias:10.0,Multiplicity:3.00
0.001	0.001	0.997	0.001
0.001	0.001	0.001	0.997
0.001	0.001	0.997	0.001
0.001	0.001	0.001	0.997
0.001	0.001	0.001	0.997
0.001	0.997	0.001	0.001
0.997	0.001	0.001	0.001
0.001	0.001	0.001	0.997
0.001	0.001	0.001	0.997
0.679	0.001	0.319	0.001
0.997	0.001	0.001	0.001
0.001	0.001	0.001	0.997
