>CCCGCAGA	1-CCCGCAGA	6.232594	-17.828567	0	T:102.0(14.39%),B:12754.0(8.13%),P:1e-7	Tpos:46.9,Tstd:26.6,Bpos:50.2,Bstd:26.7,StrandBias:-0.1,Multiplicity:1.12
0.104	0.808	0.002	0.086
0.165	0.644	0.190	0.001
0.201	0.574	0.071	0.154
0.001	0.021	0.977	0.001
0.064	0.658	0.277	0.001
0.532	0.001	0.317	0.150
0.001	0.068	0.930	0.001
0.479	0.231	0.001	0.290
>CAATGGCC	2-CAATGGCC	9.741051	-17.792374	0	T:19.0(2.68%),B:837.0(0.53%),P:1e-7	Tpos:62.4,Tstd:23.8,Bpos:48.9,Bstd:26.2,StrandBias:0.5,Multiplicity:1.00
0.001	0.997	0.001	0.001
0.717	0.001	0.001	0.281
0.997	0.001	0.001	0.001
0.001	0.001	0.001	0.997
0.001	0.001	0.997	0.001
0.058	0.001	0.940	0.001
0.001	0.997	0.001	0.001
0.001	0.997	0.001	0.001
>TTCATGGA	3-TTCATGGA	8.143786	-13.784862	0	T:19.0(2.68%),B:1093.0(0.70%),P:1e-5	Tpos:41.6,Tstd:24.8,Bpos:49.5,Bstd:27.8,StrandBias:-0.9,Multiplicity:1.05
0.001	0.001	0.001	0.997
0.001	0.001	0.285	0.713
0.075	0.923	0.001	0.001
0.997	0.001	0.001	0.001
0.001	0.001	0.001	0.997
0.001	0.001	0.997	0.001
0.001	0.001	0.997	0.001
0.997	0.001	0.001	0.001
>TCGAATCA	4-TCGAATCA	6.291044	-9.368079	0	T:37.0(5.22%),B:4115.0(2.62%),P:1e-4	Tpos:62.3,Tstd:30.6,Bpos:50.2,Bstd:26.9,StrandBias:0.0,Multiplicity:1.06
0.100	0.100	0.100	0.700
0.100	0.700	0.100	0.100
0.100	0.100	0.700	0.100
0.700	0.100	0.100	0.100
0.700	0.100	0.100	0.100
0.100	0.100	0.100	0.700
0.100	0.700	0.100	0.100
0.700	0.100	0.100	0.100
>CTRCTYCD	5-CTRCTYCD	7.476473	-9.091689	0	T:25.0(3.53%),B:2365.0(1.51%),P:1e-3	Tpos:49.9,Tstd:26.3,Bpos:50.4,Bstd:27.5,StrandBias:0.6,Multiplicity:1.12
0.001	0.945	0.053	0.001
0.001	0.197	0.004	0.798
0.437	0.001	0.549	0.013
0.247	0.629	0.118	0.006
0.001	0.060	0.001	0.938
0.208	0.387	0.006	0.399
0.007	0.991	0.001	0.001
0.279	0.157	0.349	0.215
