>GTATGTAT	1-GTATGTAT	6.595175	-14.959143	0	T:44.0(6.21%),B:4159.0(2.65%),P:1e-6	Tpos:54.0,Tstd:25.8,Bpos:49.5,Bstd:26.8,StrandBias:0.8,Multiplicity:1.32
0.001	0.088	0.831	0.080
0.001	0.001	0.001	0.997
0.803	0.008	0.001	0.188
0.001	0.063	0.063	0.873
0.017	0.097	0.828	0.058
0.025	0.013	0.001	0.961
0.929	0.012	0.058	0.001
0.174	0.026	0.001	0.799
>GAGCSTCT	2-GAGCSTCT	6.061710	-14.733433	0	T:122.0(17.21%),B:17178.0(10.95%),P:1e-6	Tpos:53.8,Tstd:27.3,Bpos:50.0,Bstd:27.3,StrandBias:0.4,Multiplicity:1.13
0.224	0.040	0.706	0.030
0.829	0.001	0.169	0.001
0.001	0.035	0.963	0.001
0.089	0.790	0.120	0.001
0.022	0.519	0.452	0.007
0.001	0.064	0.012	0.923
0.001	0.997	0.001	0.001
0.166	0.001	0.001	0.832
>GCGAATAT	3-GCGAATAT	7.057656	-14.314091	0	T:17.0(2.40%),B:852.0(0.54%),P:1e-6	Tpos:44.7,Tstd:21.3,Bpos:50.1,Bstd:27.0,StrandBias:-0.7,Multiplicity:1.06
0.001	0.103	0.771	0.125
0.084	0.749	0.166	0.001
0.023	0.044	0.932	0.001
0.937	0.061	0.001	0.001
0.997	0.001	0.001	0.001
0.001	0.058	0.043	0.898
0.901	0.055	0.043	0.001
0.088	0.001	0.001	0.910
>CTGAGTAC	4-CTGAGTAC	7.389074	-13.940525	0	T:48.0(6.77%),B:4916.0(3.13%),P:1e-6	Tpos:51.0,Tstd:29.5,Bpos:50.4,Bstd:27.9,StrandBias:0.1,Multiplicity:1.04
0.001	0.967	0.011	0.021
0.053	0.036	0.106	0.805
0.001	0.174	0.802	0.023
0.965	0.022	0.012	0.001
0.001	0.023	0.975	0.001
0.001	0.052	0.001	0.946
0.738	0.046	0.048	0.168
0.032	0.966	0.001	0.001
>CGAAGCCT	5-CGAAGCCT	7.966732	-13.933290	0	T:40.0(5.64%),B:3748.0(2.39%),P:1e-6	Tpos:50.3,Tstd:23.9,Bpos:50.0,Bstd:27.1,StrandBias:-0.2,Multiplicity:1.02
0.112	0.807	0.033	0.048
0.064	0.001	0.729	0.206
0.643	0.107	0.224	0.026
0.943	0.034	0.001	0.022
0.001	0.001	0.997	0.001
0.031	0.967	0.001	0.001
0.038	0.933	0.001	0.028
0.010	0.001	0.001	0.988
