>AGTCCTCC	1-AGTCCTCC	6.677693	-16.719003	0	T:80.0(11.28%),B:9366.0(5.97%),P:1e-7	Tpos:47.6,Tstd:23.3,Bpos:50.2,Bstd:27.6,StrandBias:-0.1,Multiplicity:1.05
0.919	0.061	0.001	0.019
0.011	0.068	0.920	0.001
0.048	0.052	0.001	0.899
0.012	0.844	0.001	0.143
0.018	0.849	0.032	0.101
0.105	0.001	0.001	0.893
0.001	0.750	0.227	0.022
0.062	0.923	0.001	0.014
>TTTTTATA	2-TTTTTATA	7.108118	-14.846289	0	T:38.0(5.36%),B:3335.0(2.13%),P:1e-6	Tpos:48.7,Tstd:24.6,Bpos:51.2,Bstd:27.0,StrandBias:-0.6,Multiplicity:1.24
0.001	0.199	0.001	0.799
0.001	0.001	0.393	0.605
0.001	0.001	0.001	0.997
0.001	0.001	0.001	0.997
0.001	0.001	0.001	0.997
0.997	0.001	0.001	0.001
0.001	0.001	0.242	0.756
0.997	0.001	0.001	0.001
>GTAACTTT	3-GTAACTTT	6.123168	-12.075189	0	T:78.0(11.00%),B:10221.0(6.52%),P:1e-5	Tpos:49.5,Tstd:27.0,Bpos:50.8,Bstd:25.6,StrandBias:-0.1,Multiplicity:1.26
0.047	0.001	0.951	0.001
0.001	0.077	0.001	0.921
0.929	0.001	0.001	0.069
0.935	0.063	0.001	0.001
0.001	0.959	0.001	0.039
0.126	0.001	0.001	0.872
0.082	0.068	0.114	0.736
0.097	0.001	0.096	0.806
>TCATGAAH	4-TCATGAAH	6.692650	-9.632909	0	T:30.0(4.23%),B:3001.0(1.91%),P:1e-4	Tpos:42.9,Tstd:29.1,Bpos:49.6,Bstd:27.7,StrandBias:0.0,Multiplicity:1.00
0.114	0.001	0.019	0.866
0.001	0.918	0.054	0.027
0.997	0.001	0.001	0.001
0.001	0.166	0.104	0.729
0.044	0.052	0.870	0.034
0.671	0.164	0.001	0.164
0.491	0.227	0.201	0.081
0.369	0.259	0.068	0.304
>ACACACAC	5-ACACACAC	5.798747	-6.799001	0	T:107.0(15.09%),B:17645.0(11.25%),P:1e-2	Tpos:47.7,Tstd:27.1,Bpos:49.4,Bstd:27.9,StrandBias:0.5,Multiplicity:1.17
0.814	0.117	0.068	0.001
0.008	0.660	0.005	0.327
0.982	0.004	0.001	0.013
0.005	0.946	0.001	0.048
0.617	0.107	0.060	0.216
0.001	0.997	0.001	0.001
0.844	0.001	0.154	0.001
0.151	0.481	0.112	0.256
