>TTAACATGGC	1-TTAACATGGC	6.783047	-22.645619	0	T:50.0(7.05%),B:3938.0(2.51%),P:1e-9	Tpos:59.6,Tstd:25.0,Bpos:49.8,Bstd:26.4,StrandBias:-0.4,Multiplicity:1.06
0.087	0.014	0.030	0.869
0.089	0.042	0.038	0.831
0.848	0.068	0.041	0.043
0.741	0.121	0.093	0.045
0.104	0.741	0.120	0.035
0.825	0.069	0.021	0.085
0.069	0.120	0.094	0.717
0.071	0.001	0.836	0.092
0.035	0.061	0.850	0.054
0.083	0.747	0.130	0.040
>GGGCTTCTCC	2-GGGCTTCTCC	9.482873	-21.533251	0	T:26.0(3.67%),B:1275.0(0.81%),P:1e-9	Tpos:40.8,Tstd:26.0,Bpos:49.3,Bstd:27.3,StrandBias:0.1,Multiplicity:1.12
0.032	0.173	0.607	0.188
0.149	0.001	0.523	0.327
0.004	0.206	0.789	0.001
0.001	0.997	0.001	0.001
0.199	0.001	0.001	0.799
0.001	0.001	0.202	0.796
0.001	0.902	0.096	0.001
0.001	0.161	0.001	0.837
0.001	0.759	0.239	0.001
0.155	0.843	0.001	0.001
>GGGGCTTACC	3-GGGGCTTACC	10.368425	-18.712041	0	T:10.0(1.41%),B:166.0(0.11%),P:1e-8	Tpos:61.1,Tstd:18.4,Bpos:48.8,Bstd:25.7,StrandBias:2.3,Multiplicity:1.20
0.001	0.001	0.997	0.001
0.001	0.001	0.997	0.001
0.079	0.001	0.919	0.001
0.001	0.001	0.997	0.001
0.001	0.872	0.126	0.001
0.001	0.107	0.001	0.891
0.001	0.063	0.001	0.935
0.784	0.046	0.169	0.001
0.001	0.997	0.001	0.001
0.189	0.683	0.127	0.001
>TBCCGCACGG	4-TBCCGCACGG	7.418402	-17.284928	0	T:25.0(3.53%),B:1467.0(0.94%),P:1e-7	Tpos:58.6,Tstd:26.4,Bpos:50.8,Bstd:25.9,StrandBias:-0.7,Multiplicity:1.12
0.107	0.227	0.112	0.554
0.001	0.291	0.320	0.388
0.001	0.824	0.001	0.174
0.035	0.722	0.242	0.001
0.035	0.001	0.704	0.260
0.001	0.650	0.001	0.348
0.997	0.001	0.001	0.001
0.001	0.980	0.018	0.001
0.001	0.203	0.730	0.066
0.001	0.001	0.997	0.001
>TGAGTGGCAG	5-TGAGTGGCAG	9.568686	-17.190947	0	T:21.0(2.96%),B:1061.0(0.68%),P:1e-7	Tpos:42.0,Tstd:22.4,Bpos:50.1,Bstd:25.9,StrandBias:-0.4,Multiplicity:1.10
0.001	0.001	0.031	0.967
0.001	0.224	0.774	0.001
0.906	0.001	0.047	0.046
0.001	0.043	0.922	0.034
0.001	0.061	0.001	0.937
0.001	0.001	0.997	0.001
0.041	0.001	0.957	0.001
0.065	0.844	0.090	0.001
0.952	0.001	0.001	0.046
0.074	0.101	0.824	0.001
>GGGTGTAGCC	6-GGGTGTAGCC	10.092313	-15.118486	0	T:17.0(2.40%),B:803.0(0.51%),P:1e-6	Tpos:47.0,Tstd:27.4,Bpos:51.3,Bstd:25.9,StrandBias:0.0,Multiplicity:1.25
0.001	0.001	0.997	0.001
0.090	0.001	0.839	0.070
0.001	0.048	0.877	0.074
0.068	0.001	0.001	0.930
0.001	0.001	0.997	0.001
0.001	0.211	0.119	0.669
0.997	0.001	0.001	0.001
0.001	0.001	0.901	0.097
0.089	0.909	0.001	0.001
0.001	0.936	0.001	0.062
>CAATCAGATA	7-CAATCAGATA	10.170699	-11.299606	0	T:13.0(1.83%),B:651.0(0.42%),P:1e-4	Tpos:48.8,Tstd:25.3,Bpos:50.9,Bstd:25.8,StrandBias:0.0,Multiplicity:1.69
0.001	0.997	0.001	0.001
0.997	0.001	0.001	0.001
0.997	0.001	0.001	0.001
0.324	0.001	0.001	0.674
0.001	0.997	0.001	0.001
0.997	0.001	0.001	0.001
0.068	0.091	0.840	0.001
0.929	0.001	0.069	0.001
0.001	0.001	0.077	0.921
0.703	0.056	0.240	0.001
>CCCCCCCCCC	8-CCCCCCCCCC	9.951470	-7.156048	0	T:17.0(2.40%),B:1529.0(0.97%),P:1e-3	Tpos:47.5,Tstd:25.6,Bpos:50.5,Bstd:26.2,StrandBias:-2.2,Multiplicity:1.12
0.024	0.886	0.001	0.089
0.083	0.893	0.001	0.023
0.071	0.907	0.001	0.021
0.047	0.915	0.001	0.037
0.001	0.997	0.001	0.001
0.001	0.934	0.001	0.064
0.033	0.925	0.019	0.023
0.019	0.920	0.040	0.021
0.025	0.944	0.001	0.030
0.037	0.937	0.001	0.025
