>CTTGTGTGCG	1-CTTGTGTGCG	10.219863	-24.189935	0	T:16.0(2.26%),B:369.0(0.24%),P:1e-10	Tpos:58.0,Tstd:23.9,Bpos:47.9,Bstd:27.0,StrandBias:-2.0,Multiplicity:1.00
0.001	0.997	0.001	0.001
0.001	0.077	0.001	0.921
0.001	0.001	0.001	0.997
0.001	0.001	0.997	0.001
0.106	0.001	0.001	0.892
0.001	0.001	0.997	0.001
0.001	0.122	0.001	0.876
0.001	0.001	0.997	0.001
0.001	0.551	0.062	0.386
0.067	0.001	0.864	0.068
>AGCTCAGTAG	2-AGCTCAGTAG	7.187780	-24.130036	0	T:54.0(7.62%),B:4281.0(2.73%),P:1e-10	Tpos:50.9,Tstd:27.5,Bpos:50.6,Bstd:26.8,StrandBias:0.0,Multiplicity:1.09
0.764	0.098	0.058	0.080
0.046	0.081	0.760	0.113
0.044	0.876	0.051	0.029
0.032	0.073	0.016	0.879
0.086	0.761	0.050	0.103
0.864	0.071	0.001	0.064
0.027	0.053	0.859	0.061
0.110	0.073	0.044	0.773
0.812	0.018	0.056	0.114
0.166	0.126	0.661	0.047
>TTCCACACCA	3-TTCCACACCA	9.621457	-21.919899	0	T:20.0(2.82%),B:724.0(0.46%),P:1e-9	Tpos:57.8,Tstd:25.0,Bpos:48.3,Bstd:26.3,StrandBias:-0.3,Multiplicity:1.00
0.001	0.036	0.071	0.892
0.049	0.039	0.001	0.911
0.078	0.920	0.001	0.001
0.001	0.997	0.001	0.001
0.953	0.001	0.001	0.045
0.059	0.891	0.049	0.001
0.888	0.110	0.001	0.001
0.001	0.997	0.001	0.001
0.060	0.738	0.098	0.104
0.862	0.001	0.084	0.053
>GGGATCCCTG	4-GGGATCCCTG	7.885097	-20.193357	0	T:37.0(5.22%),B:2581.0(1.65%),P:1e-8	Tpos:49.9,Tstd:27.1,Bpos:49.8,Bstd:27.0,StrandBias:-0.2,Multiplicity:1.03
0.097	0.090	0.812	0.001
0.025	0.001	0.834	0.140
0.103	0.122	0.691	0.084
0.939	0.058	0.002	0.001
0.007	0.001	0.066	0.926
0.114	0.665	0.003	0.218
0.001	0.759	0.001	0.239
0.082	0.761	0.156	0.001
0.171	0.081	0.098	0.650
0.001	0.001	0.997	0.001
>GATGAAAATG	5-GATGAAAATG	10.016295	-18.308333	0	T:15.0(2.12%),B:484.0(0.31%),P:1e-7	Tpos:48.7,Tstd:28.0,Bpos:50.6,Bstd:27.0,StrandBias:0.0,Multiplicity:1.07
0.056	0.001	0.942	0.001
0.860	0.057	0.082	0.001
0.055	0.001	0.055	0.889
0.101	0.001	0.799	0.099
0.826	0.172	0.001	0.001
0.997	0.001	0.001	0.001
0.997	0.001	0.001	0.001
0.812	0.090	0.001	0.097
0.001	0.001	0.059	0.939
0.001	0.001	0.997	0.001
>CTAATGCTTC	6-CTAATGCTTC	9.927526	-9.285140	0	T:7.0(0.99%),B:226.0(0.14%),P:1e-4	Tpos:42.7,Tstd:26.0,Bpos:51.6,Bstd:27.2,StrandBias:2.2,Multiplicity:1.57
0.001	0.997	0.001	0.001
0.001	0.035	0.001	0.963
0.754	0.244	0.001	0.001
0.775	0.001	0.001	0.223
0.033	0.001	0.191	0.775
0.001	0.001	0.997	0.001
0.001	0.997	0.001	0.001
0.263	0.001	0.001	0.735
0.251	0.001	0.083	0.665
0.001	0.741	0.001	0.257
>TTTTTTTTTT	7-TTTTTTTTTT	9.925522	-3.239595	0	T:10.0(1.41%),B:1151.0(0.73%),P:1e-1	Tpos:67.0,Tstd:23.4,Bpos:53.4,Bstd:25.4,StrandBias:4.6,Multiplicity:1.10
0.015	0.001	0.001	0.983
0.039	0.044	0.045	0.872
0.001	0.001	0.001	0.997
0.001	0.001	0.001	0.997
0.001	0.001	0.001	0.997
0.001	0.001	0.001	0.997
0.001	0.027	0.001	0.971
0.042	0.001	0.001	0.956
0.050	0.001	0.017	0.932
0.041	0.001	0.001	0.957
>TAGTATGTAG	8-TAGTATGTAG	10.296193	-3.026118	0	T:1.0(0.14%),B:11.0(0.01%),P:1e-1	Tpos:31.6,Tstd:13.9,Bpos:48.5,Bstd:24.0,StrandBias:-10.0,Multiplicity:5.00
0.100	0.100	0.100	0.700
0.700	0.100	0.100	0.100
0.100	0.100	0.700	0.100
0.100	0.100	0.100	0.700
0.700	0.100	0.100	0.100
0.100	0.100	0.100	0.700
0.100	0.100	0.700	0.100
0.100	0.100	0.100	0.700
0.700	0.100	0.100	0.100
0.100	0.100	0.700	0.100
