>TAGTCCCTAGGC	1-TAGTCCCTAGGC	9.467594	-24.132848	0	T:6.0(0.85%),B:12.0(0.01%),P:1e-10	Tpos:48.9,Tstd:26.5,Bpos:52.6,Bstd:31.5,StrandBias:-0.4,Multiplicity:1.17
0.001	0.001	0.001	0.997
0.874	0.001	0.001	0.124
0.001	0.001	0.997	0.001
0.001	0.001	0.001	0.997
0.001	0.997	0.001	0.001
0.001	0.901	0.001	0.097
0.001	0.997	0.001	0.001
0.001	0.001	0.001	0.997
0.941	0.057	0.001	0.001
0.124	0.001	0.874	0.001
0.001	0.001	0.997	0.001
0.001	0.997	0.001	0.001
>GGAGCTACAGGG	2-GGAGCTACAGGG	10.286110	-21.494812	0	T:18.0(2.54%),B:587.0(0.37%),P:1e-9	Tpos:53.1,Tstd:27.0,Bpos:50.1,Bstd:27.5,StrandBias:-0.4,Multiplicity:1.17
0.062	0.001	0.936	0.001
0.177	0.214	0.608	0.001
0.940	0.001	0.058	0.001
0.001	0.001	0.904	0.094
0.082	0.847	0.070	0.001
0.152	0.001	0.001	0.846
0.797	0.001	0.001	0.201
0.219	0.649	0.061	0.071
0.793	0.001	0.075	0.131
0.001	0.001	0.997	0.001
0.001	0.001	0.935	0.063
0.075	0.155	0.769	0.001
>AGAGACAGGAAG	3-AGAGACAGGAAG	10.646912	-12.905348	0	T:10.0(1.41%),B:315.0(0.20%),P:1e-5	Tpos:58.1,Tstd:19.6,Bpos:48.8,Bstd:25.9,StrandBias:-2.9,Multiplicity:1.60
0.577	0.040	0.278	0.105
0.056	0.092	0.828	0.024
0.592	0.024	0.053	0.331
0.060	0.072	0.820	0.048
0.649	0.063	0.257	0.031
0.085	0.563	0.327	0.025
0.529	0.343	0.032	0.096
0.065	0.071	0.777	0.087
0.098	0.246	0.655	0.001
0.588	0.338	0.050	0.024
0.811	0.001	0.142	0.046
0.071	0.180	0.717	0.032
>GGGTWTGGGTTW	4-GGGTWTGGGTTW	11.874673	-9.956785	0	T:5.0(0.71%),B:84.0(0.05%),P:1e-4	Tpos:44.4,Tstd:24.9,Bpos:51.5,Bstd:25.2,StrandBias:2.3,Multiplicity:3.60
0.001	0.001	0.997	0.001
0.001	0.001	0.997	0.001
0.001	0.204	0.794	0.001
0.001	0.001	0.130	0.868
0.409	0.163	0.001	0.427
0.225	0.001	0.001	0.773
0.001	0.001	0.997	0.001
0.001	0.001	0.997	0.001
0.001	0.001	0.877	0.121
0.001	0.001	0.136	0.862
0.205	0.001	0.204	0.590
0.428	0.001	0.001	0.570
>CTGACTCTGACT	5-CTGACTCTGACT	14.972841	-8.732563	0	T:2.0(0.28%),B:4.0(0.00%),P:1e-3	Tpos:24.3,Tstd:16.1,Bpos:36.2,Bstd:8.9,StrandBias:2.3,Multiplicity:3.00
0.196	0.802	0.001	0.001
0.001	0.001	0.001	0.997
0.001	0.001	0.997	0.001
0.997	0.001	0.001	0.001
0.001	0.997	0.001	0.001
0.001	0.001	0.001	0.997
0.001	0.997	0.001	0.001
0.001	0.001	0.001	0.997
0.001	0.001	0.997	0.001
0.997	0.001	0.001	0.001
0.001	0.997	0.001	0.001
0.001	0.001	0.001	0.997
>GAGTGTGTGTGT	6-GAGTGTGTGTGT	9.275428	-8.260415	0	T:20.0(2.82%),B:1787.0(1.14%),P:1e-3	Tpos:63.0,Tstd:27.2,Bpos:48.9,Bstd:26.8,StrandBias:-0.4,Multiplicity:1.00
0.066	0.014	0.895	0.025
0.771	0.001	0.024	0.204
0.022	0.136	0.767	0.075
0.192	0.001	0.075	0.732
0.065	0.001	0.869	0.065
0.074	0.001	0.138	0.787
0.001	0.075	0.868	0.056
0.026	0.001	0.001	0.972
0.001	0.001	0.997	0.001
0.088	0.119	0.026	0.767
0.093	0.119	0.771	0.017
0.056	0.131	0.001	0.812
>GAACCTCGGGAA	7-GAACCTCGGGAA	12.355432	-5.401548	0	T:1.0(0.14%),B:1.0(0.00%),P:1e-2	Tpos:41.0,Tstd:22.6,Bpos:39.0,Bstd:0.0,StrandBias:10.0,Multiplicity:5.00
0.100	0.100	0.700	0.100
0.700	0.100	0.100	0.100
0.700	0.100	0.100	0.100
0.100	0.700	0.100	0.100
0.100	0.700	0.100	0.100
0.100	0.100	0.100	0.700
0.100	0.700	0.100	0.100
0.100	0.100	0.700	0.100
0.100	0.100	0.700	0.100
0.100	0.100	0.700	0.100
0.700	0.100	0.100	0.100
0.700	0.100	0.100	0.100
>ACTATAAACAAG	8-ACTATAAACAAG	12.355432	-4.710655	0	T:1.0(0.14%),B:2.0(0.00%),P:1e-2	Tpos:53.0,Tstd:22.6,Bpos:69.5,Bstd:20.5,StrandBias:10.0,Multiplicity:5.00
0.700	0.100	0.100	0.100
0.100	0.700	0.100	0.100
0.100	0.100	0.100	0.700
0.700	0.100	0.100	0.100
0.100	0.100	0.100	0.700
0.700	0.100	0.100	0.100
0.700	0.100	0.100	0.100
0.700	0.100	0.100	0.100
0.100	0.700	0.100	0.100
0.700	0.100	0.100	0.100
0.700	0.100	0.100	0.100
0.100	0.100	0.700	0.100
