>TGACTCAGAAAT	1-TGACTCAGAAAT	9.962495	-27.013462	0	T:19.0(2.68%),B:476.0(0.30%),P:1e-11	Tpos:58.2,Tstd:27.0,Bpos:50.3,Bstd:26.3,StrandBias:0.5,Multiplicity:1.00
0.165	0.001	0.001	0.833
0.209	0.059	0.731	0.001
0.745	0.132	0.069	0.054
0.001	0.953	0.045	0.001
0.068	0.068	0.001	0.863
0.001	0.939	0.059	0.001
0.891	0.001	0.001	0.107
0.139	0.001	0.859	0.001
0.877	0.001	0.054	0.068
0.835	0.001	0.096	0.068
0.739	0.086	0.069	0.106
0.028	0.046	0.183	0.743
>ACCAGAGCACAT	2-ACCAGAGCACAT	13.837722	-23.656430	0	T:6.0(0.85%),B:13.0(0.01%),P:1e-10	Tpos:47.0,Tstd:15.6,Bpos:46.6,Bstd:24.1,StrandBias:2.6,Multiplicity:1.17
0.997	0.001	0.001	0.001
0.001	0.997	0.001	0.001
0.001	0.814	0.001	0.184
0.861	0.001	0.001	0.137
0.001	0.001	0.997	0.001
0.997	0.001	0.001	0.001
0.001	0.001	0.997	0.001
0.001	0.997	0.001	0.001
0.838	0.001	0.160	0.001
0.001	0.997	0.001	0.001
0.668	0.147	0.001	0.184
0.001	0.001	0.001	0.997
>TACAGAGCAAGC	3-TACAGAGCAAGC	13.728843	-22.434937	0	T:8.0(1.13%),B:52.0(0.03%),P:1e-9	Tpos:59.4,Tstd:15.4,Bpos:51.3,Bstd:25.6,StrandBias:-1.6,Multiplicity:1.00
0.128	0.138	0.001	0.733
0.997	0.001	0.001	0.001
0.001	0.997	0.001	0.001
0.997	0.001	0.001	0.001
0.001	0.001	0.848	0.150
0.997	0.001	0.001	0.001
0.001	0.001	0.997	0.001
0.143	0.855	0.001	0.001
0.997	0.001	0.001	0.001
0.871	0.001	0.001	0.127
0.001	0.001	0.997	0.001
0.001	0.827	0.171	0.001
>GGCGGGCGGCGG	4-GGCGGGCGGCGG	6.883352	-18.719323	0	T:99.0(13.96%),B:12026.0(7.67%),P:1e-8	Tpos:49.0,Tstd:24.4,Bpos:50.2,Bstd:25.7,StrandBias:-0.2,Multiplicity:1.28
0.059	0.067	0.799	0.075
0.053	0.076	0.822	0.049
0.108	0.683	0.121	0.088
0.049	0.124	0.744	0.083
0.119	0.054	0.739	0.088
0.098	0.088	0.785	0.029
0.158	0.635	0.149	0.058
0.096	0.059	0.788	0.057
0.062	0.093	0.805	0.040
0.118	0.646	0.136	0.100
0.070	0.100	0.744	0.086
0.047	0.128	0.809	0.016
>TATCAATATCAG	5-TATCAATATCAG	14.212583	-18.363916	0	T:4.0(0.56%),B:5.0(0.00%),P:1e-7	Tpos:55.2,Tstd:19.0,Bpos:55.4,Bstd:23.0,StrandBias:1.0,Multiplicity:1.50
0.001	0.001	0.001	0.997
0.804	0.194	0.001	0.001
0.414	0.001	0.001	0.584
0.001	0.997	0.001	0.001
0.997	0.001	0.001	0.001
0.997	0.001	0.001	0.001
0.001	0.001	0.001	0.997
0.804	0.001	0.001	0.194
0.001	0.001	0.001	0.997
0.001	0.997	0.001	0.001
0.997	0.001	0.001	0.001
0.001	0.001	0.997	0.001
>CCWCTTACTTTC	6-CCWCTTACTTTC	12.464586	-18.271388	0	T:7.0(0.99%),B:57.0(0.04%),P:1e-7	Tpos:62.6,Tstd:12.3,Bpos:48.8,Bstd:25.9,StrandBias:-1.0,Multiplicity:1.29
0.001	0.997	0.001	0.001
0.001	0.997	0.001	0.001
0.539	0.001	0.001	0.459
0.001	0.997	0.001	0.001
0.421	0.001	0.001	0.577
0.001	0.001	0.001	0.997
0.671	0.118	0.210	0.001
0.001	0.997	0.001	0.001
0.001	0.001	0.001	0.997
0.001	0.001	0.001	0.997
0.210	0.001	0.210	0.579
0.001	0.788	0.210	0.001
>GCAGTGGCTCCC	7-GCAGTGGCTCCC	12.195052	-7.541525	0	T:4.0(0.56%),B:80.0(0.05%),P:1e-3	Tpos:47.2,Tstd:27.0,Bpos:49.0,Bstd:25.2,StrandBias:0.0,Multiplicity:2.00
0.001	0.001	0.766	0.232
0.001	0.839	0.159	0.001
0.882	0.001	0.001	0.116
0.159	0.001	0.839	0.001
0.001	0.001	0.038	0.960
0.021	0.001	0.977	0.001
0.010	0.001	0.988	0.001
0.001	0.688	0.001	0.310
0.001	0.001	0.001	0.997
0.006	0.708	0.122	0.164
0.186	0.812	0.001	0.001
0.001	0.652	0.224	0.123
>ACCAGACCMGAC	8-ACCAGACCMGAC	13.967886	-6.559305	0	T:2.0(0.28%),B:12.0(0.01%),P:1e-2	Tpos:31.8,Tstd:32.7,Bpos:49.1,Bstd:29.1,StrandBias:-1.6,Multiplicity:1.00
0.722	0.001	0.276	0.001
0.001	0.997	0.001	0.001
0.001	0.997	0.001	0.001
0.660	0.338	0.001	0.001
0.277	0.083	0.639	0.001
0.997	0.001	0.001	0.001
0.001	0.997	0.001	0.001
0.001	0.997	0.001	0.001
0.429	0.569	0.001	0.001
0.172	0.001	0.826	0.001
0.784	0.132	0.083	0.001
0.001	0.833	0.001	0.165
