>GGGKVTAGAGGG	1-GGGKVTAGAGGG	10.503420	-30.489751	0	T:9.0(2.24%),B:1.0(0.04%),P:1e-13	Tpos:37.3,Tstd:24.8,Bpos:6.0,Bstd:0.0,StrandBias:0.3,Multiplicity:1.00
0.001	0.001	0.997	0.001
0.001	0.001	0.997	0.001
0.027	0.001	0.971	0.001
0.001	0.001	0.427	0.571
0.399	0.314	0.286	0.001
0.001	0.285	0.001	0.713
0.713	0.001	0.285	0.001
0.027	0.001	0.971	0.001
0.971	0.001	0.027	0.001
0.001	0.001	0.997	0.001
0.001	0.001	0.997	0.001
0.001	0.001	0.997	0.001
>GGTGWTGACTCA	2-GGTGWTGACTCA	8.069266	-27.326444	0	T:12.0(2.99%),B:4.0(0.14%),P:1e-11	Tpos:48.6,Tstd:26.0,Bpos:61.0,Bstd:25.9,StrandBias:-0.9,Multiplicity:1.55
0.022	0.400	0.577	0.001
0.400	0.001	0.598	0.001
0.022	0.001	0.001	0.976
0.001	0.001	0.997	0.001
0.505	0.001	0.014	0.480
0.001	0.001	0.001	0.997
0.158	0.001	0.840	0.001
0.997	0.001	0.001	0.001
0.001	0.895	0.024	0.080
0.001	0.400	0.001	0.598
0.001	0.904	0.094	0.001
0.997	0.001	0.001	0.001
>TCCGATGTTGCC	3-TCCGATGTTGCC	10.922362	-22.289933	0	T:7.0(1.74%),B:1.0(0.04%),P:1e-9	Tpos:65.1,Tstd:27.0,Bpos:40.0,Bstd:0.0,StrandBias:-0.7,Multiplicity:1.14
0.099	0.001	0.001	0.899
0.300	0.599	0.001	0.100
0.200	0.600	0.100	0.100
0.099	0.001	0.899	0.001
0.799	0.199	0.001	0.001
0.099	0.001	0.001	0.899
0.001	0.099	0.899	0.001
0.001	0.099	0.001	0.899
0.199	0.001	0.001	0.799
0.001	0.001	0.997	0.001
0.001	0.997	0.001	0.001
0.099	0.899	0.001	0.001
>TATCTAGTAACC	4-TATCTAGTAACC	11.097336	-18.385460	0	T:6.0(1.49%),B:1.0(0.04%),P:1e-7	Tpos:38.3,Tstd:19.9,Bpos:78.0,Bstd:0.0,StrandBias:1.8,Multiplicity:1.50
0.400	0.001	0.001	0.598
0.598	0.400	0.001	0.001
0.001	0.175	0.001	0.823
0.001	0.593	0.405	0.001
0.001	0.001	0.001	0.997
0.593	0.001	0.001	0.405
0.001	0.001	0.997	0.001
0.001	0.182	0.005	0.812
0.997	0.001	0.001	0.001
0.997	0.001	0.001	0.001
0.001	0.997	0.001	0.001
0.001	0.997	0.001	0.001
>AGTACCTCACTG	5-AGTACCTCACTG	13.132779	-18.385460	0	T:6.0(1.49%),B:1.0(0.04%),P:1e-7	Tpos:44.4,Tstd:25.9,Bpos:64.0,Bstd:0.0,StrandBias:-3.0,Multiplicity:1.50
0.997	0.001	0.001	0.001
0.001	0.001	0.997	0.001
0.222	0.001	0.222	0.555
0.776	0.222	0.001	0.001
0.001	0.997	0.001	0.001
0.001	0.776	0.001	0.222
0.001	0.001	0.001	0.997
0.001	0.997	0.001	0.001
0.997	0.001	0.001	0.001
0.001	0.704	0.001	0.294
0.001	0.001	0.001	0.997
0.001	0.001	0.685	0.313
>ATTAAAGAGTAA	6-ATTAAAGAGTAA	11.406554	-8.411872	0	T:4.0(1.00%),B:2.0(0.07%),P:1e-3	Tpos:40.8,Tstd:22.7,Bpos:68.0,Bstd:20.0,StrandBias:2.3,Multiplicity:1.50
0.800	0.001	0.001	0.198
0.001	0.001	0.311	0.687
0.001	0.001	0.001	0.997
0.997	0.001	0.001	0.001
0.997	0.001	0.001	0.001
0.687	0.311	0.001	0.001
0.001	0.132	0.866	0.001
0.997	0.001	0.001	0.001
0.001	0.001	0.997	0.001
0.001	0.001	0.001	0.997
0.668	0.001	0.330	0.001
0.997	0.001	0.001	0.001
>GAGAGAGAGAGA	7-GAGAGAGAGAGA	7.311555	-7.611251	0	T:39.0(9.70%),B:154.0(5.50%),P:1e-3	Tpos:45.9,Tstd:23.2,Bpos:47.0,Bstd:26.7,StrandBias:1.1,Multiplicity:1.16
0.034	0.202	0.716	0.048
0.759	0.017	0.159	0.065
0.059	0.199	0.684	0.058
0.753	0.027	0.136	0.084
0.081	0.160	0.710	0.049
0.850	0.008	0.092	0.050
0.101	0.162	0.695	0.042
0.793	0.017	0.098	0.092
0.067	0.149	0.734	0.050
0.759	0.059	0.109	0.073
0.113	0.101	0.736	0.050
0.817	0.051	0.084	0.048
>AGGGTCAGGGTC	8-AGGGTCAGGGTC	6.517702	-3.792046	0	T:51.0(12.69%),B:267.0(9.53%),P:1e-1	Tpos:50.3,Tstd:28.3,Bpos:47.7,Bstd:26.0,StrandBias:0.4,Multiplicity:1.43
0.700	0.100	0.100	0.100
0.100	0.100	0.700	0.100
0.100	0.100	0.700	0.100
0.100	0.100	0.700	0.100
0.100	0.100	0.100	0.700
0.100	0.700	0.100	0.100
0.700	0.100	0.100	0.100
0.100	0.100	0.700	0.100
0.100	0.100	0.700	0.100
0.100	0.100	0.700	0.100
0.100	0.100	0.100	0.700
0.100	0.700	0.100	0.100
