>CTCYTCCAGSAA	1-CTCYTCCAGSAA	9.827500	-35.387509	0	T:12.0(2.99%),B:2.0(0.07%),P:1e-15	Tpos:61.2,Tstd:23.0,Bpos:43.5,Bstd:32.5,StrandBias:0.5,Multiplicity:1.00
0.001	0.776	0.001	0.222
0.222	0.001	0.001	0.776
0.001	0.948	0.001	0.050
0.001	0.489	0.001	0.509
0.001	0.001	0.222	0.776
0.001	0.992	0.006	0.001
0.001	0.997	0.001	0.001
0.733	0.222	0.001	0.044
0.020	0.001	0.978	0.001
0.001	0.553	0.445	0.001
0.993	0.005	0.001	0.001
0.948	0.050	0.001	0.001
>GATGACTGCAGG	2-GATGACTGCAGG	8.316258	-27.293218	0	T:11.0(2.74%),B:3.0(0.11%),P:1e-11	Tpos:51.0,Tstd:20.6,Bpos:56.0,Bstd:12.8,StrandBias:-0.8,Multiplicity:1.00
0.001	0.001	0.997	0.001
0.978	0.001	0.020	0.001
0.001	0.001	0.310	0.688
0.001	0.236	0.762	0.001
0.669	0.001	0.001	0.329
0.096	0.902	0.001	0.001
0.001	0.001	0.001	0.997
0.001	0.001	0.902	0.096
0.001	0.997	0.001	0.001
0.997	0.001	0.001	0.001
0.095	0.114	0.790	0.001
0.001	0.113	0.885	0.001
>TGTTTACCTAKT	3-TGTTTACCTAKT	6.735430	-24.377518	0	T:9.0(2.24%),B:2.0(0.07%),P:1e-10	Tpos:38.9,Tstd:28.3,Bpos:79.5,Bstd:13.5,StrandBias:-0.3,Multiplicity:1.00
0.177	0.195	0.212	0.416
0.165	0.216	0.397	0.223
0.150	0.200	0.148	0.502
0.136	0.151	0.127	0.586
0.158	0.143	0.129	0.570
0.541	0.155	0.153	0.151
0.158	0.519	0.156	0.167
0.157	0.607	0.073	0.163
0.158	0.186	0.070	0.586
0.494	0.122	0.188	0.196
0.170	0.193	0.376	0.261
0.191	0.186	0.216	0.407
>AGAGGGAGGGAG	4-AGAGGGAGGGAG	9.898091	-23.504393	0	T:29.0(7.21%),B:46.0(1.64%),P:1e-10	Tpos:53.7,Tstd:28.4,Bpos:45.4,Bstd:24.7,StrandBias:-0.2,Multiplicity:1.03
0.701	0.001	0.233	0.065
0.116	0.289	0.594	0.001
0.767	0.001	0.116	0.116
0.001	0.001	0.997	0.001
0.181	0.001	0.817	0.001
0.001	0.116	0.881	0.002
0.710	0.001	0.061	0.228
0.001	0.001	0.883	0.115
0.122	0.001	0.763	0.114
0.237	0.057	0.647	0.059
0.589	0.001	0.353	0.057
0.001	0.056	0.942	0.001
>AATGGGAVRTAC	5-AATGGGAVRTAC	10.478476	-22.289933	0	T:7.0(1.74%),B:1.0(0.04%),P:1e-9	Tpos:56.7,Tstd:27.1,Bpos:36.0,Bstd:0.0,StrandBias:0.4,Multiplicity:1.00
0.861	0.001	0.005	0.133
0.851	0.147	0.001	0.001
0.133	0.001	0.281	0.585
0.001	0.001	0.997	0.001
0.001	0.001	0.997	0.001
0.001	0.001	0.997	0.001
0.997	0.001	0.001	0.001
0.281	0.297	0.288	0.133
0.296	0.133	0.436	0.135
0.001	0.001	0.177	0.821
0.599	0.001	0.399	0.001
0.148	0.704	0.015	0.133
>AAGACCTCTGGA	6-AAGACCTCTGGA	12.032961	-14.347347	0	T:6.0(1.49%),B:2.0(0.07%),P:1e-6	Tpos:74.3,Tstd:24.8,Bpos:41.5,Bstd:28.5,StrandBias:2.6,Multiplicity:1.00
0.997	0.001	0.001	0.001
0.912	0.001	0.086	0.001
0.001	0.001	0.997	0.001
0.997	0.001	0.001	0.001
0.001	0.997	0.001	0.001
0.001	0.598	0.400	0.001
0.001	0.036	0.001	0.962
0.001	0.598	0.001	0.400
0.001	0.001	0.400	0.598
0.001	0.001	0.598	0.400
0.001	0.001	0.997	0.001
0.962	0.001	0.036	0.001
>TGCTCTGCWCTG	7-TGCTCTGCWCTG	12.279178	-8.411872	0	T:4.0(1.00%),B:2.0(0.07%),P:1e-3	Tpos:42.1,Tstd:24.6,Bpos:55.7,Bstd:25.3,StrandBias:-2.6,Multiplicity:1.50
0.001	0.001	0.001	0.997
0.001	0.291	0.707	0.001
0.001	0.713	0.285	0.001
0.001	0.001	0.285	0.713
0.001	0.997	0.001	0.001
0.001	0.001	0.001	0.997
0.003	0.286	0.616	0.095
0.094	0.904	0.001	0.001
0.571	0.001	0.001	0.427
0.001	0.997	0.001	0.001
0.001	0.001	0.001	0.997
0.001	0.001	0.713	0.285
>TTKTTTTTTTTC	8-TTKTTTTTTTTC	9.610913	-6.961471	0	T:24.0(5.97%),B:82.0(2.93%),P:1e-3	Tpos:43.0,Tstd:23.7,Bpos:45.4,Bstd:22.7,StrandBias:-1.2,Multiplicity:1.08
0.001	0.001	0.001	0.997
0.001	0.001	0.001	0.997
0.001	0.117	0.370	0.512
0.001	0.370	0.001	0.628
0.001	0.001	0.012	0.986
0.012	0.001	0.001	0.986
0.004	0.117	0.001	0.878
0.013	0.118	0.248	0.621
0.001	0.001	0.117	0.881
0.261	0.117	0.001	0.621
0.117	0.001	0.001	0.881
0.001	0.954	0.001	0.044
