>TGGTGCTT	1-TGGTGCTT	7.159418	-25.726942	0	T:42.0(10.45%),B:85.0(3.03%),P:1e-11	Tpos:47.6,Tstd:26.6,Bpos:50.8,Bstd:25.6,StrandBias:0.0,Multiplicity:1.02
0.001	0.059	0.001	0.939
0.001	0.059	0.773	0.167
0.009	0.042	0.948	0.001
0.063	0.001	0.011	0.925
0.016	0.025	0.958	0.001
0.001	0.836	0.076	0.087
0.001	0.001	0.059	0.939
0.041	0.132	0.149	0.678
>CTGCCGCG	2-CTGCCGCG	8.263211	-17.141732	0	T:11.0(2.74%),B:8.0(0.29%),P:1e-7	Tpos:63.5,Tstd:27.1,Bpos:52.4,Bstd:32.2,StrandBias:-0.3,Multiplicity:1.00
0.001	0.997	0.001	0.001
0.001	0.400	0.001	0.598
0.001	0.001	0.598	0.400
0.001	0.997	0.001	0.001
0.001	0.997	0.001	0.001
0.001	0.168	0.830	0.001
0.001	0.997	0.001	0.001
0.001	0.001	0.997	0.001
>GCATGGGA	3-GCATGGGA	7.040563	-15.604850	0	T:30.0(7.46%),B:70.0(2.50%),P:1e-6	Tpos:54.4,Tstd:29.8,Bpos:47.7,Bstd:25.9,StrandBias:0.0,Multiplicity:1.20
0.034	0.093	0.816	0.057
0.027	0.924	0.022	0.027
0.904	0.026	0.001	0.069
0.001	0.001	0.183	0.815
0.034	0.065	0.900	0.001
0.045	0.045	0.909	0.001
0.001	0.058	0.940	0.001
0.824	0.110	0.065	0.001
>WARGTAAA	4-WARGTAAA	5.871686	-15.579529	0	T:77.0(19.15%),B:294.0(10.50%),P:1e-6	Tpos:51.9,Tstd:27.6,Bpos:50.2,Bstd:26.7,StrandBias:-0.1,Multiplicity:1.27
0.488	0.001	0.001	0.510
0.756	0.001	0.120	0.123
0.474	0.001	0.352	0.173
0.001	0.112	0.886	0.001
0.001	0.001	0.001	0.997
0.839	0.001	0.159	0.001
0.914	0.001	0.084	0.001
0.789	0.001	0.143	0.067
>ATTTATCT	5-ATTTATCT	8.236954	-14.347347	0	T:6.0(1.49%),B:2.0(0.07%),P:1e-6	Tpos:45.8,Tstd:19.7,Bpos:36.5,Bstd:25.5,StrandBias:-1.0,Multiplicity:1.00
0.700	0.100	0.100	0.100
0.100	0.100	0.100	0.700
0.100	0.100	0.100	0.700
0.100	0.100	0.100	0.700
0.700	0.100	0.100	0.100
0.100	0.100	0.100	0.700
0.100	0.700	0.100	0.100
0.100	0.100	0.100	0.700
>CAACACTA	6-CAACACTA	8.236954	-12.035044	0	T:6.0(1.49%),B:3.0(0.11%),P:1e-5	Tpos:38.5,Tstd:20.5,Bpos:70.0,Bstd:17.0,StrandBias:2.3,Multiplicity:1.00
0.100	0.700	0.100	0.100
0.700	0.100	0.100	0.100
0.700	0.100	0.100	0.100
0.100	0.700	0.100	0.100
0.700	0.100	0.100	0.100
0.100	0.700	0.100	0.100
0.100	0.100	0.100	0.700
0.700	0.100	0.100	0.100
>AGTCTAAA	7-AGTCTAAA	8.236954	-11.288610	0	T:5.0(1.24%),B:2.0(0.07%),P:1e-4	Tpos:56.8,Tstd:20.4,Bpos:72.5,Bstd:12.5,StrandBias:-2.0,Multiplicity:1.00
0.700	0.100	0.100	0.100
0.100	0.100	0.700	0.100
0.100	0.100	0.100	0.700
0.100	0.700	0.100	0.100
0.100	0.100	0.100	0.700
0.700	0.100	0.100	0.100
0.700	0.100	0.100	0.100
0.700	0.100	0.100	0.100
>GACTGCAC	8-GACTGCAC	10.677760	-8.411872	0	T:4.0(1.00%),B:2.0(0.07%),P:1e-3	Tpos:48.7,Tstd:24.0,Bpos:30.5,Bstd:18.5,StrandBias:-1.0,Multiplicity:1.50
0.001	0.001	0.997	0.001
0.676	0.322	0.001	0.001
0.001	0.997	0.001	0.001
0.001	0.001	0.001	0.997
0.001	0.001	0.997	0.001
0.001	0.997	0.001	0.001
0.997	0.001	0.001	0.001
0.001	0.997	0.001	0.001
