>AGTAGTAATGCC	1-AGTAGTAATGCC	10.799277	-22.289933	0	T:7.0(1.74%),B:0.0(0.00%),P:1e-9	Tpos:55.2,Tstd:26.3,Bpos:0.0,Bstd:0.0,StrandBias:1.2,Multiplicity:1.43
0.997	0.001	0.001	0.001
0.001	0.125	0.749	0.125
0.001	0.001	0.001	0.997
0.749	0.001	0.125	0.125
0.125	0.125	0.625	0.125
0.001	0.125	0.125	0.749
0.874	0.001	0.124	0.001
0.997	0.001	0.001	0.001
0.001	0.001	0.124	0.874
0.001	0.001	0.997	0.001
0.001	0.624	0.001	0.374
0.001	0.997	0.001	0.001
>GCACATGTGCAG	2-GCACATGTGCAG	9.842648	-18.227894	0	T:13.0(3.23%),B:11.0(0.39%),P:1e-7	Tpos:63.7,Tstd:25.7,Bpos:41.4,Bstd:22.2,StrandBias:0.4,Multiplicity:1.00
0.133	0.001	0.865	0.001
0.001	0.997	0.001	0.001
0.724	0.133	0.142	0.001
0.001	0.865	0.133	0.001
0.714	0.276	0.009	0.001
0.001	0.009	0.267	0.723
0.001	0.009	0.857	0.133
0.133	0.001	0.001	0.865
0.001	0.001	0.997	0.001
0.001	0.997	0.001	0.001
0.857	0.009	0.001	0.133
0.001	0.267	0.599	0.133
>CATGGGTTCACA	3-CATGGGTTCACA	9.884790	-17.790417	0	T:8.0(1.99%),B:3.0(0.11%),P:1e-7	Tpos:47.7,Tstd:26.4,Bpos:40.7,Bstd:22.1,StrandBias:1.6,Multiplicity:1.50
0.001	0.997	0.001	0.001
0.997	0.001	0.001	0.001
0.001	0.001	0.401	0.597
0.001	0.001	0.997	0.001
0.001	0.001	0.997	0.001
0.221	0.001	0.777	0.001
0.195	0.001	0.062	0.742
0.421	0.001	0.001	0.577
0.001	0.815	0.183	0.001
0.827	0.171	0.001	0.001
0.001	0.976	0.022	0.001
0.804	0.001	0.001	0.194
>ATGGGGATGACT	4-ATGGGGATGACT	10.792814	-17.560986	0	T:7.0(1.74%),B:2.0(0.07%),P:1e-7	Tpos:36.8,Tstd:24.1,Bpos:26.0,Bstd:9.0,StrandBias:0.8,Multiplicity:1.57
0.776	0.001	0.222	0.001
0.001	0.001	0.025	0.973
0.222	0.001	0.776	0.001
0.222	0.025	0.752	0.001
0.001	0.001	0.997	0.001
0.001	0.001	0.997	0.001
0.776	0.001	0.001	0.222
0.222	0.001	0.001	0.776
0.222	0.222	0.555	0.001
0.997	0.001	0.001	0.001
0.222	0.776	0.001	0.001
0.001	0.001	0.001	0.997
>GTGTGGCCAACT	5-GTGTGGCCAACT	11.122447	-14.845600	0	T:7.0(1.74%),B:3.0(0.11%),P:1e-6	Tpos:49.2,Tstd:27.2,Bpos:50.3,Bstd:34.3,StrandBias:1.0,Multiplicity:1.29
0.001	0.117	0.765	0.117
0.001	0.001	0.001	0.997
0.001	0.001	0.881	0.117
0.001	0.001	0.117	0.881
0.001	0.001	0.881	0.117
0.013	0.001	0.985	0.001
0.001	0.997	0.001	0.001
0.117	0.881	0.001	0.001
0.869	0.013	0.001	0.117
0.411	0.118	0.235	0.235
0.117	0.647	0.235	0.001
0.117	0.001	0.001	0.881
>ACCAAGCAACCA	6-ACCAAGCAACCA	12.282708	-10.360835	0	T:7.0(1.74%),B:6.0(0.21%),P:1e-4	Tpos:53.3,Tstd:26.9,Bpos:26.9,Bstd:18.2,StrandBias:0.3,Multiplicity:1.71
0.894	0.001	0.001	0.104
0.001	0.789	0.105	0.105
0.214	0.784	0.001	0.001
0.776	0.004	0.105	0.115
0.997	0.001	0.001	0.001
0.214	0.127	0.658	0.001
0.105	0.680	0.001	0.214
0.997	0.001	0.001	0.001
0.997	0.001	0.001	0.001
0.315	0.683	0.001	0.001
0.105	0.789	0.001	0.105
0.997	0.001	0.001	0.001
>CTTCCTTCCYTC	7-CTTCCTTCCYTC	10.930408	-8.366492	0	T:9.0(2.24%),B:14.0(0.50%),P:1e-3	Tpos:44.5,Tstd:13.9,Bpos:44.5,Bstd:28.0,StrandBias:1.9,Multiplicity:1.00
0.001	0.765	0.001	0.233
0.001	0.056	0.001	0.942
0.001	0.286	0.062	0.651
0.001	0.879	0.001	0.119
0.001	0.926	0.001	0.072
0.001	0.399	0.001	0.599
0.057	0.235	0.001	0.707
0.057	0.829	0.057	0.057
0.005	0.875	0.001	0.119
0.001	0.456	0.001	0.542
0.001	0.286	0.057	0.656
0.057	0.709	0.114	0.120
>GTCCACACCTCT	8-GTCCACACCTCT	11.060079	-7.430216	0	T:6.0(1.49%),B:7.0(0.25%),P:1e-3	Tpos:47.4,Tstd:30.6,Bpos:56.9,Bstd:24.8,StrandBias:1.4,Multiplicity:1.83
0.154	0.325	0.520	0.001
0.001	0.001	0.033	0.965
0.001	0.845	0.001	0.153
0.001	0.997	0.001	0.001
0.845	0.153	0.001	0.001
0.017	0.828	0.001	0.154
0.689	0.309	0.001	0.001
0.001	0.828	0.017	0.154
0.001	0.845	0.153	0.001
0.001	0.001	0.001	0.997
0.017	0.794	0.001	0.188
0.001	0.001	0.001	0.997
