>AGGACAAGTA	1-AGGACAAGTA	10.740999	-20.854298	0	T:9.0(2.24%),B:3.0(0.11%),P:1e-9	Tpos:40.6,Tstd:20.5,Bpos:64.0,Bstd:11.4,StrandBias:-1.0,Multiplicity:1.00
0.997	0.001	0.001	0.001
0.001	0.001	0.997	0.001
0.181	0.001	0.817	0.001
0.997	0.001	0.001	0.001
0.181	0.817	0.001	0.001
0.817	0.181	0.001	0.001
0.997	0.001	0.001	0.001
0.001	0.001	0.997	0.001
0.001	0.226	0.001	0.772
0.635	0.001	0.001	0.363
>GGCGGCGCCC	2-GGCGGCGCCC	9.664493	-17.560986	0	T:7.0(1.74%),B:2.0(0.07%),P:1e-7	Tpos:55.0,Tstd:25.0,Bpos:61.0,Bstd:15.0,StrandBias:1.8,Multiplicity:1.14
0.001	0.001	0.997	0.001
0.001	0.001	0.997	0.001
0.001	0.997	0.001	0.001
0.001	0.001	0.997	0.001
0.001	0.166	0.832	0.001
0.166	0.667	0.001	0.166
0.001	0.001	0.832	0.166
0.001	0.997	0.001	0.001
0.001	0.832	0.001	0.166
0.001	0.997	0.001	0.001
>GGCAGTGCAA	3-GGCAGTGCAA	9.607407	-14.347347	0	T:6.0(1.49%),B:2.0(0.07%),P:1e-6	Tpos:51.8,Tstd:28.4,Bpos:52.0,Bstd:2.0,StrandBias:2.1,Multiplicity:2.67
0.001	0.001	0.948	0.050
0.001	0.001	0.878	0.120
0.001	0.997	0.001	0.001
0.997	0.001	0.001	0.001
0.001	0.001	0.997	0.001
0.001	0.001	0.001	0.997
0.001	0.001	0.997	0.001
0.001	0.997	0.001	0.001
0.997	0.001	0.001	0.001
0.668	0.001	0.330	0.001
>ACACAYACAC	4-ACACAYACAC	7.946400	-12.445082	0	T:24.0(5.97%),B:57.0(2.03%),P:1e-5	Tpos:52.8,Tstd:23.3,Bpos:41.7,Bstd:26.8,StrandBias:2.4,Multiplicity:1.12
0.749	0.248	0.001	0.002
0.188	0.568	0.121	0.123
0.747	0.062	0.001	0.190
0.246	0.691	0.001	0.062
0.566	0.183	0.001	0.250
0.061	0.495	0.001	0.443
0.878	0.120	0.001	0.001
0.125	0.872	0.001	0.002
0.816	0.123	0.001	0.060
0.064	0.873	0.001	0.062
>TGCCTCAGAA	5-TGCCTCAGAA	11.504841	-11.288610	0	T:5.0(1.24%),B:2.0(0.07%),P:1e-4	Tpos:59.7,Tstd:28.1,Bpos:32.5,Bstd:22.7,StrandBias:-3.0,Multiplicity:1.80
0.001	0.001	0.109	0.889
0.001	0.001	0.997	0.001
0.001	0.889	0.001	0.109
0.001	0.997	0.001	0.001
0.001	0.001	0.001	0.997
0.001	0.997	0.001	0.001
0.997	0.001	0.001	0.001
0.001	0.001	0.997	0.001
0.997	0.001	0.001	0.001
0.997	0.001	0.001	0.001
>AATACGCAAA	6-AATACGCAAA	8.350283	-11.288610	0	T:5.0(1.24%),B:2.0(0.07%),P:1e-4	Tpos:48.6,Tstd:31.9,Bpos:32.0,Bstd:18.0,StrandBias:0.6,Multiplicity:1.00
0.700	0.100	0.100	0.100
0.700	0.100	0.100	0.100
0.100	0.100	0.100	0.700
0.700	0.100	0.100	0.100
0.100	0.700	0.100	0.100
0.100	0.100	0.700	0.100
0.100	0.700	0.100	0.100
0.700	0.100	0.100	0.100
0.700	0.100	0.100	0.100
0.700	0.100	0.100	0.100
>CMTCAGCCAG	7-CMTCAGCCAG	8.811800	-8.631388	0	T:20.0(4.98%),B:55.0(1.96%),P:1e-3	Tpos:52.7,Tstd:26.9,Bpos:53.3,Bstd:23.1,StrandBias:-0.6,Multiplicity:1.25
0.001	0.646	0.001	0.352
0.411	0.470	0.001	0.117
0.235	0.001	0.235	0.529
0.001	0.881	0.117	0.001
0.881	0.117	0.001	0.001
0.001	0.001	0.997	0.001
0.001	0.997	0.001	0.001
0.001	0.997	0.001	0.001
0.997	0.001	0.001	0.001
0.117	0.001	0.765	0.117
>CTTTTTTTTT	8-CTTTTTTTTT	9.909539	-3.924933	0	T:14.0(3.48%),B:52.0(1.86%),P:1e-1	Tpos:47.0,Tstd:20.1,Bpos:47.4,Bstd:27.2,StrandBias:0.4,Multiplicity:1.07
0.001	0.838	0.001	0.160
0.118	0.108	0.001	0.773
0.001	0.001	0.001	0.997
0.108	0.108	0.001	0.783
0.013	0.001	0.083	0.903
0.121	0.001	0.001	0.877
0.013	0.001	0.001	0.985
0.118	0.001	0.001	0.880
0.108	0.216	0.001	0.675
0.001	0.001	0.107	0.891
