>TABCTCWG	1-TABCTCWG	7.892526	-11.895723	0	T:9.0(19.57%),B:4481.0(2.94%),P:1e-5	Tpos:57.5,Tstd:18.5,Bpos:50.1,Bstd:27.4,StrandBias:0.8,Multiplicity:1.22
0.001	0.001	0.001	0.997
0.596	0.278	0.125	0.001
0.103	0.264	0.332	0.301
0.166	0.832	0.001	0.001
0.036	0.001	0.001	0.962
0.001	0.997	0.001	0.001
0.440	0.001	0.001	0.558
0.001	0.001	0.997	0.001
>GAGTSACT	2-GAGTSACT	7.259504	-9.097923	0	T:8.0(17.39%),B:4975.0(3.27%),P:1e-3	Tpos:57.8,Tstd:32.9,Bpos:50.2,Bstd:27.7,StrandBias:-0.7,Multiplicity:1.00
0.001	0.089	0.731	0.179
0.997	0.001	0.001	0.001
0.001	0.143	0.855	0.001
0.001	0.088	0.230	0.681
0.001	0.504	0.494	0.001
0.894	0.001	0.104	0.001
0.131	0.534	0.189	0.146
0.001	0.132	0.001	0.866
>MACACACA	3-MACACACA	7.409998	-9.034543	0	T:11.0(23.91%),B:9726.0(6.39%),P:1e-3	Tpos:62.0,Tstd:19.6,Bpos:49.3,Bstd:27.8,StrandBias:-2.2,Multiplicity:1.45
0.440	0.558	0.001	0.001
0.997	0.001	0.001	0.001
0.001	0.912	0.001	0.086
0.997	0.001	0.001	0.001
0.140	0.858	0.001	0.001
0.997	0.001	0.001	0.001
0.001	0.786	0.212	0.001
0.997	0.001	0.001	0.001
>GTTACAAG	4-GTTACAAG	8.921810	-5.148933	0	T:3.0(6.52%),B:1202.0(0.79%),P:1e-2	Tpos:64.8,Tstd:20.0,Bpos:50.8,Bstd:26.1,StrandBias:-2.3,Multiplicity:2.00
0.001	0.001	0.997	0.001
0.001	0.001	0.001	0.997
0.001	0.001	0.001	0.997
0.866	0.001	0.001	0.132
0.001	0.997	0.001	0.001
0.997	0.001	0.001	0.001
0.882	0.001	0.116	0.001
0.001	0.001	0.997	0.001
>CATCCGCT	5-CATCCGCT	9.603985	-3.834374	0	T:2.0(4.35%),B:747.0(0.49%),P:1e-1	Tpos:57.5,Tstd:27.9,Bpos:52.3,Bstd:25.9,StrandBias:10.0,Multiplicity:2.00
0.001	0.997	0.001	0.001
0.997	0.001	0.001	0.001
0.001	0.231	0.001	0.767
0.001	0.997	0.001	0.001
0.001	0.997	0.001	0.001
0.001	0.001	0.997	0.001
0.001	0.997	0.001	0.001
0.001	0.001	0.001	0.997
