>GATGAACA	1-GATGAACA	7.991590	-15.524193	0	T:10.0(21.74%),B:3830.0(2.52%),P:1e-6	Tpos:46.1,Tstd:23.9,Bpos:49.7,Bstd:27.5,StrandBias:-0.8,Multiplicity:1.10
0.001	0.001	0.997	0.001
0.889	0.001	0.109	0.001
0.196	0.001	0.001	0.802
0.001	0.001	0.997	0.001
0.778	0.112	0.109	0.001
0.892	0.001	0.106	0.001
0.115	0.883	0.001	0.001
0.874	0.001	0.001	0.124
>ATATTGGG	2-ATATTGGG	8.236954	-11.883800	0	T:3.0(6.52%),B:118.0(0.08%),P:1e-5	Tpos:48.7,Tstd:21.0,Bpos:49.7,Bstd:27.6,StrandBias:-1.0,Multiplicity:1.00
0.700	0.100	0.100	0.100
0.100	0.100	0.100	0.700
0.700	0.100	0.100	0.100
0.100	0.100	0.100	0.700
0.100	0.100	0.100	0.700
0.100	0.100	0.700	0.100
0.100	0.100	0.700	0.100
0.100	0.100	0.700	0.100
>CTCCCGGA	3-CTCCCGGA	5.772490	-11.139891	0	T:15.0(32.61%),B:14554.0(9.56%),P:1e-4	Tpos:57.4,Tstd:26.6,Bpos:50.1,Bstd:26.9,StrandBias:-0.5,Multiplicity:1.13
0.063	0.703	0.037	0.197
0.065	0.075	0.027	0.833
0.032	0.888	0.023	0.057
0.152	0.709	0.038	0.101
0.122	0.625	0.143	0.110
0.093	0.161	0.708	0.038
0.040	0.110	0.825	0.025
0.725	0.098	0.047	0.130
>GCATGCGA	4-GCATGCGA	9.775361	-10.805848	0	T:4.0(8.70%),B:523.0(0.34%),P:1e-4	Tpos:61.5,Tstd:33.3,Bpos:49.4,Bstd:26.7,StrandBias:-1.6,Multiplicity:1.00
0.001	0.001	0.997	0.001
0.001	0.997	0.001	0.001
0.997	0.001	0.001	0.001
0.001	0.001	0.408	0.590
0.001	0.001	0.997	0.001
0.001	0.997	0.001	0.001
0.001	0.001	0.997	0.001
0.670	0.001	0.001	0.328
>TATAWAAC	5-TATAWAAC	6.818787	-7.404764	0	T:5.0(10.87%),B:2270.0(1.49%),P:1e-3	Tpos:34.5,Tstd:29.4,Bpos:51.1,Bstd:27.2,StrandBias:-1.2,Multiplicity:1.20
0.001	0.001	0.001	0.997
0.693	0.001	0.001	0.305
0.001	0.001	0.046	0.952
0.997	0.001	0.001	0.001
0.471	0.001	0.001	0.527
0.997	0.001	0.001	0.001
0.997	0.001	0.001	0.001
0.057	0.941	0.001	0.001
