>TCACATTG	1-TCACATTG	5.766485	-17.739425	0	T:19.0(41.30%),B:14884.0(9.78%),P:1e-7	Tpos:46.3,Tstd:29.2,Bpos:50.5,Bstd:26.1,StrandBias:0.1,Multiplicity:1.05
0.063	0.111	0.023	0.803
0.219	0.587	0.053	0.141
0.748	0.127	0.043	0.082
0.082	0.789	0.094	0.035
0.723	0.183	0.036	0.058
0.173	0.075	0.151	0.601
0.021	0.089	0.028	0.862
0.035	0.029	0.907	0.029
>ATGCTATT	2-ATGCTATT	7.879821	-17.243392	0	T:9.0(19.57%),B:2347.0(1.54%),P:1e-7	Tpos:41.8,Tstd:26.9,Bpos:49.8,Bstd:27.5,StrandBias:-1.2,Multiplicity:1.11
0.925	0.001	0.001	0.073
0.001	0.001	0.001	0.997
0.001	0.001	0.997	0.001
0.001	0.893	0.001	0.105
0.001	0.104	0.001	0.894
0.602	0.075	0.001	0.322
0.001	0.092	0.120	0.787
0.001	0.001	0.001	0.997
>TCATGACT	3-TCATGACT	7.580469	-14.087301	0	T:9.0(19.57%),B:3422.0(2.25%),P:1e-6	Tpos:59.2,Tstd:26.5,Bpos:50.3,Bstd:27.4,StrandBias:-0.3,Multiplicity:1.00
0.001	0.001	0.130	0.868
0.148	0.850	0.001	0.001
0.927	0.071	0.001	0.001
0.001	0.001	0.085	0.913
0.001	0.001	0.860	0.138
0.997	0.001	0.001	0.001
0.001	0.867	0.131	0.001
0.157	0.001	0.001	0.841
>AAGATGTG	4-AAGATGTG	7.471584	-10.364631	0	T:7.0(15.22%),B:3000.0(1.97%),P:1e-4	Tpos:59.4,Tstd:20.8,Bpos:50.2,Bstd:27.4,StrandBias:0.4,Multiplicity:1.00
0.700	0.004	0.001	0.295
0.717	0.163	0.001	0.119
0.019	0.107	0.852	0.022
0.916	0.082	0.001	0.001
0.092	0.171	0.001	0.736
0.001	0.001	0.997	0.001
0.001	0.001	0.046	0.952
0.110	0.001	0.784	0.105
>TCCTCTAG	5-TCCTCTAG	7.106485	-9.592998	0	T:9.0(19.57%),B:6011.0(3.95%),P:1e-4	Tpos:55.2,Tstd:28.0,Bpos:50.1,Bstd:27.1,StrandBias:0.0,Multiplicity:1.33
0.034	0.029	0.001	0.936
0.001	0.760	0.204	0.035
0.001	0.774	0.001	0.224
0.099	0.001	0.001	0.899
0.001	0.894	0.104	0.001
0.197	0.001	0.001	0.801
0.997	0.001	0.001	0.001
0.001	0.001	0.740	0.258
