>MSCRAGRYKSRC	1-MSCRAGRYKSRC	11.039056	-15.392903	0	T:3.0(42.86%),B:5.0(0.18%),P:1e-6	Tpos:39.0,Tstd:20.4,Bpos:45.4,Bstd:16.3,StrandBias:1.0,Multiplicity:1.00
0.461	0.537	0.001	0.001
0.001	0.537	0.461	0.001
0.001	0.997	0.001	0.001
0.537	0.001	0.461	0.001
0.997	0.001	0.001	0.001
0.001	0.001	0.997	0.001
0.537	0.001	0.461	0.001
0.001	0.537	0.001	0.461
0.001	0.001	0.461	0.537
0.001	0.461	0.537	0.001
0.537	0.001	0.461	0.001
0.001	0.997	0.001	0.001
>CAGCMMYWMAGG	2-CAGCMMYWMAGG	12.707998	-12.804105	0	T:2.0(28.57%),B:0.0(0.00%),P:1e-5	Tpos:65.5,Tstd:2.5,Bpos:0.0,Bstd:0.0,StrandBias:0.0,Multiplicity:1.00
0.001	0.997	0.001	0.001
0.997	0.001	0.001	0.001
0.065	0.001	0.933	0.001
0.001	0.997	0.001	0.001
0.472	0.461	0.001	0.066
0.461	0.537	0.001	0.001
0.001	0.537	0.001	0.461
0.461	0.001	0.001	0.537
0.461	0.461	0.077	0.001
0.997	0.001	0.001	0.001
0.001	0.001	0.922	0.076
0.001	0.001	0.933	0.065
>ARCKCCTRRTYY	3-ARCKCCTRRTYY	12.276561	-7.847578	0	T:2.0(28.57%),B:12.0(0.43%),P:1e-3	Tpos:26.5,Tstd:0.5,Bpos:59.5,Bstd:27.7,StrandBias:10.0,Multiplicity:1.00
0.997	0.001	0.001	0.001
0.461	0.001	0.537	0.001
0.001	0.997	0.001	0.001
0.077	0.001	0.461	0.461
0.001	0.997	0.001	0.001
0.001	0.997	0.001	0.001
0.001	0.001	0.001	0.997
0.461	0.001	0.537	0.001
0.537	0.001	0.461	0.001
0.001	0.001	0.001	0.997
0.001	0.461	0.077	0.461
0.001	0.461	0.001	0.537
>CCAATCAGATAA	4-CCAATCAGATAA	12.355432	-5.286825	0	T:1.0(14.29%),B:2.0(0.07%),P:1e-2	Tpos:49.0,Tstd:0.0,Bpos:30.5,Bstd:8.5,StrandBias:-10.0,Multiplicity:1.00
0.100	0.700	0.100	0.100
0.100	0.700	0.100	0.100
0.700	0.100	0.100	0.100
0.700	0.100	0.100	0.100
0.100	0.100	0.100	0.700
0.100	0.700	0.100	0.100
0.700	0.100	0.100	0.100
0.100	0.100	0.700	0.100
0.700	0.100	0.100	0.100
0.100	0.100	0.100	0.700
0.700	0.100	0.100	0.100
0.700	0.100	0.100	0.100
>ATGGGGTGATGG	5-ATGGGGTGATGG	12.355432	-5.286825	0	T:1.0(14.29%),B:2.0(0.07%),P:1e-2	Tpos:47.0,Tstd:0.0,Bpos:44.0,Bstd:26.0,StrandBias:-10.0,Multiplicity:1.00
0.700	0.100	0.100	0.100
0.100	0.100	0.100	0.700
0.100	0.100	0.700	0.100
0.100	0.100	0.700	0.100
0.100	0.100	0.700	0.100
0.100	0.100	0.700	0.100
0.100	0.100	0.100	0.700
0.100	0.100	0.700	0.100
0.700	0.100	0.100	0.100
0.100	0.100	0.100	0.700
0.100	0.100	0.700	0.100
0.100	0.100	0.700	0.100
