>SCMRWKYWCMTT	1-SCMRWKYWCMTT	11.039056	-18.138514	0	T:3.0(42.86%),B:2.0(0.07%),P:1e-7	Tpos:36.3,Tstd:26.1,Bpos:37.5,Bstd:23.5,StrandBias:10.0,Multiplicity:1.00
0.001	0.461	0.537	0.001
0.001	0.997	0.001	0.001
0.461	0.537	0.001	0.001
0.461	0.001	0.537	0.001
0.461	0.001	0.001	0.537
0.001	0.001	0.537	0.461
0.001	0.537	0.001	0.461
0.537	0.001	0.001	0.461
0.001	0.997	0.001	0.001
0.461	0.537	0.001	0.001
0.001	0.001	0.001	0.997
0.001	0.001	0.001	0.997
>GMTWRKSGWAGY	2-GMTWRKSGWAGY	11.396098	-11.419018	0	T:2.0(28.57%),B:2.0(0.07%),P:1e-4	Tpos:43.5,Tstd:34.5,Bpos:52.5,Bstd:25.5,StrandBias:10.0,Multiplicity:1.00
0.001	0.001	0.997	0.001
0.461	0.461	0.077	0.001
0.065	0.001	0.001	0.933
0.537	0.001	0.001	0.461
0.461	0.001	0.537	0.001
0.001	0.066	0.472	0.461
0.001	0.537	0.461	0.001
0.001	0.065	0.933	0.001
0.461	0.001	0.001	0.537
0.997	0.001	0.001	0.001
0.001	0.001	0.997	0.001
0.001	0.537	0.001	0.461
>TTGGTTGTTGGG	3-TTGGTTGTTGGG	6.655457	-9.341222	0	T:5.0(71.43%),B:239.0(8.65%),P:1e-4	Tpos:57.7,Tstd:27.8,Bpos:50.0,Bstd:26.6,StrandBias:0.4,Multiplicity:1.40
0.001	0.001	0.278	0.720
0.140	0.140	0.140	0.580
0.001	0.001	0.859	0.139
0.140	0.279	0.442	0.140
0.001	0.279	0.159	0.561
0.159	0.139	0.001	0.701
0.001	0.139	0.859	0.001
0.020	0.279	0.140	0.561
0.001	0.139	0.001	0.859
0.279	0.001	0.442	0.279
0.001	0.278	0.720	0.001
0.001	0.139	0.721	0.139
>AAGCGCGCGCCC	4-AAGCGCGCGCCC	6.101623	-6.452891	0	T:3.0(42.86%),B:102.0(3.69%),P:1e-2	Tpos:45.0,Tstd:21.3,Bpos:50.9,Bstd:26.6,StrandBias:-2.0,Multiplicity:1.33
0.746	0.013	0.001	0.240
0.746	0.001	0.240	0.013
0.267	0.001	0.480	0.252
0.253	0.480	0.266	0.001
0.001	0.253	0.506	0.240
0.012	0.986	0.001	0.001
0.001	0.001	0.745	0.253
0.253	0.481	0.240	0.027
0.266	0.240	0.493	0.001
0.265	0.493	0.241	0.001
0.026	0.481	0.253	0.240
0.001	0.758	0.240	0.001
>TTGTCGTAGTAG	5-TTGTCGTAGTAG	14.985633	-5.978886	0	T:1.0(14.29%),B:0.0(0.00%),P:1e-2	Tpos:47.0,Tstd:0.0,Bpos:0.0,Bstd:0.0,StrandBias:10.0,Multiplicity:1.00
0.001	0.001	0.001	0.997
0.001	0.332	0.001	0.666
0.001	0.001	0.997	0.001
0.001	0.001	0.001	0.997
0.332	0.666	0.001	0.001
0.001	0.001	0.997	0.001
0.001	0.001	0.001	0.997
0.997	0.001	0.001	0.001
0.001	0.001	0.997	0.001
0.001	0.001	0.001	0.997
0.666	0.001	0.001	0.332
0.001	0.332	0.666	0.001
