>CAGAAGAGGCCC	1-CAGAAGAGGCCC	9.644208	-18.187199	0	T:5.0(21.74%),B:9.0(0.33%),P:1e-7	Tpos:67.8,Tstd:20.7,Bpos:45.1,Bstd:10.9,StrandBias:2.0,Multiplicity:1.00
0.001	0.761	0.001	0.237
0.761	0.001	0.001	0.237
0.001	0.001	0.761	0.237
0.761	0.001	0.237	0.001
0.761	0.001	0.001	0.237
0.001	0.001	0.997	0.001
0.475	0.237	0.287	0.001
0.001	0.001	0.761	0.237
0.001	0.001	0.761	0.237
0.001	0.997	0.001	0.001
0.049	0.949	0.001	0.001
0.237	0.525	0.001	0.237
>AAGGAGRTMTAC	2-AAGGAGRTMTAC	8.765319	-18.067441	0	T:6.0(26.09%),B:20.0(0.73%),P:1e-7	Tpos:58.3,Tstd:15.4,Bpos:53.9,Bstd:27.4,StrandBias:-1.3,Multiplicity:1.00
0.615	0.192	0.192	0.001
0.807	0.001	0.001	0.191
0.001	0.001	0.997	0.001
0.001	0.001	0.600	0.398
0.577	0.015	0.001	0.407
0.008	0.192	0.785	0.015
0.384	0.201	0.415	0.001
0.008	0.008	0.008	0.976
0.416	0.391	0.001	0.192
0.009	0.392	0.015	0.584
0.976	0.022	0.001	0.001
0.001	0.598	0.001	0.400
>WWCAKGAAAKMW	3-WWCAKGAAAKMW	12.419876	-16.254677	0	T:3.0(13.04%),B:1.0(0.04%),P:1e-7	Tpos:25.3,Tstd:17.3,Bpos:53.0,Bstd:0.0,StrandBias:-1.0,Multiplicity:1.00
0.546	0.001	0.001	0.452
0.546	0.001	0.001	0.452
0.001	0.997	0.001	0.001
0.997	0.001	0.001	0.001
0.001	0.001	0.546	0.452
0.001	0.001	0.997	0.001
0.997	0.001	0.001	0.001
0.997	0.001	0.001	0.001
0.997	0.001	0.001	0.001
0.001	0.001	0.546	0.452
0.546	0.452	0.001	0.001
0.452	0.001	0.001	0.546
>AGTGTTACTVTG	4-AGTGTTACTVTG	10.639776	-13.019066	0	T:4.0(17.39%),B:11.0(0.40%),P:1e-5	Tpos:43.7,Tstd:28.2,Bpos:45.0,Bstd:28.9,StrandBias:-1.0,Multiplicity:1.50
0.687	0.001	0.311	0.001
0.001	0.001	0.997	0.001
0.001	0.001	0.311	0.687
0.001	0.311	0.687	0.001
0.001	0.311	0.001	0.687
0.001	0.311	0.001	0.687
0.687	0.311	0.001	0.001
0.001	0.997	0.001	0.001
0.001	0.001	0.001	0.997
0.376	0.311	0.311	0.001
0.001	0.311	0.001	0.687
0.001	0.001	0.997	0.001
>RTGGCACAAGGG	5-RTGGCACAAGGG	9.195951	-12.362024	0	T:4.0(17.39%),B:13.0(0.48%),P:1e-5	Tpos:44.2,Tstd:34.6,Bpos:40.5,Bstd:23.5,StrandBias:2.0,Multiplicity:1.25
0.474	0.001	0.524	0.001
0.237	0.001	0.287	0.475
0.001	0.001	0.997	0.001
0.237	0.001	0.761	0.001
0.001	0.761	0.237	0.001
0.761	0.001	0.001	0.237
0.001	0.974	0.024	0.001
0.525	0.237	0.001	0.237
0.997	0.001	0.001	0.001
0.001	0.001	0.997	0.001
0.001	0.237	0.761	0.001
0.001	0.237	0.761	0.001
