>TGTTACAATAGG	1-TGTTACAATAGG	8.732810	-13.066660	0	T:5.0(20.00%),B:26.0(0.86%),P:1e-5	Tpos:45.2,Tstd:24.7,Bpos:52.0,Bstd:23.2,StrandBias:0.6,Multiplicity:1.00
0.001	0.272	0.279	0.448
0.007	0.272	0.713	0.008
0.001	0.423	0.001	0.575
0.001	0.265	0.014	0.720
0.537	0.278	0.184	0.001
0.271	0.543	0.185	0.001
0.834	0.007	0.158	0.001
0.982	0.001	0.003	0.014
0.416	0.007	0.007	0.570
0.540	0.001	0.293	0.166
0.007	0.001	0.826	0.166
0.001	0.001	0.727	0.271
>YWSWTGAAGTKR	2-YWSWTGAAGTKR	12.234066	-13.036654	0	T:3.0(12.00%),B:3.0(0.10%),P:1e-5	Tpos:57.3,Tstd:33.5,Bpos:42.3,Bstd:10.2,StrandBias:10.0,Multiplicity:1.00
0.001	0.453	0.034	0.512
0.452	0.001	0.001	0.546
0.001	0.452	0.546	0.001
0.453	0.034	0.001	0.512
0.001	0.001	0.001	0.997
0.001	0.001	0.997	0.001
0.943	0.001	0.055	0.001
0.997	0.001	0.001	0.001
0.033	0.001	0.965	0.001
0.001	0.001	0.001	0.997
0.019	0.001	0.527	0.453
0.452	0.001	0.546	0.001
>CTTGYTGGAGTG	3-CTTGYTGGAGTG	7.615854	-8.491307	0	T:5.0(20.00%),B:68.0(2.24%),P:1e-3	Tpos:67.5,Tstd:10.0,Bpos:50.3,Bstd:25.5,StrandBias:2.3,Multiplicity:1.20
0.097	0.901	0.001	0.001
0.098	0.098	0.098	0.706
0.196	0.098	0.196	0.510
0.196	0.001	0.705	0.098
0.001	0.392	0.196	0.412
0.001	0.098	0.294	0.607
0.098	0.001	0.705	0.196
0.196	0.098	0.705	0.001
0.803	0.001	0.098	0.098
0.009	0.196	0.501	0.294
0.195	0.001	0.001	0.803
0.005	0.196	0.701	0.098
>ATTGGTTCCTGG	4-ATTGGTTCCTGG	10.378992	-8.152035	0	T:2.0(8.00%),B:3.0(0.10%),P:1e-3	Tpos:41.0,Tstd:35.0,Bpos:26.0,Bstd:12.8,StrandBias:0.0,Multiplicity:1.00
0.997	0.001	0.001	0.001
0.171	0.001	0.001	0.827
0.001	0.001	0.001	0.997
0.001	0.001	0.997	0.001
0.001	0.001	0.997	0.001
0.001	0.001	0.001	0.997
0.001	0.001	0.001	0.997
0.001	0.997	0.001	0.001
0.001	0.997	0.001	0.001
0.057	0.114	0.001	0.828
0.114	0.001	0.884	0.001
0.001	0.057	0.828	0.114
>GTGACBYTGTTK	5-GTGACBYTGTTK	9.446363	-7.140463	0	T:2.0(8.00%),B:5.0(0.16%),P:1e-3	Tpos:49.5,Tstd:41.5,Bpos:38.2,Bstd:23.3,StrandBias:0.0,Multiplicity:1.00
0.001	0.294	0.509	0.196
0.097	0.001	0.001	0.901
0.001	0.001	0.901	0.097
0.706	0.098	0.098	0.098
0.196	0.607	0.001	0.196
0.001	0.412	0.294	0.294
0.001	0.408	0.098	0.493
0.098	0.001	0.098	0.803
0.001	0.097	0.901	0.001
0.115	0.196	0.196	0.493
0.098	0.098	0.017	0.787
0.001	0.098	0.509	0.392
