>GAAAGGCACC	1-GAAAGGCACC	6.887152	-23.647177	0	T:5.0(21.74%),B:3.0(0.11%),P:1e-10	Tpos:23.6,Tstd:14.3,Bpos:33.3,Bstd:19.6,StrandBias:0.6,Multiplicity:1.00
0.001	0.001	0.997	0.001
0.826	0.001	0.172	0.001
0.997	0.001	0.001	0.001
0.997	0.001	0.001	0.001
0.001	0.001	0.997	0.001
0.001	0.043	0.913	0.043
0.001	0.997	0.001	0.001
0.997	0.001	0.001	0.001
0.001	0.869	0.129	0.001
0.001	0.997	0.001	0.001
>KACASWAAWC	2-KACASWAAWC	7.923055	-22.214278	0	T:5.0(21.74%),B:4.0(0.15%),P:1e-9	Tpos:48.6,Tstd:15.6,Bpos:34.8,Bstd:13.8,StrandBias:0.6,Multiplicity:1.00
0.001	0.001	0.452	0.546
0.967	0.031	0.001	0.001
0.001	0.997	0.001	0.001
0.997	0.001	0.001	0.001
0.001	0.452	0.546	0.001
0.546	0.001	0.001	0.452
0.967	0.001	0.001	0.031
0.997	0.001	0.001	0.001
0.546	0.001	0.001	0.452
0.001	0.997	0.001	0.001
>MYWTATAGTK	3-MYWTATAGTK	7.923055	-18.171519	0	T:4.0(17.39%),B:3.0(0.11%),P:1e-7	Tpos:70.4,Tstd:22.6,Bpos:72.0,Bstd:18.4,StrandBias:0.6,Multiplicity:1.25
0.452	0.546	0.001	0.001
0.001	0.546	0.001	0.452
0.546	0.001	0.001	0.452
0.001	0.001	0.001	0.997
0.967	0.001	0.031	0.001
0.001	0.001	0.001	0.997
0.997	0.001	0.001	0.001
0.031	0.001	0.967	0.001
0.001	0.001	0.001	0.997
0.001	0.001	0.546	0.452
>AAAAGCAGAG	4-AAAAGCAGAG	11.873576	-18.171519	0	T:4.0(17.39%),B:3.0(0.11%),P:1e-7	Tpos:41.2,Tstd:33.9,Bpos:82.0,Bstd:10.4,StrandBias:-10.0,Multiplicity:1.00
0.749	0.001	0.001	0.249
0.997	0.001	0.001	0.001
0.749	0.001	0.001	0.249
0.997	0.001	0.001	0.001
0.001	0.249	0.749	0.001
0.001	0.997	0.001	0.001
0.997	0.001	0.001	0.001
0.001	0.001	0.997	0.001
0.997	0.001	0.001	0.001
0.001	0.001	0.997	0.001
>AGCTCCTSCC	5-AGCTCCTSCC	9.268524	-14.626841	0	T:6.0(26.09%),B:36.0(1.32%),P:1e-6	Tpos:57.9,Tstd:23.6,Bpos:47.0,Bstd:25.6,StrandBias:-0.4,Multiplicity:1.17
0.964	0.001	0.004	0.031
0.001	0.001	0.997	0.001
0.001	0.997	0.001	0.001
0.001	0.001	0.001	0.997
0.001	0.997	0.001	0.001
0.001	0.997	0.001	0.001
0.411	0.001	0.001	0.587
0.001	0.569	0.429	0.001
0.001	0.997	0.001	0.001
0.001	0.994	0.004	0.001
