>DACTCTGTGTCA	1-DACTCTGTGTCA	9.500044	-16.525517	0	T:6.0(26.09%),B:26.0(0.95%),P:1e-7	Tpos:51.3,Tstd:24.6,Bpos:51.3,Bstd:26.1,StrandBias:-1.0,Multiplicity:1.00
0.311	0.001	0.311	0.376
0.687	0.001	0.001	0.311
0.001	0.687	0.311	0.001
0.021	0.311	0.001	0.667
0.311	0.687	0.001	0.001
0.001	0.001	0.001	0.997
0.001	0.001	0.997	0.001
0.001	0.001	0.001	0.997
0.001	0.001	0.687	0.311
0.001	0.311	0.021	0.667
0.001	0.997	0.001	0.001
0.687	0.001	0.001	0.311
>GTTTTTGGCAAA	2-GTTTTTGGCAAA	7.571219	-16.254677	0	T:3.0(13.04%),B:1.0(0.04%),P:1e-7	Tpos:51.7,Tstd:22.1,Bpos:9.0,Bstd:0.0,StrandBias:-1.0,Multiplicity:1.00
0.001	0.001	0.826	0.172
0.001	0.001	0.006	0.992
0.001	0.001	0.142	0.856
0.006	0.001	0.001	0.992
0.006	0.001	0.001	0.992
0.001	0.001	0.014	0.984
0.001	0.001	0.997	0.001
0.007	0.158	0.834	0.001
0.165	0.833	0.001	0.001
0.997	0.001	0.001	0.001
0.997	0.001	0.001	0.001
0.992	0.001	0.006	0.001
>TGAGGTCCAGGA	3-TGAGGTCCAGGA	9.130893	-14.313222	0	T:6.0(26.09%),B:38.0(1.40%),P:1e-6	Tpos:61.7,Tstd:31.1,Bpos:49.3,Bstd:30.5,StrandBias:-1.0,Multiplicity:1.00
0.001	0.001	0.237	0.761
0.001	0.001	0.997	0.001
0.525	0.001	0.237	0.237
0.001	0.001	0.761	0.237
0.001	0.001	0.761	0.237
0.237	0.001	0.001	0.761
0.237	0.761	0.001	0.001
0.237	0.525	0.237	0.001
0.525	0.237	0.237	0.001
0.237	0.001	0.761	0.001
0.001	0.001	0.997	0.001
0.997	0.001	0.001	0.001
>CAATCAGAGCCA	4-CAATCAGAGCCA	11.327708	-10.290730	0	T:2.0(8.70%),B:1.0(0.04%),P:1e-4	Tpos:56.0,Tstd:30.0,Bpos:40.0,Bstd:0.0,StrandBias:10.0,Multiplicity:1.00
0.001	0.826	0.172	0.001
0.997	0.001	0.001	0.001
0.997	0.001	0.001	0.001
0.001	0.001	0.001	0.997
0.001	0.997	0.001	0.001
0.997	0.001	0.001	0.001
0.001	0.001	0.997	0.001
0.826	0.001	0.172	0.001
0.001	0.001	0.997	0.001
0.001	0.826	0.172	0.001
0.001	0.997	0.001	0.001
0.997	0.001	0.001	0.001
>AAACAGCCCCTT	5-AAACAGCCCCTT	10.409522	-7.843113	0	T:3.0(13.04%),B:17.0(0.62%),P:1e-3	Tpos:39.5,Tstd:26.5,Bpos:54.1,Bstd:32.7,StrandBias:0.0,Multiplicity:1.00
0.700	0.100	0.100	0.100
0.700	0.100	0.100	0.100
0.700	0.100	0.100	0.100
0.100	0.700	0.100	0.100
0.700	0.100	0.100	0.100
0.100	0.100	0.700	0.100
0.100	0.700	0.100	0.100
0.100	0.700	0.100	0.100
0.100	0.700	0.100	0.100
0.100	0.700	0.100	0.100
0.100	0.100	0.100	0.700
0.100	0.100	0.100	0.700
