>TRCATGCA	1-TRCATGCA	7.756028	-13.462894	0	T:8.0(34.78%),B:105.0(3.86%),P:1e-5	Tpos:55.0,Tstd:25.4,Bpos:49.6,Bstd:29.5,StrandBias:-0.2,Multiplicity:1.25
0.001	0.320	0.001	0.678
0.514	0.001	0.484	0.001
0.001	0.997	0.001	0.001
0.736	0.262	0.001	0.001
0.161	0.001	0.001	0.837
0.001	0.001	0.997	0.001
0.001	0.997	0.001	0.001
0.997	0.001	0.001	0.001
>TACCACTR	2-TACCACTR	7.729574	-7.035007	0	T:4.0(17.39%),B:52.0(1.91%),P:1e-3	Tpos:53.2,Tstd:19.9,Bpos:49.8,Bstd:25.8,StrandBias:-1.0,Multiplicity:1.50
0.070	0.001	0.001	0.928
0.997	0.001	0.001	0.001
0.001	0.997	0.001	0.001
0.001	0.997	0.001	0.001
0.997	0.001	0.001	0.001
0.009	0.861	0.001	0.129
0.325	0.001	0.047	0.627
0.530	0.001	0.468	0.001
>TGTCTCTC	3-TGTCTCTC	7.803444	-6.153286	0	T:5.0(21.74%),B:112.0(4.11%),P:1e-2	Tpos:48.7,Tstd:24.4,Bpos:53.1,Bstd:27.2,StrandBias:-3.7,Multiplicity:2.80
0.001	0.126	0.001	0.872
0.001	0.023	0.975	0.001
0.105	0.086	0.001	0.808
0.001	0.997	0.001	0.001
0.001	0.112	0.001	0.886
0.001	0.722	0.276	0.001
0.044	0.001	0.001	0.954
0.001	0.840	0.054	0.105
>GCGCCAAC	4-GCGCCAAC	8.236954	-4.088919	0	T:1.0(4.35%),B:2.0(0.07%),P:1e-1	Tpos:11.0,Tstd:0.0,Bpos:64.0,Bstd:0.0,StrandBias:10.0,Multiplicity:1.00
0.100	0.100	0.700	0.100
0.100	0.700	0.100	0.100
0.100	0.100	0.700	0.100
0.100	0.700	0.100	0.100
0.100	0.700	0.100	0.100
0.700	0.100	0.100	0.100
0.700	0.100	0.100	0.100
0.100	0.700	0.100	0.100
>CAGCAGCA	5-CAGCAGCA	7.882528	-3.989324	0	T:4.0(17.39%),B:123.0(4.52%),P:1e-1	Tpos:52.1,Tstd:23.9,Bpos:50.7,Bstd:26.7,StrandBias:2.7,Multiplicity:1.75
0.001	0.899	0.001	0.099
0.997	0.001	0.001	0.001
0.001	0.001	0.997	0.001
0.001	0.873	0.001	0.125
0.997	0.001	0.001	0.001
0.148	0.001	0.767	0.084
0.001	0.997	0.001	0.001
0.930	0.068	0.001	0.001
