>GYGKGGMTGGAR	1-GYGKGGMTGGAR	10.628945	-18.252548	0	T:4.0(16.00%),B:3.0(0.10%),P:1e-7	Tpos:62.2,Tstd:26.6,Bpos:61.0,Bstd:8.2,StrandBias:10.0,Multiplicity:1.25
0.030	0.001	0.968	0.001
0.001	0.483	0.001	0.515
0.001	0.001	0.997	0.001
0.001	0.001	0.546	0.452
0.001	0.001	0.997	0.001
0.001	0.001	0.997	0.001
0.452	0.546	0.001	0.001
0.001	0.001	0.001	0.997
0.001	0.001	0.997	0.001
0.001	0.001	0.997	0.001
0.997	0.001	0.001	0.001
0.546	0.001	0.452	0.001
>TACAGGTACWSG	2-TACAGGTACWSG	8.681148	-16.620374	0	T:6.0(24.00%),B:26.0(0.86%),P:1e-7	Tpos:40.7,Tstd:27.3,Bpos:50.4,Bstd:24.9,StrandBias:0.4,Multiplicity:1.17
0.001	0.001	0.403	0.595
0.595	0.001	0.403	0.001
0.001	0.997	0.001	0.001
0.997	0.001	0.001	0.001
0.001	0.001	0.787	0.211
0.403	0.001	0.595	0.001
0.001	0.001	0.001	0.997
0.595	0.001	0.403	0.001
0.001	0.575	0.001	0.423
0.404	0.192	0.001	0.404
0.001	0.404	0.404	0.192
0.423	0.001	0.575	0.001
>AGAGCCCCACTC	3-AGAGCCCCACTC	13.593323	-16.321631	0	T:3.0(12.00%),B:1.0(0.03%),P:1e-7	Tpos:51.3,Tstd:17.6,Bpos:86.0,Bstd:0.0,StrandBias:1.0,Multiplicity:1.00
0.666	0.001	0.001	0.332
0.001	0.001	0.997	0.001
0.997	0.001	0.001	0.001
0.001	0.001	0.997	0.001
0.332	0.666	0.001	0.001
0.001	0.997	0.001	0.001
0.001	0.997	0.001	0.001
0.001	0.666	0.001	0.332
0.997	0.001	0.001	0.001
0.332	0.666	0.001	0.001
0.001	0.001	0.001	0.997
0.001	0.997	0.001	0.001
>AMCCWTCMCTGC	4-AMCCWTCMCTGC	10.514447	-15.496552	0	T:4.0(16.00%),B:6.0(0.20%),P:1e-6	Tpos:32.0,Tstd:25.2,Bpos:65.3,Bstd:25.4,StrandBias:0.6,Multiplicity:1.25
0.997	0.001	0.001	0.001
0.524	0.474	0.001	0.001
0.001	0.525	0.237	0.237
0.001	0.997	0.001	0.001
0.474	0.001	0.001	0.524
0.237	0.001	0.001	0.761
0.001	0.761	0.001	0.237
0.524	0.474	0.001	0.001
0.001	0.997	0.001	0.001
0.001	0.237	0.001	0.761
0.001	0.001	0.997	0.001
0.237	0.761	0.001	0.001
>AGGTGTTGTAGT	5-AGGTGTTGTAGT	11.979479	-10.339173	0	T:2.0(8.00%),B:1.0(0.03%),P:1e-4	Tpos:51.5,Tstd:6.5,Bpos:79.0,Bstd:0.0,StrandBias:-10.0,Multiplicity:1.00
0.666	0.001	0.001	0.332
0.332	0.001	0.666	0.001
0.001	0.001	0.666	0.332
0.001	0.001	0.001	0.997
0.332	0.001	0.666	0.001
0.001	0.332	0.001	0.666
0.001	0.332	0.001	0.666
0.001	0.001	0.997	0.001
0.001	0.001	0.001	0.997
0.666	0.332	0.001	0.001
0.001	0.001	0.997	0.001
0.001	0.001	0.332	0.666
