>GTGTAGGAGG	1-GTGTAGGAGG	10.444432	-16.139384	0	T:4.0(17.39%),B:5.0(0.18%),P:1e-7	Tpos:56.9,Tstd:20.8,Bpos:58.8,Bstd:23.7,StrandBias:10.0,Multiplicity:1.75
0.001	0.001	0.590	0.408
0.159	0.001	0.001	0.839
0.001	0.001	0.839	0.159
0.001	0.001	0.001	0.997
0.792	0.001	0.001	0.206
0.206	0.001	0.616	0.177
0.001	0.001	0.792	0.206
0.792	0.001	0.206	0.001
0.001	0.001	0.997	0.001
0.001	0.001	0.997	0.001
>TGGTCTGGTC	2-TGGTCTGGTC	11.884905	-11.448393	0	T:3.0(13.04%),B:5.0(0.18%),P:1e-4	Tpos:54.2,Tstd:30.5,Bpos:51.0,Bstd:25.6,StrandBias:10.0,Multiplicity:1.33
0.258	0.001	0.001	0.740
0.001	0.001	0.740	0.258
0.001	0.001	0.997	0.001
0.001	0.001	0.001	0.997
0.001	0.997	0.001	0.001
0.001	0.001	0.001	0.997
0.001	0.001	0.997	0.001
0.258	0.001	0.740	0.001
0.001	0.001	0.001	0.997
0.001	0.997	0.001	0.001
>CCACACAGSC	3-CCACACAGSC	9.098893	-11.021383	0	T:5.0(21.74%),B:39.0(1.43%),P:1e-4	Tpos:51.9,Tstd:27.3,Bpos:44.4,Bstd:29.2,StrandBias:3.0,Multiplicity:1.80
0.001	0.997	0.001	0.001
0.001	0.757	0.001	0.241
0.878	0.001	0.001	0.120
0.121	0.785	0.093	0.001
0.906	0.092	0.001	0.001
0.001	0.878	0.120	0.001
0.947	0.051	0.001	0.001
0.001	0.001	0.947	0.051
0.001	0.412	0.362	0.224
0.362	0.534	0.103	0.001
>GMRAMTGMGG	4-GMRAMTGMGG	4.330683	-9.811065	0	T:7.0(30.43%),B:125.0(4.59%),P:1e-4	Tpos:54.8,Tstd:27.4,Bpos:51.1,Bstd:25.1,StrandBias:-0.8,Multiplicity:1.57
0.001	0.001	0.997	0.001
0.452	0.452	0.001	0.094
0.546	0.001	0.452	0.001
0.997	0.001	0.001	0.001
0.546	0.452	0.001	0.001
0.001	0.001	0.001	0.997
0.001	0.001	0.997	0.001
0.546	0.452	0.001	0.001
0.001	0.001	0.997	0.001
0.001	0.001	0.997	0.001
>TGRCYRRTTG	5-TGRCYRRTTG	10.767020	-6.167777	0	T:2.0(8.70%),B:8.0(0.29%),P:1e-2	Tpos:60.2,Tstd:22.9,Bpos:56.0,Bstd:24.8,StrandBias:1.6,Multiplicity:2.00
0.001	0.001	0.001	0.997
0.077	0.001	0.921	0.001
0.465	0.001	0.533	0.001
0.001	0.920	0.001	0.078
0.001	0.452	0.001	0.546
0.452	0.001	0.546	0.001
0.452	0.001	0.546	0.001
0.001	0.092	0.001	0.906
0.001	0.001	0.001	0.997
0.001	0.001	0.997	0.001
>GRTTGRKGRG	6-GRTTGRKGRG	10.991501	-6.167777	0	T:2.0(8.70%),B:8.0(0.29%),P:1e-2	Tpos:31.5,Tstd:11.5,Bpos:59.1,Bstd:27.3,StrandBias:10.0,Multiplicity:1.00
0.001	0.001	0.997	0.001
0.452	0.001	0.546	0.001
0.001	0.001	0.001	0.997
0.001	0.001	0.037	0.961
0.001	0.001	0.997	0.001
0.452	0.008	0.539	0.001
0.001	0.001	0.452	0.546
0.001	0.001	0.979	0.019
0.452	0.001	0.546	0.001
0.001	0.001	0.997	0.001
