>CSGCCGYCSCCG	1-CSGCCGYCSCCG	6.346927	-16.460041	0	T:19.0(33.33%),B:12316.0(8.22%),P:1e-7	Tpos:49.2,Tstd:28.8,Bpos:50.0,Bstd:25.7,StrandBias:0.8,Multiplicity:1.22
0.292	0.567	0.140	0.001
0.001	0.566	0.432	0.001
0.001	0.286	0.573	0.140
0.001	0.856	0.142	0.001
0.140	0.713	0.001	0.146
0.286	0.149	0.564	0.001
0.140	0.426	0.001	0.433
0.146	0.708	0.003	0.143
0.001	0.569	0.429	0.001
0.140	0.576	0.003	0.281
0.001	0.710	0.001	0.288
0.289	0.006	0.565	0.140
>GSCSYTMGGTGS	2-GSCSYTMGGTGS	11.237215	-13.685818	0	T:3.0(5.26%),B:51.0(0.03%),P:1e-5	Tpos:54.7,Tstd:29.0,Bpos:47.8,Bstd:21.3,StrandBias:-1.0,Multiplicity:1.00
0.001	0.001	0.997	0.001
0.001	0.469	0.529	0.001
0.001	0.997	0.001	0.001
0.001	0.529	0.469	0.001
0.001	0.529	0.001	0.469
0.001	0.001	0.001	0.997
0.529	0.469	0.001	0.001
0.001	0.001	0.997	0.001
0.001	0.001	0.997	0.001
0.001	0.001	0.001	0.997
0.001	0.001	0.997	0.001
0.059	0.470	0.470	0.001
>TATCTTACGTCK	3-TATCTTACGTCK	5.473051	-11.900250	0	T:12.0(21.05%),B:6692.0(4.47%),P:1e-5	Tpos:33.8,Tstd:18.7,Bpos:50.2,Bstd:26.3,StrandBias:0.5,Multiplicity:1.00
0.186	0.190	0.128	0.496
0.748	0.062	0.124	0.066
0.248	0.062	0.062	0.628
0.001	0.689	0.124	0.186
0.124	0.248	0.124	0.504
0.124	0.062	0.066	0.748
0.500	0.124	0.124	0.252
0.248	0.682	0.066	0.004
0.186	0.062	0.566	0.186
0.124	0.062	0.001	0.813
0.189	0.500	0.310	0.001
0.062	0.186	0.438	0.314
>CBACGTCATGGG	4-CBACGTCATGGG	9.680160	-9.777741	0	T:3.0(5.26%),B:190.0(0.13%),P:1e-4	Tpos:56.3,Tstd:21.8,Bpos:51.9,Bstd:25.9,StrandBias:-1.0,Multiplicity:1.33
0.001	0.653	0.001	0.345
0.001	0.320	0.332	0.347
0.997	0.001	0.001	0.001
0.001	0.678	0.001	0.320
0.001	0.001	0.997	0.001
0.319	0.001	0.001	0.679
0.332	0.666	0.001	0.001
0.652	0.001	0.346	0.001
0.013	0.001	0.332	0.654
0.346	0.001	0.652	0.001
0.345	0.001	0.641	0.013
0.001	0.026	0.653	0.320
>CCTCTCTGCCTC	5-CCTCTCTGCCTC	12.231285	-8.168091	0	T:3.0(5.26%),B:329.0(0.22%),P:1e-3	Tpos:56.0,Tstd:26.1,Bpos:47.1,Bstd:26.3,StrandBias:2.3,Multiplicity:4.00
0.001	0.995	0.001	0.003
0.001	0.997	0.001	0.001
0.001	0.260	0.001	0.738
0.001	0.995	0.003	0.001
0.001	0.302	0.001	0.696
0.001	0.997	0.001	0.001
0.224	0.001	0.001	0.774
0.249	0.042	0.708	0.001
0.001	0.981	0.001	0.017
0.001	0.997	0.001	0.001
0.001	0.221	0.001	0.777
0.001	0.979	0.019	0.001
>TGCACAAACCAG	6-TGCACAAACCAG	12.355432	-7.181338	0	T:1.0(1.75%),B:2.0(0.00%),P:1e-3	Tpos:95.0,Tstd:0.0,Bpos:29.5,Bstd:13.5,StrandBias:10.0,Multiplicity:1.00
0.100	0.100	0.100	0.700
0.100	0.100	0.700	0.100
0.100	0.700	0.100	0.100
0.700	0.100	0.100	0.100
0.100	0.700	0.100	0.100
0.700	0.100	0.100	0.100
0.700	0.100	0.100	0.100
0.700	0.100	0.100	0.100
0.100	0.700	0.100	0.100
0.100	0.700	0.100	0.100
0.700	0.100	0.100	0.100
0.100	0.100	0.700	0.100
>TTGCCTGAAAAA	7-TTGCCTGAAAAA	12.355432	-7.181338	0	T:1.0(1.75%),B:2.0(0.00%),P:1e-3	Tpos:70.0,Tstd:0.0,Bpos:43.0,Bstd:35.0,StrandBias:10.0,Multiplicity:1.00
0.100	0.100	0.100	0.700
0.100	0.100	0.100	0.700
0.100	0.100	0.700	0.100
0.100	0.700	0.100	0.100
0.100	0.700	0.100	0.100
0.100	0.100	0.100	0.700
0.100	0.100	0.700	0.100
0.700	0.100	0.100	0.100
0.700	0.100	0.100	0.100
0.700	0.100	0.100	0.100
0.700	0.100	0.100	0.100
0.700	0.100	0.100	0.100
>AGAGAAGCATAA	8-AGAGAAGCATAA	12.355432	-7.181338	0	T:1.0(1.75%),B:2.0(0.00%),P:1e-3	Tpos:9.0,Tstd:0.0,Bpos:50.0,Bstd:7.0,StrandBias:10.0,Multiplicity:1.00
0.700	0.100	0.100	0.100
0.100	0.100	0.700	0.100
0.700	0.100	0.100	0.100
0.100	0.100	0.700	0.100
0.700	0.100	0.100	0.100
0.700	0.100	0.100	0.100
0.100	0.100	0.700	0.100
0.100	0.700	0.100	0.100
0.700	0.100	0.100	0.100
0.100	0.100	0.100	0.700
0.700	0.100	0.100	0.100
0.700	0.100	0.100	0.100
