>AAATGGCGCCCT	1-AAATGGCGCCCT	14.430019	-19.231351	0	T:3.0(5.26%),B:8.0(0.01%),P:1e-8	Tpos:61.8,Tstd:26.1,Bpos:46.8,Bstd:18.1,StrandBias:-1.6,Multiplicity:1.33
0.997	0.001	0.001	0.001
0.997	0.001	0.001	0.001
0.997	0.001	0.001	0.001
0.001	0.001	0.001	0.997
0.001	0.001	0.997	0.001
0.001	0.001	0.997	0.001
0.001	0.789	0.001	0.209
0.001	0.001	0.736	0.262
0.001	0.997	0.001	0.001
0.001	0.997	0.001	0.001
0.001	0.736	0.001	0.262
0.001	0.001	0.001	0.997
>AGCTSRGWGGTG	2-AGCTSRGWGGTG	8.481148	-15.228535	0	T:4.0(7.02%),B:134.0(0.09%),P:1e-6	Tpos:51.0,Tstd:30.6,Bpos:46.4,Bstd:26.3,StrandBias:0.4,Multiplicity:1.75
0.997	0.001	0.001	0.001
0.017	0.001	0.981	0.001
0.001	0.979	0.001	0.019
0.001	0.001	0.001	0.997
0.001	0.468	0.450	0.080
0.490	0.001	0.508	0.001
0.001	0.001	0.997	0.001
0.548	0.001	0.001	0.450
0.001	0.001	0.997	0.001
0.001	0.001	0.997	0.001
0.001	0.001	0.001	0.997
0.001	0.001	0.997	0.001
>TGSCAGCYGTTV	3-TGSCAGCYGTTV	7.048466	-11.736011	0	T:11.0(19.30%),B:5642.0(3.77%),P:1e-5	Tpos:48.8,Tstd:30.1,Bpos:50.1,Bstd:25.9,StrandBias:0.5,Multiplicity:1.09
0.001	0.192	0.183	0.624
0.100	0.250	0.649	0.001
0.001	0.381	0.444	0.173
0.001	0.738	0.260	0.001
0.723	0.007	0.103	0.167
0.204	0.001	0.695	0.100
0.086	0.912	0.001	0.001
0.001	0.472	0.001	0.526
0.375	0.002	0.622	0.001
0.001	0.175	0.077	0.747
0.078	0.198	0.074	0.650
0.285	0.195	0.337	0.183
>CKTTSRCGKTCR	4-CKTTSRCGKTCR	13.033098	-11.492194	0	T:2.0(3.51%),B:12.0(0.01%),P:1e-4	Tpos:42.3,Tstd:25.3,Bpos:47.8,Bstd:28.2,StrandBias:10.0,Multiplicity:1.50
0.001	0.997	0.001	0.001
0.001	0.001	0.529	0.469
0.001	0.001	0.001	0.997
0.001	0.001	0.001	0.997
0.001	0.529	0.469	0.001
0.489	0.001	0.509	0.001
0.001	0.997	0.001	0.001
0.001	0.001	0.997	0.001
0.001	0.039	0.470	0.490
0.001	0.001	0.001	0.997
0.001	0.997	0.001	0.001
0.529	0.001	0.469	0.001
>CACGCAGGCAGG	5-CACGCAGGCAGG	8.927370	-8.223433	0	T:5.0(8.77%),B:1494.0(1.00%),P:1e-3	Tpos:50.6,Tstd:14.1,Bpos:49.3,Bstd:25.9,StrandBias:0.7,Multiplicity:1.20
0.001	0.997	0.001	0.001
0.832	0.001	0.166	0.001
0.001	0.453	0.281	0.265
0.097	0.001	0.901	0.001
0.001	0.832	0.166	0.001
0.620	0.281	0.098	0.001
0.001	0.345	0.653	0.001
0.195	0.001	0.803	0.001
0.001	0.703	0.129	0.167
0.665	0.167	0.001	0.167
0.098	0.014	0.887	0.001
0.001	0.001	0.997	0.001
>CTATGCGCCACA	6-CTATGCGCCACA	12.355432	-7.874299	0	T:1.0(1.75%),B:1.0(0.00%),P:1e-3	Tpos:72.0,Tstd:0.0,Bpos:29.0,Bstd:0.0,StrandBias:-10.0,Multiplicity:1.00
0.100	0.700	0.100	0.100
0.100	0.100	0.100	0.700
0.700	0.100	0.100	0.100
0.100	0.100	0.100	0.700
0.100	0.100	0.700	0.100
0.100	0.700	0.100	0.100
0.100	0.100	0.700	0.100
0.100	0.700	0.100	0.100
0.100	0.700	0.100	0.100
0.700	0.100	0.100	0.100
0.100	0.700	0.100	0.100
0.700	0.100	0.100	0.100
>AYMAAAACCAAA	7-AYMAAAACCAAA	12.983974	-7.412274	0	T:3.0(5.26%),B:427.0(0.29%),P:1e-3	Tpos:72.0,Tstd:21.2,Bpos:51.0,Bstd:24.5,StrandBias:-2.8,Multiplicity:2.67
0.637	0.001	0.361	0.001
0.139	0.422	0.001	0.438
0.437	0.561	0.001	0.001
0.859	0.139	0.001	0.001
0.997	0.001	0.001	0.001
0.997	0.001	0.001	0.001
0.997	0.001	0.001	0.001
0.001	0.637	0.361	0.001
0.001	0.997	0.001	0.001
0.997	0.001	0.001	0.001
0.997	0.001	0.001	0.001
0.997	0.001	0.001	0.001
>WGCGYGMRYRKR	8-WGCGYGMRYRKR	11.051106	-5.469397	0	T:2.0(3.51%),B:251.0(0.17%),P:1e-2	Tpos:47.5,Tstd:35.5,Bpos:47.3,Bstd:24.9,StrandBias:0.0,Multiplicity:1.00
0.487	0.001	0.001	0.511
0.015	0.001	0.983	0.001
0.001	0.997	0.001	0.001
0.001	0.001	0.997	0.001
0.001	0.469	0.001	0.529
0.001	0.001	0.997	0.001
0.487	0.511	0.001	0.001
0.486	0.001	0.512	0.001
0.001	0.487	0.001	0.511
0.469	0.001	0.529	0.001
0.001	0.044	0.485	0.470
0.469	0.001	0.529	0.001
