>ATGAAACTCTCT	1-ATGAAACTCTCT	13.593323	-19.286062	0	T:3.0(33.33%),B:0.0(0.00%),P:1e-8	Tpos:67.7,Tstd:32.3,Bpos:0.0,Bstd:0.0,StrandBias:-1.0,Multiplicity:1.00
0.666	0.332	0.001	0.001
0.001	0.001	0.001	0.997
0.332	0.001	0.666	0.001
0.997	0.001	0.001	0.001
0.997	0.001	0.001	0.001
0.997	0.001	0.001	0.001
0.001	0.997	0.001	0.001
0.001	0.332	0.001	0.666
0.001	0.997	0.001	0.001
0.001	0.001	0.001	0.997
0.001	0.997	0.001	0.001
0.332	0.001	0.001	0.666
>AAGKATRGGAAT	2-AAGKATRGGAAT	7.808863	-18.490987	0	T:6.0(66.67%),B:60.0(2.21%),P:1e-8	Tpos:36.3,Tstd:26.7,Bpos:47.0,Bstd:22.8,StrandBias:0.0,Multiplicity:1.00
0.675	0.162	0.162	0.001
0.513	0.001	0.162	0.324
0.161	0.001	0.837	0.001
0.162	0.001	0.352	0.486
0.837	0.001	0.161	0.001
0.161	0.001	0.001	0.837
0.485	0.001	0.513	0.001
0.001	0.001	0.675	0.323
0.161	0.001	0.837	0.001
0.675	0.001	0.323	0.001
0.513	0.162	0.324	0.001
0.001	0.001	0.161	0.837
>TATACAAGTGAG	3-TATACAAGTGAG	11.898560	-12.228348	0	T:2.0(22.22%),B:0.0(0.00%),P:1e-5	Tpos:19.5,Tstd:8.5,Bpos:0.0,Bstd:0.0,StrandBias:0.0,Multiplicity:1.00
0.001	0.001	0.001	0.997
0.945	0.001	0.001	0.053
0.001	0.001	0.001	0.997
0.684	0.001	0.314	0.001
0.001	0.684	0.314	0.001
0.684	0.314	0.001	0.001
0.997	0.001	0.001	0.001
0.007	0.315	0.631	0.047
0.314	0.001	0.001	0.684
0.314	0.001	0.684	0.001
0.630	0.054	0.315	0.001
0.001	0.047	0.630	0.322
>GAATACTCCTGA	4-GAATACTCCTGA	4.571791	-2.463570	0	T:6.0(66.67%),B:1048.0(38.66%),P:1e-1	Tpos:57.0,Tstd:31.0,Bpos:51.5,Bstd:26.6,StrandBias:1.6,Multiplicity:1.33
0.100	0.100	0.700	0.100
0.700	0.100	0.100	0.100
0.700	0.100	0.100	0.100
0.100	0.100	0.100	0.700
0.700	0.100	0.100	0.100
0.100	0.700	0.100	0.100
0.100	0.100	0.100	0.700
0.100	0.700	0.100	0.100
0.100	0.700	0.100	0.100
0.100	0.100	0.100	0.700
0.100	0.100	0.700	0.100
0.700	0.100	0.100	0.100
>ACTCCTGAGAGT	5-ACTCCTGAGAGT	4.571791	-0.856645	0	T:5.0(55.56%),B:1272.0(46.92%),P:1e0	Tpos:47.0,Tstd:6.0,Bpos:48.3,Bstd:26.4,StrandBias:10.0,Multiplicity:2.00
0.700	0.100	0.100	0.100
0.100	0.700	0.100	0.100
0.100	0.100	0.100	0.700
0.100	0.700	0.100	0.100
0.100	0.700	0.100	0.100
0.100	0.100	0.100	0.700
0.100	0.100	0.700	0.100
0.700	0.100	0.100	0.100
0.100	0.100	0.700	0.100
0.700	0.100	0.100	0.100
0.100	0.100	0.700	0.100
0.100	0.100	0.100	0.700
