>AGGCGGGTTWTG	1-AGGCGGGTTWTG	10.315380	-24.014372	0	T:4.0(44.44%),B:2.0(0.07%),P:1e-10	Tpos:45.0,Tstd:39.2,Bpos:25.0,Bstd:4.0,StrandBias:0.0,Multiplicity:1.00
0.997	0.001	0.001	0.001
0.249	0.001	0.749	0.001
0.249	0.001	0.749	0.001
0.249	0.749	0.001	0.001
0.001	0.249	0.749	0.001
0.001	0.001	0.997	0.001
0.001	0.249	0.749	0.001
0.249	0.001	0.001	0.749
0.001	0.249	0.001	0.749
0.499	0.001	0.001	0.499
0.249	0.001	0.001	0.749
0.001	0.001	0.997	0.001
>RAAACRGARCAS	2-RAAACRGARCAS	12.231647	-17.208281	0	T:3.0(33.33%),B:2.0(0.07%),P:1e-7	Tpos:37.7,Tstd:37.4,Bpos:41.5,Bstd:13.5,StrandBias:-1.0,Multiplicity:1.00
0.539	0.001	0.459	0.001
0.997	0.001	0.001	0.001
0.997	0.001	0.001	0.001
0.997	0.001	0.001	0.001
0.001	0.997	0.001	0.001
0.539	0.001	0.459	0.001
0.001	0.001	0.997	0.001
0.997	0.001	0.001	0.001
0.539	0.001	0.459	0.001
0.001	0.997	0.001	0.001
0.997	0.001	0.001	0.001
0.080	0.460	0.460	0.001
>WTRWACWSRGGT	3-WTRWACWSRGGT	10.104248	-15.993546	0	T:3.0(33.33%),B:3.0(0.11%),P:1e-6	Tpos:55.8,Tstd:24.0,Bpos:63.7,Bstd:24.6,StrandBias:1.6,Multiplicity:1.33
0.459	0.001	0.001	0.539
0.001	0.001	0.001	0.997
0.539	0.001	0.459	0.001
0.527	0.001	0.001	0.471
0.919	0.001	0.001	0.079
0.001	0.997	0.001	0.001
0.471	0.001	0.001	0.527
0.001	0.539	0.459	0.001
0.539	0.001	0.459	0.001
0.001	0.001	0.997	0.001
0.001	0.001	0.997	0.001
0.001	0.001	0.001	0.997
>GGAAGCAGTYSC	4-GGAAGCAGTYSC	8.162097	-10.981554	0	T:4.0(44.44%),B:53.0(1.95%),P:1e-4	Tpos:13.5,Tstd:5.0,Bpos:51.2,Bstd:28.9,StrandBias:1.6,Multiplicity:1.00
0.192	0.001	0.806	0.001
0.001	0.001	0.997	0.001
0.613	0.193	0.193	0.001
0.806	0.001	0.192	0.001
0.001	0.193	0.613	0.193
0.001	0.585	0.386	0.028
0.613	0.001	0.193	0.193
0.193	0.001	0.778	0.028
0.001	0.192	0.001	0.806
0.001	0.386	0.193	0.420
0.193	0.391	0.415	0.001
0.001	0.612	0.001	0.386
>GTGGGAAADTGG	5-GTGGGAAADTGG	7.122610	-10.551570	0	T:5.0(55.56%),B:129.0(4.76%),P:1e-4	Tpos:61.3,Tstd:16.8,Bpos:52.9,Bstd:25.0,StrandBias:-0.4,Multiplicity:1.40
0.139	0.278	0.582	0.001
0.139	0.139	0.001	0.721
0.001	0.001	0.848	0.150
0.001	0.001	0.997	0.001
0.001	0.138	0.860	0.001
0.570	0.418	0.011	0.001
0.848	0.150	0.001	0.001
0.571	0.151	0.139	0.139
0.292	0.011	0.279	0.418
0.011	0.279	0.139	0.571
0.278	0.001	0.582	0.139
0.001	0.417	0.581	0.001
