>CCTGACAHCG	1-CCTGACAHCG	8.973606	-13.059366	0	T:3.0(33.33%),B:8.0(0.30%),P:1e-5	Tpos:48.9,Tstd:25.8,Bpos:48.9,Bstd:27.0,StrandBias:10.0,Multiplicity:2.67
0.287	0.711	0.001	0.001
0.001	0.997	0.001	0.001
0.001	0.001	0.001	0.997
0.327	0.001	0.671	0.001
0.671	0.327	0.001	0.001
0.001	0.950	0.001	0.048
0.711	0.287	0.001	0.001
0.336	0.327	0.049	0.288
0.327	0.671	0.001	0.001
0.344	0.001	0.654	0.001
>TKWTARCACG	2-TKWTARCACG	7.544800	-12.707680	0	T:3.0(33.33%),B:9.0(0.33%),P:1e-5	Tpos:53.6,Tstd:32.3,Bpos:49.1,Bstd:24.7,StrandBias:-0.6,Multiplicity:1.67
0.001	0.001	0.001	0.997
0.001	0.001	0.539	0.459
0.459	0.001	0.001	0.539
0.001	0.001	0.001	0.997
0.997	0.001	0.001	0.001
0.460	0.080	0.460	0.001
0.001	0.997	0.001	0.001
0.997	0.001	0.001	0.001
0.001	0.919	0.001	0.079
0.001	0.001	0.997	0.001
>TGAGTGCTGT	3-TGAGTGCTGT	12.353097	-10.843775	0	T:2.0(22.22%),B:2.0(0.07%),P:1e-4	Tpos:47.8,Tstd:31.9,Bpos:85.0,Bstd:11.0,StrandBias:10.0,Multiplicity:2.50
0.001	0.001	0.001	0.997
0.001	0.001	0.997	0.001
0.771	0.001	0.001	0.227
0.001	0.001	0.997	0.001
0.001	0.001	0.001	0.997
0.001	0.001	0.997	0.001
0.001	0.997	0.001	0.001
0.001	0.001	0.001	0.997
0.001	0.001	0.997	0.001
0.001	0.001	0.001	0.997
>AAGGTATCCC	4-AAGGTATCCC	9.912126	-10.034567	0	T:2.0(22.22%),B:3.0(0.11%),P:1e-4	Tpos:44.5,Tstd:15.5,Bpos:79.7,Bstd:9.5,StrandBias:0.0,Multiplicity:1.00
0.997	0.001	0.001	0.001
0.850	0.001	0.001	0.148
0.001	0.001	0.997	0.001
0.001	0.001	0.997	0.001
0.001	0.001	0.001	0.997
0.997	0.001	0.001	0.001
0.148	0.001	0.001	0.850
0.001	0.997	0.001	0.001
0.101	0.897	0.001	0.001
0.001	0.997	0.001	0.001
>GAATGGAACG	5-GAATGGAACG	13.025975	-5.709324	0	T:1.0(11.11%),B:0.0(0.00%),P:1e-2	Tpos:83.0,Tstd:0.0,Bpos:0.0,Bstd:0.0,StrandBias:10.0,Multiplicity:1.00
0.001	0.001	0.997	0.001
0.997	0.001	0.001	0.001
0.997	0.001	0.001	0.001
0.001	0.332	0.001	0.666
0.001	0.001	0.997	0.001
0.001	0.001	0.997	0.001
0.997	0.001	0.001	0.001
0.997	0.001	0.001	0.001
0.001	0.666	0.001	0.332
0.001	0.001	0.997	0.001
