>CAGSWGKWGT	1-CAGSWGKWGT	11.295647	-10.843775	0	T:2.0(22.22%),B:2.0(0.07%),P:1e-4	Tpos:94.5,Tstd:0.5,Bpos:54.5,Bstd:8.5,StrandBias:10.0,Multiplicity:1.00
0.001	0.997	0.001	0.001
0.997	0.001	0.001	0.001
0.001	0.001	0.997	0.001
0.001	0.459	0.539	0.001
0.539	0.001	0.001	0.459
0.001	0.001	0.997	0.001
0.001	0.001	0.499	0.499
0.459	0.001	0.001	0.539
0.001	0.001	0.997	0.001
0.001	0.001	0.001	0.997
>ADHMACGGTB	2-ADHMACGGTB	5.555645	-10.696499	0	T:4.0(44.44%),B:57.0(2.10%),P:1e-4	Tpos:59.2,Tstd:25.8,Bpos:50.0,Bstd:27.3,StrandBias:0.0,Multiplicity:1.00
0.741	0.128	0.127	0.004
0.252	0.133	0.370	0.245
0.380	0.370	0.004	0.246
0.380	0.370	0.127	0.124
0.747	0.249	0.003	0.001
0.126	0.492	0.136	0.247
0.128	0.125	0.746	0.001
0.127	0.125	0.498	0.251
0.248	0.248	0.010	0.494
0.126	0.251	0.248	0.375
>TTGTAGGAGG	3-TTGTAGGAGG	10.296193	-5.709324	0	T:1.0(11.11%),B:1.0(0.04%),P:1e-2	Tpos:46.8,Tstd:20.9,Bpos:47.0,Bstd:0.0,StrandBias:10.0,Multiplicity:4.00
0.100	0.100	0.100	0.700
0.100	0.100	0.100	0.700
0.100	0.100	0.700	0.100
0.100	0.100	0.100	0.700
0.700	0.100	0.100	0.100
0.100	0.100	0.700	0.100
0.100	0.100	0.700	0.100
0.700	0.100	0.100	0.100
0.100	0.100	0.700	0.100
0.100	0.100	0.700	0.100
>CAAAGGGGCG	4-CAAAGGGGCG	10.296193	-5.709324	0	T:1.0(11.11%),B:0.0(0.00%),P:1e-2	Tpos:6.0,Tstd:0.0,Bpos:0.0,Bstd:0.0,StrandBias:10.0,Multiplicity:1.00
0.100	0.700	0.100	0.100
0.700	0.100	0.100	0.100
0.700	0.100	0.100	0.100
0.700	0.100	0.100	0.100
0.100	0.100	0.700	0.100
0.100	0.100	0.700	0.100
0.100	0.100	0.700	0.100
0.100	0.100	0.700	0.100
0.100	0.700	0.100	0.100
0.100	0.100	0.700	0.100
>ACACACACAC	5-ACACACACAC	10.296193	-3.021889	0	T:1.0(11.11%),B:15.0(0.55%),P:1e-1	Tpos:55.0,Tstd:9.2,Bpos:52.5,Bstd:30.5,StrandBias:10.0,Multiplicity:1.00
0.700	0.100	0.100	0.100
0.100	0.700	0.100	0.100
0.700	0.100	0.100	0.100
0.100	0.700	0.100	0.100
0.700	0.100	0.100	0.100
0.100	0.700	0.100	0.100
0.700	0.100	0.100	0.100
0.100	0.700	0.100	0.100
0.700	0.100	0.100	0.100
0.100	0.700	0.100	0.100
