>TGCTAGGT	1-TGCTAGGT	5.640277	-13.990492	0	T:11.0(28.95%),B:141.0(4.66%),P:1e-6	Tpos:49.5,Tstd:25.9,Bpos:52.4,Bstd:24.3,StrandBias:0.3,Multiplicity:1.00
0.001	0.001	0.001	0.997
0.001	0.001	0.997	0.001
0.001	0.731	0.001	0.267
0.001	0.001	0.001	0.997
0.997	0.001	0.001	0.001
0.267	0.001	0.731	0.001
0.001	0.001	0.642	0.356
0.001	0.095	0.001	0.903
>ATCATTTG	2-ATCATTTG	9.032449	-10.706364	0	T:4.0(10.53%),B:13.0(0.43%),P:1e-4	Tpos:40.2,Tstd:23.9,Bpos:47.4,Bstd:23.1,StrandBias:0.6,Multiplicity:1.25
0.997	0.001	0.001	0.001
0.001	0.001	0.001	0.997
0.001	0.785	0.213	0.001
0.997	0.001	0.001	0.001
0.001	0.151	0.001	0.847
0.001	0.001	0.001	0.997
0.001	0.001	0.001	0.997
0.195	0.001	0.803	0.001
>ATATATAT	3-ATATATAT	10.452049	-4.383190	0	T:1.0(2.63%),B:1.0(0.03%),P:1e-1	Tpos:20.5,Tstd:9.0,Bpos:64.5,Bstd:0.5,StrandBias:0.0,Multiplicity:2.00
0.862	0.012	0.125	0.001
0.001	0.001	0.001	0.997
0.872	0.001	0.126	0.001
0.001	0.001	0.001	0.997
0.861	0.008	0.130	0.001
0.001	0.001	0.001	0.997
0.826	0.001	0.172	0.001
0.001	0.001	0.001	0.997
>AGATAGAT	4-AGATAGAT	5.884367	-4.328301	0	T:7.0(18.42%),B:206.0(6.81%),P:1e-1	Tpos:59.8,Tstd:23.2,Bpos:48.5,Bstd:26.6,StrandBias:2.9,Multiplicity:2.43
0.997	0.001	0.001	0.001
0.001	0.088	0.774	0.137
0.890	0.001	0.108	0.001
0.001	0.093	0.081	0.825
0.997	0.001	0.001	0.001
0.001	0.061	0.937	0.001
0.772	0.102	0.125	0.001
0.001	0.097	0.001	0.901
>ACACACAC	5-ACACACAC	8.134652	-2.348938	0	T:3.0(7.89%),B:87.0(2.88%),P:1e-1	Tpos:41.1,Tstd:18.4,Bpos:49.9,Bstd:28.8,StrandBias:3.8,Multiplicity:1.67
0.997	0.001	0.001	0.001
0.001	0.887	0.001	0.111
0.922	0.001	0.001	0.076
0.001	0.997	0.001	0.001
0.997	0.001	0.001	0.001
0.001	0.997	0.001	0.001
0.873	0.125	0.001	0.001
0.001	0.895	0.001	0.103
