>AACACATC	1-AACACATC	7.507018	-16.802007	0	T:10.0(26.32%),B:82.0(2.71%),P:1e-7	Tpos:47.0,Tstd:26.6,Bpos:49.8,Bstd:28.2,StrandBias:0.3,Multiplicity:1.10
0.766	0.109	0.001	0.124
0.703	0.163	0.133	0.001
0.072	0.926	0.001	0.001
0.997	0.001	0.001	0.001
0.001	0.997	0.001	0.001
0.921	0.001	0.001	0.077
0.001	0.001	0.068	0.930
0.103	0.895	0.001	0.001
>CCAGAACC	2-CCAGAACC	7.548235	-15.184435	0	T:13.0(34.21%),B:188.0(6.21%),P:1e-6	Tpos:61.0,Tstd:19.4,Bpos:50.3,Bstd:27.6,StrandBias:-0.7,Multiplicity:1.00
0.054	0.793	0.001	0.152
0.001	0.997	0.001	0.001
0.997	0.001	0.001	0.001
0.001	0.098	0.900	0.001
0.745	0.169	0.001	0.085
0.813	0.080	0.001	0.106
0.001	0.923	0.075	0.001
0.001	0.925	0.001	0.073
>TCTGAGCG	3-TCTGAGCG	9.217921	-7.841653	0	T:5.0(13.16%),B:50.0(1.65%),P:1e-3	Tpos:76.7,Tstd:13.7,Bpos:46.8,Bstd:22.4,StrandBias:-1.0,Multiplicity:1.20
0.001	0.001	0.001	0.997
0.001	0.997	0.001	0.001
0.296	0.001	0.001	0.702
0.001	0.001	0.997	0.001
0.997	0.001	0.001	0.001
0.001	0.001	0.997	0.001
0.223	0.472	0.001	0.304
0.001	0.001	0.997	0.001
>TTTGTTTT	4-TTTGTTTT	10.129838	-6.147870	0	T:6.0(15.79%),B:108.0(3.57%),P:1e-2	Tpos:48.3,Tstd:19.5,Bpos:47.7,Bstd:23.6,StrandBias:-3.5,Multiplicity:2.00
0.001	0.001	0.001	0.997
0.001	0.001	0.001	0.997
0.001	0.001	0.001	0.997
0.001	0.001	0.767	0.231
0.001	0.001	0.265	0.733
0.001	0.001	0.001	0.997
0.001	0.001	0.001	0.997
0.001	0.001	0.307	0.691
>WTGACTCA	5-WTGACTCA	8.636872	-3.449496	0	T:4.0(10.53%),B:96.0(3.17%),P:1e-1	Tpos:46.5,Tstd:26.7,Bpos:48.6,Bstd:25.7,StrandBias:1.6,Multiplicity:2.00
0.483	0.001	0.147	0.369
0.001	0.001	0.001	0.997
0.001	0.001	0.997	0.001
0.997	0.001	0.001	0.001
0.001	0.893	0.105	0.001
0.001	0.001	0.001	0.997
0.001	0.997	0.001	0.001
0.665	0.333	0.001	0.001
