>CTTCCTCTTC	1-CTTCCTCTTC	10.521506	-19.680871	0	T:7.0(18.42%),B:18.0(0.60%),P:1e-8	Tpos:41.2,Tstd:25.1,Bpos:43.4,Bstd:26.6,StrandBias:0.0,Multiplicity:1.14
0.001	0.636	0.001	0.362
0.001	0.001	0.001	0.997
0.001	0.124	0.001	0.874
0.204	0.659	0.001	0.136
0.181	0.817	0.001	0.001
0.001	0.001	0.001	0.997
0.001	0.997	0.001	0.001
0.001	0.152	0.001	0.846
0.001	0.001	0.001	0.997
0.001	0.997	0.001	0.001
>TTCACTACCC	2-TTCACTACCC	12.329821	-12.941644	0	T:3.0(7.89%),B:2.0(0.07%),P:1e-5	Tpos:33.5,Tstd:22.3,Bpos:68.0,Bstd:9.0,StrandBias:10.0,Multiplicity:1.33
0.001	0.332	0.001	0.666
0.001	0.001	0.001	0.997
0.001	0.997	0.001	0.001
0.666	0.332	0.001	0.001
0.001	0.997	0.001	0.001
0.001	0.001	0.001	0.997
0.997	0.001	0.001	0.001
0.001	0.997	0.001	0.001
0.001	0.997	0.001	0.001
0.001	0.997	0.001	0.001
>TGTWGCTKRG	3-TGTWGCTKRG	6.733931	-12.157836	0	T:8.0(21.05%),B:79.0(2.61%),P:1e-5	Tpos:55.8,Tstd:27.8,Bpos:51.6,Bstd:22.2,StrandBias:1.6,Multiplicity:1.00
0.001	0.001	0.001	0.997
0.001	0.001	0.997	0.001
0.001	0.001	0.001	0.997
0.534	0.001	0.001	0.464
0.001	0.001	0.970	0.028
0.001	0.997	0.001	0.001
0.001	0.028	0.001	0.970
0.102	0.001	0.449	0.449
0.448	0.001	0.550	0.001
0.001	0.001	0.997	0.001
>GCTGGTCACT	4-GCTGGTCACT	7.256639	-10.879541	0	T:3.0(7.89%),B:4.0(0.13%),P:1e-4	Tpos:71.2,Tstd:23.2,Bpos:72.2,Bstd:8.1,StrandBias:0.0,Multiplicity:1.33
0.001	0.001	0.997	0.001
0.001	0.997	0.001	0.001
0.001	0.001	0.001	0.997
0.001	0.184	0.814	0.001
0.061	0.001	0.937	0.001
0.001	0.001	0.001	0.997
0.001	0.875	0.001	0.123
0.997	0.001	0.001	0.001
0.001	0.997	0.001	0.001
0.001	0.001	0.001	0.997
>AACGCCCATG	5-AACGCCCATG	11.490573	-9.481907	0	T:2.0(5.26%),B:0.0(0.00%),P:1e-4	Tpos:60.0,Tstd:28.6,Bpos:0.0,Bstd:0.0,StrandBias:2.0,Multiplicity:2.50
0.997	0.001	0.001	0.001
0.997	0.001	0.001	0.001
0.199	0.799	0.001	0.001
0.200	0.001	0.599	0.200
0.001	0.997	0.001	0.001
0.001	0.997	0.001	0.001
0.001	0.997	0.001	0.001
0.997	0.001	0.001	0.001
0.199	0.001	0.001	0.799
0.001	0.001	0.997	0.001
