>CCTCWGGCCA	1-CCTCWGGCCA	7.273384	-17.026591	0	T:11.0(28.95%),B:104.0(3.44%),P:1e-7	Tpos:41.5,Tstd:23.0,Bpos:50.5,Bstd:26.5,StrandBias:-0.3,Multiplicity:1.00
0.193	0.793	0.001	0.013
0.001	0.997	0.001	0.001
0.001	0.001	0.012	0.986
0.001	0.896	0.102	0.001
0.524	0.001	0.001	0.474
0.001	0.001	0.884	0.114
0.180	0.001	0.818	0.001
0.001	0.626	0.193	0.180
0.001	0.684	0.135	0.180
0.818	0.180	0.001	0.001
>TSAGGTTGAC	2-TSAGGTTGAC	9.442952	-15.180483	0	T:6.0(15.79%),B:21.0(0.69%),P:1e-6	Tpos:16.9,Tstd:11.1,Bpos:58.3,Bstd:25.3,StrandBias:-0.4,Multiplicity:1.00
0.001	0.001	0.001	0.997
0.001	0.499	0.499	0.001
0.997	0.001	0.001	0.001
0.332	0.001	0.666	0.001
0.001	0.166	0.667	0.166
0.001	0.001	0.001	0.997
0.166	0.001	0.001	0.832
0.001	0.001	0.997	0.001
0.666	0.332	0.001	0.001
0.001	0.997	0.001	0.001
>GAAGTGCTAT	3-GAAGTGCTAT	12.329821	-15.012412	0	T:3.0(7.89%),B:1.0(0.03%),P:1e-6	Tpos:83.0,Tstd:8.6,Bpos:84.0,Bstd:0.0,StrandBias:1.0,Multiplicity:1.00
0.001	0.001	0.997	0.001
0.997	0.001	0.001	0.001
0.997	0.001	0.001	0.001
0.001	0.001	0.997	0.001
0.001	0.001	0.001	0.997
0.001	0.001	0.997	0.001
0.001	0.997	0.001	0.001
0.001	0.001	0.001	0.997
0.666	0.001	0.001	0.332
0.001	0.001	0.332	0.666
>ACTGATGCTG	4-ACTGATGCTG	9.163454	-10.825922	0	T:6.0(15.79%),B:45.0(1.49%),P:1e-4	Tpos:57.2,Tstd:22.6,Bpos:53.8,Bstd:26.2,StrandBias:0.3,Multiplicity:1.50
0.762	0.001	0.001	0.236
0.001	0.762	0.001	0.236
0.236	0.001	0.001	0.762
0.001	0.236	0.762	0.001
0.489	0.237	0.013	0.261
0.001	0.236	0.001	0.762
0.236	0.001	0.762	0.001
0.001	0.997	0.001	0.001
0.001	0.001	0.001	0.997
0.001	0.001	0.997	0.001
>WMTYMCTKTC	5-WMTYMCTKTC	10.073717	-8.198334	0	T:4.0(10.53%),B:25.0(0.83%),P:1e-3	Tpos:53.7,Tstd:24.9,Bpos:46.5,Bstd:29.3,StrandBias:-10.0,Multiplicity:1.50
0.448	0.001	0.001	0.550
0.452	0.455	0.001	0.092
0.001	0.001	0.001	0.997
0.001	0.544	0.001	0.454
0.547	0.451	0.001	0.001
0.001	0.997	0.001	0.001
0.001	0.001	0.001	0.997
0.001	0.001	0.448	0.550
0.001	0.001	0.001	0.997
0.001	0.997	0.001	0.001
