>GGGAACCTGSAG	1-GGGAACCTGSAG	9.834111	-11.326652	0	T:3.0(33.33%),B:15.0(0.53%),P:1e-4	Tpos:40.0,Tstd:34.1,Bpos:47.9,Bstd:23.1,StrandBias:-10.0,Multiplicity:1.00
0.001	0.001	0.997	0.001
0.192	0.001	0.806	0.001
0.001	0.192	0.806	0.001
0.420	0.193	0.193	0.193
0.420	0.193	0.193	0.193
0.193	0.613	0.193	0.001
0.001	0.997	0.001	0.001
0.001	0.001	0.001	0.997
0.001	0.419	0.579	0.001
0.226	0.386	0.386	0.001
0.806	0.001	0.192	0.001
0.193	0.001	0.613	0.193
>MCTCCCTSTAGS	2-MCTCCCTSTAGS	6.204372	-8.082227	0	T:6.0(66.67%),B:375.0(13.19%),P:1e-3	Tpos:69.6,Tstd:17.7,Bpos:48.0,Bstd:26.5,StrandBias:-0.7,Multiplicity:1.17
0.367	0.510	0.122	0.001
0.122	0.633	0.244	0.001
0.001	0.244	0.001	0.754
0.001	0.736	0.262	0.001
0.244	0.633	0.001	0.122
0.244	0.633	0.122	0.001
0.140	0.122	0.122	0.616
0.001	0.489	0.492	0.018
0.122	0.140	0.001	0.737
0.511	0.244	0.244	0.001
0.244	0.122	0.633	0.001
0.143	0.489	0.367	0.001
>SCCACWGTGGSR	3-SCCACWGTGGSR	5.331240	-7.004139	0	T:6.0(66.67%),B:455.0(16.00%),P:1e-3	Tpos:47.8,Tstd:24.1,Bpos:49.5,Bstd:26.1,StrandBias:-0.4,Multiplicity:1.67
0.001	0.491	0.507	0.001
0.001	0.989	0.001	0.009
0.119	0.879	0.001	0.001
0.639	0.001	0.120	0.240
0.120	0.759	0.120	0.001
0.387	0.001	0.120	0.492
0.120	0.120	0.759	0.001
0.120	0.120	0.001	0.759
0.001	0.001	0.879	0.119
0.250	0.120	0.629	0.001
0.120	0.372	0.387	0.120
0.498	0.010	0.372	0.120
>GACCTGAGGCAG	4-GACCTGAGGCAG	12.355432	-5.065057	0	T:1.0(11.11%),B:2.0(0.07%),P:1e-2	Tpos:69.0,Tstd:0.0,Bpos:48.5,Bstd:9.5,StrandBias:-10.0,Multiplicity:1.00
0.100	0.100	0.700	0.100
0.700	0.100	0.100	0.100
0.100	0.700	0.100	0.100
0.100	0.700	0.100	0.100
0.100	0.100	0.100	0.700
0.100	0.100	0.700	0.100
0.700	0.100	0.100	0.100
0.100	0.100	0.700	0.100
0.100	0.100	0.700	0.100
0.100	0.700	0.100	0.100
0.700	0.100	0.100	0.100
0.100	0.100	0.700	0.100
>TTTKTTTKTTTT	5-TTTKTTTKTTTT	5.555447	-4.716939	0	T:4.0(44.44%),B:290.0(10.20%),P:1e-2	Tpos:34.1,Tstd:16.5,Bpos:48.9,Bstd:25.9,StrandBias:-10.0,Multiplicity:1.00
0.001	0.001	0.001	0.997
0.108	0.001	0.001	0.890
0.001	0.001	0.342	0.656
0.001	0.001	0.434	0.564
0.001	0.109	0.128	0.762
0.001	0.001	0.001	0.997
0.016	0.109	0.001	0.874
0.109	0.109	0.327	0.454
0.001	0.001	0.325	0.673
0.001	0.109	0.237	0.653
0.001	0.218	0.001	0.780
0.109	0.109	0.001	0.781
