>MRWRCCAWARRG	1-MRWRCCAWARRG	10.035757	-15.274479	0	T:3.0(33.33%),B:4.0(0.14%),P:1e-6	Tpos:51.7,Tstd:23.9,Bpos:68.0,Bstd:28.1,StrandBias:-1.0,Multiplicity:1.00
0.539	0.459	0.001	0.001
0.460	0.001	0.460	0.079
0.527	0.001	0.001	0.471
0.539	0.001	0.459	0.001
0.067	0.931	0.001	0.001
0.001	0.997	0.001	0.001
0.997	0.001	0.001	0.001
0.539	0.001	0.001	0.459
0.997	0.001	0.001	0.001
0.539	0.001	0.459	0.001
0.471	0.001	0.527	0.001
0.001	0.001	0.997	0.001
>CCAGRTGTGGGA	2-CCAGRTGTGGGA	9.122830	-14.641042	0	T:4.0(44.44%),B:22.0(0.77%),P:1e-6	Tpos:55.8,Tstd:23.0,Bpos:43.0,Bstd:25.8,StrandBias:0.6,Multiplicity:1.25
0.001	0.958	0.033	0.008
0.009	0.726	0.256	0.009
0.751	0.001	0.001	0.247
0.023	0.001	0.975	0.001
0.478	0.001	0.520	0.001
0.239	0.247	0.001	0.513
0.001	0.001	0.759	0.239
0.240	0.240	0.016	0.504
0.240	0.001	0.751	0.008
0.247	0.001	0.751	0.001
0.256	0.001	0.727	0.016
0.744	0.008	0.001	0.247
>GCTCATTTGCAA	3-GCTCATTTGCAA	6.557466	-7.942039	0	T:2.0(22.22%),B:9.0(0.32%),P:1e-3	Tpos:54.5,Tstd:40.5,Bpos:45.0,Bstd:27.1,StrandBias:0.0,Multiplicity:1.00
0.001	0.001	0.997	0.001
0.147	0.851	0.001	0.001
0.001	0.001	0.001	0.997
0.021	0.852	0.126	0.001
0.852	0.021	0.001	0.126
0.001	0.001	0.001	0.997
0.001	0.001	0.001	0.997
0.001	0.001	0.001	0.997
0.001	0.001	0.997	0.001
0.001	0.851	0.001	0.147
0.873	0.001	0.001	0.125
0.997	0.001	0.001	0.001
>CCTGATGCATGA	4-CCTGATGCATGA	12.210004	-5.756797	0	T:1.0(11.11%),B:0.0(0.00%),P:1e-2	Tpos:35.0,Tstd:0.0,Bpos:0.0,Bstd:0.0,StrandBias:10.0,Multiplicity:1.00
0.314	0.684	0.001	0.001
0.361	0.637	0.001	0.001
0.314	0.001	0.001	0.684
0.001	0.314	0.684	0.001
0.997	0.001	0.001	0.001
0.001	0.315	0.046	0.638
0.001	0.001	0.629	0.369
0.001	0.997	0.001	0.001
0.997	0.001	0.001	0.001
0.001	0.001	0.314	0.684
0.001	0.001	0.997	0.001
0.629	0.369	0.001	0.001
>GAAGTGCCAAGT	5-GAAGTGCCAAGT	12.355432	-5.756797	0	T:1.0(11.11%),B:0.0(0.00%),P:1e-2	Tpos:39.0,Tstd:0.0,Bpos:0.0,Bstd:0.0,StrandBias:10.0,Multiplicity:1.00
0.100	0.100	0.700	0.100
0.700	0.100	0.100	0.100
0.700	0.100	0.100	0.100
0.100	0.100	0.700	0.100
0.100	0.100	0.100	0.700
0.100	0.100	0.700	0.100
0.100	0.700	0.100	0.100
0.100	0.700	0.100	0.100
0.700	0.100	0.100	0.100
0.700	0.100	0.100	0.100
0.100	0.100	0.700	0.100
0.100	0.100	0.100	0.700
