>CCTTTGGCCC	1-CCTTTGGCCC	9.779263	-19.428612	0	T:3.0(33.33%),B:1.0(0.04%),P:1e-8	Tpos:49.7,Tstd:32.3,Bpos:10.0,Bstd:0.0,StrandBias:1.0,Multiplicity:1.00
0.001	0.997	0.001	0.001
0.001	0.977	0.001	0.021
0.001	0.001	0.006	0.992
0.001	0.006	0.001	0.992
0.021	0.001	0.001	0.977
0.126	0.007	0.860	0.007
0.001	0.147	0.851	0.001
0.001	0.997	0.001	0.001
0.001	0.997	0.001	0.001
0.001	0.977	0.001	0.021
>AYYKAGCYTG	2-AYYKAGCYTG	8.619456	-17.398094	0	T:4.0(44.44%),B:11.0(0.39%),P:1e-7	Tpos:44.5,Tstd:32.9,Bpos:54.5,Bstd:24.9,StrandBias:-1.6,Multiplicity:1.00
0.940	0.001	0.001	0.058
0.001	0.459	0.001	0.539
0.001	0.459	0.001	0.539
0.001	0.001	0.539	0.459
0.997	0.001	0.001	0.001
0.001	0.001	0.997	0.001
0.072	0.926	0.001	0.001
0.001	0.539	0.001	0.459
0.065	0.001	0.001	0.933
0.001	0.001	0.997	0.001
>GTATCTCAWC	3-GTATCTCAWC	8.980796	-10.129412	0	T:2.0(22.22%),B:3.0(0.11%),P:1e-4	Tpos:52.5,Tstd:3.5,Bpos:32.3,Bstd:14.4,StrandBias:10.0,Multiplicity:1.00
0.001	0.188	0.810	0.001
0.001	0.001	0.001	0.997
0.597	0.106	0.108	0.189
0.001	0.188	0.001	0.810
0.001	0.997	0.001	0.001
0.105	0.188	0.001	0.706
0.001	0.595	0.216	0.188
0.595	0.216	0.188	0.001
0.377	0.213	0.001	0.410
0.296	0.513	0.190	0.001
>ARCTATGGTA	4-ARCTATGGTA	7.837634	-9.582356	0	T:3.0(33.33%),B:27.0(0.95%),P:1e-4	Tpos:53.9,Tstd:19.4,Bpos:52.6,Bstd:23.5,StrandBias:-0.4,Multiplicity:2.33
0.669	0.001	0.001	0.329
0.339	0.165	0.330	0.165
0.001	0.997	0.001	0.001
0.329	0.001	0.001	0.669
0.854	0.001	0.144	0.001
0.001	0.330	0.165	0.504
0.001	0.164	0.834	0.001
0.165	0.001	0.524	0.310
0.179	0.001	0.001	0.819
0.688	0.001	0.001	0.310
>TCAAGCACAC	5-TCAAGCACAC	5.859355	-9.474843	0	T:3.0(33.33%),B:28.0(0.98%),P:1e-4	Tpos:48.4,Tstd:14.4,Bpos:49.7,Bstd:30.2,StrandBias:2.0,Multiplicity:1.67
0.001	0.001	0.001	0.997
0.001	0.852	0.126	0.021
0.997	0.001	0.001	0.001
0.851	0.001	0.147	0.001
0.001	0.147	0.851	0.001
0.001	0.997	0.001	0.001
0.997	0.001	0.001	0.001
0.001	0.873	0.125	0.001
0.997	0.001	0.001	0.001
0.001	0.997	0.001	0.001
