>GCCCACACCGGC	1-GCCCACACCGGC	4.664590	-15.438070	0	T:4.0(44.44%),B:18.0(0.63%),P:1e-6	Tpos:20.8,Tstd:9.7,Bpos:47.9,Bstd:26.7,StrandBias:1.6,Multiplicity:1.00
0.001	0.001	0.997	0.001
0.001	0.997	0.001	0.001
0.147	0.851	0.001	0.001
0.049	0.901	0.001	0.049
0.900	0.001	0.098	0.001
0.001	0.997	0.001	0.001
0.997	0.001	0.001	0.001
0.001	0.900	0.098	0.001
0.001	0.997	0.001	0.001
0.098	0.049	0.852	0.001
0.001	0.001	0.997	0.001
0.001	0.950	0.048	0.001
>GGTTGATTATTT	2-GGTTGATTATTT	10.856523	-12.323353	0	T:2.0(22.22%),B:0.0(0.00%),P:1e-5	Tpos:58.5,Tstd:1.5,Bpos:0.0,Bstd:0.0,StrandBias:10.0,Multiplicity:1.00
0.001	0.001	0.997	0.001
0.001	0.001	0.997	0.001
0.001	0.001	0.001	0.997
0.001	0.001	0.001	0.997
0.001	0.001	0.997	0.001
0.851	0.147	0.001	0.001
0.001	0.147	0.001	0.851
0.001	0.001	0.001	0.997
0.997	0.001	0.001	0.001
0.001	0.001	0.001	0.997
0.147	0.001	0.001	0.851
0.001	0.001	0.001	0.997
>AGMYCCTMGKKK	3-AGMYCCTMGKKK	12.345805	-12.323353	0	T:2.0(22.22%),B:0.0(0.00%),P:1e-5	Tpos:30.0,Tstd:21.0,Bpos:0.0,Bstd:0.0,StrandBias:0.0,Multiplicity:1.00
0.997	0.001	0.001	0.001
0.001	0.001	0.997	0.001
0.459	0.539	0.001	0.001
0.001	0.539	0.001	0.459
0.001	0.997	0.001	0.001
0.001	0.997	0.001	0.001
0.001	0.001	0.079	0.919
0.539	0.459	0.001	0.001
0.001	0.001	0.997	0.001
0.001	0.001	0.539	0.459
0.001	0.001	0.539	0.459
0.001	0.001	0.459	0.539
>CYTGGYTCCTGA	4-CYTGGYTCCTGA	8.259192	-9.060153	0	T:4.0(44.44%),B:91.0(3.20%),P:1e-3	Tpos:43.6,Tstd:19.5,Bpos:51.9,Bstd:26.4,StrandBias:2.0,Multiplicity:1.25
0.035	0.485	0.240	0.240
0.001	0.478	0.001	0.520
0.239	0.001	0.001	0.759
0.239	0.001	0.759	0.001
0.001	0.001	0.759	0.239
0.001	0.520	0.001	0.478
0.239	0.001	0.001	0.759
0.001	0.997	0.001	0.001
0.275	0.485	0.001	0.239
0.001	0.001	0.034	0.964
0.239	0.239	0.521	0.001
0.521	0.239	0.239	0.001
>GCGCCAACCCCT	5-GCGCCAACCCCT	12.355432	-5.065057	0	T:1.0(11.11%),B:2.0(0.07%),P:1e-2	Tpos:13.0,Tstd:0.0,Bpos:64.0,Bstd:2.0,StrandBias:10.0,Multiplicity:1.00
0.100	0.100	0.700	0.100
0.100	0.700	0.100	0.100
0.100	0.100	0.700	0.100
0.100	0.700	0.100	0.100
0.100	0.700	0.100	0.100
0.700	0.100	0.100	0.100
0.700	0.100	0.100	0.100
0.100	0.700	0.100	0.100
0.100	0.700	0.100	0.100
0.100	0.700	0.100	0.100
0.100	0.700	0.100	0.100
0.100	0.100	0.100	0.700
