>AAACTRST	1-AAACTRST	6.351744	-19.260517	0	T:24.0(14.46%),B:5205.0(3.48%),P:1e-8	Tpos:42.6,Tstd:21.3,Bpos:49.5,Bstd:27.6,StrandBias:-0.2,Multiplicity:1.12
0.697	0.059	0.071	0.173
0.822	0.043	0.041	0.094
0.826	0.129	0.001	0.044
0.113	0.772	0.056	0.059
0.001	0.010	0.176	0.813
0.463	0.001	0.488	0.048
0.065	0.472	0.399	0.064
0.128	0.046	0.007	0.819
>CGGCTGCC	2-CGGCTGCC	6.169273	-12.764999	0	T:30.0(18.07%),B:10786.0(7.20%),P:1e-5	Tpos:45.9,Tstd:23.9,Bpos:49.6,Bstd:27.4,StrandBias:0.6,Multiplicity:1.13
0.001	0.826	0.001	0.172
0.067	0.231	0.701	0.001
0.001	0.001	0.706	0.292
0.102	0.627	0.107	0.164
0.001	0.249	0.090	0.660
0.114	0.005	0.876	0.005
0.149	0.713	0.137	0.001
0.140	0.722	0.007	0.131
>GGGCCCCG	3-GGGCCCCG	7.841664	-11.469256	0	T:8.0(4.82%),B:921.0(0.62%),P:1e-4	Tpos:55.0,Tstd:25.3,Bpos:50.5,Bstd:26.3,StrandBias:2.0,Multiplicity:1.25
0.023	0.001	0.975	0.001
0.025	0.001	0.973	0.001
0.045	0.062	0.690	0.203
0.050	0.854	0.047	0.049
0.045	0.953	0.001	0.001
0.042	0.915	0.001	0.042
0.013	0.946	0.040	0.001
0.001	0.036	0.937	0.026
>GKGGCCTT	4-GKGGCCTT	7.388812	-10.626045	0	T:21.0(12.65%),B:6811.0(4.55%),P:1e-4	Tpos:50.5,Tstd:26.9,Bpos:50.3,Bstd:27.1,StrandBias:0.4,Multiplicity:1.40
0.154	0.001	0.844	0.001
0.001	0.001	0.564	0.434
0.001	0.001	0.902	0.096
0.113	0.204	0.585	0.098
0.001	0.966	0.017	0.016
0.001	0.824	0.001	0.174
0.016	0.092	0.010	0.882
0.001	0.001	0.001	0.997
>RGCCYTAT	5-RGCCYTAT	7.726734	-10.131954	0	T:7.0(4.22%),B:813.0(0.54%),P:1e-4	Tpos:26.7,Tstd:29.1,Bpos:49.8,Bstd:27.3,StrandBias:1.3,Multiplicity:1.00
0.437	0.001	0.561	0.001
0.002	0.014	0.883	0.101
0.213	0.627	0.018	0.142
0.015	0.983	0.001	0.001
0.149	0.403	0.001	0.447
0.001	0.146	0.193	0.660
0.581	0.001	0.417	0.001
0.001	0.149	0.001	0.849
