>CAGTTAGA	1-CAGTTAGA	5.779026	-18.575154	0	T:32.0(19.28%),B:9221.0(6.16%),P:1e-8	Tpos:54.8,Tstd:23.6,Bpos:49.9,Bstd:27.4,StrandBias:-0.4,Multiplicity:1.03
0.048	0.783	0.097	0.072
0.951	0.001	0.001	0.047
0.001	0.055	0.808	0.136
0.045	0.029	0.037	0.889
0.044	0.024	0.001	0.931
0.922	0.001	0.040	0.037
0.052	0.072	0.875	0.001
0.887	0.054	0.001	0.058
>CTACTCTC	2-CTACTCTC	5.844528	-17.112732	0	T:35.0(21.08%),B:11455.0(7.65%),P:1e-7	Tpos:50.2,Tstd:31.1,Bpos:50.0,Bstd:27.3,StrandBias:0.1,Multiplicity:1.06
0.001	0.934	0.064	0.001
0.093	0.060	0.001	0.846
0.839	0.001	0.045	0.115
0.057	0.847	0.045	0.051
0.001	0.036	0.097	0.866
0.091	0.867	0.001	0.041
0.001	0.001	0.001	0.997
0.057	0.832	0.001	0.110
>TGGTTTGA	3-TGGTTTGA	4.440129	-9.237069	0	T:48.0(28.92%),B:25452.0(17.00%),P:1e-4	Tpos:54.0,Tstd:25.9,Bpos:50.2,Bstd:27.1,StrandBias:0.0,Multiplicity:1.35
0.119	0.091	0.137	0.653
0.147	0.083	0.627	0.143
0.135	0.123	0.615	0.127
0.148	0.149	0.129	0.574
0.106	0.113	0.100	0.681
0.114	0.106	0.154	0.626
0.111	0.121	0.623	0.145
0.601	0.137	0.108	0.154
>CACACACA	4-CACACACA	7.101112	-4.663974	0	T:15.0(9.04%),B:6833.0(4.56%),P:1e-2	Tpos:54.9,Tstd:22.0,Bpos:49.0,Bstd:28.0,StrandBias:2.0,Multiplicity:1.13
0.001	0.856	0.001	0.142
0.844	0.001	0.154	0.001
0.082	0.916	0.001	0.001
0.789	0.139	0.071	0.001
0.196	0.802	0.001	0.001
0.657	0.167	0.077	0.099
0.282	0.451	0.083	0.183
0.587	0.001	0.246	0.166
>CGCGYGTG	5-CGCGYGTG	6.376267	-4.003741	0	T:9.0(5.42%),B:3552.0(2.37%),P:1e-1	Tpos:57.9,Tstd:19.7,Bpos:50.4,Bstd:26.0,StrandBias:0.3,Multiplicity:1.86
0.001	0.997	0.001	0.001
0.001	0.001	0.997	0.001
0.001	0.743	0.001	0.255
0.001	0.001	0.997	0.001
0.001	0.539	0.001	0.459
0.163	0.001	0.807	0.029
0.001	0.315	0.001	0.683
0.259	0.001	0.739	0.001
