>TAGATTTA	1-TAGATTTA	8.508681	-15.220047	0	T:8.0(4.82%),B:552.0(0.37%),P:1e-6	Tpos:49.9,Tstd:34.6,Bpos:47.4,Bstd:28.2,StrandBias:-1.2,Multiplicity:1.12
0.001	0.001	0.001	0.997
0.997	0.001	0.001	0.001
0.134	0.001	0.864	0.001
0.997	0.001	0.001	0.001
0.101	0.001	0.001	0.897
0.001	0.001	0.001	0.997
0.118	0.001	0.001	0.880
0.997	0.001	0.001	0.001
>TTTATGTG	2-TTTATGTG	6.925382	-10.683136	0	T:19.0(11.45%),B:5728.0(3.83%),P:1e-4	Tpos:48.5,Tstd:23.9,Bpos:49.6,Bstd:27.7,StrandBias:0.6,Multiplicity:1.05
0.001	0.173	0.041	0.785
0.001	0.001	0.148	0.850
0.127	0.140	0.265	0.467
0.804	0.062	0.133	0.001
0.001	0.170	0.001	0.828
0.001	0.006	0.636	0.357
0.157	0.001	0.066	0.776
0.081	0.001	0.917	0.001
>CAGATGCC	3-CAGATGCC	7.295334	-8.503577	0	T:23.0(13.86%),B:9120.0(6.09%),P:1e-3	Tpos:53.9,Tstd:27.2,Bpos:49.8,Bstd:26.5,StrandBias:0.4,Multiplicity:1.22
0.077	0.921	0.001	0.001
0.881	0.001	0.001	0.117
0.001	0.001	0.997	0.001
0.753	0.194	0.052	0.001
0.001	0.001	0.174	0.824
0.001	0.086	0.760	0.153
0.001	0.997	0.001	0.001
0.142	0.856	0.001	0.001
>CCYCCCCC	4-CCYCCCCC	6.672464	-8.471868	0	T:30.0(18.07%),B:13578.0(9.07%),P:1e-3	Tpos:56.2,Tstd:25.7,Bpos:50.0,Bstd:26.9,StrandBias:0.0,Multiplicity:1.30
0.033	0.846	0.001	0.120
0.043	0.819	0.072	0.066
0.209	0.362	0.210	0.219
0.138	0.721	0.029	0.112
0.001	0.822	0.066	0.111
0.001	0.801	0.145	0.053
0.146	0.776	0.002	0.076
0.050	0.721	0.001	0.228
>GCTGCAGC	5-GCTGCAGC	7.278644	-6.154684	0	T:24.0(14.46%),B:11519.0(7.69%),P:1e-2	Tpos:51.9,Tstd:26.1,Bpos:50.6,Bstd:26.8,StrandBias:-0.4,Multiplicity:1.29
0.001	0.001	0.938	0.060
0.001	0.938	0.001	0.060
0.136	0.001	0.001	0.862
0.001	0.001	0.723	0.275
0.001	0.839	0.159	0.001
0.934	0.064	0.001	0.001
0.001	0.001	0.931	0.067
0.001	0.921	0.001	0.077
