>TCTTTTGAGC	1-TCTTTTGAGC	8.910026	-21.722490	0	T:14.0(8.43%),B:1315.0(0.88%),P:1e-9	Tpos:56.1,Tstd:28.9,Bpos:49.7,Bstd:26.6,StrandBias:1.0,Multiplicity:1.07
0.001	0.001	0.223	0.775
0.001	0.997	0.001	0.001
0.001	0.326	0.001	0.672
0.001	0.001	0.118	0.880
0.001	0.080	0.001	0.918
0.001	0.001	0.001	0.997
0.001	0.001	0.617	0.381
0.710	0.001	0.107	0.182
0.001	0.385	0.613	0.001
0.092	0.819	0.001	0.088
>TTGCTATGGA	2-TTGCTATGGA	10.602170	-21.545428	0	T:10.0(6.02%),B:511.0(0.34%),P:1e-9	Tpos:51.9,Tstd:29.7,Bpos:50.3,Bstd:26.6,StrandBias:0.0,Multiplicity:1.00
0.001	0.001	0.001	0.997
0.001	0.001	0.001	0.997
0.001	0.001	0.997	0.001
0.001	0.681	0.170	0.148
0.001	0.001	0.001	0.997
0.879	0.001	0.001	0.119
0.001	0.001	0.115	0.883
0.146	0.001	0.852	0.001
0.001	0.001	0.898	0.100
0.902	0.001	0.001	0.096
>ATGCCGCGCG	3-ATGCCGCGCG	8.357533	-20.034240	0	T:9.0(5.42%),B:433.0(0.29%),P:1e-8	Tpos:52.1,Tstd:21.9,Bpos:50.3,Bstd:25.9,StrandBias:-0.8,Multiplicity:1.11
0.746	0.001	0.082	0.171
0.075	0.001	0.141	0.783
0.001	0.093	0.905	0.001
0.001	0.801	0.197	0.001
0.004	0.907	0.088	0.001
0.150	0.001	0.770	0.079
0.335	0.582	0.082	0.001
0.001	0.070	0.928	0.001
0.001	0.937	0.061	0.001
0.079	0.184	0.658	0.079
>CGTAACTGGA	4-CGTAACTGGA	11.292799	-16.020586	0	T:4.0(2.41%),B:37.0(0.02%),P:1e-6	Tpos:49.8,Tstd:29.2,Bpos:50.1,Bstd:26.5,StrandBias:-1.6,Multiplicity:1.00
0.001	0.871	0.127	0.001
0.001	0.001	0.841	0.157
0.001	0.001	0.117	0.881
0.997	0.001	0.001	0.001
0.997	0.001	0.001	0.001
0.001	0.997	0.001	0.001
0.001	0.195	0.001	0.803
0.001	0.001	0.997	0.001
0.195	0.001	0.803	0.001
0.997	0.001	0.001	0.001
>AACCATTTAC	5-AACCATTTAC	7.703207	-12.447905	0	T:12.0(7.23%),B:2058.0(1.37%),P:1e-5	Tpos:46.4,Tstd:26.0,Bpos:48.6,Bstd:26.3,StrandBias:-2.6,Multiplicity:1.17
0.796	0.202	0.001	0.001
0.997	0.001	0.001	0.001
0.001	0.905	0.001	0.093
0.199	0.594	0.001	0.206
0.807	0.101	0.091	0.001
0.001	0.113	0.079	0.807
0.001	0.088	0.001	0.910
0.101	0.001	0.001	0.897
0.737	0.172	0.001	0.090
0.115	0.598	0.101	0.186
>TCATTGTAAC	6-TCATTGTAAC	13.470619	-5.602254	0	T:2.0(1.20%),B:80.0(0.05%),P:1e-2	Tpos:62.2,Tstd:16.3,Bpos:48.2,Bstd:25.9,StrandBias:1.6,Multiplicity:2.00
0.001	0.001	0.001	0.997
0.001	0.997	0.001	0.001
0.997	0.001	0.001	0.001
0.001	0.001	0.001	0.997
0.001	0.001	0.001	0.997
0.001	0.001	0.997	0.001
0.001	0.001	0.001	0.997
0.694	0.001	0.304	0.001
0.997	0.001	0.001	0.001
0.001	0.997	0.001	0.001
>CGCGCGCGCG	7-CGCGCGCGCG	9.393697	-4.441821	0	T:3.0(1.81%),B:420.0(0.28%),P:1e-1	Tpos:54.1,Tstd:13.5,Bpos:50.5,Bstd:25.2,StrandBias:1.4,Multiplicity:2.00
0.001	0.530	0.099	0.370
0.093	0.123	0.635	0.149
0.001	0.871	0.120	0.008
0.092	0.001	0.906	0.001
0.001	0.988	0.005	0.006
0.001	0.106	0.892	0.001
0.120	0.774	0.099	0.007
0.056	0.123	0.820	0.001
0.001	0.780	0.001	0.218
0.056	0.111	0.832	0.001
>GCCATGTACA	8-GCCATGTACA	13.400105	-4.040663	0	T:1.0(0.60%),B:16.0(0.01%),P:1e-1	Tpos:57.0,Tstd:15.0,Bpos:53.9,Bstd:29.8,StrandBias:-10.0,Multiplicity:2.00
0.195	0.001	0.803	0.001
0.001	0.997	0.001	0.001
0.001	0.997	0.001	0.001
0.997	0.001	0.001	0.001
0.001	0.001	0.001	0.997
0.001	0.001	0.803	0.195
0.001	0.001	0.001	0.997
0.997	0.001	0.001	0.001
0.001	0.997	0.001	0.001
0.997	0.001	0.001	0.001
