>AAGTTCCGTT	1-AAGTTCCGTT	8.820572	-16.270816	0	T:8.0(4.82%),B:480.0(0.32%),P:1e-7	Tpos:49.9,Tstd:29.1,Bpos:50.6,Bstd:26.7,StrandBias:-0.7,Multiplicity:1.00
0.742	0.160	0.001	0.097
0.704	0.001	0.213	0.082
0.176	0.129	0.578	0.117
0.001	0.041	0.001	0.957
0.001	0.078	0.001	0.920
0.001	0.887	0.001	0.111
0.002	0.925	0.001	0.072
0.148	0.076	0.607	0.169
0.001	0.079	0.078	0.842
0.073	0.001	0.068	0.858
>CCTTTCCACA	2-CCTTTCCACA	7.162897	-16.034526	0	T:25.0(15.06%),B:6666.0(4.45%),P:1e-6	Tpos:45.7,Tstd:25.3,Bpos:49.8,Bstd:26.7,StrandBias:-0.4,Multiplicity:1.04
0.044	0.828	0.087	0.041
0.041	0.740	0.064	0.155
0.044	0.047	0.001	0.908
0.052	0.075	0.088	0.785
0.047	0.055	0.093	0.805
0.001	0.781	0.128	0.090
0.002	0.859	0.001	0.138
0.679	0.055	0.070	0.196
0.088	0.781	0.083	0.048
0.848	0.001	0.048	0.103
>GGGTATCCAC	3-GGGTATCCAC	10.388357	-13.965142	0	T:6.0(3.61%),B:279.0(0.19%),P:1e-6	Tpos:57.6,Tstd:27.7,Bpos:51.4,Bstd:25.8,StrandBias:1.0,Multiplicity:1.50
0.001	0.001	0.997	0.001
0.001	0.001	0.997	0.001
0.296	0.001	0.702	0.001
0.001	0.001	0.382	0.616
0.643	0.001	0.001	0.355
0.001	0.269	0.001	0.729
0.001	0.997	0.001	0.001
0.001	0.997	0.001	0.001
0.997	0.001	0.001	0.001
0.001	0.997	0.001	0.001
>CCTCAAAGCC	4-CCTCAAAGCC	10.565626	-13.302466	0	T:8.0(4.82%),B:715.0(0.48%),P:1e-5	Tpos:49.5,Tstd:26.8,Bpos:49.9,Bstd:26.5,StrandBias:1.4,Multiplicity:1.38
0.001	0.887	0.111	0.001
0.001	0.899	0.001	0.099
0.001	0.001	0.001	0.997
0.001	0.997	0.001	0.001
0.903	0.095	0.001	0.001
0.769	0.091	0.001	0.139
0.997	0.001	0.001	0.001
0.001	0.113	0.885	0.001
0.001	0.997	0.001	0.001
0.108	0.726	0.165	0.001
>TCTGCAGATT	5-TCTGCAGATT	8.643071	-11.129572	0	T:8.0(4.82%),B:966.0(0.65%),P:1e-4	Tpos:37.0,Tstd:18.4,Bpos:51.1,Bstd:26.7,StrandBias:-0.3,Multiplicity:1.00
0.001	0.001	0.001	0.997
0.230	0.740	0.001	0.029
0.001	0.001	0.001	0.997
0.001	0.001	0.997	0.001
0.001	0.997	0.001	0.001
0.997	0.001	0.001	0.001
0.001	0.001	0.781	0.217
0.855	0.001	0.001	0.143
0.055	0.310	0.007	0.628
0.001	0.166	0.202	0.631
>TAARAAAGAA	6-TAARAAAGAA	6.854019	-10.477043	0	T:38.0(22.89%),B:17307.0(11.56%),P:1e-4	Tpos:48.1,Tstd:25.6,Bpos:50.6,Bstd:26.1,StrandBias:-0.5,Multiplicity:1.34
0.317	0.074	0.119	0.489
0.664	0.224	0.111	0.001
0.997	0.001	0.001	0.001
0.288	0.081	0.410	0.220
0.543	0.199	0.001	0.257
0.674	0.324	0.001	0.001
0.828	0.001	0.001	0.170
0.223	0.194	0.569	0.014
0.633	0.365	0.001	0.001
0.997	0.001	0.001	0.001
>AAGCAAGCAA	7-AAGCAAGCAA	7.093209	-6.431736	0	T:9.0(5.42%),B:2412.0(1.61%),P:1e-2	Tpos:64.8,Tstd:20.6,Bpos:49.5,Bstd:26.3,StrandBias:-2.9,Multiplicity:1.33
0.997	0.001	0.001	0.001
0.820	0.178	0.001	0.001
0.001	0.404	0.594	0.001
0.001	0.997	0.001	0.001
0.997	0.001	0.001	0.001
0.820	0.001	0.178	0.001
0.001	0.159	0.774	0.066
0.001	0.997	0.001	0.001
0.997	0.001	0.001	0.001
0.933	0.001	0.065	0.001
