>CTCCATTVAA	1-CTCCATTVAA	9.631677	-21.914860	0	T:6.0(7.41%),B:3.9(0.13%),P:1e-9,FDR:1	Tpos:71.2,Tstd:16.6,Bpos:55.0,Bstd:12.2,StrandBias:1.0,Multiplicity:1.00
0.050	0.948	0.001	0.001
0.025	0.001	0.001	0.973
0.025	0.973	0.001	0.001
0.304	0.694	0.001	0.001
0.691	0.001	0.001	0.307
0.001	0.001	0.001	0.997
0.001	0.001	0.001	0.997
0.305	0.305	0.364	0.026
0.691	0.001	0.305	0.003
0.668	0.001	0.025	0.306
>TCKTCWYAGW	2-TCKTCWYAGW	8.881222	-17.820195	0	T:6.0(7.41%),B:6.7(0.22%),P:1e-7,FDR:1	Tpos:47.3,Tstd:29.0,Bpos:41.7,Bstd:17.4,StrandBias:0.0,Multiplicity:1.00
0.001	0.001	0.001	0.997
0.001	0.997	0.001	0.001
0.001	0.040	0.479	0.479
0.001	0.001	0.001	0.997
0.001	0.997	0.001	0.001
0.439	0.001	0.001	0.559
0.001	0.439	0.001	0.559
0.997	0.001	0.001	0.001
0.001	0.001	0.997	0.001
0.439	0.001	0.001	0.559
>AMTTGTGACA	3-AMTTGTGACA	7.509342	-15.987993	0	T:12.0(14.81%),B:62.5(2.08%),P:1e-6,FDR:1	Tpos:48.5,Tstd:25.9,Bpos:48.2,Bstd:21.5,StrandBias:1.2,Multiplicity:1.08
0.556	0.108	0.116	0.220
0.439	0.331	0.228	0.001
0.228	0.108	0.004	0.660
0.112	0.108	0.108	0.672
0.003	0.001	0.995	0.001
0.001	0.220	0.108	0.671
0.108	0.001	0.539	0.352
0.884	0.004	0.108	0.004
0.004	0.991	0.004	0.001
0.760	0.215	0.001	0.024
>NCAGGGATGG	4-NCAGGGATGG	12.261151	-15.032804	0	T:5.0(6.17%),B:5.8(0.19%),P:1e-6,FDR:1	Tpos:33.3,Tstd:8.5,Bpos:63.5,Bstd:46.8,StrandBias:2.3,Multiplicity:1.20
0.233	0.302	0.233	0.233
0.001	0.997	0.001	0.001
0.997	0.001	0.001	0.001
0.001	0.001	0.997	0.001
0.001	0.001	0.997	0.001
0.001	0.001	0.997	0.001
0.997	0.001	0.001	0.001
0.001	0.001	0.112	0.886
0.001	0.001	0.997	0.001
0.001	0.001	0.997	0.001
>GGAGCAGGTC	5-GGAGCAGGTC	12.522858	-12.239057	0	T:4.0(4.94%),B:4.4(0.15%),P:1e-5,FDR:1	Tpos:46.4,Tstd:28.1,Bpos:30.8,Bstd:31.4,StrandBias:0.6,Multiplicity:1.25
0.001	0.001	0.997	0.001
0.001	0.001	0.997	0.001
0.997	0.001	0.001	0.001
0.001	0.001	0.997	0.001
0.001	0.997	0.001	0.001
0.997	0.001	0.001	0.001
0.001	0.001	0.997	0.001
0.001	0.001	0.997	0.001
0.001	0.001	0.269	0.729
0.001	0.997	0.001	0.001
