>CAGGAAGTKA	1-CAGGAAGTKA	7.004296	-44.583977	0	T:128.0(22.38%),B:13789.9(9.47%),P:1e-19,FDR:0.2	Tpos:50.1,Tstd:25.2,Bpos:49.9,Bstd:35.0,StrandBias:0.2,Multiplicity:1.09
0.001	0.697	0.301	0.001
0.981	0.001	0.001	0.017
0.210	0.001	0.788	0.001
0.112	0.051	0.836	0.001
0.737	0.132	0.130	0.001
0.895	0.001	0.001	0.103
0.192	0.262	0.545	0.001
0.045	0.079	0.043	0.833
0.195	0.048	0.410	0.348
0.531	0.067	0.301	0.101
>TGGGTGGGTT	2-TGGGTGGGTT	6.975352	-24.579650	0	T:72.0(12.59%),B:7751.8(5.32%),P:1e-10,FDR:0.4	Tpos:52.9,Tstd:27.7,Bpos:50.1,Bstd:35.4,StrandBias:0.5,Multiplicity:1.10
0.071	0.013	0.039	0.877
0.152	0.001	0.690	0.157
0.018	0.001	0.880	0.101
0.066	0.071	0.845	0.018
0.056	0.001	0.097	0.846
0.074	0.001	0.838	0.087
0.147	0.016	0.762	0.075
0.092	0.071	0.760	0.077
0.097	0.074	0.050	0.779
0.122	0.054	0.095	0.729
>AAGAATCWAC	3-AAGAATCWAC	10.143216	-24.198311	0	T:21.0(3.67%),B:818.9(0.56%),P:1e-10,FDR:0.4	Tpos:46.9,Tstd:28.0,Bpos:48.7,Bstd:47.6,StrandBias:-0.2,Multiplicity:1.14
0.900	0.001	0.098	0.001
0.997	0.001	0.001	0.001
0.081	0.001	0.917	0.001
0.997	0.001	0.001	0.001
0.919	0.079	0.001	0.001
0.001	0.083	0.001	0.915
0.001	0.997	0.001	0.001
0.507	0.001	0.001	0.491
0.926	0.072	0.001	0.001
0.001	0.997	0.001	0.001
>AMCCAAGTGR	4-AMCCAAGTGR	8.675482	-22.630685	0	T:30.0(5.24%),B:1849.5(1.27%),P:1e-9,FDR:0.4	Tpos:47.7,Tstd:27.6,Bpos:49.7,Bstd:37.6,StrandBias:-0.3,Multiplicity:1.10
0.901	0.001	0.097	0.001
0.486	0.454	0.059	0.001
0.001	0.919	0.079	0.001
0.001	0.900	0.001	0.098
0.844	0.070	0.001	0.085
0.997	0.001	0.001	0.001
0.001	0.001	0.910	0.088
0.314	0.001	0.075	0.610
0.001	0.001	0.997	0.001
0.383	0.086	0.530	0.001
>AAACTCAGAG	5-AAACTCAGAG	10.673856	-20.358139	0	T:19.0(3.32%),B:821.4(0.56%),P:1e-8,FDR:0.4	Tpos:53.7,Tstd:22.3,Bpos:51.1,Bstd:35.4,StrandBias:0.2,Multiplicity:1.00
0.767	0.001	0.001	0.231
0.997	0.001	0.001	0.001
0.997	0.001	0.001	0.001
0.001	0.778	0.001	0.220
0.121	0.001	0.001	0.877
0.001	0.710	0.001	0.288
0.997	0.001	0.001	0.001
0.001	0.001	0.997	0.001
0.872	0.001	0.126	0.001
0.065	0.001	0.933	0.001
>TGGCCAATGA	6-TGGCCAATGA	6.992900	-18.874000	0	T:53.0(9.27%),B:5602.7(3.85%),P:1e-8,FDR:0.4	Tpos:50.1,Tstd:25.6,Bpos:50.1,Bstd:32.1,StrandBias:-0.7,Multiplicity:1.20
0.054	0.050	0.031	0.865
0.095	0.076	0.726	0.103
0.057	0.062	0.801	0.080
0.070	0.877	0.026	0.027
0.103	0.819	0.023	0.055
0.877	0.054	0.033	0.036
0.772	0.091	0.123	0.014
0.051	0.101	0.062	0.786
0.065	0.126	0.747	0.062
0.737	0.078	0.110	0.075
>AGGGCAAGGG	7-AGGGCAAGGG	11.541408	-10.465532	0	T:6.0(1.05%),B:145.0(0.10%),P:1e-4,FDR:0.828571428571429	Tpos:59.7,Tstd:23.2,Bpos:46.2,Bstd:29.2,StrandBias:3.0,Multiplicity:1.50
0.997	0.001	0.001	0.001
0.001	0.001	0.997	0.001
0.001	0.001	0.997	0.001
0.001	0.001	0.997	0.001
0.001	0.997	0.001	0.001
0.997	0.001	0.001	0.001
0.883	0.001	0.001	0.115
0.001	0.001	0.997	0.001
0.001	0.001	0.874	0.124
0.001	0.001	0.997	0.001
>ATCAGCTAGC	8-ATCAGCTAGC	10.296193	-6.152616	0	T:2.0(0.35%),B:17.5(0.01%),P:1e-2,FDR:0.85	Tpos:42.9,Tstd:25.7,Bpos:47.6,Bstd:25.2,StrandBias:2.6,Multiplicity:3.50
0.700	0.100	0.100	0.100
0.100	0.100	0.100	0.700
0.100	0.700	0.100	0.100
0.700	0.100	0.100	0.100
0.100	0.100	0.700	0.100
0.100	0.700	0.100	0.100
0.100	0.100	0.100	0.700
0.700	0.100	0.100	0.100
0.100	0.100	0.700	0.100
0.100	0.700	0.100	0.100
>AGCTCATTAAGC	1-AGCTCATTAAGC	10.128315	-33.197102	0	T:17.0(2.97%),B:279.8(0.19%),P:1e-14,FDR:0.2	Tpos:51.4,Tstd:24.7,Bpos:49.9,Bstd:37.3,StrandBias:1.0,Multiplicity:1.06
0.861	0.001	0.069	0.069
0.111	0.069	0.819	0.001
0.069	0.739	0.001	0.191
0.069	0.001	0.001	0.929
0.070	0.811	0.049	0.070
0.831	0.052	0.001	0.116
0.069	0.001	0.174	0.756
0.001	0.001	0.001	0.997
0.818	0.001	0.180	0.001
0.940	0.001	0.058	0.001
0.072	0.184	0.743	0.001
0.001	0.764	0.134	0.101
>GTTGATTATTTC	2-GTTGATTATTTC	11.282119	-28.615314	0	T:22.0(3.85%),B:720.3(0.49%),P:1e-12,FDR:0.2	Tpos:45.3,Tstd:22.3,Bpos:50.9,Bstd:43.7,StrandBias:0.2,Multiplicity:1.27
0.001	0.001	0.797	0.201
0.001	0.053	0.001	0.945
0.001	0.001	0.053	0.945
0.001	0.001	0.938	0.060
0.788	0.066	0.001	0.145
0.001	0.036	0.001	0.962
0.056	0.104	0.001	0.839
0.556	0.247	0.103	0.094
0.001	0.229	0.001	0.769
0.001	0.017	0.001	0.981
0.001	0.060	0.075	0.864
0.001	0.624	0.209	0.166
>CTCTTGGGTGTT	3-CTCTTGGGTGTT	11.266278	-27.714637	0	T:15.0(2.62%),B:279.1(0.19%),P:1e-12,FDR:0.2	Tpos:39.0,Tstd:25.0,Bpos:49.0,Bstd:37.9,StrandBias:-1.5,Multiplicity:1.00
0.001	0.997	0.001	0.001
0.001	0.001	0.001	0.997
0.141	0.717	0.001	0.141
0.001	0.141	0.141	0.717
0.001	0.001	0.001	0.997
0.001	0.001	0.997	0.001
0.001	0.001	0.715	0.283
0.001	0.001	0.715	0.283
0.001	0.001	0.001	0.997
0.001	0.283	0.592	0.124
0.001	0.001	0.001	0.997
0.407	0.001	0.001	0.591
>TTGGCCAGTGAT	4-TTGGCCAGTGAT	8.614676	-23.701031	0	T:24.0(4.20%),B:1124.6(0.77%),P:1e-10,FDR:0.25	Tpos:61.8,Tstd:22.2,Bpos:49.4,Bstd:32.1,StrandBias:1.0,Multiplicity:1.08
0.001	0.001	0.001	0.997
0.001	0.001	0.001	0.997
0.001	0.001	0.997	0.001
0.001	0.005	0.788	0.206
0.154	0.844	0.001	0.001
0.154	0.835	0.001	0.010
0.989	0.001	0.001	0.009
0.301	0.001	0.697	0.001
0.146	0.001	0.154	0.699
0.001	0.001	0.997	0.001
0.587	0.206	0.206	0.001
0.146	0.001	0.254	0.599
>TGTTTCCACTTG	5-TGTTTCCACTTG	10.440826	-19.771630	0	T:26.0(4.55%),B:1605.4(1.10%),P:1e-8,FDR:0.28	Tpos:52.0,Tstd:26.5,Bpos:50.3,Bstd:37.8,StrandBias:-0.2,Multiplicity:1.08
0.228	0.001	0.001	0.770
0.001	0.158	0.840	0.001
0.001	0.127	0.001	0.871
0.051	0.001	0.093	0.855
0.001	0.286	0.001	0.712
0.001	0.879	0.001	0.119
0.119	0.826	0.001	0.054
0.842	0.001	0.001	0.156
0.001	0.702	0.001	0.296
0.001	0.001	0.001	0.997
0.001	0.001	0.001	0.997
0.200	0.001	0.715	0.084
>CAAGGGCAAGGG	6-CAAGGGCAAGGG	15.132806	-10.393738	0	T:2.0(0.35%),B:3.0(0.00%),P:1e-4,FDR:0.966666666666667	Tpos:57.0,Tstd:19.0,Bpos:28.7,Bstd:18.2,StrandBias:2.0,Multiplicity:2.50
0.001	0.768	0.001	0.230
0.997	0.001	0.001	0.001
0.997	0.001	0.001	0.001
0.001	0.001	0.997	0.001
0.001	0.001	0.997	0.001
0.001	0.001	0.997	0.001
0.001	0.997	0.001	0.001
0.997	0.001	0.001	0.001
0.997	0.001	0.001	0.001
0.001	0.001	0.997	0.001
0.001	0.001	0.997	0.001
0.001	0.001	0.997	0.001
>CAACAACAGCAG	7-CAACAACAGCAG	9.652529	-9.833628	0	T:20.0(3.50%),B:1827.3(1.25%),P:1e-4,FDR:0.966666666666667	Tpos:47.2,Tstd:25.3,Bpos:49.9,Bstd:37.7,StrandBias:0.1,Multiplicity:1.39
0.086	0.738	0.064	0.112
0.835	0.116	0.001	0.048
0.981	0.001	0.017	0.001
0.070	0.878	0.001	0.051
0.845	0.091	0.001	0.063
0.799	0.102	0.098	0.001
0.051	0.847	0.001	0.101
0.920	0.001	0.041	0.038
0.115	0.139	0.745	0.001
0.013	0.847	0.066	0.074
0.781	0.001	0.103	0.115
0.210	0.001	0.788	0.001
>TCAGCTAGCCAG	8-TCAGCTAGCCAG	12.355432	-5.541919	0	T:1.0(0.17%),B:2.0(0.00%),P:1e-2,FDR:0.966666666666667	Tpos:42.6,Tstd:27.1,Bpos:42.8,Bstd:25.6,StrandBias:10.0,Multiplicity:5.00
0.100	0.100	0.100	0.700
0.100	0.700	0.100	0.100
0.700	0.100	0.100	0.100
0.100	0.100	0.700	0.100
0.100	0.700	0.100	0.100
0.100	0.100	0.100	0.700
0.700	0.100	0.100	0.100
0.100	0.100	0.700	0.100
0.100	0.700	0.100	0.100
0.100	0.700	0.100	0.100
0.700	0.100	0.100	0.100
0.100	0.100	0.700	0.100
>ACTTCCTG	1-ACTTCCTG	6.175369	-35.808942	0	T:157.0(27.45%),B:20868.7(14.33%),P:1e-15,FDR:0.2	Tpos:49.4,Tstd:26.4,Bpos:49.9,Bstd:35.6,StrandBias:0.1,Multiplicity:1.22
0.802	0.001	0.124	0.073
0.001	0.690	0.081	0.228
0.078	0.001	0.001	0.920
0.001	0.001	0.001	0.997
0.001	0.980	0.001	0.018
0.001	0.911	0.026	0.062
0.030	0.011	0.001	0.958
0.001	0.067	0.931	0.001
>AGTTGATT	2-AGTTGATT	7.266400	-23.790804	0	T:92.0(16.08%),B:11390.9(7.82%),P:1e-10,FDR:0.2	Tpos:48.7,Tstd:26.4,Bpos:49.6,Bstd:40.4,StrandBias:0.2,Multiplicity:1.13
0.475	0.001	0.219	0.305
0.001	0.001	0.997	0.001
0.001	0.001	0.073	0.925
0.001	0.001	0.001	0.997
0.076	0.024	0.829	0.071
0.769	0.122	0.001	0.108
0.001	0.001	0.001	0.997
0.001	0.001	0.001	0.997
>CCAATCAC	3-CCAATCAC	6.572168	-18.818532	0	T:72.0(12.59%),B:8876.7(6.09%),P:1e-8,FDR:0.2	Tpos:48.7,Tstd:25.4,Bpos:50.7,Bstd:33.6,StrandBias:-0.1,Multiplicity:1.27
0.033	0.965	0.001	0.001
0.024	0.828	0.001	0.147
0.912	0.001	0.001	0.086
0.896	0.102	0.001	0.001
0.001	0.001	0.001	0.997
0.048	0.758	0.028	0.166
0.857	0.066	0.001	0.076
0.032	0.890	0.077	0.001
>TAATTACG	4-TAATTACG	5.298966	-18.401010	0	T:43.0(7.52%),B:4092.3(2.81%),P:1e-7,FDR:0.2	Tpos:46.5,Tstd:28.7,Bpos:50.4,Bstd:36.7,StrandBias:0.4,Multiplicity:1.00
0.046	0.078	0.107	0.769
0.768	0.155	0.020	0.057
0.746	0.080	0.082	0.092
0.069	0.107	0.028	0.796
0.076	0.084	0.109	0.731
0.768	0.067	0.109	0.056
0.106	0.713	0.121	0.060
0.067	0.122	0.725	0.086
>GAGGGAGG	5-GAGGGAGG	6.725034	-15.118953	0	T:96.0(16.78%),B:14446.7(9.92%),P:1e-6,FDR:0.2	Tpos:51.0,Tstd:27.1,Bpos:49.7,Bstd:34.0,StrandBias:0.2,Multiplicity:1.31
0.075	0.172	0.752	0.001
0.939	0.001	0.059	0.001
0.001	0.026	0.888	0.085
0.001	0.001	0.997	0.001
0.071	0.001	0.880	0.048
0.929	0.057	0.013	0.001
0.001	0.030	0.950	0.019
0.112	0.001	0.829	0.058
>GTAGGTGG	6-GTAGGTGG	7.876624	-10.565561	0	T:34.0(5.94%),B:3960.3(2.72%),P:1e-4,FDR:0.6	Tpos:51.7,Tstd:27.5,Bpos:51.4,Bstd:30.4,StrandBias:-0.5,Multiplicity:1.21
0.001	0.001	0.997	0.001
0.001	0.009	0.001	0.989
0.534	0.001	0.202	0.263
0.001	0.134	0.864	0.001
0.001	0.001	0.997	0.001
0.112	0.132	0.194	0.562
0.001	0.001	0.777	0.221
0.001	0.176	0.620	0.203
