>CAGGAAGTKA	1-CAGGAAGTKA	7.004296	-44.583977	0	T:128.0(22.38%),B:13789.9(9.47%),P:1e-19,FDR:0.2	Tpos:50.1,Tstd:25.2,Bpos:49.9,Bstd:35.0,StrandBias:0.2,Multiplicity:1.09
0.001	0.697	0.301	0.001
0.981	0.001	0.001	0.017
0.210	0.001	0.788	0.001
0.112	0.051	0.836	0.001
0.737	0.132	0.130	0.001
0.895	0.001	0.001	0.103
0.192	0.262	0.545	0.001
0.045	0.079	0.043	0.833
0.195	0.048	0.410	0.348
0.531	0.067	0.301	0.101
>TGGGTGGGTT	2-TGGGTGGGTT	6.975352	-24.579650	0	T:72.0(12.59%),B:7751.8(5.32%),P:1e-10,FDR:0.4	Tpos:52.9,Tstd:27.7,Bpos:50.1,Bstd:35.4,StrandBias:0.5,Multiplicity:1.10
0.071	0.013	0.039	0.877
0.152	0.001	0.690	0.157
0.018	0.001	0.880	0.101
0.066	0.071	0.845	0.018
0.056	0.001	0.097	0.846
0.074	0.001	0.838	0.087
0.147	0.016	0.762	0.075
0.092	0.071	0.760	0.077
0.097	0.074	0.050	0.779
0.122	0.054	0.095	0.729
>AAGAATCWAC	3-AAGAATCWAC	10.143216	-24.198311	0	T:21.0(3.67%),B:818.9(0.56%),P:1e-10,FDR:0.4	Tpos:46.9,Tstd:28.0,Bpos:48.7,Bstd:47.6,StrandBias:-0.2,Multiplicity:1.14
0.900	0.001	0.098	0.001
0.997	0.001	0.001	0.001
0.081	0.001	0.917	0.001
0.997	0.001	0.001	0.001
0.919	0.079	0.001	0.001
0.001	0.083	0.001	0.915
0.001	0.997	0.001	0.001
0.507	0.001	0.001	0.491
0.926	0.072	0.001	0.001
0.001	0.997	0.001	0.001
>AMCCAAGTGR	4-AMCCAAGTGR	8.675482	-22.630685	0	T:30.0(5.24%),B:1849.5(1.27%),P:1e-9,FDR:0.4	Tpos:47.7,Tstd:27.6,Bpos:49.7,Bstd:37.6,StrandBias:-0.3,Multiplicity:1.10
0.901	0.001	0.097	0.001
0.486	0.454	0.059	0.001
0.001	0.919	0.079	0.001
0.001	0.900	0.001	0.098
0.844	0.070	0.001	0.085
0.997	0.001	0.001	0.001
0.001	0.001	0.910	0.088
0.314	0.001	0.075	0.610
0.001	0.001	0.997	0.001
0.383	0.086	0.530	0.001
>AAACTCAGAG	5-AAACTCAGAG	10.673856	-20.358139	0	T:19.0(3.32%),B:821.4(0.56%),P:1e-8,FDR:0.4	Tpos:53.7,Tstd:22.3,Bpos:51.1,Bstd:35.4,StrandBias:0.2,Multiplicity:1.00
0.767	0.001	0.001	0.231
0.997	0.001	0.001	0.001
0.997	0.001	0.001	0.001
0.001	0.778	0.001	0.220
0.121	0.001	0.001	0.877
0.001	0.710	0.001	0.288
0.997	0.001	0.001	0.001
0.001	0.001	0.997	0.001
0.872	0.001	0.126	0.001
0.065	0.001	0.933	0.001
>TGGCCAATGA	6-TGGCCAATGA	6.992900	-18.874000	0	T:53.0(9.27%),B:5602.7(3.85%),P:1e-8,FDR:0.4	Tpos:50.1,Tstd:25.6,Bpos:50.1,Bstd:32.1,StrandBias:-0.7,Multiplicity:1.20
0.054	0.050	0.031	0.865
0.095	0.076	0.726	0.103
0.057	0.062	0.801	0.080
0.070	0.877	0.026	0.027
0.103	0.819	0.023	0.055
0.877	0.054	0.033	0.036
0.772	0.091	0.123	0.014
0.051	0.101	0.062	0.786
0.065	0.126	0.747	0.062
0.737	0.078	0.110	0.075
>AGGGCAAGGG	7-AGGGCAAGGG	11.541408	-10.465532	0	T:6.0(1.05%),B:145.0(0.10%),P:1e-4,FDR:0.828571428571429	Tpos:59.7,Tstd:23.2,Bpos:46.2,Bstd:29.2,StrandBias:3.0,Multiplicity:1.50
0.997	0.001	0.001	0.001
0.001	0.001	0.997	0.001
0.001	0.001	0.997	0.001
0.001	0.001	0.997	0.001
0.001	0.997	0.001	0.001
0.997	0.001	0.001	0.001
0.883	0.001	0.001	0.115
0.001	0.001	0.997	0.001
0.001	0.001	0.874	0.124
0.001	0.001	0.997	0.001
>ATCAGCTAGC	8-ATCAGCTAGC	10.296193	-6.152616	0	T:2.0(0.35%),B:17.5(0.01%),P:1e-2,FDR:0.85	Tpos:42.9,Tstd:25.7,Bpos:47.6,Bstd:25.2,StrandBias:2.6,Multiplicity:3.50
0.700	0.100	0.100	0.100
0.100	0.100	0.100	0.700
0.100	0.700	0.100	0.100
0.700	0.100	0.100	0.100
0.100	0.100	0.700	0.100
0.100	0.700	0.100	0.100
0.100	0.100	0.100	0.700
0.700	0.100	0.100	0.100
0.100	0.100	0.700	0.100
0.100	0.700	0.100	0.100
