>CAACAACCAGVC	1-CAACAACCAGVC	12.093254	-13.465695	0	T:3.0(30.00%),B:5.0(0.23%),P:1e-5	Tpos:52.8,Tstd:16.3,Bpos:61.0,Bstd:24.1,StrandBias:0.0,Multiplicity:1.33
0.001	0.666	0.332	0.001
0.666	0.001	0.332	0.001
0.997	0.001	0.001	0.001
0.001	0.997	0.001	0.001
0.997	0.001	0.001	0.001
0.666	0.001	0.332	0.001
0.001	0.997	0.001	0.001
0.001	0.997	0.001	0.001
0.666	0.001	0.001	0.332
0.001	0.001	0.666	0.332
0.333	0.333	0.333	0.001
0.001	0.997	0.001	0.001
>GTTGCCWTGKTK	2-GTTGCCWTGKTK	5.994983	-12.958625	0	T:8.0(80.00%),B:277.0(12.67%),P:1e-5	Tpos:45.1,Tstd:20.9,Bpos:49.5,Bstd:25.7,StrandBias:0.3,Multiplicity:1.38
0.001	0.244	0.633	0.122
0.001	0.243	0.001	0.755
0.244	0.122	0.145	0.489
0.244	0.122	0.633	0.001
0.001	0.877	0.121	0.001
0.001	0.632	0.001	0.366
0.366	0.122	0.001	0.511
0.001	0.018	0.001	0.980
0.018	0.001	0.980	0.001
0.001	0.122	0.366	0.511
0.121	0.001	0.001	0.877
0.122	0.001	0.385	0.492
>MMYCSWGGYKGC	3-MMYCSWGGYKGC	10.035495	-12.461087	0	T:3.0(30.00%),B:7.0(0.32%),P:1e-5	Tpos:51.0,Tstd:31.8,Bpos:44.4,Bstd:26.5,StrandBias:1.0,Multiplicity:1.00
0.457	0.457	0.084	0.001
0.470	0.457	0.071	0.001
0.071	0.457	0.001	0.470
0.001	0.997	0.001	0.001
0.001	0.541	0.457	0.001
0.541	0.001	0.001	0.457
0.001	0.001	0.997	0.001
0.001	0.001	0.997	0.001
0.071	0.457	0.001	0.470
0.001	0.001	0.541	0.457
0.001	0.001	0.997	0.001
0.001	0.997	0.001	0.001
>TCTCCASCYTAC	4-TCTCCASCYTAC	9.020410	-8.930880	0	T:3.0(30.00%),B:23.0(1.05%),P:1e-3	Tpos:37.8,Tstd:25.3,Bpos:44.5,Bstd:26.3,StrandBias:1.6,Multiplicity:1.33
0.001	0.001	0.001	0.997
0.238	0.760	0.001	0.001
0.239	0.239	0.001	0.521
0.239	0.521	0.001	0.239
0.001	0.997	0.001	0.001
0.478	0.283	0.001	0.239
0.001	0.498	0.481	0.020
0.001	0.997	0.001	0.001
0.001	0.497	0.001	0.501
0.001	0.258	0.001	0.740
0.740	0.001	0.001	0.258
0.239	0.502	0.020	0.239
>CTTGTTTACCTG	5-CTTGTTTACCTG	12.355432	-5.389302	0	T:1.0(10.00%),B:0.0(0.00%),P:1e-2	Tpos:18.0,Tstd:0.0,Bpos:0.0,Bstd:0.0,StrandBias:10.0,Multiplicity:1.00
0.100	0.700	0.100	0.100
0.100	0.100	0.100	0.700
0.100	0.100	0.100	0.700
0.100	0.100	0.700	0.100
0.100	0.100	0.100	0.700
0.100	0.100	0.100	0.700
0.100	0.100	0.100	0.700
0.700	0.100	0.100	0.100
0.100	0.700	0.100	0.100
0.100	0.700	0.100	0.100
0.100	0.100	0.100	0.700
0.100	0.100	0.700	0.100
