>RTGTTANYCTGA	1-RTGTTANYCTGA	10.489287	-14.993365	0	T:3.0(30.00%),B:3.0(0.14%),P:1e-6	Tpos:42.0,Tstd:35.6,Bpos:69.3,Bstd:6.9,StrandBias:-1.6,Multiplicity:1.33
0.499	0.001	0.499	0.001
0.001	0.001	0.001	0.997
0.001	0.001	0.749	0.249
0.001	0.001	0.001	0.997
0.249	0.001	0.001	0.749
0.749	0.249	0.001	0.001
0.250	0.250	0.250	0.250
0.001	0.499	0.001	0.499
0.001	0.997	0.001	0.001
0.001	0.001	0.001	0.997
0.001	0.001	0.997	0.001
0.500	0.001	0.250	0.250
>GCTCAGCTTGCT	2-GCTCAGCTTGCT	5.581809	-12.113523	0	T:8.0(80.00%),B:309.0(14.14%),P:1e-5	Tpos:54.4,Tstd:28.2,Bpos:50.9,Bstd:27.5,StrandBias:-1.0,Multiplicity:1.38
0.164	0.082	0.672	0.082
0.082	0.741	0.082	0.095
0.001	0.164	0.082	0.753
0.082	0.590	0.246	0.082
0.671	0.246	0.001	0.082
0.164	0.082	0.753	0.001
0.164	0.508	0.164	0.164
0.177	0.082	0.082	0.659
0.341	0.082	0.001	0.576
0.082	0.082	0.672	0.164
0.001	0.753	0.082	0.164
0.082	0.164	0.082	0.672
>YCCTGCCCTCTA	3-YCCTGCCCTCTA	7.124579	-9.587681	0	T:5.0(50.00%),B:111.0(5.08%),P:1e-4	Tpos:48.2,Tstd:22.8,Bpos:49.7,Bstd:25.1,StrandBias:0.0,Multiplicity:1.20
0.001	0.521	0.001	0.477
0.283	0.478	0.239	0.001
0.001	0.997	0.001	0.001
0.238	0.001	0.001	0.760
0.239	0.239	0.521	0.001
0.001	0.760	0.238	0.001
0.238	0.760	0.001	0.001
0.001	0.997	0.001	0.001
0.001	0.239	0.239	0.521
0.001	0.760	0.238	0.001
0.239	0.001	0.239	0.521
0.760	0.238	0.001	0.001
>CWKCMSTGWTGY	4-CWKCMSTGWTGY	12.256545	-9.383090	0	T:2.0(20.00%),B:3.0(0.14%),P:1e-4	Tpos:86.5,Tstd:5.5,Bpos:43.0,Bstd:8.3,StrandBias:0.0,Multiplicity:1.00
0.001	0.997	0.001	0.001
0.541	0.001	0.001	0.457
0.001	0.001	0.457	0.541
0.001	0.997	0.001	0.001
0.541	0.457	0.001	0.001
0.001	0.457	0.541	0.001
0.001	0.001	0.001	0.997
0.001	0.001	0.997	0.001
0.457	0.084	0.001	0.457
0.001	0.001	0.001	0.997
0.001	0.001	0.997	0.001
0.001	0.457	0.084	0.457
>AGVAACTGTBBC	5-AGVAACTGTBBC	9.321155	-8.352820	0	T:3.0(30.00%),B:28.0(1.28%),P:1e-3	Tpos:22.2,Tstd:8.6,Bpos:58.8,Bstd:25.9,StrandBias:0.0,Multiplicity:1.00
0.685	0.001	0.001	0.313
0.313	0.001	0.685	0.001
0.323	0.314	0.363	0.001
0.636	0.314	0.049	0.001
0.997	0.001	0.001	0.001
0.001	0.997	0.001	0.001
0.371	0.001	0.001	0.627
0.001	0.001	0.997	0.001
0.313	0.001	0.001	0.685
0.001	0.314	0.363	0.323
0.001	0.323	0.363	0.314
0.001	0.997	0.001	0.001
