>GTTATCTGGV	1-GTTATCTGGV	8.254263	-15.500429	0	T:5.0(50.00%),B:33.0(1.51%),P:1e-6	Tpos:26.4,Tstd:13.3,Bpos:52.0,Bstd:25.8,StrandBias:-0.6,Multiplicity:1.00
0.278	0.139	0.582	0.001
0.001	0.277	0.001	0.721
0.277	0.001	0.001	0.721
0.721	0.001	0.001	0.277
0.001	0.001	0.001	0.997
0.001	0.860	0.138	0.001
0.001	0.001	0.001	0.997
0.139	0.139	0.443	0.278
0.001	0.139	0.721	0.139
0.278	0.304	0.417	0.001
>GGGATTKGNG	2-GGGATTKGNG	3.382172	-11.035224	0	T:7.0(70.00%),B:238.0(10.89%),P:1e-4	Tpos:52.3,Tstd:25.9,Bpos:50.0,Bstd:26.3,StrandBias:0.4,Multiplicity:1.17
0.001	0.001	0.997	0.001
0.238	0.001	0.760	0.001
0.001	0.001	0.997	0.001
0.478	0.283	0.239	0.001
0.001	0.001	0.001	0.997
0.238	0.001	0.001	0.760
0.001	0.001	0.477	0.521
0.238	0.001	0.760	0.001
0.239	0.283	0.239	0.239
0.238	0.001	0.760	0.001
>CACCAGACTG	3-CACCAGACTG	7.292686	-7.975833	0	T:5.0(50.00%),B:156.0(7.14%),P:1e-3	Tpos:80.8,Tstd:12.3,Bpos:50.6,Bstd:27.2,StrandBias:2.0,Multiplicity:1.00
0.001	0.685	0.313	0.001
0.685	0.001	0.313	0.001
0.001	0.685	0.313	0.001
0.001	0.997	0.001	0.001
0.997	0.001	0.001	0.001
0.313	0.001	0.685	0.001
0.685	0.313	0.001	0.001
0.001	0.997	0.001	0.001
0.313	0.001	0.001	0.685
0.001	0.314	0.627	0.058
>TTTTTYTTCG	4-TTTTTYTTCG	8.844596	-4.780693	0	T:2.0(20.00%),B:31.0(1.42%),P:1e-2	Tpos:19.5,Tstd:28.0,Bpos:53.8,Bstd:32.2,StrandBias:2.3,Multiplicity:1.00
0.001	0.010	0.001	0.988
0.001	0.010	0.239	0.750
0.001	0.001	0.010	0.988
0.001	0.001	0.249	0.749
0.001	0.001	0.010	0.988
0.001	0.477	0.001	0.521
0.001	0.238	0.001	0.760
0.001	0.249	0.001	0.749
0.239	0.478	0.001	0.283
0.011	0.250	0.478	0.262
>GTGTTGCAGT	5-GTGTTGCAGT	10.296193	-4.698212	0	T:1.0(10.00%),B:2.0(0.09%),P:1e-2	Tpos:92.0,Tstd:0.0,Bpos:58.0,Bstd:31.0,StrandBias:-10.0,Multiplicity:1.00
0.100	0.100	0.700	0.100
0.100	0.100	0.100	0.700
0.100	0.100	0.700	0.100
0.100	0.100	0.100	0.700
0.100	0.100	0.100	0.700
0.100	0.100	0.700	0.100
0.100	0.700	0.100	0.100
0.700	0.100	0.100	0.100
0.100	0.100	0.700	0.100
0.100	0.100	0.100	0.700
