>CAGGGCCTAA	1-CAGGGCCTAA	7.002077	-16.643097	0	T:4.0(40.00%),B:9.0(0.41%),P:1e-7	Tpos:66.0,Tstd:20.1,Bpos:54.8,Bstd:23.6,StrandBias:0.0,Multiplicity:1.00
0.001	0.997	0.001	0.001
0.945	0.001	0.001	0.053
0.001	0.001	0.997	0.001
0.001	0.001	0.997	0.001
0.155	0.001	0.843	0.001
0.001	0.997	0.001	0.001
0.001	0.997	0.001	0.001
0.001	0.001	0.001	0.997
0.843	0.001	0.001	0.155
0.951	0.001	0.001	0.047
>ATGACTGAGC	2-ATGACTGAGC	9.343487	-13.465695	0	T:3.0(30.00%),B:5.0(0.23%),P:1e-5	Tpos:40.0,Tstd:12.6,Bpos:44.0,Bstd:5.5,StrandBias:0.6,Multiplicity:1.67
0.926	0.001	0.072	0.001
0.001	0.001	0.001	0.997
0.001	0.001	0.997	0.001
0.997	0.001	0.001	0.001
0.001	0.997	0.001	0.001
0.001	0.001	0.001	0.997
0.001	0.155	0.843	0.001
0.997	0.001	0.001	0.001
0.001	0.001	0.997	0.001
0.001	0.997	0.001	0.001
>GGAAGGCTSV	3-GGAAGGCTSV	8.679460	-12.145121	0	T:4.0(40.00%),B:28.0(1.28%),P:1e-5	Tpos:70.0,Tstd:18.4,Bpos:49.3,Bstd:26.1,StrandBias:0.0,Multiplicity:1.00
0.001	0.001	0.736	0.262
0.244	0.122	0.633	0.001
0.877	0.001	0.121	0.001
0.755	0.001	0.122	0.122
0.243	0.001	0.755	0.001
0.001	0.121	0.877	0.001
0.001	0.858	0.001	0.140
0.001	0.243	0.001	0.755
0.001	0.510	0.488	0.001
0.267	0.367	0.244	0.122
>CTGTATGACT	4-CTGTATGACT	10.296193	-5.389302	0	T:1.0(10.00%),B:1.0(0.05%),P:1e-2	Tpos:5.0,Tstd:0.0,Bpos:40.0,Bstd:0.0,StrandBias:10.0,Multiplicity:1.00
0.100	0.700	0.100	0.100
0.100	0.100	0.100	0.700
0.100	0.100	0.700	0.100
0.100	0.100	0.100	0.700
0.700	0.100	0.100	0.100
0.100	0.100	0.100	0.700
0.100	0.100	0.700	0.100
0.700	0.100	0.100	0.100
0.100	0.700	0.100	0.100
0.100	0.100	0.100	0.700
>TGGCAACTGC	5-TGGCAACTGC	10.296193	-4.698212	0	T:1.0(10.00%),B:2.0(0.09%),P:1e-2	Tpos:92.0,Tstd:0.0,Bpos:66.0,Bstd:3.0,StrandBias:-10.0,Multiplicity:1.00
0.100	0.100	0.100	0.700
0.100	0.100	0.700	0.100
0.100	0.100	0.700	0.100
0.100	0.700	0.100	0.100
0.700	0.100	0.100	0.100
0.700	0.100	0.100	0.100
0.100	0.700	0.100	0.100
0.100	0.100	0.100	0.700
0.100	0.100	0.700	0.100
0.100	0.700	0.100	0.100
