>AATTTAGA	1-AATTTAGA	6.508811	-19.464490	0	T:92.0(4.75%),B:3809.0(2.45%),P:1e-8	Tpos:48.4,Tstd:27.8,Bpos:50.0,Bstd:27.6,StrandBias:0.3,Multiplicity:1.04
0.940	0.001	0.058	0.001
0.962	0.036	0.001	0.001
0.001	0.001	0.135	0.863
0.001	0.001	0.001	0.997
0.001	0.041	0.106	0.852
0.814	0.037	0.046	0.103
0.097	0.001	0.815	0.087
0.814	0.184	0.001	0.001
>MCAKAGTC	2-MCAKAGTC	5.369384	-15.948109	0	T:454.0(23.46%),B:29140.0(18.72%),P:1e-6	Tpos:51.4,Tstd:27.0,Bpos:50.1,Bstd:27.0,StrandBias:-0.2,Multiplicity:1.12
0.430	0.395	0.001	0.174
0.001	0.873	0.125	0.001
0.997	0.001	0.001	0.001
0.224	0.001	0.393	0.383
0.781	0.171	0.001	0.047
0.224	0.051	0.724	0.001
0.001	0.003	0.001	0.995
0.018	0.682	0.098	0.202
>GACATGCT	3-GACATGCT	10.933503	-10.452902	0	T:14.0(0.72%),B:294.0(0.19%),P:1e-4	Tpos:51.8,Tstd:29.5,Bpos:48.9,Bstd:28.5,StrandBias:1.9,Multiplicity:1.00
0.001	0.001	0.997	0.001
0.997	0.001	0.001	0.001
0.001	0.873	0.001	0.125
0.997	0.001	0.001	0.001
0.001	0.001	0.001	0.997
0.001	0.001	0.997	0.001
0.001	0.997	0.001	0.001
0.001	0.001	0.001	0.997
>AAAAAAAT	4-AAAAAAAT	6.101412	-6.931766	0	T:110.0(5.68%),B:6512.0(4.18%),P:1e-3	Tpos:53.6,Tstd:26.9,Bpos:50.8,Bstd:26.7,StrandBias:-0.4,Multiplicity:1.08
0.981	0.001	0.017	0.001
0.926	0.001	0.072	0.001
0.783	0.001	0.215	0.001
0.997	0.001	0.001	0.001
0.997	0.001	0.001	0.001
0.997	0.001	0.001	0.001
0.722	0.001	0.001	0.276
0.371	0.001	0.001	0.627
>GCGCGCGC	5-GCGCGCGC	8.236954	-1.500065	0	T:13.0(0.67%),B:817.0(0.52%),P:1e0	Tpos:58.0,Tstd:20.8,Bpos:49.5,Bstd:25.5,StrandBias:0.0,Multiplicity:1.00
0.100	0.100	0.700	0.100
0.100	0.700	0.100	0.100
0.100	0.100	0.700	0.100
0.100	0.700	0.100	0.100
0.100	0.100	0.700	0.100
0.100	0.700	0.100	0.100
0.100	0.100	0.700	0.100
0.100	0.700	0.100	0.100
