>GAGACTCT	1-GAGACTCT	7.284423	-18.841148	0	T:104.0(5.37%),B:4563.0(2.93%),P:1e-8	Tpos:48.8,Tstd:26.8,Bpos:50.3,Bstd:27.6,StrandBias:0.1,Multiplicity:1.04
0.001	0.001	0.997	0.001
0.860	0.021	0.072	0.047
0.033	0.049	0.853	0.065
0.934	0.032	0.001	0.033
0.069	0.787	0.072	0.072
0.001	0.001	0.017	0.981
0.121	0.877	0.001	0.001
0.161	0.001	0.001	0.837
>CGGTGGGT	2-CGGTGGGT	4.852704	-16.710942	0	T:382.0(19.74%),B:23697.0(15.23%),P:1e-7	Tpos:51.3,Tstd:26.6,Bpos:49.9,Bstd:27.2,StrandBias:0.2,Multiplicity:1.14
0.094	0.724	0.066	0.116
0.074	0.101	0.761	0.064
0.059	0.108	0.711	0.122
0.053	0.065	0.088	0.794
0.099	0.042	0.793	0.066
0.081	0.100	0.752	0.067
0.057	0.094	0.788	0.061
0.079	0.159	0.075	0.687
>ATCATCAT	3-ATCATCAT	5.378555	-15.208923	0	T:191.0(9.87%),B:10578.0(6.80%),P:1e-6	Tpos:49.4,Tstd:27.5,Bpos:50.4,Bstd:27.4,StrandBias:-0.1,Multiplicity:1.10
0.740	0.104	0.084	0.072
0.174	0.070	0.045	0.711
0.056	0.776	0.022	0.146
0.728	0.023	0.094	0.155
0.111	0.069	0.008	0.812
0.043	0.845	0.057	0.055
0.767	0.121	0.043	0.069
0.134	0.205	0.030	0.631
>CTACGCGT	4-CTACGCGT	6.975344	-14.854901	0	T:30.0(1.55%),B:822.0(0.53%),P:1e-6	Tpos:49.4,Tstd:26.5,Bpos:49.3,Bstd:27.1,StrandBias:0.0,Multiplicity:1.00
0.078	0.814	0.046	0.062
0.041	0.030	0.046	0.883
0.870	0.001	0.117	0.012
0.051	0.798	0.001	0.150
0.142	0.018	0.813	0.027
0.029	0.931	0.001	0.039
0.001	0.001	0.983	0.015
0.001	0.001	0.051	0.947
>AGCGGCGC	5-AGCGGCGC	6.114584	-14.289101	0	T:107.0(5.53%),B:5214.0(3.35%),P:1e-6	Tpos:51.5,Tstd:26.3,Bpos:50.1,Bstd:26.5,StrandBias:-0.0,Multiplicity:1.06
0.975	0.023	0.001	0.001
0.001	0.001	0.700	0.298
0.001	0.689	0.001	0.309
0.021	0.021	0.787	0.171
0.027	0.027	0.770	0.176
0.001	0.977	0.021	0.001
0.026	0.001	0.972	0.001
0.001	0.956	0.014	0.029
