>AAGGCCAAGC	1-AAGGCCAAGC	9.256331	-20.056490	0	T:34.0(1.76%),B:806.0(0.52%),P:1e-8	Tpos:43.5,Tstd:24.1,Bpos:50.2,Bstd:26.2,StrandBias:0.7,Multiplicity:1.09
0.889	0.001	0.109	0.001
0.997	0.001	0.001	0.001
0.001	0.001	0.997	0.001
0.001	0.165	0.494	0.340
0.180	0.798	0.009	0.013
0.001	0.666	0.332	0.001
0.946	0.001	0.052	0.001
0.518	0.252	0.001	0.229
0.110	0.128	0.761	0.001
0.001	0.997	0.001	0.001
>CGCGTGACGC	2-CGCGTGACGC	10.234851	-18.765160	0	T:12.0(0.62%),B:98.0(0.06%),P:1e-8	Tpos:48.9,Tstd:29.4,Bpos:45.5,Bstd:25.6,StrandBias:-0.8,Multiplicity:1.00
0.001	0.800	0.090	0.109
0.001	0.064	0.834	0.101
0.001	0.822	0.068	0.109
0.001	0.001	0.997	0.001
0.001	0.001	0.001	0.997
0.001	0.094	0.904	0.001
0.950	0.001	0.048	0.001
0.085	0.837	0.077	0.001
0.001	0.068	0.930	0.001
0.001	0.997	0.001	0.001
>ACCAAGTATC	3-ACCAAGTATC	8.004088	-18.029265	0	T:60.0(3.10%),B:2144.0(1.38%),P:1e-7	Tpos:50.8,Tstd:22.7,Bpos:49.9,Bstd:25.6,StrandBias:0.5,Multiplicity:1.05
0.674	0.049	0.031	0.246
0.001	0.997	0.001	0.001
0.126	0.638	0.207	0.029
0.997	0.001	0.001	0.001
0.660	0.001	0.338	0.001
0.323	0.001	0.675	0.001
0.210	0.166	0.145	0.479
0.522	0.301	0.001	0.176
0.148	0.001	0.001	0.850
0.001	0.524	0.242	0.233
>AAGTGCGCAC	4-AAGTGCGCAC	6.756808	-15.815414	0	T:107.0(5.53%),B:5044.0(3.24%),P:1e-6	Tpos:45.3,Tstd:24.1,Bpos:49.3,Bstd:25.9,StrandBias:0.0,Multiplicity:1.04
0.791	0.084	0.074	0.051
0.723	0.089	0.118	0.070
0.026	0.073	0.858	0.043
0.084	0.058	0.084	0.774
0.054	0.072	0.807	0.067
0.083	0.737	0.094	0.086
0.092	0.117	0.756	0.035
0.059	0.888	0.034	0.019
0.800	0.047	0.068	0.085
0.034	0.871	0.053	0.042
>CGGCTGATGC	5-CGGCTGATGC	12.169894	-15.446432	0	T:6.0(0.31%),B:19.0(0.01%),P:1e-6	Tpos:36.7,Tstd:21.2,Bpos:46.5,Bstd:19.1,StrandBias:-1.0,Multiplicity:1.00
0.001	0.997	0.001	0.001
0.001	0.001	0.997	0.001
0.001	0.001	0.997	0.001
0.001	0.997	0.001	0.001
0.001	0.001	0.001	0.997
0.001	0.001	0.997	0.001
0.997	0.001	0.001	0.001
0.001	0.189	0.001	0.809
0.001	0.001	0.997	0.001
0.001	0.997	0.001	0.001
>CTACCCGGCG	6-CTACCCGGCG	9.649059	-12.000907	0	T:11.0(0.57%),B:156.0(0.10%),P:1e-5	Tpos:65.7,Tstd:27.3,Bpos:50.7,Bstd:27.2,StrandBias:-0.2,Multiplicity:1.36
0.001	0.792	0.206	0.001
0.001	0.001	0.216	0.782
0.997	0.001	0.001	0.001
0.206	0.792	0.001	0.001
0.001	0.997	0.001	0.001
0.001	0.802	0.196	0.001
0.227	0.001	0.719	0.053
0.001	0.001	0.997	0.001
0.001	0.846	0.152	0.001
0.152	0.001	0.846	0.001
>AACCAAAACG	7-AACCAAAACG	6.894907	-10.434433	0	T:31.0(1.60%),B:1087.0(0.70%),P:1e-4	Tpos:57.7,Tstd:25.6,Bpos:50.9,Bstd:25.1,StrandBias:-0.9,Multiplicity:1.87
0.674	0.121	0.105	0.100
0.689	0.120	0.110	0.081
0.080	0.735	0.097	0.088
0.092	0.750	0.081	0.077
0.752	0.103	0.071	0.074
0.687	0.112	0.116	0.085
0.682	0.102	0.130	0.086
0.694	0.113	0.101	0.092
0.106	0.680	0.116	0.098
0.105	0.110	0.658	0.127
>ACCGGACGAC	8-ACCGGACGAC	11.688201	-7.612209	0	T:3.0(0.16%),B:12.0(0.01%),P:1e-3	Tpos:62.0,Tstd:17.0,Bpos:44.0,Bstd:31.3,StrandBias:-10.0,Multiplicity:1.00
0.997	0.001	0.001	0.001
0.001	0.997	0.001	0.001
0.001	0.997	0.001	0.001
0.001	0.184	0.814	0.001
0.001	0.001	0.997	0.001
0.855	0.001	0.143	0.001
0.001	0.997	0.001	0.001
0.001	0.001	0.997	0.001
0.997	0.001	0.001	0.001
0.001	0.997	0.001	0.001
