>CCTTGTCTTC	1-CCTTGTCTTC	10.935735	-25.802882	0	T:8.0(6.90%),B:4.1(0.14%),P:1e-11,FDR:0.6	Tpos:34.8,Tstd:21.5,Bpos:40.3,Bstd:15.5,StrandBias:0.0,Multiplicity:1.00
0.125	0.749	0.125	0.001
0.001	0.997	0.001	0.001
0.001	0.001	0.001	0.997
0.001	0.124	0.001	0.874
0.001	0.001	0.997	0.001
0.001	0.124	0.001	0.874
0.001	0.997	0.001	0.001
0.001	0.124	0.001	0.874
0.001	0.124	0.001	0.874
0.001	0.874	0.001	0.124
>TGGGCCCCCC	2-TGGGCCCCCC	11.557282	-21.101169	0	T:5.0(4.31%),B:0.0(0.00%),P:1e-9,FDR:0.7	Tpos:47.0,Tstd:31.6,Bpos:0.0,Bstd:0.0,StrandBias:2.0,Multiplicity:1.00
0.001	0.001	0.001	0.997
0.001	0.001	0.997	0.001
0.001	0.001	0.997	0.001
0.001	0.001	0.997	0.001
0.001	0.997	0.001	0.001
0.199	0.799	0.001	0.001
0.001	0.997	0.001	0.001
0.001	0.799	0.001	0.199
0.001	0.799	0.001	0.199
0.001	0.799	0.001	0.199
>CGTGATGGCA	3-CGTGATGGCA	8.297388	-13.474284	0	T:4.0(3.45%),B:2.8(0.10%),P:1e-5,FDR:1	Tpos:58.0,Tstd:17.6,Bpos:66.2,Bstd:34.3,StrandBias:0.0,Multiplicity:1.50
0.001	0.997	0.001	0.001
0.233	0.001	0.765	0.001
0.001	0.001	0.001	0.997
0.072	0.001	0.926	0.001
0.997	0.001	0.001	0.001
0.001	0.001	0.001	0.997
0.001	0.001	0.997	0.001
0.001	0.001	0.997	0.001
0.001	0.997	0.001	0.001
0.765	0.001	0.233	0.001
>CTCTCCMWWK	4-CTCTCCMWWK	9.233145	-12.489433	0	T:7.0(6.03%),B:16.0(0.54%),P:1e-5,FDR:1	Tpos:59.2,Tstd:26.7,Bpos:44.2,Bstd:24.5,StrandBias:-0.3,Multiplicity:1.29
0.001	0.997	0.001	0.001
0.001	0.001	0.001	0.997
0.001	0.997	0.001	0.001
0.001	0.001	0.108	0.890
0.001	0.975	0.001	0.023
0.001	0.997	0.001	0.001
0.565	0.433	0.001	0.001
0.456	0.001	0.001	0.542
0.565	0.001	0.001	0.433
0.001	0.001	0.456	0.542
>CATTTTCAGT	5-CATTTTCAGT	11.557282	-11.563477	0	T:3.0(2.59%),B:1.4(0.05%),P:1e-5,FDR:1	Tpos:49.0,Tstd:26.0,Bpos:59.1,Bstd:21.9,StrandBias:10.0,Multiplicity:2.33
0.001	0.799	0.199	0.001
0.799	0.001	0.001	0.199
0.001	0.001	0.001	0.997
0.001	0.001	0.199	0.799
0.001	0.001	0.001	0.997
0.001	0.001	0.001	0.997
0.001	0.997	0.001	0.001
0.799	0.199	0.001	0.001
0.001	0.001	0.997	0.001
0.001	0.001	0.001	0.997
>AGCCCTGCACCT	1-AGCCCTGCACCT	10.327496	-26.595210	0	T:7.0(6.03%),B:2.9(0.10%),P:1e-11,FDR:0.4	Tpos:30.2,Tstd:29.8,Bpos:29.3,Bstd:23.5,StrandBias:-0.7,Multiplicity:1.14
0.976	0.001	0.022	0.001
0.001	0.302	0.696	0.001
0.023	0.674	0.302	0.001
0.001	0.997	0.001	0.001
0.001	0.997	0.001	0.001
0.001	0.001	0.001	0.997
0.302	0.001	0.696	0.001
0.001	0.997	0.001	0.001
0.627	0.001	0.001	0.371
0.001	0.997	0.001	0.001
0.302	0.696	0.001	0.001
0.001	0.001	0.001	0.997
>WTTTCAGTTTGC	2-WTTTCAGTTTGC	10.469513	-17.954348	0	T:6.0(5.17%),B:4.6(0.15%),P:1e-7,FDR:1	Tpos:47.4,Tstd:26.9,Bpos:59.7,Bstd:24.4,StrandBias:1.6,Multiplicity:1.33
0.464	0.001	0.001	0.534
0.263	0.001	0.232	0.504
0.001	0.031	0.232	0.736
0.001	0.001	0.001	0.997
0.001	0.997	0.001	0.001
0.736	0.001	0.001	0.262
0.001	0.001	0.997	0.001
0.001	0.001	0.231	0.767
0.231	0.001	0.001	0.767
0.232	0.001	0.031	0.736
0.001	0.232	0.526	0.241
0.001	0.997	0.001	0.001
>TCGCCATATTCC	3-TCGCCATATTCC	7.317251	-16.216637	0	T:4.0(3.45%),B:1.9(0.07%),P:1e-7,FDR:1	Tpos:57.0,Tstd:26.1,Bpos:56.9,Bstd:7.9,StrandBias:1.0,Multiplicity:1.50
0.001	0.001	0.001	0.997
0.001	0.921	0.077	0.001
0.078	0.078	0.843	0.001
0.001	0.997	0.001	0.001
0.001	0.997	0.001	0.001
0.997	0.001	0.001	0.001
0.077	0.001	0.001	0.921
0.921	0.001	0.077	0.001
0.001	0.077	0.001	0.921
0.001	0.001	0.001	0.997
0.001	0.765	0.001	0.233
0.001	0.997	0.001	0.001
>CCCTGTAATACG	4-CCCTGTAATACG	9.819509	-14.263335	0	T:5.0(4.31%),B:4.6(0.16%),P:1e-6,FDR:1	Tpos:42.4,Tstd:21.7,Bpos:55.3,Bstd:37.1,StrandBias:0.6,Multiplicity:1.00
0.231	0.767	0.001	0.001
0.232	0.535	0.001	0.232
0.001	0.997	0.001	0.001
0.232	0.035	0.001	0.732
0.001	0.001	0.997	0.001
0.231	0.001	0.001	0.767
0.767	0.001	0.231	0.001
0.535	0.232	0.232	0.001
0.249	0.001	0.001	0.749
0.981	0.017	0.001	0.001
0.001	0.767	0.001	0.231
0.018	0.250	0.500	0.232
>GGGGGGGGGGGG	5-GGGGGGGGGGGG	13.888152	-7.205484	0	T:2.0(1.72%),B:0.0(0.00%),P:1e-3,FDR:1	Tpos:9.9,Tstd:3.0,Bpos:0.0,Bstd:0.0,StrandBias:2.8,Multiplicity:1.00
0.001	0.001	0.997	0.001
0.001	0.001	0.997	0.001
0.001	0.001	0.997	0.001
0.001	0.001	0.997	0.001
0.001	0.001	0.997	0.001
0.001	0.001	0.997	0.001
0.001	0.142	0.856	0.001
0.001	0.142	0.856	0.001
0.001	0.142	0.856	0.001
0.001	0.142	0.856	0.001
0.001	0.142	0.856	0.001
0.001	0.142	0.856	0.001
>ATCACTAA	1-ATCACTAA	7.251132	-16.809184	0	T:14.0(12.07%),B:56.8(1.92%),P:1e-7,FDR:0.8	Tpos:57.4,Tstd:29.4,Bpos:50.3,Bstd:24.4,StrandBias:0.4,Multiplicity:1.00
0.916	0.001	0.001	0.082
0.053	0.001	0.001	0.945
0.001	0.916	0.082	0.001
0.997	0.001	0.001	0.001
0.001	0.859	0.058	0.082
0.082	0.122	0.001	0.795
0.811	0.058	0.130	0.001
0.876	0.122	0.001	0.001
>AGGGATGG	2-AGGGATGG	9.448709	-15.374378	0	T:11.0(9.48%),B:36.1(1.22%),P:1e-6,FDR:0.8	Tpos:41.8,Tstd:22.7,Bpos:52.8,Bstd:44.0,StrandBias:1.6,Multiplicity:1.09
0.761	0.001	0.237	0.001
0.001	0.001	0.997	0.001
0.001	0.001	0.997	0.001
0.001	0.001	0.997	0.001
0.997	0.001	0.001	0.001
0.001	0.001	0.001	0.997
0.001	0.166	0.832	0.001
0.001	0.001	0.997	0.001
>GTGYGTAT	3-GTGYGTAT	7.361540	-14.374706	0	T:7.0(6.03%),B:12.2(0.41%),P:1e-6,FDR:0.8	Tpos:48.0,Tstd:27.9,Bpos:49.4,Bstd:24.9,StrandBias:3.2,Multiplicity:1.29
0.001	0.091	0.904	0.004
0.116	0.005	0.092	0.787
0.230	0.001	0.768	0.001
0.092	0.462	0.092	0.354
0.231	0.001	0.767	0.001
0.001	0.001	0.001	0.997
0.680	0.116	0.051	0.153
0.091	0.115	0.001	0.793
>TAATTTAG	4-TAATTTAG	7.276067	-14.278673	0	T:10.0(8.62%),B:32.7(1.11%),P:1e-6,FDR:0.8	Tpos:58.6,Tstd:29.1,Bpos:57.2,Bstd:24.1,StrandBias:-1.0,Multiplicity:1.00
0.108	0.001	0.073	0.818
0.805	0.108	0.086	0.001
0.890	0.001	0.001	0.108
0.108	0.073	0.001	0.818
0.001	0.001	0.001	0.997
0.052	0.001	0.064	0.883
0.997	0.001	0.001	0.001
0.001	0.108	0.890	0.001
>GAKCYCTG	5-GAKCYCTG	7.264448	-8.521491	0	T:24.0(20.69%),B:280.4(9.48%),P:1e-3,FDR:0.8	Tpos:49.6,Tstd:28.1,Bpos:50.2,Bstd:32.3,StrandBias:0.1,Multiplicity:1.21
0.001	0.001	0.997	0.001
0.997	0.001	0.001	0.001
0.001	0.001	0.458	0.540
0.001	0.997	0.001	0.001
0.001	0.537	0.001	0.461
0.001	0.997	0.001	0.001
0.151	0.336	0.001	0.512
0.001	0.306	0.692	0.001
>GCCATATT	6-GCCATATT	9.550639	-8.324733	0	T:3.0(2.59%),B:3.5(0.12%),P:1e-3,FDR:0.8	Tpos:61.6,Tstd:30.2,Bpos:23.5,Bstd:10.0,StrandBias:2.0,Multiplicity:1.67
0.001	0.001	0.997	0.001
0.001	0.779	0.219	0.001
0.001	0.997	0.001	0.001
0.997	0.001	0.001	0.001
0.001	0.001	0.001	0.997
0.997	0.001	0.001	0.001
0.001	0.001	0.001	0.997
0.001	0.001	0.001	0.997
