>AGAGTCTATC	1-AGAGTCTATC	9.748186	-18.324947	0	T:4.0(18.18%),B:3.0(0.11%),P:1e-7	Tpos:48.5,Tstd:15.9,Bpos:25.7,Bstd:11.4,StrandBias:1.6,Multiplicity:1.00
0.997	0.001	0.001	0.001
0.001	0.001	0.997	0.001
0.748	0.001	0.250	0.001
0.001	0.001	0.997	0.001
0.250	0.001	0.001	0.748
0.194	0.537	0.268	0.001
0.001	0.250	0.001	0.748
0.730	0.268	0.001	0.001
0.250	0.001	0.001	0.748
0.193	0.805	0.001	0.001
>CAGVAGGATG	2-CAGVAGGATG	7.507842	-15.028025	0	T:6.0(27.27%),B:35.0(1.30%),P:1e-6	Tpos:52.2,Tstd:30.3,Bpos:50.3,Bstd:28.1,StrandBias:0.0,Multiplicity:1.00
0.311	0.687	0.001	0.001
0.957	0.021	0.021	0.001
0.311	0.001	0.687	0.001
0.311	0.311	0.376	0.001
0.687	0.311	0.001	0.001
0.001	0.001	0.687	0.311
0.001	0.001	0.997	0.001
0.997	0.001	0.001	0.001
0.001	0.001	0.001	0.997
0.001	0.001	0.997	0.001
>ARGARAAGSA	3-ARGARAAGSA	7.895027	-14.864122	0	T:6.0(27.27%),B:36.0(1.33%),P:1e-6	Tpos:47.3,Tstd:32.2,Bpos:52.7,Bstd:22.7,StrandBias:-2.6,Multiplicity:1.17
0.905	0.001	0.093	0.001
0.546	0.001	0.452	0.001
0.001	0.001	0.997	0.001
0.997	0.001	0.001	0.001
0.452	0.001	0.546	0.001
0.997	0.001	0.001	0.001
0.997	0.001	0.001	0.001
0.001	0.001	0.997	0.001
0.094	0.453	0.453	0.001
0.997	0.001	0.001	0.001
>CGCTGACGAG	4-CGCTGACGAG	8.647639	-13.170538	0	T:4.0(18.18%),B:11.0(0.41%),P:1e-5	Tpos:47.2,Tstd:26.0,Bpos:59.6,Bstd:22.0,StrandBias:0.0,Multiplicity:1.00
0.124	0.828	0.001	0.047
0.001	0.001	0.997	0.001
0.001	0.997	0.001	0.001
0.001	0.001	0.001	0.997
0.001	0.001	0.997	0.001
0.997	0.001	0.001	0.001
0.047	0.828	0.124	0.001
0.001	0.001	0.997	0.001
0.997	0.001	0.001	0.001
0.001	0.046	0.952	0.001
>YAGCCCAGGC	5-YAGCCCAGGC	6.495906	-9.490424	0	T:10.0(45.45%),B:313.0(11.60%),P:1e-4	Tpos:60.2,Tstd:27.8,Bpos:49.0,Bstd:26.5,StrandBias:-1.5,Multiplicity:1.40
0.122	0.301	0.144	0.433
0.619	0.001	0.214	0.166
0.058	0.108	0.667	0.167
0.001	0.824	0.174	0.001
0.060	0.937	0.002	0.001
0.084	0.754	0.001	0.161
0.593	0.050	0.188	0.169
0.168	0.001	0.830	0.001
0.001	0.127	0.814	0.058
0.292	0.540	0.108	0.060
