>TMGAAGAAAA	1-TMGAAGAAAA	7.542860	-18.159523	0	T:7.0(31.82%),B:37.0(1.37%),P:1e-7	Tpos:49.4,Tstd:30.6,Bpos:43.6,Bstd:27.8,StrandBias:-0.4,Multiplicity:1.00
0.168	0.297	0.084	0.452
0.422	0.368	0.126	0.084
0.155	0.001	0.802	0.042
0.706	0.126	0.001	0.167
0.997	0.001	0.001	0.001
0.001	0.239	0.759	0.001
0.675	0.169	0.072	0.084
0.623	0.084	0.209	0.084
0.874	0.124	0.001	0.001
0.760	0.084	0.084	0.072
>CGGCTTTGGC	2-CGGCTTTGGC	12.329821	-16.366542	0	T:3.0(13.64%),B:1.0(0.04%),P:1e-7	Tpos:44.7,Tstd:28.4,Bpos:58.0,Bstd:0.0,StrandBias:-1.0,Multiplicity:1.00
0.001	0.666	0.001	0.332
0.001	0.001	0.997	0.001
0.001	0.001	0.997	0.001
0.001	0.997	0.001	0.001
0.001	0.001	0.001	0.997
0.001	0.001	0.001	0.997
0.001	0.001	0.001	0.997
0.001	0.001	0.997	0.001
0.001	0.001	0.997	0.001
0.001	0.666	0.001	0.332
>GAGAAAGCCA	3-GAGAAAGCCA	11.730108	-16.292322	0	T:4.0(18.18%),B:5.0(0.19%),P:1e-7	Tpos:76.5,Tstd:7.6,Bpos:35.8,Bstd:28.3,StrandBias:0.0,Multiplicity:1.00
0.001	0.001	0.997	0.001
0.997	0.001	0.001	0.001
0.001	0.001	0.997	0.001
0.740	0.001	0.001	0.258
0.997	0.001	0.001	0.001
0.740	0.001	0.258	0.001
0.001	0.001	0.997	0.001
0.001	0.997	0.001	0.001
0.001	0.997	0.001	0.001
0.777	0.001	0.001	0.221
>CAGGAAAGGD	4-CAGGAAAGGD	6.854071	-16.125627	0	T:6.0(27.27%),B:29.0(1.07%),P:1e-7	Tpos:57.6,Tstd:21.3,Bpos:58.4,Bstd:22.3,StrandBias:-0.4,Multiplicity:1.17
0.001	0.623	0.016	0.360
0.997	0.001	0.001	0.001
0.311	0.001	0.687	0.001
0.015	0.001	0.983	0.001
0.997	0.001	0.001	0.001
0.687	0.001	0.001	0.311
0.997	0.001	0.001	0.001
0.001	0.001	0.997	0.001
0.001	0.001	0.997	0.001
0.360	0.001	0.328	0.311
>WCTGCTCTTG	5-WCTGCTCTTG	9.765975	-14.210561	0	T:5.0(22.73%),B:21.0(0.78%),P:1e-6	Tpos:61.2,Tstd:29.0,Bpos:59.7,Bstd:25.4,StrandBias:0.6,Multiplicity:1.00
0.443	0.001	0.200	0.356
0.001	0.597	0.401	0.001
0.001	0.001	0.001	0.997
0.001	0.200	0.798	0.001
0.001	0.798	0.001	0.200
0.001	0.001	0.001	0.997
0.001	0.997	0.001	0.001
0.001	0.367	0.001	0.631
0.001	0.001	0.011	0.987
0.200	0.005	0.794	0.001
