>RKWSTCAGGMKS	1-RKWSTCAGGMKS	5.602594	-19.368599	0	T:7.0(31.82%),B:31.0(1.15%),P:1e-8	Tpos:36.7,Tstd:22.4,Bpos:53.2,Bstd:22.5,StrandBias:-0.4,Multiplicity:1.00
0.546	0.001	0.452	0.001
0.001	0.001	0.545	0.453
0.495	0.001	0.001	0.503
0.001	0.495	0.503	0.001
0.001	0.049	0.001	0.949
0.001	0.997	0.001	0.001
0.997	0.001	0.001	0.001
0.001	0.001	0.997	0.001
0.001	0.001	0.997	0.001
0.453	0.502	0.001	0.044
0.001	0.001	0.495	0.503
0.001	0.503	0.495	0.001
>AGCCABCCATGC	2-AGCCABCCATGC	11.308003	-17.179557	0	T:4.0(18.18%),B:4.0(0.15%),P:1e-7	Tpos:44.4,Tstd:21.6,Bpos:34.8,Bstd:26.8,StrandBias:0.6,Multiplicity:1.25
0.624	0.001	0.001	0.374
0.001	0.001	0.945	0.053
0.001	0.997	0.001	0.001
0.365	0.633	0.001	0.001
0.997	0.001	0.001	0.001
0.001	0.312	0.375	0.311
0.001	0.686	0.312	0.001
0.001	0.997	0.001	0.001
0.634	0.001	0.311	0.054
0.311	0.001	0.001	0.687
0.001	0.001	0.997	0.001
0.001	0.686	0.312	0.001
>TAAAGGGGTGGG	3-TAAAGGGGTGGG	13.189862	-13.081267	0	T:3.0(13.64%),B:3.0(0.11%),P:1e-5	Tpos:30.0,Tstd:18.5,Bpos:66.0,Bstd:19.1,StrandBias:10.0,Multiplicity:1.00
0.001	0.001	0.332	0.666
0.666	0.001	0.332	0.001
0.997	0.001	0.001	0.001
0.997	0.001	0.001	0.001
0.001	0.001	0.997	0.001
0.001	0.001	0.997	0.001
0.001	0.332	0.666	0.001
0.332	0.001	0.666	0.001
0.001	0.001	0.001	0.997
0.001	0.001	0.997	0.001
0.332	0.001	0.666	0.001
0.001	0.001	0.997	0.001
>CCTCCTAGAATA	4-CCTCCTAGAATA	11.686785	-13.081267	0	T:3.0(13.64%),B:3.0(0.11%),P:1e-5	Tpos:46.7,Tstd:25.8,Bpos:81.7,Bstd:6.8,StrandBias:1.0,Multiplicity:1.00
0.001	0.997	0.001	0.001
0.001	0.997	0.001	0.001
0.332	0.001	0.001	0.666
0.001	0.666	0.332	0.001
0.332	0.666	0.001	0.001
0.332	0.001	0.001	0.666
0.666	0.001	0.001	0.332
0.332	0.001	0.666	0.001
0.997	0.001	0.001	0.001
0.997	0.001	0.001	0.001
0.001	0.001	0.001	0.997
0.666	0.001	0.332	0.001
>AGCCGTGTATCC	5-AGCCGTGTATCC	13.593323	-8.981700	0	T:2.0(9.09%),B:2.0(0.07%),P:1e-3	Tpos:53.3,Tstd:12.4,Bpos:82.0,Bstd:4.0,StrandBias:1.0,Multiplicity:1.50
0.997	0.001	0.001	0.001
0.001	0.001	0.997	0.001
0.001	0.997	0.001	0.001
0.001	0.666	0.001	0.332
0.332	0.001	0.666	0.001
0.001	0.001	0.001	0.997
0.001	0.001	0.997	0.001
0.001	0.332	0.001	0.666
0.666	0.332	0.001	0.001
0.001	0.001	0.001	0.997
0.001	0.997	0.001	0.001
0.001	0.997	0.001	0.001
