>CGTCATGTGA	1-CGTCATGTGA	11.873576	-22.708719	0	T:4.0(18.18%),B:1.0(0.04%),P:1e-9	Tpos:61.2,Tstd:30.9,Bpos:92.0,Bstd:0.0,StrandBias:0.0,Multiplicity:1.00
0.249	0.749	0.001	0.001
0.001	0.001	0.997	0.001
0.001	0.001	0.001	0.997
0.001	0.997	0.001	0.001
0.749	0.249	0.001	0.001
0.001	0.001	0.001	0.997
0.001	0.001	0.997	0.001
0.001	0.001	0.001	0.997
0.001	0.001	0.997	0.001
0.749	0.001	0.249	0.001
>CCCCTCTATC	2-CCCCTCTATC	11.873576	-22.708719	0	T:4.0(18.18%),B:1.0(0.04%),P:1e-9	Tpos:60.0,Tstd:22.5,Bpos:6.0,Bstd:0.0,StrandBias:1.6,Multiplicity:1.00
0.001	0.997	0.001	0.001
0.249	0.749	0.001	0.001
0.001	0.997	0.001	0.001
0.001	0.997	0.001	0.001
0.001	0.001	0.001	0.997
0.001	0.749	0.249	0.001
0.001	0.001	0.001	0.997
0.997	0.001	0.001	0.001
0.001	0.249	0.001	0.749
0.001	0.997	0.001	0.001
>CGGTGGAHAC	3-CGGTGGAHAC	5.096911	-15.543895	0	T:5.0(22.73%),B:16.0(0.59%),P:1e-6	Tpos:51.4,Tstd:26.8,Bpos:47.8,Bstd:22.6,StrandBias:0.6,Multiplicity:1.00
0.001	0.997	0.001	0.001
0.001	0.001	0.997	0.001
0.001	0.001	0.997	0.001
0.001	0.001	0.001	0.997
0.001	0.001	0.997	0.001
0.001	0.001	0.699	0.299
0.997	0.001	0.001	0.001
0.300	0.350	0.001	0.350
0.997	0.001	0.001	0.001
0.001	0.649	0.001	0.349
>TCTTCCSCTT	4-TCTTCCSCTT	7.341961	-9.009790	0	T:6.0(27.27%),B:101.0(3.74%),P:1e-3	Tpos:32.4,Tstd:25.2,Bpos:46.4,Bstd:27.0,StrandBias:10.0,Multiplicity:1.17
0.128	0.245	0.161	0.466
0.001	0.872	0.068	0.059
0.001	0.121	0.001	0.877
0.001	0.059	0.196	0.744
0.001	0.803	0.001	0.195
0.139	0.542	0.001	0.318
0.059	0.442	0.400	0.099
0.127	0.695	0.177	0.001
0.127	0.011	0.001	0.861
0.069	0.118	0.059	0.754
>GCGGGGAAGC	5-GCGGGGAAGC	12.329821	-8.981700	0	T:2.0(9.09%),B:2.0(0.07%),P:1e-3	Tpos:33.3,Tstd:15.6,Bpos:50.0,Bstd:1.0,StrandBias:1.0,Multiplicity:1.50
0.001	0.001	0.997	0.001
0.001	0.997	0.001	0.001
0.001	0.332	0.666	0.001
0.001	0.001	0.997	0.001
0.001	0.001	0.997	0.001
0.001	0.001	0.997	0.001
0.997	0.001	0.001	0.001
0.997	0.001	0.001	0.001
0.001	0.001	0.997	0.001
0.001	0.666	0.332	0.001
