>GYTTCCWTGGTA	1-GYTTCCWTGGTA	12.953243	-16.040919	0	T:3.0(13.64%),B:0.0(0.00%),P:1e-6,FDR:1	Tpos:70.0,Tstd:16.8,Bpos:0.0,Bstd:0.0,StrandBias:-1.6,Multiplicity:1.00
0.001	0.001	0.997	0.001
0.001	0.451	0.001	0.547
0.001	0.001	0.001	0.997
0.095	0.001	0.001	0.903
0.001	0.997	0.001	0.001
0.001	0.997	0.001	0.001
0.547	0.001	0.001	0.451
0.031	0.001	0.001	0.967
0.001	0.001	0.997	0.001
0.001	0.001	0.997	0.001
0.063	0.001	0.001	0.935
0.997	0.001	0.001	0.001
>THTAGAHTTBTH	2-THTAGAHTTBTH	11.660481	-16.040919	0	T:3.0(13.64%),B:0.9(0.04%),P:1e-6,FDR:1	Tpos:66.0,Tstd:19.7,Bpos:37.0,Bstd:0.0,StrandBias:1.6,Multiplicity:1.33
0.001	0.001	0.001	0.997
0.311	0.377	0.001	0.311
0.001	0.001	0.001	0.997
0.997	0.001	0.001	0.001
0.001	0.001	0.997	0.001
0.997	0.001	0.001	0.001
0.377	0.311	0.001	0.311
0.001	0.001	0.310	0.688
0.021	0.001	0.001	0.977
0.001	0.311	0.355	0.333
0.001	0.021	0.001	0.977
0.311	0.333	0.001	0.355
>GCTASASTGTAG	3-GCTASASTGTAG	9.730700	-13.998264	0	T:4.0(18.18%),B:8.6(0.36%),P:1e-6,FDR:1	Tpos:45.7,Tstd:29.3,Bpos:58.7,Bstd:16.2,StrandBias:1.0,Multiplicity:1.25
0.124	0.233	0.642	0.001
0.001	0.997	0.001	0.001
0.082	0.001	0.001	0.916
0.590	0.117	0.077	0.216
0.001	0.474	0.409	0.116
0.677	0.116	0.206	0.001
0.117	0.316	0.434	0.134
0.001	0.007	0.084	0.908
0.001	0.001	0.882	0.116
0.117	0.201	0.090	0.592
0.882	0.001	0.001	0.116
0.116	0.001	0.767	0.116
>YMAKCCATCCAT	4-YMAKCCATCCAT	11.311730	-13.967365	0	T:3.0(13.64%),B:2.8(0.11%),P:1e-6,FDR:1	Tpos:41.8,Tstd:23.2,Bpos:30.3,Bstd:20.8,StrandBias:1.6,Multiplicity:1.00
0.001	0.427	0.048	0.524
0.309	0.430	0.260	0.001
0.953	0.001	0.001	0.045
0.001	0.001	0.573	0.425
0.001	0.950	0.048	0.001
0.001	0.788	0.001	0.210
0.781	0.217	0.001	0.001
0.051	0.001	0.001	0.947
0.001	0.997	0.001	0.001
0.311	0.687	0.001	0.001
0.997	0.001	0.001	0.001
0.001	0.001	0.165	0.833
>GGHGTGACCCCG	5-GGHGTGACCCCG	13.675947	-10.146137	0	T:2.0(9.09%),B:0.0(0.00%),P:1e-4,FDR:1	Tpos:62.5,Tstd:1.5,Bpos:0.0,Bstd:0.0,StrandBias:-10.0,Multiplicity:1.00
0.001	0.001	0.997	0.001
0.001	0.001	0.997	0.001
0.311	0.311	0.066	0.311
0.001	0.001	0.997	0.001
0.021	0.001	0.001	0.977
0.001	0.376	0.622	0.001
0.997	0.001	0.001	0.001
0.022	0.666	0.001	0.311
0.022	0.622	0.355	0.001
0.001	0.997	0.001	0.001
0.001	0.688	0.310	0.001
0.001	0.021	0.977	0.001
