>TGGTTCAGCA	1-TGGTTCAGCA	10.456377	-20.008786	0	T:9.0(6.34%),B:525.6(0.34%),P:1e-8,FDR:1	Tpos:47.7,Tstd:28.3,Bpos:49.1,Bstd:32.5,StrandBias:-0.3,Multiplicity:1.00
0.001	0.001	0.001	0.997
0.001	0.001	0.997	0.001
0.152	0.290	0.557	0.001
0.001	0.086	0.001	0.912
0.001	0.001	0.164	0.834
0.001	0.997	0.001	0.001
0.845	0.001	0.001	0.153
0.001	0.001	0.997	0.001
0.001	0.997	0.001	0.001
0.997	0.001	0.001	0.001
>TCATGTAACG	2-TCATGTAACG	8.319937	-12.966017	0	T:6.0(4.23%),B:401.3(0.26%),P:1e-5,FDR:1	Tpos:52.0,Tstd:26.7,Bpos:46.5,Bstd:36.0,StrandBias:1.6,Multiplicity:1.33
0.001	0.212	0.272	0.515
0.132	0.754	0.113	0.001
0.997	0.001	0.001	0.001
0.139	0.001	0.080	0.780
0.217	0.001	0.781	0.001
0.001	0.165	0.132	0.702
0.594	0.113	0.001	0.292
0.752	0.139	0.108	0.001
0.001	0.684	0.207	0.108
0.188	0.001	0.810	0.001
>ACATGCAAAT	3-ACATGCAAAT	7.572822	-11.830649	0	T:15.0(10.56%),B:4131.4(2.68%),P:1e-5,FDR:1	Tpos:48.1,Tstd:27.3,Bpos:50.3,Bstd:36.7,StrandBias:-1.3,Multiplicity:1.13
0.732	0.001	0.135	0.132
0.101	0.535	0.273	0.091
0.647	0.351	0.001	0.001
0.100	0.001	0.001	0.898
0.060	0.095	0.844	0.001
0.001	0.773	0.136	0.090
0.862	0.001	0.001	0.136
0.911	0.001	0.087	0.001
0.997	0.001	0.001	0.001
0.001	0.001	0.134	0.864
>WYAARCCATM	4-WYAARCCATM	8.590564	-10.778242	0	T:5.0(3.52%),B:350.1(0.23%),P:1e-4,FDR:1	Tpos:59.8,Tstd:23.1,Bpos:51.4,Bstd:35.8,StrandBias:-1.6,Multiplicity:1.60
0.548	0.001	0.001	0.450
0.003	0.472	0.001	0.524
0.997	0.001	0.001	0.001
0.928	0.070	0.001	0.001
0.550	0.001	0.444	0.005
0.001	0.993	0.005	0.001
0.001	0.932	0.066	0.001
0.994	0.004	0.001	0.001
0.001	0.066	0.001	0.932
0.455	0.543	0.001	0.001
>AAGTAACTAA	5-AAGTAACTAA	7.889074	-10.073172	0	T:9.0(6.34%),B:1761.7(1.14%),P:1e-4,FDR:1	Tpos:50.9,Tstd:34.3,Bpos:51.6,Bstd:43.5,StrandBias:0.0,Multiplicity:1.11
0.997	0.001	0.001	0.001
0.997	0.001	0.001	0.001
0.417	0.001	0.581	0.001
0.041	0.001	0.001	0.957
0.997	0.001	0.001	0.001
0.997	0.001	0.001	0.001
0.415	0.583	0.001	0.001
0.001	0.001	0.008	0.990
0.997	0.001	0.001	0.001
0.996	0.002	0.001	0.001
>ACAGAGAGAG	6-ACAGAGAGAG	10.506541	-6.741861	0	T:7.0(4.93%),B:1727.2(1.12%),P:1e-2,FDR:1	Tpos:62.3,Tstd:27.3,Bpos:49.2,Bstd:37.0,StrandBias:-3.2,Multiplicity:1.14
0.987	0.001	0.011	0.001
0.001	0.646	0.352	0.001
0.695	0.001	0.129	0.175
0.244	0.201	0.554	0.001
0.997	0.001	0.001	0.001
0.001	0.001	0.997	0.001
0.666	0.001	0.332	0.001
0.001	0.141	0.857	0.001
0.997	0.001	0.001	0.001
0.001	0.001	0.997	0.001
