>WRRGCCWGGC	1-WRRGCCWGGC	11.053882	-9.202580	0	T:2.0(66.67%),B:10.0(0.58%),P:1e-3	Tpos:43.0,Tstd:34.0,Bpos:63.1,Bstd:22.8,StrandBias:1.0,Multiplicity:1.00
0.535	0.001	0.001	0.463
0.463	0.001	0.535	0.001
0.535	0.001	0.463	0.001
0.001	0.001	0.997	0.001
0.001	0.997	0.001	0.001
0.001	0.997	0.001	0.001
0.463	0.001	0.001	0.535
0.001	0.001	0.997	0.001
0.001	0.001	0.997	0.001
0.001	0.997	0.001	0.001
>YAMGTATATG	2-YAMGTATATG	7.561704	-7.820180	0	T:2.0(66.67%),B:20.0(1.16%),P:1e-3	Tpos:59.0,Tstd:14.0,Bpos:50.6,Bstd:30.6,StrandBias:10.0,Multiplicity:1.00
0.003	0.497	0.014	0.486
0.745	0.246	0.001	0.008
0.508	0.486	0.001	0.005
0.005	0.003	0.981	0.011
0.246	0.254	0.005	0.495
0.486	0.262	0.243	0.008
0.249	0.005	0.249	0.497
0.971	0.019	0.005	0.005
0.008	0.265	0.241	0.486
0.003	0.014	0.731	0.252
>KKYTKCCCMA	3-KKYTKCCCMA	10.286858	-7.630340	0	T:2.0(66.67%),B:22.0(1.28%),P:1e-3	Tpos:57.5,Tstd:1.5,Bpos:34.3,Bstd:24.9,StrandBias:0.0,Multiplicity:1.00
0.072	0.001	0.463	0.463
0.001	0.001	0.535	0.463
0.001	0.535	0.001	0.463
0.001	0.001	0.001	0.997
0.001	0.001	0.463	0.535
0.001	0.997	0.001	0.001
0.001	0.997	0.001	0.001
0.001	0.997	0.001	0.001
0.463	0.535	0.001	0.001
0.997	0.001	0.001	0.001
>AGCCTTGGGA	4-AGCCTTGGGA	10.296193	-6.353210	0	T:1.0(33.33%),B:1.0(0.06%),P:1e-2	Tpos:83.0,Tstd:0.0,Bpos:65.0,Bstd:0.0,StrandBias:10.0,Multiplicity:1.00
0.700	0.100	0.100	0.100
0.100	0.100	0.700	0.100
0.100	0.700	0.100	0.100
0.100	0.700	0.100	0.100
0.100	0.100	0.100	0.700
0.100	0.100	0.100	0.700
0.100	0.100	0.700	0.100
0.100	0.100	0.700	0.100
0.100	0.100	0.700	0.100
0.700	0.100	0.100	0.100
>TCAGTGTTAG	5-TCAGTGTTAG	10.296193	-6.353210	0	T:1.0(33.33%),B:1.0(0.06%),P:1e-2	Tpos:36.0,Tstd:0.0,Bpos:71.0,Bstd:0.0,StrandBias:10.0,Multiplicity:1.00
0.100	0.100	0.100	0.700
0.100	0.700	0.100	0.100
0.700	0.100	0.100	0.100
0.100	0.100	0.700	0.100
0.100	0.100	0.100	0.700
0.100	0.100	0.700	0.100
0.100	0.100	0.100	0.700
0.100	0.100	0.100	0.700
0.700	0.100	0.100	0.100
0.100	0.100	0.700	0.100
