>AGMKAKATCARG	1-AGMKAKATCARG	7.638489	-22.745051	0	T:5.0(22.73%),B:186.0(0.14%),P:1e-9	Tpos:38.6,Tstd:25.0,Bpos:46.0,Bstd:25.9,StrandBias:-10.0,Multiplicity:1.00
0.997	0.001	0.001	0.001
0.001	0.001	0.997	0.001
0.536	0.462	0.001	0.001
0.001	0.001	0.560	0.438
0.974	0.001	0.024	0.001
0.001	0.001	0.558	0.440
0.997	0.001	0.001	0.001
0.071	0.001	0.001	0.927
0.001	0.997	0.001	0.001
0.997	0.001	0.001	0.001
0.560	0.001	0.438	0.001
0.001	0.001	0.997	0.001
>GCTAGCAGRCGM	2-GCTAGCAGRCGM	6.830126	-14.903465	0	T:8.0(36.36%),B:4501.0(3.36%),P:1e-6	Tpos:48.7,Tstd:20.9,Bpos:49.9,Bstd:26.0,StrandBias:0.6,Multiplicity:1.25
0.001	0.195	0.789	0.015
0.202	0.790	0.007	0.001
0.001	0.001	0.006	0.992
0.803	0.001	0.195	0.001
0.001	0.001	0.608	0.390
0.210	0.594	0.001	0.195
0.790	0.001	0.202	0.007
0.195	0.001	0.803	0.001
0.399	0.001	0.398	0.202
0.195	0.608	0.001	0.196
0.202	0.202	0.595	0.001
0.398	0.406	0.195	0.001
>CCHDACCTCTAG	3-CCHDACCTCTAG	10.895504	-9.093434	0	T:2.0(9.09%),B:94.0(0.07%),P:1e-3	Tpos:27.0,Tstd:21.0,Bpos:50.2,Bstd:26.9,StrandBias:0.0,Multiplicity:1.00
0.001	0.710	0.001	0.288
0.001	0.680	0.001	0.318
0.363	0.306	0.001	0.330
0.306	0.001	0.405	0.289
0.698	0.011	0.001	0.290
0.001	0.972	0.014	0.013
0.001	0.621	0.001	0.377
0.001	0.305	0.001	0.693
0.001	0.997	0.001	0.001
0.001	0.288	0.001	0.710
0.960	0.013	0.026	0.001
0.001	0.001	0.622	0.376
>TGTCCTCTAGAA	4-TGTCCTCTAGAA	12.355432	-8.715586	0	T:1.0(4.55%),B:0.0(0.00%),P:1e-3	Tpos:62.0,Tstd:0.0,Bpos:0.0,Bstd:0.0,StrandBias:10.0,Multiplicity:1.00
0.100	0.100	0.100	0.700
0.100	0.100	0.700	0.100
0.100	0.100	0.100	0.700
0.100	0.700	0.100	0.100
0.100	0.700	0.100	0.100
0.100	0.100	0.100	0.700
0.100	0.700	0.100	0.100
0.100	0.100	0.100	0.700
0.700	0.100	0.100	0.100
0.100	0.100	0.700	0.100
0.700	0.100	0.100	0.100
0.700	0.100	0.100	0.100
>ACGCTGCTGGAC	5-ACGCTGCTGGAC	12.355432	-8.022517	0	T:1.0(4.55%),B:2.0(0.00%),P:1e-3	Tpos:29.0,Tstd:0.0,Bpos:16.0,Bstd:2.0,StrandBias:-10.0,Multiplicity:1.00
0.700	0.100	0.100	0.100
0.100	0.700	0.100	0.100
0.100	0.100	0.700	0.100
0.100	0.700	0.100	0.100
0.100	0.100	0.100	0.700
0.100	0.100	0.700	0.100
0.100	0.700	0.100	0.100
0.100	0.100	0.100	0.700
0.100	0.100	0.700	0.100
0.100	0.100	0.700	0.100
0.700	0.100	0.100	0.100
0.100	0.700	0.100	0.100
>TTAATGGTCTCT	6-TTAATGGTCTCT	12.355432	-8.022517	0	T:1.0(4.55%),B:2.0(0.00%),P:1e-3	Tpos:77.0,Tstd:0.0,Bpos:54.5,Bstd:19.5,StrandBias:-10.0,Multiplicity:1.00
0.100	0.100	0.100	0.700
0.100	0.100	0.100	0.700
0.700	0.100	0.100	0.100
0.700	0.100	0.100	0.100
0.100	0.100	0.100	0.700
0.100	0.100	0.700	0.100
0.100	0.100	0.700	0.100
0.100	0.100	0.100	0.700
0.100	0.700	0.100	0.100
0.100	0.100	0.100	0.700
0.100	0.700	0.100	0.100
0.100	0.100	0.100	0.700
>TCCTAGAGGACA	7-TCCTAGAGGACA	15.577993	-7.329526	0	T:1.0(4.55%),B:4.0(0.00%),P:1e-3	Tpos:87.0,Tstd:0.0,Bpos:54.8,Bstd:21.6,StrandBias:-10.0,Multiplicity:1.00
0.001	0.001	0.001	0.997
0.001	0.483	0.258	0.258
0.001	0.997	0.001	0.001
0.001	0.001	0.001	0.997
0.997	0.001	0.001	0.001
0.001	0.001	0.997	0.001
0.997	0.001	0.001	0.001
0.001	0.001	0.997	0.001
0.001	0.001	0.997	0.001
0.741	0.001	0.001	0.257
0.001	0.997	0.001	0.001
0.997	0.001	0.001	0.001
>CAACAAGGCCAC	8-CAACAAGGCCAC	8.463612	-4.970171	0	T:3.0(13.64%),B:2413.0(1.80%),P:1e-2	Tpos:52.9,Tstd:22.4,Bpos:50.8,Bstd:24.8,StrandBias:0.4,Multiplicity:2.33
0.100	0.700	0.100	0.100
0.700	0.100	0.100	0.100
0.700	0.100	0.100	0.100
0.100	0.700	0.100	0.100
0.700	0.100	0.100	0.100
0.700	0.100	0.100	0.100
0.100	0.100	0.700	0.100
0.100	0.100	0.700	0.100
0.100	0.700	0.100	0.100
0.100	0.700	0.100	0.100
0.700	0.100	0.100	0.100
0.100	0.700	0.100	0.100
