>CAGGAAVMAV	1-CAGGAAVMAV	7.321300	-33.267326	0	T:134.0(19.88%),B:14322.0(9.83%),P:1e-14,FDR:0.2	Tpos:52.3,Tstd:24.4,Bpos:50.0,Bstd:33.9,StrandBias:-0.0,Multiplicity:1.10
0.001	0.631	0.367	0.001
0.938	0.001	0.001	0.060
0.001	0.001	0.997	0.001
0.029	0.238	0.732	0.001
0.839	0.001	0.159	0.001
0.847	0.001	0.151	0.001
0.351	0.379	0.268	0.001
0.369	0.359	0.073	0.199
0.585	0.177	0.078	0.160
0.380	0.340	0.279	0.001
>AAGAATCWAC	2-AAGAATCWAC	10.173905	-28.800167	0	T:22.0(3.26%),B:604.8(0.42%),P:1e-12,FDR:0.2	Tpos:49.4,Tstd:29.3,Bpos:49.2,Bstd:45.5,StrandBias:-0.1,Multiplicity:1.10
0.909	0.001	0.089	0.001
0.997	0.001	0.001	0.001
0.075	0.001	0.923	0.001
0.997	0.001	0.001	0.001
0.926	0.072	0.001	0.001
0.001	0.076	0.001	0.922
0.001	0.997	0.001	0.001
0.463	0.001	0.001	0.535
0.849	0.149	0.001	0.001
0.001	0.997	0.001	0.001
>ATCCTGTTTA	3-ATCCTGTTTA	7.812603	-25.897918	0	T:36.0(5.34%),B:1945.2(1.33%),P:1e-11,FDR:0.2	Tpos:53.9,Tstd:24.5,Bpos:50.3,Bstd:35.4,StrandBias:-0.2,Multiplicity:1.00
0.659	0.105	0.097	0.139
0.108	0.115	0.060	0.717
0.065	0.815	0.083	0.037
0.052	0.849	0.012	0.087
0.047	0.073	0.042	0.838
0.021	0.043	0.935	0.001
0.183	0.063	0.020	0.734
0.001	0.087	0.044	0.868
0.050	0.082	0.108	0.760
0.835	0.063	0.022	0.080
>AACCAWGTRR	4-AACCAWGTRR	7.674552	-23.276407	0	T:15.0(2.23%),B:326.7(0.22%),P:1e-10,FDR:0.35	Tpos:42.3,Tstd:27.4,Bpos:49.1,Bstd:37.7,StrandBias:-0.2,Multiplicity:1.00
0.644	0.001	0.354	0.001
0.446	0.064	0.223	0.267
0.224	0.527	0.248	0.001
0.001	0.733	0.001	0.265
0.703	0.001	0.001	0.295
0.561	0.015	0.001	0.423
0.001	0.267	0.501	0.231
0.350	0.001	0.137	0.512
0.444	0.001	0.554	0.001
0.483	0.106	0.410	0.001
>AGTGGGTGGG	5-AGTGGGTGGG	6.986786	-21.065072	0	T:61.0(9.05%),B:5524.9(3.79%),P:1e-9,FDR:0.48	Tpos:51.4,Tstd:26.0,Bpos:49.8,Bstd:28.8,StrandBias:0.1,Multiplicity:1.16
0.702	0.077	0.205	0.016
0.001	0.058	0.940	0.001
0.028	0.085	0.001	0.886
0.001	0.001	0.997	0.001
0.124	0.001	0.832	0.043
0.001	0.001	0.997	0.001
0.091	0.029	0.001	0.879
0.001	0.001	0.944	0.054
0.001	0.001	0.952	0.046
0.024	0.001	0.914	0.061
>WAATTCAGGG	6-WAATTCAGGG	8.491332	-19.642927	0	T:29.0(4.30%),B:1677.1(1.15%),P:1e-8,FDR:0.48	Tpos:50.1,Tstd:25.8,Bpos:50.0,Bstd:34.7,StrandBias:0.5,Multiplicity:1.04
0.537	0.062	0.005	0.396
0.905	0.001	0.001	0.093
0.674	0.009	0.048	0.269
0.001	0.121	0.319	0.559
0.001	0.175	0.001	0.823
0.200	0.705	0.001	0.094
0.997	0.001	0.001	0.001
0.003	0.001	0.904	0.092
0.256	0.219	0.524	0.001
0.079	0.007	0.910	0.004
>TGGCCAATGA	7-TGGCCAATGA	6.574444	-14.761649	0	T:69.0(10.24%),B:7856.0(5.39%),P:1e-6,FDR:0.685714285714286	Tpos:51.3,Tstd:26.4,Bpos:50.1,Bstd:31.1,StrandBias:-0.3,Multiplicity:1.31
0.094	0.083	0.017	0.806
0.165	0.081	0.613	0.141
0.081	0.120	0.713	0.086
0.152	0.768	0.065	0.015
0.116	0.806	0.001	0.077
0.900	0.098	0.001	0.001
0.599	0.150	0.250	0.001
0.058	0.068	0.190	0.684
0.164	0.160	0.511	0.165
0.600	0.166	0.163	0.071
>ATCAGCTAGC	8-ATCAGCTAGC	10.296193	-5.832845	0	T:2.0(0.30%),B:17.8(0.01%),P:1e-2,FDR:0.825	Tpos:42.9,Tstd:25.7,Bpos:48.2,Bstd:25.3,StrandBias:2.6,Multiplicity:3.50
0.700	0.100	0.100	0.100
0.100	0.100	0.100	0.700
0.100	0.700	0.100	0.100
0.700	0.100	0.100	0.100
0.100	0.100	0.700	0.100
0.100	0.700	0.100	0.100
0.100	0.100	0.100	0.700
0.700	0.100	0.100	0.100
0.100	0.100	0.700	0.100
0.100	0.700	0.100	0.100
>CCCACCCACHCA	1-CCCACCCACHCA	8.278548	-32.447208	0	T:75.0(11.13%),B:5911.7(4.06%),P:1e-14,FDR:0.2	Tpos:49.7,Tstd:25.9,Bpos:50.4,Bstd:29.2,StrandBias:0.1,Multiplicity:1.11
0.191	0.547	0.036	0.226
0.170	0.559	0.001	0.270
0.019	0.782	0.001	0.198
0.482	0.121	0.161	0.236
0.063	0.863	0.001	0.073
0.018	0.933	0.001	0.048
0.001	0.802	0.001	0.196
0.769	0.095	0.001	0.135
0.001	0.930	0.001	0.068
0.295	0.268	0.077	0.360
0.001	0.807	0.118	0.074
0.536	0.228	0.001	0.235
>GTTGWTTATTYC	2-GTTGWTTATTYC	9.804142	-31.907590	0	T:43.0(6.38%),B:2239.9(1.54%),P:1e-13,FDR:0.2	Tpos:49.5,Tstd:25.2,Bpos:50.3,Bstd:39.2,StrandBias:-0.1,Multiplicity:1.16
0.001	0.001	0.794	0.204
0.001	0.004	0.001	0.994
0.001	0.001	0.115	0.883
0.001	0.001	0.770	0.228
0.522	0.065	0.001	0.412
0.001	0.080	0.001	0.918
0.004	0.001	0.001	0.994
0.513	0.262	0.169	0.056
0.001	0.381	0.001	0.617
0.001	0.001	0.001	0.997
0.001	0.429	0.122	0.448
0.001	0.820	0.059	0.120
>CTCTTGGTTSYT	3-CTCTTGGTTSYT	10.409235	-25.833704	0	T:19.0(2.82%),B:499.2(0.34%),P:1e-11,FDR:0.2	Tpos:44.8,Tstd:24.4,Bpos:49.4,Bstd:35.8,StrandBias:-0.8,Multiplicity:1.00
0.105	0.810	0.045	0.040
0.001	0.001	0.001	0.997
0.106	0.573	0.065	0.256
0.001	0.170	0.105	0.724
0.001	0.001	0.006	0.992
0.001	0.001	0.993	0.005
0.065	0.001	0.732	0.202
0.001	0.001	0.394	0.604
0.001	0.104	0.001	0.894
0.001	0.427	0.348	0.224
0.001	0.344	0.211	0.444
0.354	0.001	0.005	0.640
>TTGGCCAGTGAT	4-TTGGCCAGTGAT	8.463671	-20.288786	0	T:25.0(3.71%),B:1228.9(0.84%),P:1e-8,FDR:0.4	Tpos:61.0,Tstd:22.2,Bpos:49.7,Bstd:31.7,StrandBias:1.1,Multiplicity:1.08
0.001	0.001	0.001	0.997
0.001	0.001	0.001	0.997
0.001	0.001	0.997	0.001
0.001	0.005	0.792	0.202
0.149	0.849	0.001	0.001
0.176	0.813	0.001	0.010
0.988	0.001	0.001	0.010
0.292	0.001	0.706	0.001
0.141	0.001	0.150	0.708
0.001	0.001	0.997	0.001
0.595	0.202	0.202	0.001
0.141	0.001	0.271	0.587
>TGTTTCCACTTG	5-TGTTTCCACTTG	10.388023	-20.044023	0	T:26.0(3.86%),B:1341.1(0.92%),P:1e-8,FDR:0.4	Tpos:52.0,Tstd:25.6,Bpos:51.2,Bstd:36.0,StrandBias:-0.2,Multiplicity:1.00
0.148	0.001	0.001	0.850
0.001	0.115	0.883	0.001
0.001	0.207	0.001	0.791
0.106	0.001	0.066	0.827
0.001	0.207	0.001	0.791
0.001	0.825	0.001	0.173
0.137	0.781	0.001	0.081
0.947	0.001	0.001	0.051
0.001	0.777	0.001	0.221
0.115	0.001	0.001	0.883
0.001	0.001	0.068	0.930
0.145	0.045	0.749	0.061
>CAAGGGCAAGGG	6-CAAGGGCAAGGG	15.132806	-10.067031	0	T:2.0(0.30%),B:3.0(0.00%),P:1e-4,FDR:1	Tpos:57.0,Tstd:19.0,Bpos:30.9,Bstd:17.9,StrandBias:2.0,Multiplicity:2.50
0.001	0.768	0.001	0.230
0.997	0.001	0.001	0.001
0.997	0.001	0.001	0.001
0.001	0.001	0.997	0.001
0.001	0.001	0.997	0.001
0.001	0.001	0.997	0.001
0.001	0.997	0.001	0.001
0.997	0.001	0.001	0.001
0.997	0.001	0.001	0.001
0.001	0.001	0.997	0.001
0.001	0.001	0.997	0.001
0.001	0.001	0.997	0.001
>GCTGTTGCTGCT	7-GCTGTTGCTGCT	10.431027	-7.440310	0	T:14.0(2.08%),B:1068.9(0.73%),P:1e-3,FDR:1	Tpos:54.8,Tstd:24.7,Bpos:51.0,Bstd:34.4,StrandBias:0.0,Multiplicity:2.00
0.126	0.047	0.758	0.069
0.044	0.746	0.031	0.179
0.001	0.001	0.043	0.955
0.022	0.017	0.901	0.060
0.038	0.231	0.044	0.687
0.001	0.001	0.043	0.955
0.001	0.096	0.810	0.093
0.001	0.753	0.001	0.245
0.082	0.001	0.001	0.916
0.041	0.067	0.834	0.058
0.094	0.752	0.035	0.119
0.001	0.061	0.001	0.937
>TCAGCTAGCCAG	8-TCAGCTAGCCAG	12.355432	-4.687741	0	T:1.0(0.15%),B:2.0(0.00%),P:1e-2,FDR:1	Tpos:42.6,Tstd:27.1,Bpos:41.3,Bstd:24.9,StrandBias:10.0,Multiplicity:5.00
0.100	0.100	0.100	0.700
0.100	0.700	0.100	0.100
0.700	0.100	0.100	0.100
0.100	0.100	0.700	0.100
0.100	0.700	0.100	0.100
0.100	0.100	0.100	0.700
0.700	0.100	0.100	0.100
0.100	0.100	0.700	0.100
0.100	0.700	0.100	0.100
0.100	0.700	0.100	0.100
0.700	0.100	0.100	0.100
0.100	0.100	0.700	0.100
>ACTTCCTG	1-ACTTCCTG	5.895986	-36.367812	0	T:191.0(28.34%),B:23044.4(15.81%),P:1e-15,FDR:0.2	Tpos:49.3,Tstd:26.2,Bpos:50.0,Bstd:33.9,StrandBias:0.0,Multiplicity:1.21
0.797	0.001	0.128	0.074
0.001	0.688	0.062	0.249
0.137	0.001	0.001	0.861
0.001	0.001	0.016	0.982
0.001	0.977	0.001	0.021
0.001	0.931	0.001	0.067
0.031	0.001	0.001	0.967
0.001	0.058	0.940	0.001
>YAATBACV	2-YAATBACV	3.956509	-26.754960	0	T:84.0(12.46%),B:7914.3(5.43%),P:1e-11,FDR:0.2	Tpos:50.4,Tstd:28.3,Bpos:50.4,Bstd:35.1,StrandBias:0.2,Multiplicity:1.01
0.029	0.350	0.187	0.433
0.574	0.215	0.128	0.083
0.471	0.153	0.164	0.212
0.086	0.188	0.140	0.586
0.082	0.277	0.257	0.384
0.545	0.077	0.200	0.178
0.192	0.419	0.246	0.143
0.217	0.358	0.322	0.103
>TTGTTGAT	3-TTGTTGAT	5.444467	-19.050207	0	T:221.0(32.79%),B:33602.0(23.06%),P:1e-8,FDR:0.2	Tpos:48.9,Tstd:27.3,Bpos:50.0,Bstd:37.8,StrandBias:0.0,Multiplicity:1.36
0.066	0.114	0.088	0.732
0.079	0.081	0.077	0.763
0.055	0.066	0.832	0.047
0.013	0.176	0.083	0.728
0.009	0.066	0.026	0.899
0.063	0.067	0.667	0.203
0.607	0.137	0.062	0.194
0.080	0.104	0.032	0.784
>CCCACCAA	4-CCCACCAA	7.223234	-16.754561	0	T:82.0(12.17%),B:9478.3(6.50%),P:1e-7,FDR:0.2	Tpos:50.7,Tstd:25.6,Bpos:49.4,Bstd:34.0,StrandBias:-0.3,Multiplicity:1.27
0.001	0.959	0.039	0.001
0.001	0.954	0.044	0.001
0.302	0.690	0.001	0.007
0.850	0.046	0.103	0.001
0.031	0.958	0.001	0.010
0.197	0.615	0.001	0.187
0.686	0.312	0.001	0.001
0.796	0.189	0.001	0.014
>TATTTGCT	5-TATTTGCT	5.722122	-15.986032	0	T:115.0(17.06%),B:15200.5(10.43%),P:1e-6,FDR:0.2	Tpos:52.8,Tstd:25.4,Bpos:50.5,Bstd:35.2,StrandBias:-0.1,Multiplicity:1.09
0.105	0.179	0.041	0.675
0.800	0.052	0.077	0.071
0.096	0.013	0.082	0.809
0.095	0.123	0.105	0.677
0.070	0.107	0.202	0.621
0.073	0.020	0.878	0.029
0.060	0.850	0.050	0.040
0.047	0.049	0.198	0.706
>ACTCCAAC	6-ACTCCAAC	7.219689	-14.012572	0	T:27.0(4.01%),B:1954.3(1.34%),P:1e-6,FDR:0.3	Tpos:46.3,Tstd:25.8,Bpos:49.9,Bstd:30.5,StrandBias:0.5,Multiplicity:1.23
0.997	0.001	0.001	0.001
0.001	0.891	0.107	0.001
0.001	0.001	0.001	0.997
0.001	0.903	0.001	0.095
0.001	0.997	0.001	0.001
0.709	0.001	0.071	0.219
0.997	0.001	0.001	0.001
0.001	0.997	0.001	0.001
>GAGGGAGG	7-GAGGGAGG	6.953729	-13.932250	0	T:112.0(16.62%),B:15310.5(10.51%),P:1e-6,FDR:0.3	Tpos:51.4,Tstd:26.7,Bpos:49.7,Bstd:33.0,StrandBias:0.3,Multiplicity:1.28
0.065	0.177	0.757	0.001
0.928	0.015	0.056	0.001
0.001	0.021	0.913	0.065
0.001	0.001	0.997	0.001
0.046	0.001	0.889	0.064
0.961	0.037	0.001	0.001
0.001	0.024	0.932	0.043
0.121	0.001	0.815	0.063
