>CAGCCCCTAA	1-CAGCCCCTAA	9.136675	-19.166209	0	T:4.0(22.22%),B:3.9(0.15%),P:1e-8,FDR:0.4	Tpos:47.0,Tstd:29.0,Bpos:52.3,Bstd:17.4,StrandBias:1.6,Multiplicity:1.00
0.001	0.997	0.001	0.001
0.997	0.001	0.001	0.001
0.001	0.001	0.997	0.001
0.001	0.997	0.001	0.001
0.001	0.997	0.001	0.001
0.001	0.997	0.001	0.001
0.001	0.997	0.001	0.001
0.055	0.001	0.055	0.889
0.833	0.001	0.001	0.165
0.997	0.001	0.001	0.001
>CCTGCTTCTG	2-CCTGCTTCTG	11.873576	-19.166209	0	T:4.0(22.22%),B:3.9(0.14%),P:1e-8,FDR:0.4	Tpos:79.0,Tstd:20.1,Bpos:25.5,Bstd:11.5,StrandBias:1.6,Multiplicity:1.00
0.001	0.997	0.001	0.001
0.001	0.997	0.001	0.001
0.001	0.001	0.001	0.997
0.001	0.001	0.997	0.001
0.001	0.749	0.249	0.001
0.001	0.001	0.001	0.997
0.001	0.001	0.249	0.749
0.001	0.997	0.001	0.001
0.001	0.001	0.001	0.997
0.249	0.001	0.749	0.001
>GCCATGAGAA	3-GCCATGAGAA	7.290399	-13.494448	0	T:6.0(33.33%),B:58.0(2.16%),P:1e-5,FDR:0.466666666666667	Tpos:59.6,Tstd:25.1,Bpos:53.0,Bstd:28.3,StrandBias:-0.4,Multiplicity:1.17
0.089	0.083	0.827	0.001
0.001	0.665	0.167	0.167
0.167	0.601	0.083	0.149
0.845	0.089	0.065	0.001
0.083	0.001	0.167	0.749
0.250	0.083	0.666	0.001
0.684	0.001	0.250	0.065
0.083	0.001	0.582	0.334
0.582	0.083	0.334	0.001
0.833	0.001	0.083	0.083
>GCTTGGTTTC	4-GCTTGGTTTC	4.949624	-5.071814	0	T:5.0(27.78%),B:185.8(6.93%),P:1e-2,FDR:1	Tpos:42.8,Tstd:20.6,Bpos:46.0,Bstd:39.0,StrandBias:0.2,Multiplicity:2.60
0.001	0.001	0.997	0.001
0.001	0.833	0.001	0.165
0.001	0.001	0.001	0.997
0.001	0.001	0.001	0.997
0.001	0.001	0.833	0.165
0.001	0.001	0.997	0.001
0.001	0.001	0.001	0.997
0.001	0.001	0.001	0.997
0.001	0.001	0.001	0.997
0.001	0.833	0.001	0.165
>VAAAVAAACM	5-VAAAVAAACM	6.179723	-4.028354	0	T:4.0(22.22%),B:156.0(5.82%),P:1e-1,FDR:1	Tpos:44.6,Tstd:25.6,Bpos:48.7,Bstd:40.8,StrandBias:2.6,Multiplicity:1.00
0.325	0.217	0.318	0.141
0.624	0.130	0.123	0.123
0.622	0.167	0.158	0.053
0.496	0.134	0.141	0.228
0.330	0.370	0.229	0.071
0.695	0.146	0.088	0.071
0.481	0.254	0.159	0.106
0.543	0.141	0.123	0.193
0.243	0.564	0.123	0.070
0.291	0.410	0.176	0.123
