>CAGCCCCTAA	1-CAGCCCCTAA	9.136675	-19.166209	0	T:4.0(22.22%),B:3.9(0.15%),P:1e-8,FDR:0.4	Tpos:47.0,Tstd:29.0,Bpos:52.3,Bstd:17.4,StrandBias:1.6,Multiplicity:1.00
0.001	0.997	0.001	0.001
0.997	0.001	0.001	0.001
0.001	0.001	0.997	0.001
0.001	0.997	0.001	0.001
0.001	0.997	0.001	0.001
0.001	0.997	0.001	0.001
0.001	0.997	0.001	0.001
0.055	0.001	0.055	0.889
0.833	0.001	0.001	0.165
0.997	0.001	0.001	0.001
>CCTGCTTCTG	2-CCTGCTTCTG	11.873576	-19.166209	0	T:4.0(22.22%),B:3.9(0.14%),P:1e-8,FDR:0.4	Tpos:79.0,Tstd:20.1,Bpos:25.5,Bstd:11.5,StrandBias:1.6,Multiplicity:1.00
0.001	0.997	0.001	0.001
0.001	0.997	0.001	0.001
0.001	0.001	0.001	0.997
0.001	0.001	0.997	0.001
0.001	0.749	0.249	0.001
0.001	0.001	0.001	0.997
0.001	0.001	0.249	0.749
0.001	0.997	0.001	0.001
0.001	0.001	0.001	0.997
0.249	0.001	0.749	0.001
>GCCATGAGAA	3-GCCATGAGAA	7.290399	-13.494448	0	T:6.0(33.33%),B:58.0(2.16%),P:1e-5,FDR:0.466666666666667	Tpos:59.6,Tstd:25.1,Bpos:53.0,Bstd:28.3,StrandBias:-0.4,Multiplicity:1.17
0.089	0.083	0.827	0.001
0.001	0.665	0.167	0.167
0.167	0.601	0.083	0.149
0.845	0.089	0.065	0.001
0.083	0.001	0.167	0.749
0.250	0.083	0.666	0.001
0.684	0.001	0.250	0.065
0.083	0.001	0.582	0.334
0.582	0.083	0.334	0.001
0.833	0.001	0.083	0.083
>GCTTGGTTTC	4-GCTTGGTTTC	4.949624	-5.071814	0	T:5.0(27.78%),B:185.8(6.93%),P:1e-2,FDR:1	Tpos:42.8,Tstd:20.6,Bpos:46.0,Bstd:39.0,StrandBias:0.2,Multiplicity:2.60
0.001	0.001	0.997	0.001
0.001	0.833	0.001	0.165
0.001	0.001	0.001	0.997
0.001	0.001	0.001	0.997
0.001	0.001	0.833	0.165
0.001	0.001	0.997	0.001
0.001	0.001	0.001	0.997
0.001	0.001	0.001	0.997
0.001	0.001	0.001	0.997
0.001	0.833	0.001	0.165
>VAAAVAAACM	5-VAAAVAAACM	6.179723	-4.028354	0	T:4.0(22.22%),B:156.0(5.82%),P:1e-1,FDR:1	Tpos:44.6,Tstd:25.6,Bpos:48.7,Bstd:40.8,StrandBias:2.6,Multiplicity:1.00
0.325	0.217	0.318	0.141
0.624	0.130	0.123	0.123
0.622	0.167	0.158	0.053
0.496	0.134	0.141	0.228
0.330	0.370	0.229	0.071
0.695	0.146	0.088	0.071
0.481	0.254	0.159	0.106
0.543	0.141	0.123	0.193
0.243	0.564	0.123	0.070
0.291	0.410	0.176	0.123
>GCCATGAGAAYG	1-GCCATGAGAAYG	9.618817	-16.980500	0	T:3.0(16.67%),B:1.3(0.05%),P:1e-7,FDR:1	Tpos:67.0,Tstd:10.6,Bpos:22.1,Bstd:2.0,StrandBias:-1.0,Multiplicity:1.00
0.009	0.139	0.851	0.001
0.001	0.721	0.001	0.277
0.277	0.444	0.001	0.277
0.574	0.009	0.416	0.001
0.001	0.001	0.277	0.721
0.001	0.416	0.582	0.001
0.583	0.001	0.139	0.277
0.001	0.001	0.721	0.277
0.860	0.001	0.138	0.001
0.860	0.138	0.001	0.001
0.139	0.435	0.139	0.287
0.139	0.139	0.713	0.009
>GGACCTSCTCAG	2-GGACCTSCTCAG	10.932624	-13.342697	0	T:4.0(22.22%),B:13.7(0.51%),P:1e-5,FDR:1	Tpos:45.4,Tstd:21.8,Bpos:58.2,Bstd:22.7,StrandBias:-0.6,Multiplicity:1.00
0.001	0.001	0.997	0.001
0.001	0.237	0.761	0.001
0.476	0.238	0.285	0.001
0.001	0.997	0.001	0.001
0.001	0.761	0.001	0.237
0.001	0.001	0.001	0.997
0.001	0.475	0.523	0.001
0.237	0.761	0.001	0.001
0.001	0.238	0.285	0.476
0.001	0.997	0.001	0.001
0.761	0.001	0.001	0.237
0.001	0.237	0.761	0.001
>CACCACCAMCAA	3-CACCACCAMCAA	8.560563	-6.892725	0	T:2.0(11.11%),B:7.9(0.29%),P:1e-2,FDR:1	Tpos:36.4,Tstd:3.7,Bpos:74.3,Bstd:17.6,StrandBias:10.0,Multiplicity:1.00
0.001	0.997	0.001	0.001
0.916	0.001	0.001	0.082
0.001	0.997	0.001	0.001
0.001	0.997	0.001	0.001
0.908	0.001	0.001	0.090
0.001	0.997	0.001	0.001
0.001	0.997	0.001	0.001
0.916	0.001	0.001	0.082
0.462	0.530	0.001	0.007
0.001	0.997	0.001	0.001
0.991	0.001	0.007	0.001
0.997	0.001	0.001	0.001
>GATATGTTTTCT	4-GATATGTTTTCT	15.913707	-5.006371	0	T:1.0(5.56%),B:0.0(0.00%),P:1e-2,FDR:1	Tpos:76.0,Tstd:0.0,Bpos:0.0,Bstd:0.0,StrandBias:-10.0,Multiplicity:1.00
0.001	0.001	0.860	0.138
0.834	0.001	0.138	0.027
0.001	0.001	0.001	0.997
0.833	0.001	0.001	0.165
0.001	0.001	0.001	0.997
0.001	0.001	0.997	0.001
0.001	0.001	0.001	0.997
0.001	0.001	0.001	0.997
0.001	0.001	0.001	0.997
0.001	0.001	0.001	0.997
0.001	0.833	0.165	0.001
0.001	0.001	0.001	0.997
>TTTGTTTGTTTT	5-TTTGTTTGTTTT	10.409522	-2.268379	0	T:3.0(16.67%),B:171.3(6.39%),P:1e0,FDR:1	Tpos:45.5,Tstd:28.4,Bpos:49.8,Bstd:42.0,StrandBias:-10.0,Multiplicity:1.00
0.100	0.100	0.100	0.700
0.100	0.100	0.100	0.700
0.100	0.100	0.100	0.700
0.100	0.100	0.700	0.100
0.100	0.100	0.100	0.700
0.100	0.100	0.100	0.700
0.100	0.100	0.100	0.700
0.100	0.100	0.700	0.100
0.100	0.100	0.100	0.700
0.100	0.100	0.100	0.700
0.100	0.100	0.100	0.700
0.100	0.100	0.100	0.700
>TAAGGGGC	1-TAAGGGGC	6.291044	-9.138587	0	T:6.0(33.33%),B:123.5(4.61%),P:1e-3,FDR:1	Tpos:46.8,Tstd:27.9,Bpos:56.0,Bstd:32.7,StrandBias:-2.3,Multiplicity:1.00
0.100	0.100	0.100	0.700
0.700	0.100	0.100	0.100
0.700	0.100	0.100	0.100
0.100	0.100	0.700	0.100
0.100	0.100	0.700	0.100
0.100	0.100	0.700	0.100
0.100	0.100	0.700	0.100
0.100	0.700	0.100	0.100
>AGCAAGCA	2-AGCAAGCA	8.972748	-7.620210	0	T:7.0(38.89%),B:232.5(8.68%),P:1e-3,FDR:1	Tpos:53.5,Tstd:27.0,Bpos:50.1,Bstd:40.7,StrandBias:1.7,Multiplicity:1.86
0.997	0.001	0.001	0.001
0.332	0.001	0.666	0.001
0.001	0.997	0.001	0.001
0.997	0.001	0.001	0.001
0.997	0.001	0.001	0.001
0.369	0.001	0.629	0.001
0.001	0.997	0.001	0.001
0.997	0.001	0.001	0.001
>CCGGAGCA	3-CCGGAGCA	6.291044	-6.529097	0	T:6.0(33.33%),B:200.9(7.50%),P:1e-2,FDR:1	Tpos:43.7,Tstd:28.2,Bpos:50.0,Bstd:36.4,StrandBias:-1.0,Multiplicity:1.00
0.100	0.700	0.100	0.100
0.100	0.700	0.100	0.100
0.100	0.100	0.700	0.100
0.100	0.100	0.700	0.100
0.700	0.100	0.100	0.100
0.100	0.100	0.700	0.100
0.100	0.700	0.100	0.100
0.700	0.100	0.100	0.100
>CTSCGGYA	4-CTSCGGYA	5.625414	-4.761363	0	T:4.0(22.22%),B:125.1(4.67%),P:1e-2,FDR:1	Tpos:47.7,Tstd:26.9,Bpos:52.3,Bstd:31.4,StrandBias:1.0,Multiplicity:1.00
0.272	0.624	0.103	0.001
0.001	0.126	0.001	0.872
0.272	0.300	0.427	0.001
0.139	0.733	0.127	0.001
0.001	0.272	0.551	0.176
0.265	0.001	0.733	0.001
0.001	0.483	0.161	0.355
0.544	0.266	0.104	0.086
>GAATGTCA	5-GAATGTCA	8.236954	-4.316391	0	T:1.0(5.56%),B:2.3(0.09%),P:1e-1,FDR:1	Tpos:91.0,Tstd:0.0,Bpos:67.9,Bstd:19.0,StrandBias:10.0,Multiplicity:1.00
0.100	0.100	0.700	0.100
0.700	0.100	0.100	0.100
0.700	0.100	0.100	0.100
0.100	0.100	0.100	0.700
0.100	0.100	0.700	0.100
0.100	0.100	0.100	0.700
0.100	0.700	0.100	0.100
0.700	0.100	0.100	0.100
