>CCGTGTGA	1-CCGTGTGA	3.410869	-15.934741	0	T:25.0(26.88%),B:12534.0(8.37%),P:1e-6	Tpos:53.5,Tstd:26.0,Bpos:50.2,Bstd:27.3,StrandBias:0.7,Multiplicity:1.08
0.001	0.997	0.001	0.001
0.044	0.681	0.001	0.274
0.001	0.001	0.997	0.001
0.071	0.235	0.005	0.689
0.001	0.001	0.997	0.001
0.001	0.001	0.069	0.929
0.001	0.001	0.997	0.001
0.997	0.001	0.001	0.001
>CCTGGGGC	2-CCTGGGGC	6.135936	-14.211188	0	T:27.0(29.03%),B:15741.0(10.51%),P:1e-6	Tpos:46.2,Tstd:26.7,Bpos:50.1,Bstd:27.2,StrandBias:-1.0,Multiplicity:1.30
0.001	0.971	0.027	0.001
0.067	0.879	0.001	0.053
0.094	0.049	0.088	0.769
0.001	0.169	0.706	0.124
0.001	0.001	0.905	0.093
0.045	0.001	0.915	0.039
0.001	0.001	0.889	0.109
0.001	0.960	0.038	0.001
>GTCTGTTG	3-GTCTGTTG	6.911765	-11.542222	0	T:16.0(17.20%),B:7245.0(4.84%),P:1e-5	Tpos:63.8,Tstd:22.2,Bpos:50.0,Bstd:27.0,StrandBias:-1.3,Multiplicity:1.06
0.001	0.092	0.808	0.099
0.001	0.001	0.082	0.916
0.001	0.881	0.001	0.117
0.001	0.001	0.001	0.997
0.001	0.153	0.845	0.001
0.001	0.105	0.001	0.893
0.173	0.001	0.001	0.825
0.001	0.001	0.997	0.001
>TTTCCCTT	4-TTTCCCTT	8.034096	-10.200988	0	T:13.0(13.98%),B:5509.0(3.68%),P:1e-4	Tpos:58.4,Tstd:29.7,Bpos:50.3,Bstd:27.2,StrandBias:1.5,Multiplicity:1.15
0.052	0.001	0.049	0.898
0.001	0.027	0.063	0.909
0.001	0.001	0.001	0.997
0.055	0.841	0.037	0.067
0.029	0.661	0.094	0.216
0.001	0.810	0.001	0.188
0.041	0.026	0.001	0.932
0.001	0.029	0.001	0.969
>SATGCCCA	5-SATGCCCA	7.115936	-6.696887	0	T:10.0(10.75%),B:5072.0(3.39%),P:1e-2	Tpos:55.1,Tstd:21.9,Bpos:50.2,Bstd:26.2,StrandBias:-0.9,Multiplicity:1.60
0.001	0.556	0.442	0.001
0.610	0.009	0.324	0.057
0.099	0.001	0.004	0.896
0.001	0.133	0.829	0.037
0.020	0.715	0.001	0.264
0.001	0.672	0.280	0.047
0.001	0.997	0.001	0.001
0.885	0.063	0.001	0.051
