>TAGAAGCGCA	1-TAGAAGCGCA	11.584587	-15.993752	0	T:4.0(4.30%),B:67.0(0.04%),P:1e-6	Tpos:49.8,Tstd:25.3,Bpos:46.7,Bstd:25.3,StrandBias:-0.6,Multiplicity:1.25
0.001	0.001	0.001	0.997
0.997	0.001	0.001	0.001
0.001	0.287	0.711	0.001
0.997	0.001	0.001	0.001
0.997	0.001	0.001	0.001
0.251	0.001	0.747	0.001
0.001	0.997	0.001	0.001
0.001	0.001	0.801	0.197
0.001	0.997	0.001	0.001
0.997	0.001	0.001	0.001
>TACTMCYCTT	2-TACTMCYCTT	9.457460	-11.803825	0	T:7.0(7.53%),B:1130.0(0.75%),P:1e-5	Tpos:48.3,Tstd:24.2,Bpos:49.0,Bstd:26.7,StrandBias:1.8,Multiplicity:1.29
0.001	0.001	0.001	0.997
0.720	0.278	0.001	0.001
0.340	0.658	0.001	0.001
0.001	0.001	0.017	0.981
0.422	0.372	0.004	0.202
0.001	0.926	0.001	0.072
0.001	0.402	0.058	0.539
0.001	0.681	0.001	0.317
0.001	0.001	0.001	0.997
0.001	0.001	0.001	0.997
>TTACTAAATT	3-TTACTAAATT	5.889696	-10.539627	0	T:16.0(17.20%),B:7864.0(5.25%),P:1e-4	Tpos:54.5,Tstd:31.1,Bpos:50.2,Bstd:26.2,StrandBias:-1.1,Multiplicity:1.47
0.087	0.145	0.024	0.744
0.086	0.128	0.188	0.598
0.691	0.066	0.135	0.108
0.096	0.716	0.165	0.023
0.082	0.022	0.055	0.841
0.676	0.029	0.222	0.073
0.680	0.120	0.199	0.001
0.652	0.164	0.158	0.026
0.024	0.116	0.159	0.701
0.164	0.088	0.044	0.704
>TGGTTACAAT	4-TGGTTACAAT	8.202193	-7.849357	0	T:10.0(10.75%),B:4360.0(2.91%),P:1e-3	Tpos:51.5,Tstd:25.8,Bpos:50.0,Bstd:24.7,StrandBias:1.2,Multiplicity:1.30
0.174	0.001	0.152	0.673
0.001	0.001	0.887	0.111
0.001	0.001	0.712	0.286
0.001	0.090	0.001	0.908
0.162	0.001	0.001	0.836
0.734	0.001	0.264	0.001
0.001	0.997	0.001	0.001
0.836	0.001	0.001	0.162
0.756	0.001	0.001	0.242
0.112	0.001	0.152	0.735
>CCCCCCCCCC	5-CCCCCCCCCC	9.744733	-5.487405	0	T:6.0(6.45%),B:2425.0(1.62%),P:1e-2	Tpos:66.5,Tstd:18.2,Bpos:49.9,Bstd:26.4,StrandBias:3.3,Multiplicity:1.17
0.001	0.870	0.068	0.061
0.001	0.930	0.001	0.068
0.001	0.997	0.001	0.001
0.045	0.913	0.001	0.041
0.078	0.899	0.022	0.001
0.093	0.877	0.001	0.029
0.038	0.960	0.001	0.001
0.063	0.870	0.001	0.066
0.070	0.853	0.001	0.076
0.053	0.876	0.001	0.070
