>CCTATGAC	1-CCTATGAC	7.689929	-14.894627	0	T:12.0(12.90%),B:2964.0(1.98%),P:1e-6	Tpos:56.2,Tstd:24.1,Bpos:50.0,Bstd:27.4,StrandBias:-0.5,Multiplicity:1.00
0.001	0.997	0.001	0.001
0.001	0.997	0.001	0.001
0.090	0.001	0.001	0.908
0.528	0.324	0.069	0.079
0.084	0.001	0.001	0.914
0.001	0.001	0.864	0.134
0.997	0.001	0.001	0.001
0.101	0.897	0.001	0.001
>CCACATTG	2-CCACATTG	6.270452	-14.498155	0	T:22.0(23.66%),B:10706.0(7.15%),P:1e-6	Tpos:47.0,Tstd:26.4,Bpos:50.5,Bstd:26.5,StrandBias:0.3,Multiplicity:1.23
0.041	0.845	0.067	0.047
0.001	0.853	0.001	0.145
0.790	0.057	0.105	0.048
0.080	0.918	0.001	0.001
0.951	0.001	0.001	0.047
0.039	0.001	0.113	0.847
0.001	0.001	0.028	0.970
0.081	0.047	0.871	0.001
>ATAGGCGG	3-ATAGGCGG	7.898522	-9.896092	0	T:8.0(8.60%),B:2086.0(1.39%),P:1e-4	Tpos:53.2,Tstd:26.6,Bpos:50.0,Bstd:26.2,StrandBias:-2.2,Multiplicity:1.38
0.901	0.001	0.097	0.001
0.001	0.001	0.250	0.748
0.768	0.001	0.230	0.001
0.001	0.001	0.997	0.001
0.001	0.182	0.816	0.001
0.086	0.912	0.001	0.001
0.001	0.001	0.997	0.001
0.001	0.001	0.997	0.001
>ACACGCGC	4-ACACGCGC	3.977400	-8.303839	0	T:55.0(59.14%),B:60909.0(40.67%),P:1e-3	Tpos:49.9,Tstd:27.4,Bpos:50.0,Bstd:27.1,StrandBias:-0.7,Multiplicity:1.54
0.708	0.282	0.009	0.001
0.001	0.997	0.001	0.001
0.649	0.001	0.177	0.173
0.001	0.890	0.108	0.001
0.058	0.204	0.647	0.091
0.001	0.704	0.091	0.204
0.203	0.151	0.645	0.001
0.001	0.848	0.001	0.150
>GTTTTGGT	5-GTTTTGGT	6.570579	-4.490539	0	T:6.0(6.45%),B:3001.0(2.00%),P:1e-1	Tpos:67.5,Tstd:17.0,Bpos:50.4,Bstd:26.9,StrandBias:2.3,Multiplicity:2.00
0.001	0.001	0.997	0.001
0.001	0.001	0.001	0.997
0.001	0.106	0.001	0.892
0.001	0.001	0.001	0.997
0.001	0.001	0.001	0.997
0.001	0.001	0.997	0.001
0.091	0.001	0.907	0.001
0.001	0.115	0.108	0.776
