>GCAGCCTCACCC	1-GCAGCCTCACCC	12.499175	-27.170239	0	T:7.0(7.53%),B:117.0(0.08%),P:1e-11	Tpos:51.7,Tstd:29.2,Bpos:47.0,Bstd:28.2,StrandBias:1.3,Multiplicity:1.00
0.001	0.001	0.997	0.001
0.001	0.997	0.001	0.001
0.633	0.365	0.001	0.001
0.286	0.001	0.712	0.001
0.001	0.997	0.001	0.001
0.316	0.682	0.001	0.001
0.001	0.297	0.001	0.701
0.001	0.997	0.001	0.001
0.997	0.001	0.001	0.001
0.001	0.997	0.001	0.001
0.001	0.701	0.001	0.297
0.001	0.633	0.365	0.001
>TGGTCTTTGTGA	2-TGGTCTTTGTGA	12.331345	-11.583619	0	T:2.0(2.15%),B:7.0(0.00%),P:1e-5	Tpos:51.5,Tstd:16.3,Bpos:57.9,Bstd:15.5,StrandBias:10.0,Multiplicity:2.00
0.001	0.001	0.118	0.880
0.001	0.001	0.997	0.001
0.001	0.001	0.997	0.001
0.001	0.001	0.001	0.997
0.001	0.997	0.001	0.001
0.001	0.001	0.001	0.997
0.001	0.001	0.001	0.997
0.118	0.001	0.001	0.880
0.001	0.001	0.997	0.001
0.001	0.001	0.001	0.997
0.001	0.001	0.997	0.001
0.997	0.001	0.001	0.001
>GAGAGAGAGAGG	3-GAGAGAGAGAGG	6.488592	-8.278840	0	T:15.0(16.13%),B:8565.0(5.72%),P:1e-3	Tpos:51.4,Tstd:22.0,Bpos:49.8,Bstd:26.5,StrandBias:-1.8,Multiplicity:1.20
0.046	0.003	0.880	0.071
0.773	0.079	0.047	0.101
0.001	0.001	0.920	0.078
0.923	0.001	0.075	0.001
0.001	0.001	0.997	0.001
0.831	0.001	0.167	0.001
0.001	0.050	0.848	0.101
0.779	0.001	0.144	0.076
0.001	0.075	0.923	0.001
0.606	0.074	0.177	0.143
0.001	0.055	0.943	0.001
0.266	0.001	0.585	0.148
>CTGTAGAAGTTT	4-CTGTAGAAGTTT	12.355432	-7.384630	0	T:1.0(1.08%),B:1.0(0.00%),P:1e-3	Tpos:75.0,Tstd:0.0,Bpos:32.0,Bstd:0.0,StrandBias:-10.0,Multiplicity:1.00
0.100	0.700	0.100	0.100
0.100	0.100	0.100	0.700
0.100	0.100	0.700	0.100
0.100	0.100	0.100	0.700
0.700	0.100	0.100	0.100
0.100	0.100	0.700	0.100
0.700	0.100	0.100	0.100
0.700	0.100	0.100	0.100
0.100	0.100	0.700	0.100
0.100	0.100	0.100	0.700
0.100	0.100	0.100	0.700
0.100	0.100	0.100	0.700
>GCCAATTTGAAA	5-GCCAATTTGAAA	12.355432	-7.384630	0	T:1.0(1.08%),B:1.0(0.00%),P:1e-3	Tpos:34.0,Tstd:0.0,Bpos:31.0,Bstd:0.0,StrandBias:10.0,Multiplicity:1.00
0.100	0.100	0.700	0.100
0.100	0.700	0.100	0.100
0.100	0.700	0.100	0.100
0.700	0.100	0.100	0.100
0.700	0.100	0.100	0.100
0.100	0.100	0.100	0.700
0.100	0.100	0.100	0.700
0.100	0.100	0.100	0.700
0.100	0.100	0.700	0.100
0.700	0.100	0.100	0.100
0.700	0.100	0.100	0.100
0.700	0.100	0.100	0.100
