>AAGCTTAGGC	1-AAGCTTAGGC	11.567992	-19.916293	0	T:6.0(6.45%),B:182.0(0.12%),P:1e-8	Tpos:61.5,Tstd:27.6,Bpos:45.8,Bstd:28.3,StrandBias:-1.0,Multiplicity:1.00
0.997	0.001	0.001	0.001
0.997	0.001	0.001	0.001
0.001	0.001	0.997	0.001
0.001	0.788	0.210	0.001
0.001	0.001	0.001	0.997
0.199	0.167	0.001	0.633
0.997	0.001	0.001	0.001
0.001	0.001	0.997	0.001
0.001	0.001	0.997	0.001
0.001	0.782	0.001	0.216
>TCCTAAGGGG	2-TCCTAAGGGG	8.213430	-19.702316	0	T:10.0(10.75%),B:1132.0(0.76%),P:1e-8	Tpos:47.1,Tstd:24.6,Bpos:51.2,Bstd:26.5,StrandBias:0.3,Multiplicity:1.10
0.001	0.221	0.001	0.777
0.001	0.780	0.085	0.134
0.001	0.759	0.104	0.136
0.198	0.061	0.166	0.575
0.636	0.059	0.179	0.126
0.847	0.085	0.065	0.003
0.066	0.001	0.932	0.001
0.065	0.104	0.830	0.001
0.001	0.001	0.941	0.057
0.001	0.001	0.938	0.060
>GAGCTGACCW	3-GAGCTGACCW	6.373899	-13.986213	0	T:10.0(10.75%),B:2106.0(1.41%),P:1e-6	Tpos:61.7,Tstd:20.5,Bpos:49.1,Bstd:26.1,StrandBias:0.3,Multiplicity:1.10
0.048	0.001	0.950	0.001
0.954	0.001	0.044	0.001
0.001	0.001	0.997	0.001
0.001	0.997	0.001	0.001
0.001	0.088	0.001	0.910
0.001	0.001	0.997	0.001
0.612	0.001	0.001	0.386
0.001	0.997	0.001	0.001
0.015	0.896	0.001	0.088
0.461	0.001	0.001	0.537
>GATATATAAA	4-GATATATAAA	9.183699	-10.262201	0	T:5.0(5.38%),B:583.0(0.39%),P:1e-4	Tpos:46.0,Tstd:20.3,Bpos:51.7,Bstd:27.9,StrandBias:-2.3,Multiplicity:1.00
0.001	0.001	0.997	0.001
0.624	0.001	0.185	0.190
0.001	0.001	0.361	0.637
0.794	0.010	0.001	0.195
0.223	0.001	0.001	0.775
0.802	0.001	0.007	0.190
0.217	0.128	0.001	0.654
0.997	0.001	0.001	0.001
0.765	0.001	0.001	0.233
0.997	0.001	0.001	0.001
>KGKKKBTGTD	5-KGKKKBTGTD	4.997121	-8.321481	0	T:49.0(52.69%),B:51696.0(34.51%),P:1e-3	Tpos:54.3,Tstd:28.1,Bpos:49.9,Bstd:26.6,StrandBias:-0.4,Multiplicity:1.33
0.227	0.041	0.393	0.339
0.001	0.360	0.553	0.086
0.161	0.001	0.389	0.449
0.144	0.162	0.353	0.340
0.001	0.001	0.525	0.473
0.001	0.396	0.330	0.272
0.001	0.001	0.001	0.997
0.001	0.281	0.438	0.281
0.155	0.244	0.205	0.396
0.268	0.001	0.327	0.404
