>CTCAHGDTCTGG	1-CTCAHGDTCTGG	9.371999	-13.551891	0	T:3.0(60.00%),B:11.0(0.51%),P:1e-5	Tpos:45.8,Tstd:30.5,Bpos:47.5,Bstd:30.5,StrandBias:0.0,Multiplicity:1.33
0.001	0.954	0.001	0.044
0.001	0.315	0.001	0.683
0.315	0.683	0.001	0.001
0.997	0.001	0.001	0.001
0.316	0.316	0.052	0.316
0.001	0.315	0.683	0.001
0.316	0.001	0.368	0.316
0.360	0.001	0.001	0.638
0.001	0.683	0.315	0.001
0.001	0.001	0.001	0.997
0.001	0.001	0.683	0.315
0.315	0.001	0.683	0.001
>CCACCWKRTGRC	2-CCACCWKRTGRC	13.742145	-13.058690	0	T:2.0(40.00%),B:1.0(0.05%),P:1e-5	Tpos:53.0,Tstd:20.0,Bpos:62.0,Bstd:0.0,StrandBias:-10.0,Multiplicity:1.00
0.001	0.923	0.001	0.075
0.001	0.997	0.001	0.001
0.997	0.001	0.001	0.001
0.001	0.997	0.001	0.001
0.001	0.997	0.001	0.001
0.537	0.001	0.001	0.461
0.001	0.001	0.537	0.461
0.461	0.001	0.537	0.001
0.001	0.001	0.001	0.997
0.001	0.001	0.997	0.001
0.461	0.001	0.537	0.001
0.001	0.997	0.001	0.001
>TCBCAGCCTCTV	3-TCBCAGCCTCTV	10.557680	-11.917829	0	T:3.0(60.00%),B:19.0(0.88%),P:1e-5	Tpos:64.3,Tstd:23.7,Bpos:39.7,Bstd:25.6,StrandBias:10.0,Multiplicity:1.00
0.001	0.001	0.315	0.683
0.001	0.997	0.001	0.001
0.001	0.368	0.316	0.316
0.001	0.683	0.001	0.315
0.631	0.001	0.001	0.367
0.001	0.367	0.631	0.001
0.001	0.997	0.001	0.001
0.001	0.997	0.001	0.001
0.001	0.001	0.001	0.997
0.001	0.683	0.001	0.315
0.001	0.315	0.001	0.683
0.316	0.368	0.316	0.001
>WKCTCCCTCCCT	4-WKCTCCCTCCCT	15.061105	-6.071662	0	T:1.0(20.00%),B:1.0(0.05%),P:1e-2	Tpos:72.0,Tstd:14.0,Bpos:81.0,Bstd:0.0,StrandBias:10.0,Multiplicity:2.00
0.462	0.076	0.001	0.462
0.001	0.076	0.462	0.462
0.001	0.997	0.001	0.001
0.001	0.001	0.001	0.997
0.001	0.997	0.001	0.001
0.001	0.997	0.001	0.001
0.001	0.997	0.001	0.001
0.001	0.001	0.001	0.997
0.001	0.997	0.001	0.001
0.001	0.997	0.001	0.001
0.001	0.997	0.001	0.001
0.001	0.001	0.001	0.997
>TGAGTTCAATCC	5-TGAGTTCAATCC	12.355432	-5.379438	0	T:1.0(20.00%),B:2.0(0.09%),P:1e-2	Tpos:16.0,Tstd:0.0,Bpos:87.0,Bstd:1.0,StrandBias:10.0,Multiplicity:1.00
0.100	0.100	0.100	0.700
0.100	0.100	0.700	0.100
0.700	0.100	0.100	0.100
0.100	0.100	0.700	0.100
0.100	0.100	0.100	0.700
0.100	0.100	0.100	0.700
0.100	0.700	0.100	0.100
0.700	0.100	0.100	0.100
0.700	0.100	0.100	0.100
0.100	0.100	0.100	0.700
0.100	0.700	0.100	0.100
0.100	0.700	0.100	0.100
