>GAGGGGTAGA	1-GAGGGGTAGA	11.508171	-18.772074	0	T:5.0(9.62%),B:171.0(0.12%),P:1e-8,FDR:0.6	Tpos:66.3,Tstd:26.4,Bpos:49.8,Bstd:30.4,StrandBias:2.6,Multiplicity:1.40
0.001	0.001	0.997	0.001
0.779	0.001	0.219	0.001
0.001	0.001	0.997	0.001
0.181	0.001	0.616	0.202
0.001	0.001	0.997	0.001
0.001	0.001	0.796	0.202
0.001	0.001	0.001	0.997
0.997	0.001	0.001	0.001
0.001	0.001	0.997	0.001
0.997	0.001	0.001	0.001
>GCAGGATAAG	2-GCAGGATAAG	11.551934	-15.013926	0	T:4.0(7.69%),B:144.4(0.10%),P:1e-6,FDR:0.6	Tpos:48.8,Tstd:23.1,Bpos:49.9,Bstd:31.3,StrandBias:2.0,Multiplicity:1.25
0.001	0.001	0.997	0.001
0.001	0.997	0.001	0.001
0.997	0.001	0.001	0.001
0.001	0.001	0.997	0.001
0.001	0.001	0.721	0.277
0.997	0.001	0.001	0.001
0.001	0.001	0.194	0.804
0.997	0.001	0.001	0.001
0.997	0.001	0.001	0.001
0.001	0.274	0.724	0.001
>AAATTCGATA	3-AAATTCGATA	10.296193	-7.889492	0	T:1.0(1.92%),B:1.3(0.00%),P:1e-3,FDR:1	Tpos:55.0,Tstd:0.0,Bpos:58.7,Bstd:21.0,StrandBias:10.0,Multiplicity:1.00
0.700	0.100	0.100	0.100
0.700	0.100	0.100	0.100
0.700	0.100	0.100	0.100
0.100	0.100	0.100	0.700
0.100	0.100	0.100	0.700
0.100	0.700	0.100	0.100
0.100	0.100	0.700	0.100
0.700	0.100	0.100	0.100
0.100	0.100	0.100	0.700
0.700	0.100	0.100	0.100
>GCTTACGGGG	4-GCTTACGGGG	10.296193	-7.196528	0	T:1.0(1.92%),B:2.5(0.00%),P:1e-3,FDR:1	Tpos:64.0,Tstd:0.0,Bpos:38.0,Bstd:17.8,StrandBias:-10.0,Multiplicity:1.00
0.100	0.100	0.700	0.100
0.100	0.700	0.100	0.100
0.100	0.100	0.100	0.700
0.100	0.100	0.100	0.700
0.700	0.100	0.100	0.100
0.100	0.700	0.100	0.100
0.100	0.100	0.700	0.100
0.100	0.100	0.700	0.100
0.100	0.100	0.700	0.100
0.100	0.100	0.700	0.100
>ATCGAGTATC	5-ATCGAGTATC	10.296193	-7.196528	0	T:1.0(1.92%),B:2.3(0.00%),P:1e-3,FDR:1	Tpos:48.0,Tstd:0.0,Bpos:66.8,Bstd:11.3,StrandBias:10.0,Multiplicity:1.00
0.700	0.100	0.100	0.100
0.100	0.100	0.100	0.700
0.100	0.700	0.100	0.100
0.100	0.100	0.700	0.100
0.700	0.100	0.100	0.100
0.100	0.100	0.700	0.100
0.100	0.100	0.100	0.700
0.700	0.100	0.100	0.100
0.100	0.100	0.100	0.700
0.100	0.700	0.100	0.100
>GWTATGTTTT	6-GWTATGTTTT	12.153671	-5.059217	0	T:1.0(1.92%),B:17.1(0.01%),P:1e-2,FDR:1	Tpos:77.0,Tstd:0.0,Bpos:48.4,Bstd:35.7,StrandBias:-10.0,Multiplicity:1.00
0.001	0.001	0.997	0.001
0.537	0.001	0.001	0.461
0.001	0.001	0.001	0.997
0.537	0.016	0.358	0.089
0.001	0.001	0.001	0.997
0.001	0.001	0.997	0.001
0.001	0.001	0.001	0.997
0.001	0.001	0.001	0.997
0.001	0.001	0.001	0.997
0.001	0.001	0.357	0.641
>TGGTGGTGGT	7-TGGTGGTGGT	11.532271	-5.037122	0	T:2.0(3.85%),B:319.4(0.23%),P:1e-2,FDR:1	Tpos:39.0,Tstd:7.9,Bpos:48.3,Bstd:41.3,StrandBias:-10.0,Multiplicity:1.00
0.001	0.001	0.087	0.911
0.001	0.001	0.906	0.092
0.133	0.001	0.642	0.224
0.001	0.001	0.053	0.945
0.001	0.001	0.884	0.114
0.005	0.001	0.668	0.326
0.001	0.001	0.001	0.997
0.001	0.117	0.647	0.235
0.001	0.001	0.742	0.256
0.178	0.134	0.001	0.687
>TGTTTTGTTT	8-TGTTTTGTTT	11.486679	-4.496266	0	T:4.0(7.69%),B:2318.2(1.67%),P:1e-1,FDR:1	Tpos:46.3,Tstd:15.4,Bpos:51.0,Bstd:31.5,StrandBias:1.0,Multiplicity:3.75
0.001	0.001	0.001	0.997
0.001	0.001	0.997	0.001
0.001	0.109	0.001	0.889
0.001	0.001	0.001	0.997
0.001	0.125	0.001	0.873
0.001	0.001	0.001	0.997
0.001	0.001	0.997	0.001
0.001	0.001	0.001	0.997
0.001	0.001	0.001	0.997
0.001	0.001	0.001	0.997
>GGTAGAGTTAGC	1-GGTAGAGTTAGC	10.447535	-18.276736	0	T:5.0(9.62%),B:189.1(0.14%),P:1e-7,FDR:1	Tpos:41.1,Tstd:28.4,Bpos:53.3,Bstd:28.6,StrandBias:1.3,Multiplicity:1.40
0.360	0.001	0.538	0.101
0.001	0.001	0.997	0.001
0.001	0.179	0.001	0.819
0.664	0.180	0.155	0.001
0.001	0.001	0.997	0.001
0.997	0.001	0.001	0.001
0.001	0.281	0.563	0.155
0.180	0.155	0.191	0.473
0.100	0.001	0.001	0.898
0.540	0.001	0.279	0.180
0.001	0.001	0.997	0.001
0.001	0.819	0.179	0.001
>RGAGRGGTAGAG	2-RGAGRGGTAGAG	11.982096	-15.358654	0	T:4.0(7.69%),B:132.7(0.10%),P:1e-6,FDR:1	Tpos:78.2,Tstd:9.8,Bpos:55.8,Bstd:29.3,StrandBias:10.0,Multiplicity:1.33
0.474	0.001	0.524	0.001
0.069	0.001	0.929	0.001
0.928	0.001	0.070	0.001
0.001	0.001	0.997	0.001
0.464	0.001	0.534	0.001
0.001	0.001	0.997	0.001
0.001	0.001	0.919	0.079
0.394	0.001	0.001	0.604
0.997	0.001	0.001	0.001
0.069	0.001	0.929	0.001
0.997	0.001	0.001	0.001
0.001	0.001	0.997	0.001
>ASGCCTGGCTTA	3-ASGCCTGGCTTA	6.222138	-10.092761	0	T:12.0(23.08%),B:8221.4(5.92%),P:1e-4,FDR:1	Tpos:50.2,Tstd:25.8,Bpos:50.3,Bstd:29.9,StrandBias:-1.2,Multiplicity:1.00
0.768	0.109	0.122	0.001
0.110	0.343	0.438	0.110
0.001	0.001	0.670	0.328
0.122	0.658	0.001	0.219
0.001	0.768	0.001	0.230
0.001	0.109	0.328	0.562
0.001	0.109	0.781	0.109
0.109	0.219	0.671	0.001
0.109	0.781	0.001	0.109
0.109	0.328	0.001	0.562
0.109	0.001	0.001	0.889
0.562	0.328	0.001	0.109
>TGTTTGGGTTTS	4-TGTTTGGGTTTS	8.864850	-9.975507	0	T:7.0(13.46%),B:2556.3(1.84%),P:1e-4,FDR:1	Tpos:55.6,Tstd:14.8,Bpos:51.2,Bstd:32.0,StrandBias:0.6,Multiplicity:1.00
0.163	0.001	0.165	0.671
0.326	0.163	0.509	0.002
0.001	0.001	0.001	0.997
0.018	0.163	0.163	0.656
0.163	0.001	0.163	0.673
0.326	0.001	0.492	0.181
0.163	0.326	0.509	0.002
0.001	0.001	0.815	0.183
0.001	0.344	0.001	0.654
0.163	0.018	0.001	0.818
0.001	0.001	0.001	0.997
0.001	0.489	0.489	0.020
>TBTATGTATCTA	5-TBTATGTATCTA	10.188642	-9.628277	0	T:4.0(7.69%),B:570.4(0.41%),P:1e-4,FDR:1	Tpos:73.6,Tstd:17.5,Bpos:53.4,Bstd:39.2,StrandBias:10.0,Multiplicity:1.00
0.001	0.001	0.001	0.997
0.001	0.380	0.371	0.248
0.001	0.001	0.001	0.997
0.750	0.248	0.001	0.001
0.001	0.001	0.001	0.997
0.001	0.265	0.733	0.001
0.001	0.001	0.001	0.997
0.979	0.001	0.001	0.019
0.001	0.001	0.204	0.794
0.001	0.855	0.143	0.001
0.001	0.001	0.248	0.750
0.794	0.001	0.204	0.001
>CCGAGGGTAGGG	6-CCGAGGGTAGGG	12.355432	-7.889492	0	T:1.0(1.92%),B:1.8(0.00%),P:1e-3,FDR:1	Tpos:47.0,Tstd:0.0,Bpos:81.9,Bstd:4.4,StrandBias:10.0,Multiplicity:1.00
0.100	0.700	0.100	0.100
0.100	0.700	0.100	0.100
0.100	0.100	0.700	0.100
0.700	0.100	0.100	0.100
0.100	0.100	0.700	0.100
0.100	0.100	0.700	0.100
0.100	0.100	0.700	0.100
0.100	0.100	0.100	0.700
0.700	0.100	0.100	0.100
0.100	0.100	0.700	0.100
0.100	0.100	0.700	0.100
0.100	0.100	0.700	0.100
>CATCAGGCTAAA	7-CATCAGGCTAAA	12.355432	-7.196528	0	T:1.0(1.92%),B:2.8(0.00%),P:1e-3,FDR:1	Tpos:35.0,Tstd:0.0,Bpos:33.4,Bstd:35.2,StrandBias:10.0,Multiplicity:1.00
0.100	0.700	0.100	0.100
0.700	0.100	0.100	0.100
0.100	0.100	0.100	0.700
0.100	0.700	0.100	0.100
0.700	0.100	0.100	0.100
0.100	0.100	0.700	0.100
0.100	0.100	0.700	0.100
0.100	0.700	0.100	0.100
0.100	0.100	0.100	0.700
0.700	0.100	0.100	0.100
0.700	0.100	0.100	0.100
0.700	0.100	0.100	0.100
>GGTTGAGGCAGC	8-GGTTGAGGCAGC	12.355432	-7.196528	0	T:1.0(1.92%),B:2.1(0.00%),P:1e-3,FDR:1	Tpos:14.0,Tstd:0.0,Bpos:50.0,Bstd:14.3,StrandBias:10.0,Multiplicity:1.00
0.100	0.100	0.700	0.100
0.100	0.100	0.700	0.100
0.100	0.100	0.100	0.700
0.100	0.100	0.100	0.700
0.100	0.100	0.700	0.100
0.700	0.100	0.100	0.100
0.100	0.100	0.700	0.100
0.100	0.100	0.700	0.100
0.100	0.700	0.100	0.100
0.700	0.100	0.100	0.100
0.100	0.100	0.700	0.100
0.100	0.700	0.100	0.100
>TAAGAGTC	1-TAAGAGTC	7.525153	-17.859635	0	T:12.0(23.08%),B:3899.3(2.81%),P:1e-7,FDR:0.4	Tpos:58.2,Tstd:26.2,Bpos:49.6,Bstd:32.4,StrandBias:0.5,Multiplicity:1.00
0.001	0.080	0.001	0.918
0.775	0.061	0.070	0.094
0.997	0.001	0.001	0.001
0.001	0.001	0.997	0.001
0.789	0.001	0.107	0.103
0.001	0.092	0.787	0.120
0.001	0.001	0.001	0.997
0.001	0.821	0.091	0.087
>CTGCGCGC	2-CTGCGCGC	8.285703	-10.593068	0	T:6.0(11.54%),B:1546.7(1.11%),P:1e-4,FDR:1	Tpos:49.7,Tstd:25.5,Bpos:49.8,Bstd:24.1,StrandBias:-1.8,Multiplicity:1.33
0.001	0.997	0.001	0.001
0.001	0.166	0.001	0.832
0.001	0.163	0.835	0.001
0.001	0.997	0.001	0.001
0.141	0.119	0.739	0.001
0.001	0.741	0.126	0.132
0.001	0.001	0.997	0.001
0.001	0.997	0.001	0.001
>GTCCTTGT	3-GTCCTTGT	9.049341	-9.945439	0	T:5.0(9.62%),B:1050.5(0.76%),P:1e-4,FDR:1	Tpos:55.7,Tstd:29.4,Bpos:50.7,Bstd:35.8,StrandBias:1.0,Multiplicity:1.20
0.001	0.001	0.997	0.001
0.001	0.001	0.001	0.997
0.001	0.997	0.001	0.001
0.001	0.997	0.001	0.001
0.170	0.001	0.001	0.828
0.001	0.001	0.001	0.997
0.220	0.001	0.778	0.001
0.001	0.001	0.001	0.997
>AGWGGTAG	4-AGWGGTAG	3.860760	-9.895159	0	T:8.0(15.38%),B:3549.1(2.56%),P:1e-4,FDR:1	Tpos:41.2,Tstd:27.3,Bpos:49.1,Bstd:33.9,StrandBias:-0.3,Multiplicity:1.12
0.738	0.001	0.001	0.260
0.001	0.001	0.997	0.001
0.433	0.213	0.001	0.353
0.001	0.001	0.997	0.001
0.001	0.001	0.997	0.001
0.001	0.001	0.001	0.997
0.997	0.001	0.001	0.001
0.001	0.001	0.997	0.001
>AMMWAACA	5-AMMWAACA	6.278437	-6.733153	0	T:15.0(28.85%),B:17153.0(12.36%),P:1e-2,FDR:1	Tpos:49.3,Tstd:23.6,Bpos:50.5,Bstd:32.9,StrandBias:0.3,Multiplicity:2.20
0.893	0.105	0.001	0.001
0.495	0.464	0.018	0.023
0.570	0.428	0.001	0.001
0.505	0.001	0.001	0.493
0.899	0.001	0.098	0.002
0.917	0.001	0.080	0.002
0.078	0.761	0.066	0.095
0.997	0.001	0.001	0.001
