>GCTGTRTCCTCC	1-GCTGTRTCCTCC	12.442594	-16.395263	0	T:3.0(13.64%),B:1.0(0.04%),P:1e-7	Tpos:49.2,Tstd:32.4,Bpos:0.0,Bstd:0.0,StrandBias:-1.6,Multiplicity:1.33
0.001	0.001	0.997	0.001
0.001	0.997	0.001	0.001
0.001	0.001	0.001	0.997
0.001	0.249	0.749	0.001
0.001	0.001	0.001	0.997
0.499	0.001	0.499	0.001
0.001	0.001	0.001	0.997
0.001	0.749	0.001	0.249
0.001	0.500	0.250	0.250
0.001	0.001	0.001	0.997
0.001	0.997	0.001	0.001
0.001	0.997	0.001	0.001
>DGGGGHAGCTGG	2-DGGGGHAGCTGG	11.330737	-8.998066	0	T:3.0(13.64%),B:12.0(0.44%),P:1e-3	Tpos:50.0,Tstd:25.9,Bpos:41.5,Bstd:19.2,StrandBias:2.3,Multiplicity:2.00
0.312	0.001	0.333	0.355
0.001	0.001	0.997	0.001
0.354	0.001	0.644	0.001
0.311	0.001	0.687	0.001
0.311	0.001	0.687	0.001
0.312	0.376	0.001	0.312
0.997	0.001	0.001	0.001
0.001	0.001	0.997	0.001
0.001	0.997	0.001	0.001
0.001	0.001	0.001	0.997
0.001	0.001	0.997	0.001
0.001	0.001	0.687	0.311
>TCCAACAGGGCC	3-TCCAACAGGGCC	11.673295	-8.194748	0	T:2.0(9.09%),B:3.0(0.11%),P:1e-3	Tpos:47.0,Tstd:1.0,Bpos:37.7,Bstd:14.7,StrandBias:-10.0,Multiplicity:1.00
0.001	0.001	0.001	0.997
0.001	0.997	0.001	0.001
0.001	0.997	0.001	0.001
0.997	0.001	0.001	0.001
0.805	0.001	0.193	0.001
0.001	0.997	0.001	0.001
0.997	0.001	0.001	0.001
0.001	0.001	0.805	0.193
0.001	0.001	0.997	0.001
0.001	0.001	0.997	0.001
0.001	0.997	0.001	0.001
0.193	0.805	0.001	0.001
>GRGAGAGAGAGA	4-GRGAGAGAGAGA	5.684474	-6.919720	0	T:12.0(54.55%),B:607.0(22.28%),P:1e-3	Tpos:46.4,Tstd:24.7,Bpos:46.8,Bstd:25.7,StrandBias:-0.8,Multiplicity:1.11
0.130	0.065	0.545	0.260
0.550	0.001	0.415	0.034
0.065	0.131	0.713	0.091
0.649	0.194	0.156	0.001
0.194	0.027	0.622	0.157
0.619	0.130	0.164	0.087
0.194	0.027	0.745	0.034
0.653	0.065	0.194	0.088
0.129	0.164	0.706	0.001
0.803	0.001	0.064	0.132
0.068	0.065	0.802	0.065
0.608	0.065	0.197	0.130
>GAGGCAGCTGGA	5-GAGGCAGCTGGA	4.571791	-2.093369	0	T:16.0(72.73%),B:1589.0(58.33%),P:1e0	Tpos:54.5,Tstd:27.0,Bpos:49.7,Bstd:26.1,StrandBias:-0.8,Multiplicity:1.29
0.100	0.100	0.700	0.100
0.700	0.100	0.100	0.100
0.100	0.100	0.700	0.100
0.100	0.100	0.700	0.100
0.100	0.700	0.100	0.100
0.700	0.100	0.100	0.100
0.100	0.100	0.700	0.100
0.100	0.700	0.100	0.100
0.100	0.100	0.100	0.700
0.100	0.100	0.700	0.100
0.100	0.100	0.700	0.100
0.700	0.100	0.100	0.100
