>TGCCATACTG	1-TGCCATACTG	8.143832	-16.395263	0	T:3.0(13.64%),B:1.0(0.04%),P:1e-7	Tpos:63.8,Tstd:23.0,Bpos:34.0,Bstd:0.0,StrandBias:10.0,Multiplicity:1.67
0.001	0.170	0.001	0.828
0.001	0.001	0.997	0.001
0.001	0.997	0.001	0.001
0.001	0.997	0.001	0.001
0.997	0.001	0.001	0.001
0.001	0.001	0.001	0.997
0.882	0.116	0.001	0.001
0.170	0.828	0.001	0.001
0.001	0.001	0.001	0.997
0.001	0.001	0.997	0.001
>CCAGAGTCTG	2-CCAGAGTCTG	8.365127	-13.605461	0	T:5.0(22.73%),B:24.0(0.88%),P:1e-5	Tpos:56.7,Tstd:15.1,Bpos:43.8,Bstd:24.0,StrandBias:0.4,Multiplicity:1.00
0.001	0.744	0.070	0.185
0.003	0.904	0.091	0.002
0.529	0.289	0.091	0.091
0.003	0.184	0.812	0.001
0.817	0.001	0.181	0.001
0.001	0.273	0.453	0.273
0.003	0.094	0.165	0.738
0.001	0.817	0.091	0.091
0.091	0.001	0.276	0.632
0.003	0.091	0.812	0.094
>TAGTCAGGTC	3-TAGTCAGGTC	10.206978	-10.382190	0	T:2.0(9.09%),B:1.0(0.04%),P:1e-4	Tpos:39.0,Tstd:15.0,Bpos:70.0,Bstd:0.0,StrandBias:1.0,Multiplicity:1.50
0.001	0.001	0.001	0.997
0.997	0.001	0.001	0.001
0.001	0.001	0.997	0.001
0.001	0.001	0.001	0.997
0.170	0.828	0.001	0.001
0.997	0.001	0.001	0.001
0.001	0.001	0.828	0.170
0.001	0.001	0.997	0.001
0.001	0.085	0.001	0.913
0.001	0.997	0.001	0.001
>RGGRAKTGWG	4-RGGRAKTGWG	7.516531	-10.156527	0	T:4.0(18.18%),B:24.0(0.88%),P:1e-4	Tpos:57.5,Tstd:35.7,Bpos:49.3,Bstd:28.6,StrandBias:-1.0,Multiplicity:1.50
0.523	0.001	0.475	0.001
0.001	0.001	0.997	0.001
0.001	0.001	0.997	0.001
0.546	0.001	0.452	0.001
0.989	0.001	0.009	0.001
0.001	0.001	0.546	0.452
0.001	0.001	0.001	0.997
0.001	0.001	0.997	0.001
0.475	0.001	0.001	0.523
0.022	0.001	0.976	0.001
>YCTTRACAAC	5-YCTTRACAAC	10.198361	-6.519698	0	T:2.0(9.09%),B:7.0(0.26%),P:1e-2	Tpos:60.7,Tstd:24.8,Bpos:51.4,Bstd:26.4,StrandBias:10.0,Multiplicity:1.50
0.001	0.546	0.001	0.452
0.001	0.997	0.001	0.001
0.019	0.001	0.001	0.979
0.001	0.001	0.001	0.997
0.546	0.001	0.452	0.001
0.905	0.001	0.093	0.001
0.001	0.958	0.001	0.040
0.997	0.001	0.001	0.001
0.997	0.001	0.001	0.001
0.001	0.997	0.001	0.001
