>AAGYTAGGCTGT	1-AAGYTAGGCTGT	10.210592	-16.330430	0	T:4.0(18.18%),B:5.0(0.18%),P:1e-7	Tpos:47.5,Tstd:24.2,Bpos:44.2,Bstd:15.2,StrandBias:1.6,Multiplicity:1.00
0.746	0.001	0.237	0.016
0.746	0.001	0.237	0.016
0.001	0.001	0.997	0.001
0.016	0.475	0.001	0.508
0.001	0.237	0.237	0.525
0.983	0.001	0.001	0.015
0.001	0.237	0.525	0.237
0.237	0.001	0.761	0.001
0.001	0.761	0.237	0.001
0.001	0.001	0.237	0.761
0.001	0.001	0.761	0.237
0.001	0.001	0.001	0.997
>CWAGGATTCAGG	2-CWAGGATTCAGG	10.745098	-13.584290	0	T:4.0(18.18%),B:10.0(0.37%),P:1e-5	Tpos:50.0,Tstd:34.8,Bpos:48.7,Bstd:28.1,StrandBias:0.6,Multiplicity:1.25
0.001	0.997	0.001	0.001
0.384	0.231	0.001	0.384
0.615	0.001	0.001	0.383
0.001	0.001	0.997	0.001
0.191	0.001	0.807	0.001
0.807	0.001	0.191	0.001
0.192	0.001	0.192	0.615
0.192	0.192	0.192	0.424
0.001	0.997	0.001	0.001
0.807	0.001	0.001	0.191
0.001	0.001	0.997	0.001
0.001	0.191	0.807	0.001
>TGTGYKKGGKKS	3-TGTGYKKGGKKS	12.295027	-9.845428	0	T:3.0(13.64%),B:9.0(0.33%),P:1e-4	Tpos:42.8,Tstd:21.7,Bpos:56.3,Bstd:22.9,StrandBias:1.6,Multiplicity:1.00
0.001	0.001	0.001	0.997
0.001	0.001	0.997	0.001
0.001	0.001	0.001	0.997
0.001	0.001	0.997	0.001
0.001	0.455	0.091	0.453
0.001	0.001	0.530	0.468
0.001	0.001	0.546	0.452
0.001	0.001	0.997	0.001
0.013	0.001	0.985	0.001
0.001	0.001	0.546	0.452
0.001	0.001	0.544	0.454
0.001	0.468	0.530	0.001
>CTCTCDGCCTCV	4-CTCTCDGCCTCV	11.463998	-6.823115	0	T:2.0(9.09%),B:6.0(0.22%),P:1e-2	Tpos:56.5,Tstd:3.5,Bpos:31.0,Bstd:21.0,StrandBias:0.0,Multiplicity:1.00
0.001	0.997	0.001	0.001
0.001	0.364	0.001	0.634
0.001	0.997	0.001	0.001
0.001	0.001	0.001	0.997
0.001	0.997	0.001	0.001
0.312	0.001	0.312	0.376
0.001	0.001	0.687	0.311
0.312	0.634	0.053	0.001
0.001	0.687	0.311	0.001
0.001	0.001	0.001	0.997
0.053	0.634	0.001	0.312
0.312	0.376	0.312	0.001
>CCTCCCTCCCCT	5-CCTCCCTCCCCT	12.355432	-4.133368	0	T:1.0(4.55%),B:2.0(0.07%),P:1e-1	Tpos:84.0,Tstd:0.0,Bpos:59.5,Bstd:16.5,StrandBias:-10.0,Multiplicity:1.00
0.100	0.700	0.100	0.100
0.100	0.700	0.100	0.100
0.100	0.100	0.100	0.700
0.100	0.700	0.100	0.100
0.100	0.700	0.100	0.100
0.100	0.700	0.100	0.100
0.100	0.100	0.100	0.700
0.100	0.700	0.100	0.100
0.100	0.700	0.100	0.100
0.100	0.700	0.100	0.100
0.100	0.700	0.100	0.100
0.100	0.100	0.100	0.700
