>CCAGGATTYC	1-CCAGGATTYC	8.400033	-10.088936	0	T:3.0(60.00%),B:44.0(1.62%),P:1e-4	Tpos:30.2,Tstd:20.5,Bpos:49.1,Bstd:26.1,StrandBias:1.6,Multiplicity:1.33
0.001	0.997	0.001	0.001
0.001	0.758	0.001	0.240
0.758	0.240	0.001	0.001
0.001	0.001	0.758	0.240
0.001	0.240	0.519	0.240
0.519	0.240	0.240	0.001
0.001	0.001	0.001	0.997
0.001	0.001	0.001	0.997
0.001	0.518	0.001	0.480
0.278	0.481	0.001	0.240
>GGTTTDHCTT	2-GGTTTDHCTT	8.660480	-7.635652	0	T:2.0(40.00%),B:19.0(0.70%),P:1e-3	Tpos:53.0,Tstd:19.0,Bpos:60.3,Bstd:22.9,StrandBias:10.0,Multiplicity:1.00
0.317	0.020	0.633	0.030
0.010	0.317	0.653	0.020
0.010	0.010	0.001	0.979
0.317	0.010	0.001	0.672
0.010	0.001	0.326	0.663
0.346	0.001	0.336	0.317
0.347	0.327	0.010	0.317
0.337	0.652	0.010	0.001
0.019	0.020	0.001	0.960
0.001	0.010	0.020	0.969
>GTTCCTGTTA	3-GTTCCTGTTA	10.296193	-6.297846	0	T:1.0(20.00%),B:0.0(0.00%),P:1e-2	Tpos:5.0,Tstd:0.0,Bpos:0.0,Bstd:0.0,StrandBias:10.0,Multiplicity:1.00
0.100	0.100	0.700	0.100
0.100	0.100	0.100	0.700
0.100	0.100	0.100	0.700
0.100	0.700	0.100	0.100
0.100	0.700	0.100	0.100
0.100	0.100	0.100	0.700
0.100	0.100	0.700	0.100
0.100	0.100	0.100	0.700
0.100	0.100	0.100	0.700
0.700	0.100	0.100	0.100
>GGAGAAAAAG	4-GGAGAAAAAG	10.296193	-6.297846	0	T:1.0(20.00%),B:1.0(0.04%),P:1e-2	Tpos:15.0,Tstd:0.0,Bpos:19.0,Bstd:0.0,StrandBias:10.0,Multiplicity:1.00
0.100	0.100	0.700	0.100
0.100	0.100	0.700	0.100
0.700	0.100	0.100	0.100
0.100	0.100	0.700	0.100
0.700	0.100	0.100	0.100
0.700	0.100	0.100	0.100
0.700	0.100	0.100	0.100
0.700	0.100	0.100	0.100
0.700	0.100	0.100	0.100
0.100	0.100	0.700	0.100
>GTTTAAACAA	5-GTTTAAACAA	10.296193	-6.297846	0	T:1.0(20.00%),B:1.0(0.04%),P:1e-2	Tpos:26.0,Tstd:0.0,Bpos:57.0,Bstd:0.0,StrandBias:10.0,Multiplicity:1.00
0.100	0.100	0.700	0.100
0.100	0.100	0.100	0.700
0.100	0.100	0.100	0.700
0.100	0.100	0.100	0.700
0.700	0.100	0.100	0.100
0.700	0.100	0.100	0.100
0.700	0.100	0.100	0.100
0.100	0.700	0.100	0.100
0.700	0.100	0.100	0.100
0.700	0.100	0.100	0.100
