>TTYWTSYKTGYT	1-TTYWTSYKTGYT	12.233839	-14.229457	0	T:3.0(60.00%),B:11.0(0.41%),P:1e-6	Tpos:38.7,Tstd:33.1,Bpos:46.5,Bstd:27.0,StrandBias:-1.0,Multiplicity:1.00
0.001	0.062	0.001	0.936
0.001	0.001	0.009	0.989
0.001	0.462	0.001	0.536
0.463	0.063	0.001	0.473
0.001	0.001	0.001	0.997
0.001	0.462	0.536	0.001
0.001	0.462	0.001	0.536
0.001	0.001	0.462	0.536
0.001	0.001	0.001	0.997
0.001	0.001	0.997	0.001
0.001	0.462	0.001	0.536
0.001	0.001	0.001	0.997
>TAGCATATTHTB	2-TAGCATATTHTB	8.954990	-13.301209	0	T:3.0(60.00%),B:15.0(0.55%),P:1e-5	Tpos:38.7,Tstd:19.3,Bpos:49.0,Bstd:28.8,StrandBias:-10.0,Multiplicity:1.00
0.025	0.316	0.001	0.658
0.682	0.001	0.001	0.316
0.341	0.001	0.657	0.001
0.001	0.997	0.001	0.001
0.997	0.001	0.001	0.001
0.050	0.001	0.316	0.633
0.682	0.316	0.001	0.001
0.316	0.001	0.001	0.682
0.001	0.316	0.025	0.658
0.366	0.316	0.001	0.316
0.001	0.316	0.001	0.682
0.001	0.316	0.341	0.341
>CYCRCACYTGMM	3-CYCRCACYTGMM	12.978972	-11.315495	0	T:2.0(40.00%),B:3.0(0.11%),P:1e-4	Tpos:46.0,Tstd:34.0,Bpos:30.3,Bstd:13.2,StrandBias:-10.0,Multiplicity:1.00
0.001	0.997	0.001	0.001
0.001	0.462	0.001	0.536
0.001	0.997	0.001	0.001
0.462	0.001	0.536	0.001
0.001	0.997	0.001	0.001
0.997	0.001	0.001	0.001
0.001	0.997	0.001	0.001
0.073	0.463	0.001	0.463
0.001	0.001	0.001	0.997
0.001	0.072	0.926	0.001
0.536	0.462	0.001	0.001
0.462	0.536	0.001	0.001
>KRSACWCCWSSC	4-KRSACWCCWSSC	7.633402	-10.686482	0	T:3.0(60.00%),B:36.0(1.33%),P:1e-4	Tpos:51.7,Tstd:25.2,Bpos:55.4,Bstd:24.3,StrandBias:1.0,Multiplicity:1.00
0.001	0.073	0.463	0.463
0.462	0.001	0.536	0.001
0.001	0.536	0.462	0.001
0.997	0.001	0.001	0.001
0.001	0.997	0.001	0.001
0.536	0.001	0.001	0.462
0.001	0.926	0.001	0.072
0.001	0.997	0.001	0.001
0.536	0.001	0.001	0.462
0.001	0.536	0.462	0.001
0.001	0.536	0.462	0.001
0.001	0.997	0.001	0.001
>TGTTGCCAGGCA	5-TGTTGCCAGGCA	12.355432	-5.605435	0	T:1.0(20.00%),B:2.0(0.07%),P:1e-2	Tpos:28.0,Tstd:0.0,Bpos:82.0,Bstd:11.0,StrandBias:10.0,Multiplicity:1.00
0.100	0.100	0.100	0.700
0.100	0.100	0.700	0.100
0.100	0.100	0.100	0.700
0.100	0.100	0.100	0.700
0.100	0.100	0.700	0.100
0.100	0.700	0.100	0.100
0.100	0.700	0.100	0.100
0.700	0.100	0.100	0.100
0.100	0.100	0.700	0.100
0.100	0.100	0.700	0.100
0.100	0.700	0.100	0.100
0.700	0.100	0.100	0.100
