>TWRMTATGTARM	1-TWRMTATGTARM	12.689391	-9.623849	0	T:2.0(40.00%),B:7.0(0.26%),P:1e-4	Tpos:33.7,Tstd:17.2,Bpos:52.4,Bstd:23.8,StrandBias:1.0,Multiplicity:1.50
0.001	0.001	0.001	0.997
0.434	0.001	0.077	0.488
0.487	0.001	0.511	0.001
0.511	0.487	0.001	0.001
0.001	0.001	0.001	0.997
0.997	0.001	0.001	0.001
0.076	0.001	0.001	0.922
0.001	0.001	0.997	0.001
0.001	0.001	0.001	0.997
0.997	0.001	0.001	0.001
0.434	0.001	0.564	0.001
0.434	0.564	0.001	0.001
>TCAAAAAGAAAA	2-TCAAAAAGAAAA	12.355432	-6.297846	0	T:1.0(20.00%),B:1.0(0.04%),P:1e-2	Tpos:92.0,Tstd:0.0,Bpos:8.0,Bstd:0.0,StrandBias:10.0,Multiplicity:1.00
0.100	0.100	0.100	0.700
0.100	0.700	0.100	0.100
0.700	0.100	0.100	0.100
0.700	0.100	0.100	0.100
0.700	0.100	0.100	0.100
0.700	0.100	0.100	0.100
0.700	0.100	0.100	0.100
0.100	0.100	0.700	0.100
0.700	0.100	0.100	0.100
0.700	0.100	0.100	0.100
0.700	0.100	0.100	0.100
0.700	0.100	0.100	0.100
>TTGTTTTCCTCC	3-TTGTTTTCCTCC	12.355432	-5.605435	0	T:1.0(20.00%),B:2.0(0.07%),P:1e-2	Tpos:95.0,Tstd:0.0,Bpos:54.5,Bstd:28.5,StrandBias:10.0,Multiplicity:1.00
0.100	0.100	0.100	0.700
0.100	0.100	0.100	0.700
0.100	0.100	0.700	0.100
0.100	0.100	0.100	0.700
0.100	0.100	0.100	0.700
0.100	0.100	0.100	0.700
0.100	0.100	0.100	0.700
0.100	0.700	0.100	0.100
0.100	0.700	0.100	0.100
0.100	0.100	0.100	0.700
0.100	0.700	0.100	0.100
0.100	0.700	0.100	0.100
>AGACAGGAGGAG	4-AGACAGGAGGAG	12.355432	-5.605435	0	T:1.0(20.00%),B:2.0(0.07%),P:1e-2	Tpos:14.0,Tstd:0.0,Bpos:65.0,Bstd:10.0,StrandBias:10.0,Multiplicity:1.00
0.700	0.100	0.100	0.100
0.100	0.100	0.700	0.100
0.700	0.100	0.100	0.100
0.100	0.700	0.100	0.100
0.700	0.100	0.100	0.100
0.100	0.100	0.700	0.100
0.100	0.100	0.700	0.100
0.700	0.100	0.100	0.100
0.100	0.100	0.700	0.100
0.100	0.100	0.700	0.100
0.700	0.100	0.100	0.100
0.100	0.100	0.700	0.100
>CAAGCTGAGYTK	5-CAAGCTGAGYTK	10.189894	-5.200707	0	T:1.0(20.00%),B:3.0(0.11%),P:1e-2	Tpos:28.0,Tstd:0.0,Bpos:89.0,Bstd:0.8,StrandBias:-10.0,Multiplicity:1.00
0.194	0.611	0.194	0.001
0.611	0.001	0.001	0.387
0.585	0.001	0.220	0.194
0.194	0.224	0.581	0.001
0.219	0.779	0.001	0.001
0.001	0.001	0.001	0.997
0.001	0.193	0.805	0.001
0.607	0.194	0.198	0.001
0.193	0.001	0.805	0.001
0.001	0.414	0.198	0.387
0.001	0.193	0.001	0.805
0.001	0.194	0.418	0.387
