>AGCGGGTATGTG	1-AGCGGGTATGTG	12.562715	-21.292923	0	T:4.0(11.76%),B:1.0(0.03%),P:1e-9	Tpos:41.5,Tstd:23.9,Bpos:90.0,Bstd:0.0,StrandBias:1.6,Multiplicity:1.00
0.997	0.001	0.001	0.001
0.001	0.001	0.997	0.001
0.001	0.997	0.001	0.001
0.249	0.001	0.749	0.001
0.001	0.001	0.997	0.001
0.001	0.001	0.997	0.001
0.001	0.249	0.001	0.749
0.749	0.001	0.001	0.249
0.001	0.001	0.249	0.749
0.250	0.001	0.500	0.250
0.001	0.001	0.001	0.997
0.001	0.001	0.997	0.001
>DTCTCTCTTADT	2-DTCTCTCTTADT	11.279609	-16.914456	0	T:4.0(11.76%),B:3.0(0.10%),P:1e-7	Tpos:55.2,Tstd:17.4,Bpos:46.3,Bstd:20.0,StrandBias:1.6,Multiplicity:1.00
0.310	0.001	0.310	0.379
0.056	0.001	0.001	0.942
0.001	0.995	0.001	0.003
0.001	0.056	0.001	0.942
0.001	0.997	0.001	0.001
0.001	0.001	0.309	0.689
0.001	0.997	0.001	0.001
0.309	0.001	0.001	0.689
0.309	0.001	0.001	0.689
0.685	0.001	0.313	0.001
0.310	0.069	0.310	0.310
0.001	0.001	0.001	0.997
>CTTGCTGRGGWG	3-CTTGCTGRGGWG	7.769787	-16.284324	0	T:8.0(23.53%),B:51.0(1.70%),P:1e-7	Tpos:53.3,Tstd:22.0,Bpos:46.2,Bstd:26.0,StrandBias:1.2,Multiplicity:1.25
0.191	0.598	0.210	0.001
0.001	0.001	0.001	0.997
0.001	0.001	0.191	0.807
0.001	0.001	0.997	0.001
0.212	0.574	0.192	0.022
0.001	0.401	0.001	0.597
0.001	0.001	0.980	0.018
0.403	0.191	0.404	0.001
0.214	0.001	0.784	0.001
0.001	0.001	0.807	0.191
0.402	0.001	0.191	0.406
0.191	0.001	0.807	0.001
>KKCAKMACWAMA	4-KKCAKMACWAMA	12.353163	-15.332998	0	T:3.0(8.82%),B:1.0(0.03%),P:1e-6	Tpos:63.7,Tstd:25.4,Bpos:30.0,Bstd:0.0,StrandBias:10.0,Multiplicity:1.00
0.001	0.001	0.549	0.449
0.001	0.001	0.449	0.549
0.001	0.997	0.001	0.001
0.966	0.032	0.001	0.001
0.001	0.001	0.449	0.549
0.549	0.449	0.001	0.001
0.997	0.001	0.001	0.001
0.001	0.997	0.001	0.001
0.549	0.001	0.001	0.449
0.997	0.001	0.001	0.001
0.449	0.549	0.001	0.001
0.966	0.032	0.001	0.001
>ACACACACACAC	5-ACACACACACAC	12.355432	-2.061395	0	T:1.0(2.94%),B:12.0(0.40%),P:1e0	Tpos:16.2,Tstd:8.2,Bpos:51.0,Bstd:26.4,StrandBias:10.0,Multiplicity:2.00
0.700	0.100	0.100	0.100
0.100	0.700	0.100	0.100
0.700	0.100	0.100	0.100
0.100	0.700	0.100	0.100
0.700	0.100	0.100	0.100
0.100	0.700	0.100	0.100
0.700	0.100	0.100	0.100
0.100	0.700	0.100	0.100
0.700	0.100	0.100	0.100
0.100	0.700	0.100	0.100
0.700	0.100	0.100	0.100
0.100	0.700	0.100	0.100
