>TCTATTTCAC	1-TCTATTTCAC	11.557282	-23.348492	0	T:5.0(6.41%),B:1.0(0.03%),P:1e-10	Tpos:41.2,Tstd:18.3,Bpos:22.0,Bstd:0.0,StrandBias:0.6,Multiplicity:1.00
0.001	0.001	0.001	0.997
0.001	0.997	0.001	0.001
0.001	0.001	0.001	0.997
0.799	0.001	0.199	0.001
0.001	0.199	0.001	0.799
0.001	0.001	0.001	0.997
0.001	0.001	0.199	0.799
0.001	0.997	0.001	0.001
0.997	0.001	0.001	0.001
0.001	0.799	0.001	0.199
>AGTAACAAGT	2-AGTAACAAGT	10.908180	-18.012282	0	T:7.0(8.97%),B:11.0(0.35%),P:1e-7	Tpos:59.6,Tstd:13.7,Bpos:54.5,Bstd:18.9,StrandBias:-1.0,Multiplicity:1.29
0.997	0.001	0.001	0.001
0.001	0.001	0.868	0.130
0.001	0.130	0.001	0.868
0.997	0.001	0.001	0.001
0.997	0.001	0.001	0.001
0.001	0.997	0.001	0.001
0.868	0.130	0.001	0.001
0.868	0.001	0.130	0.001
0.131	0.107	0.761	0.001
0.130	0.001	0.001	0.868
>AGACTGTCCC	3-AGACTGTCCC	7.306794	-17.394512	0	T:16.0(20.51%),B:116.0(3.74%),P:1e-7	Tpos:47.1,Tstd:25.2,Bpos:49.1,Bstd:28.2,StrandBias:1.2,Multiplicity:1.25
0.790	0.070	0.070	0.070
0.001	0.132	0.866	0.001
0.613	0.176	0.001	0.210
0.025	0.834	0.140	0.001
0.003	0.001	0.001	0.995
0.001	0.139	0.859	0.001
0.057	0.198	0.070	0.675
0.001	0.732	0.197	0.070
0.004	0.831	0.057	0.108
0.172	0.824	0.001	0.003
>CTTTYCTAGY	4-CTTTYCTAGY	8.512808	-14.194163	0	T:12.0(15.38%),B:79.0(2.55%),P:1e-6	Tpos:44.1,Tstd:20.4,Bpos:50.0,Bstd:28.7,StrandBias:-0.4,Multiplicity:1.08
0.001	0.975	0.023	0.001
0.001	0.357	0.001	0.641
0.001	0.249	0.023	0.727
0.001	0.001	0.001	0.997
0.001	0.556	0.001	0.442
0.001	0.997	0.001	0.001
0.001	0.001	0.001	0.997
0.560	0.001	0.059	0.380
0.179	0.001	0.606	0.214
0.001	0.358	0.179	0.462
>ATTTAATTAA	5-ATTTAATTAA	11.490573	-12.895159	0	T:3.0(3.85%),B:1.0(0.03%),P:1e-5	Tpos:62.3,Tstd:12.4,Bpos:88.5,Bstd:0.5,StrandBias:0.0,Multiplicity:1.33
0.599	0.001	0.200	0.200
0.001	0.001	0.001	0.997
0.001	0.001	0.199	0.799
0.001	0.001	0.001	0.997
0.997	0.001	0.001	0.001
0.799	0.001	0.001	0.199
0.001	0.001	0.001	0.997
0.001	0.001	0.001	0.997
0.997	0.001	0.001	0.001
0.997	0.001	0.001	0.001
>MTAMAGGTCK	6-MTAMAGGTCK	10.368457	-8.790598	0	T:3.0(3.85%),B:4.0(0.13%),P:1e-3	Tpos:33.7,Tstd:34.9,Bpos:52.5,Bstd:31.2,StrandBias:10.0,Multiplicity:1.00
0.467	0.440	0.001	0.092
0.001	0.001	0.001	0.997
0.997	0.001	0.001	0.001
0.440	0.440	0.119	0.001
0.997	0.001	0.001	0.001
0.001	0.001	0.997	0.001
0.001	0.001	0.997	0.001
0.001	0.001	0.001	0.997
0.001	0.997	0.001	0.001
0.001	0.001	0.558	0.440
>YSCCTAGRCT	7-YSCCTAGRCT	5.960084	-8.602581	0	T:4.0(5.13%),B:11.0(0.35%),P:1e-3	Tpos:53.9,Tstd:26.8,Bpos:40.5,Bstd:28.8,StrandBias:-0.4,Multiplicity:1.75
0.001	0.440	0.001	0.558
0.001	0.502	0.496	0.001
0.001	0.997	0.001	0.001
0.001	0.997	0.001	0.001
0.001	0.001	0.001	0.997
0.997	0.001	0.001	0.001
0.001	0.001	0.997	0.001
0.440	0.001	0.558	0.001
0.001	0.908	0.001	0.090
0.027	0.001	0.001	0.971
>GTTAGAGGTC	8-GTTAGAGGTC	12.330824	-8.086637	0	T:2.0(2.56%),B:1.0(0.03%),P:1e-3	Tpos:53.0,Tstd:28.9,Bpos:16.0,Bstd:0.0,StrandBias:2.0,Multiplicity:2.50
0.001	0.001	0.997	0.001
0.001	0.001	0.001	0.997
0.001	0.001	0.001	0.997
0.997	0.001	0.001	0.001
0.001	0.001	0.997	0.001
0.997	0.001	0.001	0.001
0.001	0.001	0.997	0.001
0.001	0.001	0.997	0.001
0.001	0.222	0.001	0.776
0.001	0.997	0.001	0.001
