>CTAWTCTATCCC	1-CTAWTCTATCCC	11.224379	-23.348492	0	T:5.0(6.41%),B:1.0(0.03%),P:1e-10	Tpos:59.6,Tstd:16.1,Bpos:58.0,Bstd:0.0,StrandBias:2.0,Multiplicity:1.00
0.001	0.997	0.001	0.001
0.351	0.003	0.001	0.645
0.606	0.351	0.042	0.001
0.442	0.004	0.203	0.351
0.001	0.042	0.351	0.606
0.001	0.997	0.001	0.001
0.244	0.001	0.001	0.754
0.747	0.251	0.001	0.001
0.350	0.001	0.001	0.648
0.001	0.997	0.001	0.001
0.001	0.997	0.001	0.001
0.001	0.648	0.001	0.350
>TYKGAMCTTSGG	2-TYKGAMCTTSGG	10.964266	-18.003755	0	T:4.0(5.13%),B:1.0(0.03%),P:1e-7	Tpos:52.6,Tstd:16.6,Bpos:9.0,Bstd:0.0,StrandBias:2.0,Multiplicity:1.25
0.001	0.001	0.001	0.997
0.001	0.519	0.001	0.479
0.001	0.001	0.440	0.558
0.001	0.001	0.997	0.001
0.997	0.001	0.001	0.001
0.558	0.440	0.001	0.001
0.001	0.997	0.001	0.001
0.001	0.001	0.001	0.997
0.039	0.001	0.001	0.959
0.001	0.558	0.440	0.001
0.001	0.001	0.997	0.001
0.001	0.001	0.997	0.001
>ATGTTKACTCAT	3-ATGTTKACTCAT	10.735737	-17.894668	0	T:5.0(6.41%),B:3.0(0.10%),P:1e-7	Tpos:58.0,Tstd:26.5,Bpos:43.8,Bstd:33.2,StrandBias:1.0,Multiplicity:1.80
0.861	0.001	0.001	0.137
0.001	0.001	0.001	0.997
0.001	0.137	0.725	0.137
0.303	0.001	0.001	0.695
0.001	0.001	0.001	0.997
0.001	0.001	0.449	0.549
0.724	0.274	0.001	0.001
0.137	0.587	0.275	0.001
0.137	0.001	0.001	0.861
0.137	0.725	0.137	0.001
0.449	0.275	0.001	0.275
0.001	0.001	0.001	0.997
>CSAAGCAAAAMA	4-CSAAGCAAAAMA	12.100366	-8.086637	0	T:2.0(2.56%),B:1.0(0.03%),P:1e-3	Tpos:62.0,Tstd:29.0,Bpos:6.0,Bstd:0.0,StrandBias:10.0,Multiplicity:1.00
0.270	0.474	0.255	0.001
0.211	0.358	0.429	0.002
0.997	0.001	0.001	0.001
0.989	0.001	0.009	0.001
0.363	0.001	0.627	0.009
0.001	0.997	0.001	0.001
0.989	0.001	0.001	0.009
0.997	0.001	0.001	0.001
0.756	0.242	0.001	0.001
0.475	0.270	0.253	0.002
0.560	0.438	0.001	0.001
0.953	0.001	0.045	0.001
>AWCAAAWCAAAA	5-AWCAAAWCAAAA	15.167450	-6.235338	0	T:5.0(6.41%),B:35.0(1.13%),P:1e-2	Tpos:31.0,Tstd:16.0,Bpos:49.1,Bstd:21.7,StrandBias:3.6,Multiplicity:1.00
0.964	0.001	0.034	0.001
0.558	0.001	0.001	0.440
0.001	0.997	0.001	0.001
0.997	0.001	0.001	0.001
0.997	0.001	0.001	0.001
0.997	0.001	0.001	0.001
0.558	0.001	0.001	0.440
0.001	0.997	0.001	0.001
0.997	0.001	0.001	0.001
0.997	0.001	0.001	0.001
0.997	0.001	0.001	0.001
0.997	0.001	0.001	0.001
>CATGGAGTCACA	6-CATGGAGTCACA	12.355432	-3.694525	0	T:1.0(1.28%),B:0.0(0.00%),P:1e-1	Tpos:54.0,Tstd:29.9,Bpos:0.0,Bstd:0.0,StrandBias:10.0,Multiplicity:3.00
0.100	0.700	0.100	0.100
0.700	0.100	0.100	0.100
0.100	0.100	0.100	0.700
0.100	0.100	0.700	0.100
0.100	0.100	0.700	0.100
0.700	0.100	0.100	0.100
0.100	0.100	0.700	0.100
0.100	0.100	0.100	0.700
0.100	0.700	0.100	0.100
0.700	0.100	0.100	0.100
0.100	0.700	0.100	0.100
0.700	0.100	0.100	0.100
