>CCTTCTTT	1-CCTTCTTT	5.121302	-15.467975	0	T:39.0(50.00%),B:714.0(23.04%),P:1e-6	Tpos:41.4,Tstd:28.1,Bpos:50.0,Bstd:27.6,StrandBias:0.1,Multiplicity:1.46
0.097	0.670	0.110	0.123
0.061	0.843	0.038	0.058
0.070	0.084	0.068	0.778
0.056	0.077	0.112	0.755
0.110	0.718	0.113	0.059
0.039	0.125	0.032	0.804
0.054	0.139	0.162	0.645
0.065	0.095	0.039	0.801
>GATAATTT	2-GATAATTT	5.487750	-10.900050	0	T:19.0(24.36%),B:260.0(8.39%),P:1e-4	Tpos:57.2,Tstd:25.6,Bpos:50.4,Bstd:26.5,StrandBias:0.0,Multiplicity:1.21
0.025	0.118	0.737	0.120
0.694	0.203	0.023	0.080
0.047	0.101	0.087	0.765
0.764	0.060	0.081	0.095
0.689	0.210	0.031	0.070
0.049	0.131	0.036	0.784
0.088	0.033	0.096	0.783
0.093	0.048	0.057	0.802
>ACAAATCA	3-ACAAATCA	8.365011	-10.760147	0	T:6.0(7.69%),B:22.0(0.71%),P:1e-4	Tpos:39.9,Tstd:30.0,Bpos:39.0,Bstd:26.3,StrandBias:1.3,Multiplicity:1.17
0.741	0.257	0.001	0.001
0.001	0.997	0.001	0.001
0.920	0.078	0.001	0.001
0.666	0.332	0.001	0.001
0.997	0.001	0.001	0.001
0.001	0.001	0.028	0.970
0.001	0.920	0.078	0.001
0.941	0.001	0.001	0.057
>ACTGTTGC	4-ACTGTTGC	6.790323	-9.504875	0	T:13.0(16.67%),B:147.0(4.74%),P:1e-4	Tpos:52.8,Tstd:21.8,Bpos:47.4,Bstd:25.4,StrandBias:0.7,Multiplicity:1.38
0.858	0.140	0.001	0.001
0.001	0.943	0.055	0.001
0.001	0.001	0.001	0.997
0.001	0.083	0.788	0.128
0.001	0.001	0.001	0.997
0.132	0.001	0.001	0.866
0.001	0.001	0.997	0.001
0.001	0.997	0.001	0.001
>CTGTCAAC	5-CTGTCAAC	8.221099	-8.439633	0	T:7.0(8.97%),B:48.0(1.55%),P:1e-3	Tpos:49.3,Tstd:30.2,Bpos:51.6,Bstd:24.1,StrandBias:2.3,Multiplicity:1.71
0.001	0.997	0.001	0.001
0.398	0.001	0.001	0.600
0.001	0.001	0.997	0.001
0.160	0.001	0.001	0.838
0.398	0.600	0.001	0.001
0.997	0.001	0.001	0.001
0.997	0.001	0.001	0.001
0.001	0.997	0.001	0.001
