>YTKGTWSRTGYT	1-YTKGTWSRTGYT	10.473972	-23.957791	0	T:8.0(10.26%),B:8.0(0.26%),P:1e-10	Tpos:47.5,Tstd:30.1,Bpos:49.9,Bstd:28.7,StrandBias:0.0,Multiplicity:1.00
0.001	0.478	0.001	0.520
0.001	0.001	0.001	0.997
0.004	0.001	0.533	0.462
0.001	0.001	0.997	0.001
0.001	0.001	0.001	0.997
0.440	0.001	0.001	0.558
0.034	0.440	0.525	0.001
0.558	0.001	0.440	0.001
0.001	0.003	0.001	0.995
0.001	0.001	0.884	0.114
0.001	0.505	0.001	0.493
0.034	0.019	0.001	0.946
>CAGCCCCTTCTG	2-CAGCCCCTTCTG	10.401043	-23.596346	0	T:9.0(11.54%),B:13.0(0.42%),P:1e-10	Tpos:37.3,Tstd:17.5,Bpos:53.7,Bstd:21.5,StrandBias:1.0,Multiplicity:1.00
0.001	0.997	0.001	0.001
0.997	0.001	0.001	0.001
0.255	0.042	0.468	0.234
0.001	0.997	0.001	0.001
0.001	0.744	0.001	0.254
0.276	0.489	0.001	0.234
0.001	0.997	0.001	0.001
0.001	0.254	0.001	0.744
0.001	0.020	0.001	0.978
0.001	0.997	0.001	0.001
0.255	0.255	0.001	0.489
0.233	0.001	0.765	0.001
>TMYWYATGCACT	3-TMYWYATGCACT	7.157155	-19.902378	0	T:5.0(6.41%),B:2.0(0.06%),P:1e-8	Tpos:49.4,Tstd:22.4,Bpos:53.0,Bstd:7.0,StrandBias:1.3,Multiplicity:1.40
0.001	0.001	0.001	0.997
0.440	0.558	0.001	0.001
0.001	0.558	0.001	0.440
0.440	0.001	0.001	0.558
0.001	0.558	0.001	0.440
0.997	0.001	0.001	0.001
0.001	0.001	0.001	0.997
0.001	0.081	0.917	0.001
0.001	0.997	0.001	0.001
0.997	0.001	0.001	0.001
0.001	0.997	0.001	0.001
0.001	0.001	0.001	0.997
>CTGRWRARGSCC	4-CTGRWRARGSCC	9.084382	-17.332871	0	T:6.0(7.69%),B:7.0(0.23%),P:1e-7	Tpos:72.3,Tstd:24.0,Bpos:43.1,Bstd:29.7,StrandBias:10.0,Multiplicity:1.00
0.001	0.997	0.001	0.001
0.019	0.001	0.001	0.979
0.001	0.001	0.905	0.093
0.557	0.001	0.441	0.001
0.440	0.001	0.022	0.537
0.555	0.001	0.443	0.001
0.997	0.001	0.001	0.001
0.558	0.001	0.440	0.001
0.001	0.001	0.997	0.001
0.001	0.459	0.539	0.001
0.001	0.997	0.001	0.001
0.001	0.881	0.001	0.117
>AAAACAGCTGGG	5-AAAACAGCTGGG	10.576698	-16.551576	0	T:6.0(7.69%),B:8.0(0.26%),P:1e-7	Tpos:44.4,Tstd:23.6,Bpos:38.4,Bstd:27.8,StrandBias:0.4,Multiplicity:1.17
0.982	0.001	0.016	0.001
0.809	0.001	0.189	0.001
0.793	0.017	0.189	0.001
0.809	0.189	0.001	0.001
0.189	0.809	0.001	0.001
0.809	0.189	0.001	0.001
0.001	0.189	0.809	0.001
0.001	0.997	0.001	0.001
0.189	0.001	0.001	0.809
0.189	0.001	0.809	0.001
0.189	0.189	0.621	0.001
0.001	0.001	0.997	0.001
>WGTSTATSTAMT	6-WGTSTATSTAMT	10.880128	-12.895159	0	T:3.0(3.85%),B:1.0(0.03%),P:1e-5	Tpos:35.8,Tstd:27.0,Bpos:64.0,Bstd:0.0,StrandBias:0.0,Multiplicity:1.33
0.446	0.001	0.001	0.552
0.111	0.001	0.881	0.007
0.001	0.001	0.001	0.997
0.001	0.440	0.558	0.001
0.001	0.001	0.001	0.997
0.992	0.001	0.001	0.006
0.001	0.001	0.001	0.997
0.001	0.505	0.493	0.001
0.001	0.001	0.001	0.997
0.946	0.001	0.052	0.001
0.440	0.493	0.001	0.066
0.001	0.058	0.060	0.881
>TGTATCTATCCA	7-TGTATCTATCCA	6.646568	-11.952603	0	T:10.0(12.82%),B:66.0(2.13%),P:1e-5	Tpos:47.8,Tstd:24.7,Bpos:48.8,Bstd:26.8,StrandBias:10.0,Multiplicity:1.22
0.305	0.001	0.001	0.693
0.001	0.306	0.692	0.001
0.305	0.001	0.001	0.693
0.685	0.001	0.313	0.001
0.001	0.305	0.001	0.693
0.001	0.692	0.306	0.001
0.001	0.313	0.001	0.685
0.997	0.001	0.001	0.001
0.001	0.306	0.007	0.686
0.001	0.926	0.066	0.007
0.001	0.626	0.001	0.372
0.934	0.001	0.001	0.064
>TTGCTGTTGTTG	8-TTGCTGTTGTTG	9.417123	-4.249230	0	T:3.0(3.85%),B:20.0(0.65%),P:1e-1	Tpos:42.6,Tstd:14.0,Bpos:49.0,Bstd:25.8,StrandBias:2.8,Multiplicity:2.00
0.058	0.288	0.077	0.577
0.153	0.057	0.096	0.694
0.115	0.058	0.693	0.134
0.038	0.520	0.077	0.365
0.115	0.001	0.019	0.865
0.096	0.096	0.635	0.173
0.096	0.230	0.077	0.597
0.153	0.020	0.039	0.788
0.057	0.059	0.731	0.153
0.077	0.211	0.115	0.597
0.134	0.077	0.078	0.711
0.134	0.096	0.597	0.173
