>CCTATCAC	1-CCTATCAC	5.137033	-12.193932	0	T:17.0(50.00%),B:486.0(16.18%),P:1e-5	Tpos:51.0,Tstd:22.4,Bpos:51.2,Bstd:28.2,StrandBias:0.1,Multiplicity:1.31
0.153	0.647	0.199	0.001
0.076	0.810	0.113	0.001
0.001	0.169	0.001	0.829
0.817	0.101	0.081	0.001
0.001	0.159	0.001	0.839
0.113	0.733	0.001	0.153
0.683	0.006	0.101	0.210
0.199	0.687	0.001	0.113
>GTATTGTA	2-GTATTGTA	8.236954	-11.197327	0	T:3.0(8.82%),B:4.0(0.13%),P:1e-4	Tpos:80.3,Tstd:10.3,Bpos:45.8,Bstd:21.8,StrandBias:-10.0,Multiplicity:1.00
0.100	0.100	0.700	0.100
0.100	0.100	0.100	0.700
0.700	0.100	0.100	0.100
0.100	0.100	0.100	0.700
0.100	0.100	0.100	0.700
0.100	0.100	0.700	0.100
0.100	0.100	0.100	0.700
0.700	0.100	0.100	0.100
>ATCAGAGT	3-ATCAGAGT	8.842239	-10.429583	0	T:5.0(14.71%),B:32.0(1.07%),P:1e-4	Tpos:31.3,Tstd:29.0,Bpos:45.5,Bstd:26.8,StrandBias:1.0,Multiplicity:1.50
0.997	0.001	0.001	0.001
0.001	0.001	0.001	0.997
0.001	0.997	0.001	0.001
0.997	0.001	0.001	0.001
0.001	0.192	0.806	0.001
0.997	0.001	0.001	0.001
0.345	0.001	0.653	0.001
0.001	0.001	0.143	0.855
>GAGTGAAT	4-GAGTGAAT	10.902086	-7.131112	0	T:3.0(8.82%),B:16.0(0.53%),P:1e-3	Tpos:51.2,Tstd:19.9,Bpos:48.4,Bstd:24.7,StrandBias:-0.6,Multiplicity:1.67
0.001	0.001	0.997	0.001
0.997	0.001	0.001	0.001
0.001	0.001	0.997	0.001
0.001	0.001	0.001	0.997
0.001	0.001	0.997	0.001
0.997	0.001	0.001	0.001
0.846	0.152	0.001	0.001
0.001	0.001	0.001	0.997
>TTTTTTTT	5-TTTTTTTT	4.654278	-5.851794	0	T:12.0(35.29%),B:452.0(15.05%),P:1e-2	Tpos:25.7,Tstd:17.2,Bpos:50.3,Bstd:27.2,StrandBias:0.1,Multiplicity:1.25
0.001	0.109	0.048	0.842
0.001	0.126	0.038	0.835
0.001	0.036	0.016	0.947
0.001	0.029	0.042	0.928
0.001	0.038	0.001	0.960
0.001	0.055	0.019	0.925
0.001	0.056	0.039	0.904
0.001	0.041	0.043	0.915
