>TTACASGG	1-TTACASGG	6.197122	-12.375881	0	T:18.0(23.08%),B:212.0(6.84%),P:1e-5	Tpos:53.4,Tstd:26.2,Bpos:48.2,Bstd:25.8,StrandBias:-1.0,Multiplicity:1.28
0.268	0.001	0.001	0.730
0.001	0.001	0.001	0.997
0.997	0.001	0.001	0.001
0.001	0.997	0.001	0.001
0.997	0.001	0.001	0.001
0.108	0.482	0.382	0.028
0.001	0.356	0.517	0.126
0.001	0.051	0.783	0.165
>ACGTGAAG	2-ACGTGAAG	9.314859	-11.554968	0	T:5.0(6.41%),B:11.0(0.35%),P:1e-5	Tpos:63.2,Tstd:26.4,Bpos:53.5,Bstd:26.9,StrandBias:0.6,Multiplicity:1.00
0.997	0.001	0.001	0.001
0.001	0.997	0.001	0.001
0.173	0.001	0.825	0.001
0.001	0.001	0.001	0.997
0.001	0.001	0.997	0.001
0.997	0.001	0.001	0.001
0.997	0.001	0.001	0.001
0.001	0.001	0.997	0.001
>ACAAGTCC	3-ACAAGTCC	5.950420	-8.848040	0	T:11.0(14.10%),B:115.0(3.71%),P:1e-3	Tpos:43.2,Tstd:24.3,Bpos:52.9,Bstd:26.7,StrandBias:1.0,Multiplicity:1.36
0.829	0.094	0.001	0.076
0.001	0.822	0.001	0.176
0.997	0.001	0.001	0.001
0.887	0.001	0.001	0.111
0.143	0.001	0.855	0.001
0.001	0.001	0.001	0.997
0.001	0.997	0.001	0.001
0.001	0.997	0.001	0.001
>AAAAAAAA	4-AAAAAAAA	8.667613	-4.403181	0	T:8.0(10.26%),B:123.0(3.97%),P:1e-1	Tpos:42.3,Tstd:20.3,Bpos:49.4,Bstd:27.5,StrandBias:-2.0,Multiplicity:1.12
0.863	0.096	0.013	0.028
0.963	0.013	0.023	0.001
0.902	0.058	0.001	0.039
0.853	0.136	0.010	0.001
0.672	0.131	0.181	0.016
0.947	0.024	0.028	0.001
0.896	0.085	0.018	0.001
0.903	0.054	0.012	0.031
>CACACACA	5-CACACACA	4.980282	-4.181079	0	T:10.0(12.82%),B:181.0(5.84%),P:1e-1	Tpos:38.5,Tstd:23.2,Bpos:46.5,Bstd:28.9,StrandBias:3.0,Multiplicity:1.30
0.035	0.854	0.001	0.110
0.997	0.001	0.001	0.001
0.001	0.997	0.001	0.001
0.997	0.001	0.001	0.001
0.032	0.897	0.001	0.070
0.997	0.001	0.001	0.001
0.033	0.920	0.001	0.046
0.997	0.001	0.001	0.001
>GAAGAGGT	6-GAAGAGGT	8.236954	-3.150404	0	T:2.0(2.56%),B:13.0(0.42%),P:1e-1	Tpos:60.7,Tstd:29.8,Bpos:51.0,Bstd:16.1,StrandBias:-2.3,Multiplicity:3.00
0.100	0.100	0.700	0.100
0.700	0.100	0.100	0.100
0.700	0.100	0.100	0.100
0.100	0.100	0.700	0.100
0.700	0.100	0.100	0.100
0.100	0.100	0.700	0.100
0.100	0.100	0.700	0.100
0.100	0.100	0.100	0.700
