>KCSATRKTCW	1-KCSATRKTCW	7.128241	-23.035611	0	T:8.0(10.26%),B:9.0(0.29%),P:1e-10	Tpos:55.1,Tstd:27.2,Bpos:39.6,Bstd:22.5,StrandBias:0.0,Multiplicity:1.00
0.017	0.001	0.525	0.457
0.001	0.997	0.001	0.001
0.001	0.525	0.457	0.017
0.965	0.001	0.001	0.033
0.001	0.001	0.001	0.997
0.507	0.001	0.491	0.001
0.001	0.001	0.473	0.525
0.001	0.001	0.001	0.997
0.001	0.997	0.001	0.001
0.542	0.001	0.001	0.456
>AAGACTGAGT	2-AAGACTGAGT	11.091263	-19.311910	0	T:6.0(7.69%),B:5.0(0.16%),P:1e-8	Tpos:49.1,Tstd:29.5,Bpos:61.0,Bstd:19.3,StrandBias:-0.4,Multiplicity:1.00
0.997	0.001	0.001	0.001
0.856	0.001	0.001	0.142
0.142	0.001	0.856	0.001
0.856	0.142	0.001	0.001
0.001	0.997	0.001	0.001
0.001	0.001	0.001	0.997
0.001	0.143	0.713	0.143
0.856	0.001	0.142	0.001
0.001	0.001	0.997	0.001
0.001	0.001	0.001	0.997
>AATCTAGAGC	3-AATCTAGAGC	11.873576	-18.003755	0	T:4.0(5.13%),B:1.0(0.03%),P:1e-7	Tpos:59.2,Tstd:10.9,Bpos:42.0,Bstd:0.0,StrandBias:-2.0,Multiplicity:1.25
0.997	0.001	0.001	0.001
0.749	0.249	0.001	0.001
0.001	0.001	0.001	0.997
0.001	0.997	0.001	0.001
0.001	0.249	0.001	0.749
0.997	0.001	0.001	0.001
0.001	0.249	0.749	0.001
0.997	0.001	0.001	0.001
0.001	0.001	0.997	0.001
0.001	0.997	0.001	0.001
>AGCTCCCAGC	4-AGCTCCCAGC	12.128985	-16.475868	0	T:5.0(6.41%),B:4.0(0.13%),P:1e-7	Tpos:30.2,Tstd:20.5,Bpos:75.5,Bstd:19.2,StrandBias:2.0,Multiplicity:1.00
0.997	0.001	0.001	0.001
0.001	0.001	0.997	0.001
0.001	0.997	0.001	0.001
0.001	0.001	0.001	0.997
0.001	0.997	0.001	0.001
0.238	0.760	0.001	0.001
0.001	0.760	0.001	0.238
0.997	0.001	0.001	0.001
0.001	0.001	0.997	0.001
0.001	0.997	0.001	0.001
>CAAACAAGCG	5-CAAACAAGCG	6.453782	-14.608308	0	T:8.0(10.26%),B:27.0(0.87%),P:1e-6	Tpos:40.5,Tstd:25.1,Bpos:54.5,Bstd:23.2,StrandBias:3.3,Multiplicity:1.12
0.001	0.919	0.040	0.040
0.959	0.001	0.001	0.039
0.997	0.001	0.001	0.001
0.868	0.040	0.091	0.001
0.001	0.950	0.001	0.048
0.997	0.001	0.001	0.001
0.997	0.001	0.001	0.001
0.001	0.050	0.948	0.001
0.001	0.917	0.081	0.001
0.212	0.001	0.786	0.001
>ACACACACAC	6-ACACACACAC	11.475880	-4.249230	0	T:3.0(3.85%),B:20.0(0.65%),P:1e-1	Tpos:74.1,Tstd:23.1,Bpos:39.9,Bstd:25.1,StrandBias:10.0,Multiplicity:1.00
0.879	0.001	0.001	0.119
0.082	0.916	0.001	0.001
0.997	0.001	0.001	0.001
0.001	0.997	0.001	0.001
0.997	0.001	0.001	0.001
0.001	0.997	0.001	0.001
0.997	0.001	0.001	0.001
0.001	0.861	0.001	0.137
0.997	0.001	0.001	0.001
0.001	0.997	0.001	0.001
>TCCTTCCTTC	7-TCCTTCCTTC	13.137904	-1.594731	0	T:1.0(1.28%),B:9.0(0.29%),P:1e0	Tpos:31.0,Tstd:4.5,Bpos:68.3,Bstd:23.4,StrandBias:10.0,Multiplicity:1.00
0.001	0.194	0.001	0.804
0.001	0.997	0.001	0.001
0.001	0.804	0.001	0.194
0.001	0.001	0.001	0.997
0.001	0.112	0.001	0.886
0.001	0.997	0.001	0.001
0.001	0.997	0.001	0.001
0.001	0.001	0.001	0.997
0.001	0.137	0.001	0.861
0.001	0.997	0.001	0.001
