>CTCTGACC	1-CTCTGACC	7.187883	-18.383255	0	T:16.0(20.51%),B:108.0(3.48%),P:1e-7	Tpos:40.8,Tstd:19.0,Bpos:57.1,Bstd:27.7,StrandBias:0.9,Multiplicity:1.06
0.116	0.694	0.062	0.128
0.061	0.001	0.001	0.937
0.001	0.777	0.152	0.070
0.052	0.001	0.001	0.946
0.001	0.051	0.904	0.044
0.928	0.001	0.039	0.032
0.046	0.924	0.029	0.001
0.001	0.966	0.001	0.032
>AACGACTT	2-AACGACTT	8.551550	-16.475868	0	T:5.0(6.41%),B:4.0(0.13%),P:1e-7	Tpos:38.4,Tstd:21.5,Bpos:68.8,Bstd:15.4,StrandBias:2.0,Multiplicity:1.00
0.997	0.001	0.001	0.001
0.997	0.001	0.001	0.001
0.086	0.679	0.113	0.122
0.104	0.001	0.745	0.150
0.997	0.001	0.001	0.001
0.001	0.997	0.001	0.001
0.211	0.001	0.001	0.787
0.001	0.001	0.001	0.997
>YAACAGCA	3-YAACAGCA	6.382943	-12.804599	0	T:28.0(35.90%),B:454.0(14.65%),P:1e-5	Tpos:51.0,Tstd:24.9,Bpos:50.7,Bstd:25.7,StrandBias:0.1,Multiplicity:1.18
0.001	0.574	0.001	0.424
0.707	0.001	0.001	0.291
0.625	0.001	0.373	0.001
0.001	0.765	0.001	0.233
0.997	0.001	0.001	0.001
0.258	0.001	0.740	0.001
0.001	0.650	0.001	0.348
0.997	0.001	0.001	0.001
>TAGTTTGT	4-TAGTTTGT	6.731422	-11.590192	0	T:17.0(21.79%),B:202.0(6.52%),P:1e-5	Tpos:44.2,Tstd:31.2,Bpos:48.2,Bstd:26.4,StrandBias:0.5,Multiplicity:1.19
0.055	0.055	0.001	0.889
0.872	0.001	0.041	0.086
0.078	0.001	0.890	0.031
0.001	0.001	0.001	0.997
0.129	0.001	0.001	0.869
0.001	0.158	0.001	0.840
0.001	0.058	0.877	0.064
0.001	0.092	0.073	0.834
>GACCTTCT	5-GACCTTCT	6.919061	-11.516504	0	T:13.0(16.67%),B:121.0(3.90%),P:1e-5	Tpos:59.8,Tstd:21.2,Bpos:50.6,Bstd:28.5,StrandBias:0.5,Multiplicity:1.09
0.121	0.001	0.876	0.002
0.997	0.001	0.001	0.001
0.368	0.594	0.037	0.001
0.001	0.534	0.329	0.136
0.018	0.171	0.001	0.810
0.001	0.001	0.001	0.997
0.001	0.997	0.001	0.001
0.139	0.001	0.331	0.529
