>GWMAKCTSWRCA	1-GWMAKCTSWRCA	10.176385	-16.914456	0	T:4.0(11.76%),B:3.0(0.10%),P:1e-7	Tpos:47.8,Tstd:13.6,Bpos:72.0,Bstd:23.3,StrandBias:0.0,Multiplicity:1.00
0.032	0.001	0.966	0.001
0.450	0.033	0.001	0.516
0.549	0.449	0.001	0.001
0.997	0.001	0.001	0.001
0.001	0.001	0.449	0.549
0.001	0.997	0.001	0.001
0.001	0.001	0.001	0.997
0.001	0.549	0.449	0.001
0.549	0.001	0.001	0.449
0.449	0.001	0.549	0.001
0.001	0.997	0.001	0.001
0.997	0.001	0.001	0.001
>ASTAWWATASTT	2-ASTAWWATASTT	13.685551	-15.332998	0	T:3.0(8.82%),B:0.0(0.00%),P:1e-6	Tpos:69.7,Tstd:16.8,Bpos:0.0,Bstd:0.0,StrandBias:-1.0,Multiplicity:1.00
0.997	0.001	0.001	0.001
0.001	0.549	0.449	0.001
0.001	0.001	0.001	0.997
0.997	0.001	0.001	0.001
0.449	0.001	0.001	0.549
0.516	0.001	0.001	0.482
0.966	0.001	0.001	0.032
0.001	0.001	0.001	0.997
0.997	0.001	0.001	0.001
0.001	0.449	0.549	0.001
0.001	0.001	0.001	0.997
0.001	0.001	0.032	0.966
>GTTTTTTGGGAG	3-GTTTTTTGGGAG	3.309361	-14.814797	0	T:15.0(44.12%),B:306.0(10.19%),P:1e-6	Tpos:55.4,Tstd:30.6,Bpos:47.7,Bstd:27.1,StrandBias:-0.5,Multiplicity:1.13
0.001	0.001	0.997	0.001
0.001	0.001	0.358	0.640
0.033	0.310	0.020	0.637
0.001	0.016	0.359	0.624
0.001	0.001	0.326	0.672
0.310	0.016	0.001	0.673
0.001	0.001	0.309	0.689
0.015	0.001	0.983	0.001
0.309	0.001	0.689	0.001
0.032	0.001	0.966	0.001
0.983	0.001	0.001	0.015
0.001	0.001	0.672	0.326
>CWRMAACAGYAG	4-CWRMAACAGYAG	13.747543	-8.312918	0	T:2.0(5.88%),B:2.0(0.07%),P:1e-3	Tpos:31.3,Tstd:15.6,Bpos:24.0,Bstd:13.0,StrandBias:10.0,Multiplicity:1.50
0.032	0.966	0.001	0.001
0.549	0.001	0.001	0.449
0.549	0.001	0.449	0.001
0.449	0.549	0.001	0.001
0.997	0.001	0.001	0.001
0.997	0.001	0.001	0.001
0.001	0.997	0.001	0.001
0.997	0.001	0.001	0.001
0.032	0.001	0.966	0.001
0.001	0.449	0.001	0.549
0.997	0.001	0.001	0.001
0.001	0.001	0.997	0.001
>CTRCTGTTGTTG	5-CTRCTGTTGTTG	13.766945	-4.486497	0	T:1.0(2.94%),B:0.0(0.00%),P:1e-1	Tpos:66.0,Tstd:0.0,Bpos:0.0,Bstd:0.0,StrandBias:-10.0,Multiplicity:1.00
0.001	0.976	0.001	0.022
0.001	0.001	0.001	0.997
0.477	0.001	0.521	0.001
0.001	0.740	0.004	0.255
0.004	0.001	0.001	0.994
0.009	0.237	0.753	0.001
0.001	0.264	0.001	0.734
0.001	0.236	0.001	0.762
0.246	0.001	0.512	0.241
0.001	0.279	0.001	0.719
0.004	0.001	0.001	0.994
0.010	0.001	0.988	0.001
