>CCTCWCTKGTGY	1-CCTCWCTKGTGY	11.118253	-29.765140	0	T:7.0(8.97%),B:2.0(0.06%),P:1e-12	Tpos:48.1,Tstd:21.0,Bpos:34.0,Bstd:12.0,StrandBias:1.3,Multiplicity:1.00
0.001	0.961	0.019	0.019
0.234	0.491	0.001	0.274
0.001	0.001	0.001	0.997
0.001	0.743	0.001	0.255
0.529	0.001	0.001	0.469
0.001	0.997	0.001	0.001
0.020	0.001	0.001	0.978
0.001	0.001	0.531	0.467
0.256	0.001	0.742	0.001
0.233	0.001	0.001	0.765
0.020	0.001	0.723	0.256
0.001	0.531	0.001	0.467
>CCYTCAACTCTT	2-CCYTCAACTCTT	10.738583	-20.174155	0	T:8.0(10.26%),B:13.0(0.42%),P:1e-8	Tpos:54.0,Tstd:19.1,Bpos:48.2,Bstd:25.8,StrandBias:0.3,Multiplicity:1.12
0.001	0.735	0.015	0.249
0.001	0.997	0.001	0.001
0.001	0.467	0.001	0.531
0.001	0.001	0.015	0.983
0.001	0.468	0.263	0.267
0.765	0.233	0.001	0.001
0.516	0.001	0.234	0.249
0.001	0.765	0.233	0.001
0.001	0.001	0.001	0.997
0.001	0.750	0.248	0.001
0.001	0.249	0.001	0.749
0.001	0.001	0.001	0.997
>TAACCAGGGTGG	3-TAACCAGGGTGG	8.346260	-19.902378	0	T:5.0(6.41%),B:2.0(0.06%),P:1e-8	Tpos:39.4,Tstd:28.8,Bpos:69.5,Bstd:18.5,StrandBias:2.0,Multiplicity:1.00
0.001	0.001	0.001	0.997
0.786	0.001	0.212	0.001
0.997	0.001	0.001	0.001
0.001	0.997	0.001	0.001
0.001	0.997	0.001	0.001
0.997	0.001	0.001	0.001
0.001	0.064	0.934	0.001
0.147	0.001	0.851	0.001
0.064	0.001	0.934	0.001
0.065	0.001	0.147	0.787
0.001	0.001	0.934	0.064
0.001	0.001	0.997	0.001
>ACACATTGTRTT	4-ACACATTGTRTT	12.119505	-19.311910	0	T:6.0(7.69%),B:5.0(0.16%),P:1e-8	Tpos:50.6,Tstd:6.8,Bpos:35.0,Bstd:16.3,StrandBias:0.4,Multiplicity:1.00
0.997	0.001	0.001	0.001
0.001	0.982	0.001	0.016
0.619	0.001	0.001	0.379
0.001	0.997	0.001	0.001
0.997	0.001	0.001	0.001
0.379	0.001	0.001	0.619
0.189	0.001	0.001	0.809
0.001	0.001	0.997	0.001
0.001	0.001	0.001	0.997
0.396	0.189	0.413	0.001
0.001	0.001	0.001	0.997
0.001	0.379	0.001	0.619
>TTCHTCTGAAGT	5-TTCHTCTGAAGT	7.823631	-18.659414	0	T:7.0(8.97%),B:10.0(0.32%),P:1e-8	Tpos:55.9,Tstd:31.1,Bpos:50.1,Bstd:23.9,StrandBias:-2.8,Multiplicity:1.14
0.001	0.001	0.001	0.997
0.305	0.001	0.001	0.693
0.001	0.997	0.001	0.001
0.306	0.306	0.001	0.388
0.014	0.371	0.001	0.614
0.001	0.676	0.001	0.322
0.001	0.001	0.064	0.934
0.001	0.001	0.997	0.001
0.690	0.306	0.001	0.003
0.981	0.001	0.001	0.017
0.001	0.001	0.690	0.308
0.001	0.374	0.001	0.624
>AACAGGCTGAGA	6-AACAGGCTGAGA	10.511578	-17.332871	0	T:6.0(7.69%),B:7.0(0.23%),P:1e-7	Tpos:54.5,Tstd:32.4,Bpos:25.0,Bstd:16.1,StrandBias:1.0,Multiplicity:1.00
0.715	0.001	0.001	0.283
0.762	0.234	0.003	0.001
0.001	0.531	0.234	0.234
0.997	0.001	0.001	0.001
0.001	0.002	0.996	0.001
0.001	0.006	0.990	0.003
0.001	0.949	0.001	0.049
0.012	0.001	0.001	0.986
0.001	0.050	0.715	0.234
0.531	0.234	0.234	0.001
0.234	0.234	0.529	0.003
0.762	0.001	0.003	0.234
>TGAGCACTCTTG	7-TGAGCACTCTTG	8.898570	-15.379754	0	T:5.0(6.41%),B:5.0(0.16%),P:1e-6	Tpos:59.2,Tstd:28.8,Bpos:51.2,Bstd:21.1,StrandBias:1.0,Multiplicity:1.20
0.001	0.001	0.001	0.997
0.001	0.106	0.840	0.053
0.997	0.001	0.001	0.001
0.001	0.001	0.997	0.001
0.053	0.893	0.001	0.053
0.892	0.106	0.001	0.001
0.001	0.997	0.001	0.001
0.001	0.001	0.001	0.997
0.001	0.997	0.001	0.001
0.001	0.159	0.001	0.839
0.001	0.001	0.001	0.997
0.106	0.001	0.892	0.001
>ACAABATTGTCA	8-ACAABATTGTCA	9.125958	-15.250254	0	T:4.0(5.13%),B:2.0(0.06%),P:1e-6	Tpos:63.8,Tstd:30.2,Bpos:63.0,Bstd:3.0,StrandBias:2.0,Multiplicity:1.00
0.997	0.001	0.001	0.001
0.001	0.997	0.001	0.001
0.693	0.305	0.001	0.001
0.997	0.001	0.001	0.001
0.041	0.306	0.306	0.347
0.652	0.041	0.306	0.001
0.001	0.001	0.001	0.997
0.001	0.001	0.305	0.693
0.001	0.001	0.997	0.001
0.001	0.001	0.305	0.693
0.001	0.997	0.001	0.001
0.997	0.001	0.001	0.001
