>GCTATAGT	1-GCTATAGT	7.110862	-18.447409	0	T:19.0(15.32%),B:4802.0(3.08%),P:1e-8,FDR:0.2	Tpos:38.0,Tstd:23.8,Bpos:49.0,Bstd:37.1,StrandBias:-0.4,Multiplicity:1.05
0.091	0.064	0.844	0.001
0.083	0.844	0.001	0.072
0.001	0.050	0.001	0.948
0.800	0.112	0.039	0.049
0.001	0.088	0.001	0.910
0.872	0.126	0.001	0.001
0.070	0.001	0.928	0.001
0.049	0.001	0.059	0.891
>CTACMTGK	2-CTACMTGK	6.822268	-12.737065	0	T:17.0(13.71%),B:5685.8(3.64%),P:1e-5,FDR:1	Tpos:52.8,Tstd:26.8,Bpos:49.9,Bstd:35.0,StrandBias:-0.1,Multiplicity:1.35
0.124	0.594	0.001	0.281
0.001	0.001	0.001	0.997
0.683	0.001	0.233	0.083
0.001	0.720	0.001	0.278
0.359	0.368	0.185	0.088
0.026	0.328	0.001	0.645
0.001	0.001	0.978	0.020
0.001	0.096	0.454	0.449
>GACACGGT	3-GACACGGT	7.683123	-11.770657	0	T:11.0(8.87%),B:2581.3(1.65%),P:1e-5,FDR:1	Tpos:53.2,Tstd:24.9,Bpos:50.1,Bstd:31.6,StrandBias:0.7,Multiplicity:1.09
0.001	0.001	0.997	0.001
0.869	0.001	0.001	0.129
0.001	0.997	0.001	0.001
0.720	0.001	0.168	0.111
0.047	0.874	0.078	0.001
0.095	0.136	0.768	0.001
0.001	0.001	0.997	0.001
0.106	0.001	0.001	0.892
>ACAGAGAG	4-ACAGAGAG	8.176429	-7.933204	0	T:15.0(12.10%),B:6824.0(4.37%),P:1e-3,FDR:1	Tpos:58.1,Tstd:23.6,Bpos:50.0,Bstd:35.1,StrandBias:0.0,Multiplicity:1.00
0.959	0.001	0.001	0.039
0.001	0.876	0.122	0.001
0.696	0.001	0.001	0.302
0.001	0.186	0.812	0.001
0.818	0.001	0.001	0.180
0.001	0.001	0.844	0.154
0.997	0.001	0.001	0.001
0.088	0.001	0.910	0.001
>AAAAAAAA	5-AAAAAAAA	8.797868	-6.679457	0	T:5.0(4.03%),B:993.0(0.64%),P:1e-2,FDR:1	Tpos:51.4,Tstd:22.1,Bpos:52.0,Bstd:28.3,StrandBias:-0.8,Multiplicity:1.00
0.768	0.071	0.069	0.092
0.735	0.094	0.074	0.097
0.740	0.094	0.056	0.110
0.758	0.050	0.095	0.097
0.729	0.069	0.096	0.106
0.738	0.081	0.074	0.107
0.809	0.042	0.084	0.065
0.733	0.078	0.085	0.104
