>ACCCCCAT	1-ACCCCCAT	8.259938	-14.757578	0	T:11.0(9.48%),B:40.0(1.30%),P:1e-6	Tpos:37.3,Tstd:17.2,Bpos:52.6,Bstd:27.9,StrandBias:-1.6,Multiplicity:1.09
0.715	0.283	0.001	0.001
0.001	0.997	0.001	0.001
0.225	0.773	0.001	0.001
0.001	0.997	0.001	0.001
0.001	0.997	0.001	0.001
0.246	0.752	0.001	0.001
0.696	0.001	0.001	0.302
0.001	0.001	0.369	0.629
>ACAGGKGT	2-ACAGGKGT	7.518035	-12.691539	0	T:12.0(10.34%),B:60.0(1.94%),P:1e-5	Tpos:57.1,Tstd:27.8,Bpos:46.5,Bstd:26.5,StrandBias:0.0,Multiplicity:1.33
0.928	0.001	0.001	0.070
0.001	0.989	0.001	0.009
0.997	0.001	0.001	0.001
0.001	0.001	0.997	0.001
0.001	0.034	0.964	0.001
0.001	0.001	0.426	0.572
0.001	0.001	0.997	0.001
0.001	0.001	0.001	0.997
>GGAGCAAC	3-GGAGCAAC	7.746986	-11.233010	0	T:11.0(9.48%),B:58.0(1.88%),P:1e-4	Tpos:48.2,Tstd:28.5,Bpos:49.0,Bstd:29.5,StrandBias:0.8,Multiplicity:1.18
0.094	0.080	0.787	0.039
0.038	0.025	0.936	0.001
0.997	0.001	0.001	0.001
0.242	0.001	0.666	0.091
0.001	0.851	0.089	0.059
0.919	0.036	0.001	0.044
0.911	0.050	0.038	0.001
0.001	0.997	0.001	0.001
>AGGCTCCC	4-AGGCTCCC	6.672617	-11.064356	0	T:22.0(18.97%),B:215.0(6.96%),P:1e-4	Tpos:57.8,Tstd:22.5,Bpos:48.7,Bstd:25.9,StrandBias:0.0,Multiplicity:1.18
0.948	0.001	0.050	0.001
0.001	0.001	0.997	0.001
0.001	0.001	0.725	0.273
0.001	0.997	0.001	0.001
0.001	0.001	0.001	0.997
0.001	0.870	0.076	0.053
0.066	0.932	0.001	0.001
0.095	0.522	0.133	0.250
>TRTGTGTC	5-TRTGTGTC	8.050045	-9.001080	0	T:7.0(6.03%),B:29.0(0.94%),P:1e-3	Tpos:45.5,Tstd:29.0,Bpos:58.7,Bstd:27.3,StrandBias:-1.6,Multiplicity:1.33
0.001	0.001	0.001	0.997
0.541	0.001	0.457	0.001
0.001	0.001	0.001	0.997
0.001	0.001	0.908	0.090
0.001	0.001	0.001	0.997
0.001	0.001	0.997	0.001
0.001	0.001	0.001	0.997
0.001	0.997	0.001	0.001
