>GTGATAACAG	1-GTGATAACAG	11.316461	-18.203161	0	T:6.0(5.17%),B:4.0(0.13%),P:1e-7	Tpos:41.8,Tstd:20.3,Bpos:38.8,Bstd:25.0,StrandBias:-10.0,Multiplicity:1.00
0.001	0.166	0.832	0.001
0.166	0.001	0.001	0.832
0.001	0.001	0.997	0.001
0.997	0.001	0.001	0.001
0.001	0.001	0.166	0.832
0.832	0.001	0.166	0.001
0.997	0.001	0.001	0.001
0.001	0.832	0.001	0.166
0.997	0.001	0.001	0.001
0.001	0.001	0.997	0.001
>GTTGTTGTTG	2-GTTGTTGTTG	7.232614	-13.839318	0	T:21.0(18.10%),B:166.0(5.38%),P:1e-6	Tpos:47.4,Tstd:27.5,Bpos:51.6,Bstd:25.1,StrandBias:1.2,Multiplicity:1.24
0.136	0.054	0.782	0.028
0.067	0.330	0.067	0.536
0.134	0.001	0.001	0.864
0.070	0.293	0.636	0.001
0.001	0.189	0.001	0.809
0.001	0.001	0.001	0.997
0.001	0.067	0.829	0.103
0.067	0.189	0.054	0.690
0.067	0.067	0.067	0.799
0.202	0.071	0.715	0.012
>TTTTTTTTCA	3-TTTTTTTTCA	8.237218	-13.215116	0	T:15.0(12.93%),B:91.0(2.95%),P:1e-5	Tpos:49.8,Tstd:30.9,Bpos:53.2,Bstd:28.6,StrandBias:0.2,Multiplicity:1.07
0.001	0.001	0.150	0.848
0.001	0.001	0.001	0.997
0.150	0.170	0.001	0.679
0.001	0.001	0.001	0.997
0.001	0.001	0.242	0.756
0.150	0.001	0.301	0.548
0.001	0.150	0.019	0.830
0.212	0.001	0.150	0.637
0.064	0.793	0.140	0.003
0.932	0.001	0.001	0.066
>CTTVGCCTAT	4-CTTVGCCTAT	7.672004	-11.405243	0	T:6.0(5.17%),B:13.0(0.42%),P:1e-4	Tpos:49.1,Tstd:30.6,Bpos:60.3,Bstd:28.1,StrandBias:1.3,Multiplicity:1.17
0.393	0.605	0.001	0.001
0.001	0.302	0.001	0.696
0.001	0.001	0.001	0.997
0.303	0.364	0.333	0.001
0.001	0.302	0.696	0.001
0.001	0.997	0.001	0.001
0.001	0.997	0.001	0.001
0.001	0.001	0.001	0.997
0.968	0.001	0.030	0.001
0.001	0.001	0.001	0.997
>TATCTATCTA	5-TATCTATCTA	9.329645	-4.947522	0	T:4.0(3.45%),B:20.0(0.65%),P:1e-2	Tpos:51.5,Tstd:26.1,Bpos:53.1,Bstd:25.7,StrandBias:3.5,Multiplicity:1.25
0.001	0.001	0.001	0.997
0.997	0.001	0.001	0.001
0.001	0.232	0.001	0.766
0.001	0.735	0.263	0.001
0.001	0.001	0.232	0.766
0.535	0.001	0.232	0.232
0.001	0.232	0.001	0.766
0.001	0.739	0.259	0.001
0.001	0.001	0.001	0.997
0.766	0.232	0.001	0.001
