>GTTGGAAAGATA	1-GTTGGAAAGATA	11.025607	-26.888977	0	T:7.0(6.03%),B:2.0(0.06%),P:1e-11	Tpos:57.0,Tstd:25.9,Bpos:35.0,Bstd:17.0,StrandBias:0.4,Multiplicity:1.00
0.124	0.001	0.874	0.001
0.124	0.001	0.001	0.874
0.001	0.001	0.124	0.874
0.250	0.001	0.624	0.125
0.001	0.001	0.997	0.001
0.997	0.001	0.001	0.001
0.874	0.001	0.001	0.124
0.749	0.001	0.249	0.001
0.001	0.124	0.874	0.001
0.997	0.001	0.001	0.001
0.125	0.125	0.125	0.625
0.874	0.001	0.124	0.001
>AWTTTGTTTTGT	2-AWTTTGTTTTGT	10.243209	-13.185552	0	T:7.0(6.03%),B:15.0(0.49%),P:1e-5	Tpos:50.0,Tstd:23.3,Bpos:65.9,Bstd:23.5,StrandBias:-1.3,Multiplicity:1.00
0.997	0.001	0.001	0.001
0.475	0.001	0.001	0.523
0.001	0.001	0.158	0.840
0.001	0.001	0.316	0.682
0.001	0.001	0.001	0.997
0.206	0.158	0.635	0.001
0.001	0.317	0.048	0.634
0.158	0.001	0.001	0.840
0.001	0.001	0.001	0.997
0.001	0.001	0.001	0.997
0.001	0.001	0.997	0.001
0.158	0.158	0.001	0.683
>CAGCTAGCCAGG	3-CAGCTAGCCAGG	10.409522	-11.689336	0	T:3.0(2.59%),B:1.0(0.03%),P:1e-5	Tpos:41.9,Tstd:24.7,Bpos:65.0,Bstd:0.0,StrandBias:10.0,Multiplicity:2.33
0.100	0.700	0.100	0.100
0.700	0.100	0.100	0.100
0.100	0.100	0.700	0.100
0.100	0.700	0.100	0.100
0.100	0.100	0.100	0.700
0.700	0.100	0.100	0.100
0.100	0.100	0.700	0.100
0.100	0.700	0.100	0.100
0.100	0.700	0.100	0.100
0.700	0.100	0.100	0.100
0.100	0.100	0.700	0.100
0.100	0.100	0.700	0.100
>TGTGTGTGGGGG	4-TGTGTGTGGGGG	9.258593	-9.812024	0	T:10.0(8.62%),B:56.0(1.81%),P:1e-4	Tpos:72.5,Tstd:16.1,Bpos:41.0,Bstd:22.7,StrandBias:-1.8,Multiplicity:1.00
0.001	0.001	0.074	0.924
0.001	0.074	0.924	0.001
0.150	0.075	0.150	0.625
0.001	0.001	0.924	0.074
0.001	0.001	0.149	0.849
0.001	0.074	0.924	0.001
0.001	0.001	0.096	0.902
0.074	0.001	0.924	0.001
0.001	0.001	0.621	0.377
0.001	0.001	0.924	0.074
0.001	0.001	0.621	0.377
0.001	0.001	0.849	0.149
>TGTTTTGTTTTC	5-TGTTTTGTTTTC	11.727858	-8.269304	0	T:4.0(3.45%),B:8.0(0.26%),P:1e-3	Tpos:52.0,Tstd:25.9,Bpos:60.6,Bstd:20.2,StrandBias:-1.6,Multiplicity:1.00
0.001	0.232	0.232	0.535
0.001	0.001	0.943	0.055
0.001	0.001	0.232	0.766
0.232	0.001	0.001	0.766
0.001	0.001	0.001	0.997
0.232	0.001	0.012	0.755
0.001	0.285	0.713	0.001
0.001	0.001	0.232	0.766
0.001	0.001	0.066	0.932
0.001	0.232	0.001	0.766
0.001	0.001	0.001	0.997
0.001	0.930	0.057	0.012
>TCACTCCCTCCC	6-TCACTCCCTCCC	14.906949	-7.289119	0	T:2.0(1.72%),B:1.0(0.03%),P:1e-3	Tpos:69.8,Tstd:8.7,Bpos:50.0,Bstd:0.0,StrandBias:10.0,Multiplicity:1.00
0.001	0.001	0.001	0.997
0.001	0.997	0.001	0.001
0.767	0.231	0.001	0.001
0.001	0.997	0.001	0.001
0.001	0.001	0.001	0.997
0.001	0.997	0.001	0.001
0.001	0.997	0.001	0.001
0.001	0.997	0.001	0.001
0.001	0.001	0.044	0.954
0.001	0.954	0.001	0.044
0.001	0.865	0.001	0.133
0.001	0.997	0.001	0.001
>ATTKDTWGTTTW	7-ATTKDTWGTTTW	7.057224	-6.320282	0	T:22.0(18.97%),B:301.0(9.75%),P:1e-2	Tpos:54.7,Tstd:26.3,Bpos:48.4,Bstd:24.3,StrandBias:1.3,Multiplicity:1.14
0.646	0.004	0.001	0.349
0.001	0.082	0.165	0.752
0.002	0.083	0.083	0.832
0.001	0.001	0.430	0.568
0.233	0.083	0.334	0.350
0.416	0.001	0.001	0.582
0.500	0.001	0.001	0.498
0.089	0.083	0.496	0.332
0.065	0.001	0.094	0.840
0.085	0.001	0.257	0.657
0.248	0.002	0.002	0.748
0.487	0.082	0.001	0.429
