>KSDGCDCY	1-KSDGCDCY	4.888857	-19.022292	0	T:12.0(10.34%),B:33.0(1.07%),P:1e-8	Tpos:65.2,Tstd:23.0,Bpos:45.1,Bstd:25.4,StrandBias:-0.5,Multiplicity:1.00
0.001	0.201	0.324	0.474
0.175	0.310	0.419	0.096
0.293	0.131	0.350	0.226
0.252	0.169	0.578	0.001
0.001	0.771	0.001	0.227
0.231	0.138	0.342	0.290
0.214	0.478	0.001	0.307
0.001	0.478	0.178	0.343
>GACGGACT	2-GACGGACT	6.001479	-15.928897	0	T:29.0(25.00%),B:265.0(8.58%),P:1e-6	Tpos:54.3,Tstd:26.5,Bpos:51.6,Bstd:26.9,StrandBias:0.4,Multiplicity:1.21
0.164	0.001	0.834	0.001
0.679	0.319	0.001	0.001
0.230	0.702	0.067	0.001
0.256	0.001	0.637	0.106
0.001	0.067	0.931	0.001
0.997	0.001	0.001	0.001
0.257	0.437	0.073	0.233
0.164	0.001	0.001	0.834
>AATAAAAA	3-AATAAAAA	6.346479	-13.074453	0	T:27.0(23.28%),B:270.0(8.75%),P:1e-5	Tpos:46.5,Tstd:29.5,Bpos:49.7,Bstd:27.7,StrandBias:-0.3,Multiplicity:1.33
0.909	0.089	0.001	0.001
0.818	0.001	0.001	0.180
0.028	0.001	0.197	0.774
0.872	0.001	0.031	0.096
0.997	0.001	0.001	0.001
0.825	0.124	0.001	0.050
0.948	0.001	0.050	0.001
0.657	0.001	0.148	0.194
>CTAGTCAT	4-CTAGTCAT	8.512417	-10.990980	0	T:6.0(5.17%),B:14.0(0.45%),P:1e-4	Tpos:59.1,Tstd:30.0,Bpos:48.8,Bstd:30.6,StrandBias:1.3,Multiplicity:1.40
0.001	0.885	0.001	0.113
0.001	0.001	0.001	0.997
0.997	0.001	0.001	0.001
0.235	0.001	0.763	0.001
0.001	0.104	0.001	0.894
0.001	0.997	0.001	0.001
0.997	0.001	0.001	0.001
0.001	0.001	0.001	0.997
>GTATASTA	5-GTATASTA	9.238562	-5.140852	0	T:2.0(1.72%),B:3.0(0.10%),P:1e-2	Tpos:39.2,Tstd:28.5,Bpos:57.3,Bstd:2.6,StrandBias:-2.0,Multiplicity:2.50
0.122	0.001	0.773	0.104
0.311	0.001	0.001	0.687
0.743	0.001	0.255	0.001
0.001	0.001	0.001	0.997
0.997	0.001	0.001	0.001
0.001	0.445	0.553	0.001
0.001	0.096	0.001	0.902
0.997	0.001	0.001	0.001
