>TTCAATTG	1-TTCAATTG	5.255767	-11.050490	0	T:25.0(21.55%),B:266.0(8.62%),P:1e-4	Tpos:49.6,Tstd:23.1,Bpos:50.1,Bstd:27.7,StrandBias:-0.4,Multiplicity:1.16
0.073	0.079	0.042	0.806
0.090	0.119	0.105	0.686
0.074	0.678	0.114	0.134
0.838	0.074	0.067	0.021
0.756	0.073	0.064	0.107
0.096	0.096	0.083	0.725
0.048	0.031	0.196	0.725
0.108	0.062	0.794	0.036
>TGTTTTGT	2-TGTTTTGT	7.595715	-6.357689	0	T:17.0(14.66%),B:205.0(6.64%),P:1e-2	Tpos:49.8,Tstd:20.8,Bpos:48.3,Bstd:26.2,StrandBias:-0.4,Multiplicity:2.18
0.118	0.001	0.001	0.880
0.001	0.001	0.997	0.001
0.172	0.148	0.001	0.679
0.001	0.158	0.001	0.840
0.356	0.001	0.001	0.642
0.001	0.001	0.001	0.997
0.001	0.289	0.709	0.001
0.001	0.001	0.001	0.997
>ACCATTCA	3-ACCATTCA	8.236954	-5.140852	0	T:2.0(1.72%),B:3.0(0.10%),P:1e-2	Tpos:52.8,Tstd:31.1,Bpos:64.0,Bstd:25.4,StrandBias:1.6,Multiplicity:2.00
0.700	0.100	0.100	0.100
0.100	0.700	0.100	0.100
0.100	0.700	0.100	0.100
0.700	0.100	0.100	0.100
0.100	0.100	0.100	0.700
0.100	0.100	0.100	0.700
0.100	0.700	0.100	0.100
0.700	0.100	0.100	0.100
>AAAAAAAA	4-AAAAAAAA	10.399126	-4.371812	0	T:7.0(6.03%),B:66.0(2.14%),P:1e-1	Tpos:44.1,Tstd:26.1,Bpos:48.5,Bstd:27.1,StrandBias:-1.1,Multiplicity:1.00
0.965	0.033	0.001	0.001
0.965	0.026	0.008	0.001
0.997	0.001	0.001	0.001
0.840	0.151	0.001	0.008
0.808	0.187	0.001	0.004
0.997	0.001	0.001	0.001
0.885	0.004	0.093	0.018
0.901	0.001	0.066	0.032
>CCCCCCCC	5-CCCCCCCC	6.372445	-3.823123	0	T:11.0(9.48%),B:146.0(4.73%),P:1e-1	Tpos:43.5,Tstd:28.1,Bpos:49.3,Bstd:27.7,StrandBias:0.1,Multiplicity:1.27
0.072	0.840	0.001	0.087
0.001	0.997	0.001	0.001
0.001	0.997	0.001	0.001
0.088	0.910	0.001	0.001
0.105	0.893	0.001	0.001
0.001	0.997	0.001	0.001
0.043	0.955	0.001	0.001
0.143	0.855	0.001	0.001
