>GTACATMC	1-GTACATMC	6.909664	-21.090722	0	T:10.0(8.62%),B:16.0(0.52%),P:1e-9	Tpos:59.7,Tstd:28.9,Bpos:46.1,Bstd:22.9,StrandBias:0.0,Multiplicity:1.20
0.001	0.001	0.685	0.313
0.001	0.001	0.001	0.997
0.997	0.001	0.001	0.001
0.001	0.997	0.001	0.001
0.997	0.001	0.001	0.001
0.001	0.001	0.001	0.997
0.472	0.526	0.001	0.001
0.001	0.950	0.048	0.001
>GATCCACC	2-GATCCACC	6.853596	-14.429297	0	T:21.0(18.10%),B:160.0(5.18%),P:1e-6	Tpos:45.2,Tstd:26.0,Bpos:49.5,Bstd:26.5,StrandBias:-1.0,Multiplicity:1.29
0.053	0.033	0.913	0.001
0.798	0.200	0.001	0.001
0.001	0.045	0.056	0.898
0.001	0.950	0.048	0.001
0.001	0.911	0.001	0.087
0.793	0.001	0.129	0.077
0.149	0.849	0.001	0.001
0.001	0.930	0.001	0.068
>AGTTTTTG	3-AGTTTTTG	8.236954	-10.926467	0	T:4.0(3.45%),B:4.0(0.13%),P:1e-4	Tpos:38.2,Tstd:23.6,Bpos:53.8,Bstd:24.7,StrandBias:10.0,Multiplicity:1.00
0.700	0.100	0.100	0.100
0.100	0.100	0.700	0.100
0.100	0.100	0.100	0.700
0.100	0.100	0.100	0.700
0.100	0.100	0.100	0.700
0.100	0.100	0.100	0.700
0.100	0.100	0.100	0.700
0.100	0.100	0.700	0.100
>GGGCAAGG	4-GGGCAAGG	5.727969	-7.809209	0	T:27.0(23.28%),B:365.0(11.82%),P:1e-3	Tpos:56.6,Tstd:26.7,Bpos:49.0,Bstd:27.3,StrandBias:0.2,Multiplicity:1.33
0.001	0.001	0.985	0.013
0.034	0.001	0.922	0.043
0.001	0.001	0.997	0.001
0.001	0.817	0.040	0.142
0.649	0.338	0.001	0.012
0.756	0.001	0.001	0.242
0.001	0.079	0.912	0.008
0.085	0.010	0.904	0.001
>AGGGTTAG	5-AGGGTTAG	9.568739	-7.622325	0	T:5.0(4.31%),B:17.0(0.55%),P:1e-3	Tpos:49.4,Tstd:28.4,Bpos:49.3,Bstd:26.7,StrandBias:3.7,Multiplicity:2.80
0.997	0.001	0.001	0.001
0.001	0.001	0.997	0.001
0.001	0.001	0.997	0.001
0.001	0.001	0.775	0.223
0.001	0.001	0.001	0.997
0.001	0.001	0.001	0.997
0.997	0.001	0.001	0.001
0.001	0.001	0.997	0.001
>GAAAAAAA	6-GAAAAAAA	7.672407	-5.817093	0	T:11.0(9.48%),B:110.0(3.56%),P:1e-2	Tpos:51.9,Tstd:30.1,Bpos:48.5,Bstd:27.7,StrandBias:-0.9,Multiplicity:1.00
0.116	0.001	0.834	0.049
0.862	0.001	0.078	0.059
0.754	0.001	0.244	0.001
0.708	0.001	0.001	0.290
0.987	0.001	0.001	0.011
0.969	0.001	0.001	0.029
0.716	0.056	0.001	0.227
0.941	0.001	0.057	0.001
>CGACCTCT	7-CGACCTCT	8.236954	-3.299936	0	T:1.0(0.86%),B:1.0(0.03%),P:1e-1	Tpos:53.2,Tstd:30.0,Bpos:42.0,Bstd:0.0,StrandBias:-10.0,Multiplicity:5.00
0.100	0.700	0.100	0.100
0.100	0.100	0.700	0.100
0.700	0.100	0.100	0.100
0.100	0.700	0.100	0.100
0.100	0.700	0.100	0.100
0.100	0.100	0.100	0.700
0.100	0.700	0.100	0.100
0.100	0.100	0.100	0.700
