>GCCTAAGGCT	1-GCCTAAGGCT	10.890393	-26.888977	0	T:7.0(6.03%),B:2.0(0.06%),P:1e-11	Tpos:38.3,Tstd:27.5,Bpos:38.5,Bstd:9.5,StrandBias:-0.3,Multiplicity:1.00
0.125	0.001	0.749	0.125
0.001	0.997	0.001	0.001
0.001	0.997	0.001	0.001
0.001	0.001	0.001	0.997
0.749	0.001	0.125	0.125
0.997	0.001	0.001	0.001
0.001	0.001	0.997	0.001
0.124	0.001	0.874	0.001
0.001	0.997	0.001	0.001
0.001	0.125	0.125	0.749
>CCTGAAAAAC	2-CCTGAAAAAC	11.276337	-20.567561	0	T:7.0(6.03%),B:5.0(0.16%),P:1e-8	Tpos:46.9,Tstd:24.9,Bpos:55.4,Bstd:15.7,StrandBias:-1.3,Multiplicity:1.00
0.166	0.832	0.001	0.001
0.001	0.997	0.001	0.001
0.001	0.001	0.001	0.997
0.001	0.001	0.997	0.001
0.997	0.001	0.001	0.001
0.832	0.001	0.166	0.001
0.997	0.001	0.001	0.001
0.832	0.166	0.001	0.001
0.667	0.166	0.166	0.001
0.001	0.997	0.001	0.001
>ACAGTCTGTA	3-ACAGTCTGTA	11.169074	-18.203161	0	T:6.0(5.17%),B:4.0(0.13%),P:1e-7	Tpos:50.6,Tstd:26.2,Bpos:28.2,Bstd:13.9,StrandBias:-0.7,Multiplicity:1.00
0.997	0.001	0.001	0.001
0.001	0.997	0.001	0.001
0.997	0.001	0.001	0.001
0.001	0.001	0.997	0.001
0.167	0.167	0.167	0.500
0.001	0.997	0.001	0.001
0.001	0.001	0.001	0.997
0.001	0.001	0.997	0.001
0.166	0.001	0.001	0.832
0.832	0.166	0.001	0.001
>AGCTTTGCAA	4-AGCTTTGCAA	11.276337	-18.203161	0	T:6.0(5.17%),B:4.0(0.13%),P:1e-7	Tpos:51.9,Tstd:19.5,Bpos:43.0,Bstd:35.0,StrandBias:-0.4,Multiplicity:1.17
0.997	0.001	0.001	0.001
0.001	0.001	0.997	0.001
0.001	0.997	0.001	0.001
0.001	0.001	0.001	0.997
0.001	0.166	0.166	0.667
0.001	0.001	0.001	0.997
0.166	0.001	0.832	0.001
0.001	0.832	0.166	0.001
0.997	0.001	0.001	0.001
0.832	0.001	0.001	0.166
>GTAGAGGCTG	5-GTAGAGGCTG	11.021084	-12.502329	0	T:5.0(4.31%),B:6.0(0.19%),P:1e-5	Tpos:46.9,Tstd:29.3,Bpos:47.5,Bstd:21.9,StrandBias:-1.3,Multiplicity:1.40
0.001	0.134	0.864	0.001
0.001	0.090	0.001	0.908
0.927	0.001	0.071	0.001
0.001	0.001	0.997	0.001
0.864	0.001	0.134	0.001
0.001	0.001	0.997	0.001
0.001	0.001	0.997	0.001
0.001	0.701	0.297	0.001
0.001	0.001	0.001	0.997
0.001	0.001	0.864	0.134
>TGCCCCCAGG	6-TGCCCCCAGG	7.529494	-10.990980	0	T:6.0(5.17%),B:14.0(0.45%),P:1e-4	Tpos:46.2,Tstd:29.5,Bpos:36.0,Bstd:21.7,StrandBias:-3.0,Multiplicity:1.50
0.001	0.001	0.222	0.776
0.001	0.001	0.997	0.001
0.178	0.820	0.001	0.001
0.001	0.767	0.001	0.231
0.001	0.997	0.001	0.001
0.001	0.997	0.001	0.001
0.001	0.997	0.001	0.001
0.997	0.001	0.001	0.001
0.001	0.001	0.955	0.043
0.001	0.001	0.997	0.001
>GCCATAGTTK	7-GCCATAGTTK	7.850512	-10.699068	0	T:9.0(7.76%),B:40.0(1.30%),P:1e-4	Tpos:57.8,Tstd:18.5,Bpos:47.8,Bstd:26.9,StrandBias:0.2,Multiplicity:1.44
0.137	0.137	0.725	0.001
0.007	0.580	0.274	0.139
0.001	0.997	0.001	0.001
0.997	0.001	0.001	0.001
0.137	0.137	0.137	0.589
0.725	0.137	0.001	0.137
0.001	0.001	0.997	0.001
0.305	0.139	0.001	0.555
0.001	0.001	0.001	0.997
0.001	0.032	0.418	0.549
>TATSCAKCTA	8-TATSCAKCTA	6.837626	-9.946470	0	T:8.0(6.90%),B:34.0(1.10%),P:1e-4	Tpos:46.1,Tstd:26.8,Bpos:48.4,Bstd:25.9,StrandBias:1.8,Multiplicity:2.12
0.090	0.128	0.235	0.547
0.722	0.191	0.001	0.086
0.242	0.015	0.188	0.555
0.015	0.513	0.471	0.001
0.015	0.579	0.001	0.405
0.595	0.042	0.030	0.333
0.060	0.200	0.333	0.406
0.233	0.469	0.229	0.069
0.304	0.173	0.001	0.522
0.628	0.076	0.281	0.015
