>GAATACTAGTCA	1-GAATACTAGTCA	9.342382	-19.851258	0	T:7.0(5.47%),B:5.0(0.16%),P:1e-8	Tpos:50.3,Tstd:25.8,Bpos:46.5,Bstd:22.5,StrandBias:0.8,Multiplicity:1.57
0.001	0.305	0.693	0.001
0.862	0.136	0.001	0.001
0.997	0.001	0.001	0.001
0.273	0.001	0.001	0.725
0.723	0.001	0.140	0.136
0.305	0.693	0.001	0.001
0.001	0.001	0.001	0.997
0.590	0.001	0.273	0.136
0.274	0.137	0.453	0.137
0.137	0.140	0.137	0.586
0.001	0.862	0.136	0.001
0.862	0.001	0.001	0.136
>CWAGAMMARCAC	2-CWAGAMMARCAC	8.352091	-16.285557	0	T:6.0(4.69%),B:5.0(0.16%),P:1e-7	Tpos:57.1,Tstd:21.6,Bpos:56.4,Bstd:30.3,StrandBias:2.6,Multiplicity:1.17
0.001	0.997	0.001	0.001
0.432	0.001	0.001	0.566
0.997	0.001	0.001	0.001
0.001	0.001	0.868	0.130
0.997	0.001	0.001	0.001
0.433	0.436	0.107	0.024
0.432	0.566	0.001	0.001
0.997	0.001	0.001	0.001
0.566	0.001	0.432	0.001
0.001	0.997	0.001	0.001
0.997	0.001	0.001	0.001
0.001	0.896	0.102	0.001
>SCTCTCTSTGGG	3-SCTCTCTSTGGG	7.780991	-14.543676	0	T:20.0(15.62%),B:130.0(4.23%),P:1e-6	Tpos:53.2,Tstd:24.5,Bpos:45.3,Bstd:25.1,StrandBias:-0.6,Multiplicity:1.21
0.098	0.446	0.306	0.149
0.346	0.504	0.001	0.149
0.154	0.051	0.198	0.597
0.001	0.994	0.004	0.001
0.198	0.098	0.001	0.703
0.001	0.698	0.252	0.049
0.001	0.049	0.001	0.949
0.002	0.443	0.408	0.148
0.050	0.001	0.253	0.696
0.001	0.001	0.850	0.148
0.200	0.001	0.598	0.201
0.001	0.348	0.650	0.001
>TTGTTGTTGTTG	4-TTGTTGTTGTTG	8.314215	-7.158840	0	T:5.0(3.91%),B:17.0(0.55%),P:1e-3	Tpos:39.0,Tstd:12.5,Bpos:51.2,Bstd:28.6,StrandBias:0.8,Multiplicity:1.00
0.376	0.001	0.001	0.622
0.001	0.001	0.001	0.997
0.009	0.001	0.802	0.188
0.001	0.001	0.001	0.997
0.001	0.001	0.001	0.997
0.197	0.001	0.801	0.001
0.001	0.001	0.187	0.811
0.001	0.001	0.001	0.997
0.187	0.001	0.811	0.001
0.001	0.376	0.001	0.622
0.001	0.001	0.001	0.997
0.188	0.188	0.623	0.001
>AACCCAATACAA	5-AACCCAATACAA	10.409522	-5.727216	0	T:2.0(1.56%),B:2.0(0.07%),P:1e-2	Tpos:65.3,Tstd:21.8,Bpos:83.5,Bstd:7.5,StrandBias:10.0,Multiplicity:1.50
0.700	0.100	0.100	0.100
0.700	0.100	0.100	0.100
0.100	0.700	0.100	0.100
0.100	0.700	0.100	0.100
0.100	0.700	0.100	0.100
0.700	0.100	0.100	0.100
0.700	0.100	0.100	0.100
0.100	0.100	0.100	0.700
0.700	0.100	0.100	0.100
0.100	0.700	0.100	0.100
0.700	0.100	0.100	0.100
0.700	0.100	0.100	0.100
