>SAGTSRSCAGGC	1-SAGTSRSCAGGC	11.170202	-25.806333	0	T:6.0(4.69%),B:1.0(0.03%),P:1e-11	Tpos:67.2,Tstd:9.5,Bpos:41.0,Bstd:0.0,StrandBias:0.0,Multiplicity:1.00
0.001	0.432	0.566	0.001
0.997	0.001	0.001	0.001
0.001	0.001	0.997	0.001
0.001	0.001	0.001	0.997
0.001	0.566	0.432	0.001
0.566	0.001	0.432	0.001
0.001	0.432	0.566	0.001
0.001	0.997	0.001	0.001
0.997	0.001	0.001	0.001
0.001	0.001	0.997	0.001
0.001	0.044	0.954	0.001
0.001	0.954	0.044	0.001
>AATGCTAGTCTA	2-AATGCTAGTCTA	11.526481	-25.806333	0	T:6.0(4.69%),B:1.0(0.03%),P:1e-11	Tpos:63.3,Tstd:15.8,Bpos:47.0,Bstd:0.0,StrandBias:1.0,Multiplicity:1.00
0.832	0.001	0.001	0.166
0.832	0.001	0.001	0.166
0.001	0.001	0.001	0.997
0.001	0.166	0.667	0.166
0.001	0.832	0.166	0.001
0.001	0.166	0.001	0.832
0.832	0.001	0.166	0.001
0.001	0.001	0.832	0.166
0.166	0.001	0.001	0.832
0.001	0.997	0.001	0.001
0.001	0.001	0.001	0.997
0.832	0.001	0.001	0.166
>GCWGGKRGCTGM	3-GCWGGKRGCTGM	13.676480	-11.382901	0	T:3.0(2.34%),B:1.0(0.03%),P:1e-4	Tpos:50.0,Tstd:18.5,Bpos:74.0,Bstd:0.0,StrandBias:1.0,Multiplicity:1.00
0.001	0.001	0.997	0.001
0.001	0.997	0.001	0.001
0.566	0.001	0.001	0.432
0.001	0.001	0.997	0.001
0.001	0.001	0.997	0.001
0.001	0.001	0.566	0.432
0.432	0.001	0.566	0.001
0.001	0.001	0.997	0.001
0.112	0.886	0.001	0.001
0.001	0.001	0.001	0.997
0.001	0.001	0.997	0.001
0.566	0.432	0.001	0.001
>GAGTAAATGTCT	4-GAGTAAATGTCT	10.395965	-9.333866	0	T:3.0(2.34%),B:2.0(0.07%),P:1e-4	Tpos:56.1,Tstd:26.9,Bpos:64.7,Bstd:12.7,StrandBias:10.0,Multiplicity:2.33
0.001	0.001	0.997	0.001
0.997	0.001	0.001	0.001
0.001	0.001	0.997	0.001
0.001	0.001	0.001	0.997
0.847	0.001	0.151	0.001
0.997	0.001	0.001	0.001
0.761	0.001	0.001	0.237
0.001	0.001	0.042	0.956
0.001	0.001	0.761	0.237
0.001	0.001	0.001	0.997
0.001	0.997	0.001	0.001
0.001	0.001	0.001	0.997
>GCTGGGGGAGGA	5-GCTGGGGGAGGA	13.726096	-8.147822	0	T:3.0(2.34%),B:3.0(0.10%),P:1e-3	Tpos:45.5,Tstd:23.9,Bpos:71.0,Bstd:6.7,StrandBias:10.0,Multiplicity:2.00
0.001	0.001	0.997	0.001
0.001	0.997	0.001	0.001
0.237	0.001	0.001	0.761
0.001	0.001	0.997	0.001
0.001	0.001	0.997	0.001
0.001	0.001	0.997	0.001
0.001	0.001	0.997	0.001
0.001	0.001	0.997	0.001
0.997	0.001	0.001	0.001
0.001	0.001	0.761	0.237
0.001	0.001	0.997	0.001
0.997	0.001	0.001	0.001
>AAAAAAAAAAMA	6-AAAAAAAAAAMA	11.295527	-6.599298	0	T:9.0(7.03%),B:63.0(2.05%),P:1e-2	Tpos:62.0,Tstd:17.3,Bpos:40.1,Bstd:22.8,StrandBias:-2.8,Multiplicity:1.11
0.826	0.172	0.001	0.001
0.754	0.244	0.001	0.001
0.869	0.129	0.001	0.001
0.991	0.007	0.001	0.001
0.832	0.038	0.129	0.001
0.823	0.175	0.001	0.001
0.884	0.114	0.001	0.001
0.869	0.001	0.129	0.001
0.835	0.035	0.129	0.001
0.458	0.276	0.136	0.130
0.465	0.533	0.001	0.001
0.746	0.117	0.136	0.001
