>GTGGGGCAYGCT	1-GTGGGGCAYGCT	11.524010	-17.590478	0	T:6.0(4.69%),B:4.0(0.13%),P:1e-7	Tpos:44.2,Tstd:23.5,Bpos:38.0,Bstd:15.4,StrandBias:3.0,Multiplicity:1.50
0.001	0.231	0.767	0.001
0.001	0.001	0.001	0.997
0.001	0.001	0.767	0.231
0.001	0.001	0.997	0.001
0.001	0.056	0.942	0.001
0.001	0.231	0.767	0.001
0.231	0.767	0.001	0.001
0.997	0.001	0.001	0.001
0.001	0.463	0.001	0.535
0.231	0.001	0.767	0.001
0.001	0.997	0.001	0.001
0.231	0.001	0.001	0.767
>GCCCTAGCATAA	2-GCCCTAGCATAA	10.265830	-17.362584	0	T:5.0(3.91%),B:2.0(0.07%),P:1e-7	Tpos:44.0,Tstd:26.2,Bpos:34.5,Bstd:23.5,StrandBias:-2.0,Multiplicity:1.00
0.301	0.001	0.697	0.001
0.301	0.697	0.001	0.001
0.001	0.997	0.001	0.001
0.001	0.626	0.302	0.071
0.302	0.083	0.001	0.614
0.697	0.001	0.301	0.001
0.001	0.001	0.997	0.001
0.001	0.697	0.301	0.001
0.927	0.001	0.001	0.071
0.001	0.001	0.312	0.686
0.697	0.001	0.001	0.301
0.697	0.001	0.301	0.001
>TTGTTTSTTTTG	3-TTGTTTSTTTTG	9.403720	-15.316303	0	T:15.0(11.72%),B:69.0(2.24%),P:1e-6	Tpos:60.5,Tstd:28.9,Bpos:47.9,Bstd:22.8,StrandBias:0.5,Multiplicity:1.20
0.114	0.001	0.001	0.884
0.115	0.001	0.006	0.878
0.001	0.115	0.763	0.121
0.001	0.001	0.114	0.884
0.001	0.001	0.001	0.997
0.001	0.001	0.001	0.997
0.115	0.345	0.375	0.165
0.001	0.212	0.189	0.598
0.001	0.114	0.001	0.884
0.001	0.001	0.001	0.997
0.001	0.001	0.114	0.884
0.114	0.001	0.884	0.001
>TGTATCTATSTA	4-TGTATCTATSTA	9.975825	-10.074635	0	T:5.0(3.91%),B:9.0(0.29%),P:1e-4	Tpos:47.4,Tstd:25.5,Bpos:56.3,Bstd:25.1,StrandBias:-4.0,Multiplicity:2.40
0.001	0.001	0.001	0.997
0.001	0.027	0.729	0.243
0.001	0.001	0.001	0.997
0.535	0.232	0.232	0.001
0.001	0.001	0.001	0.997
0.001	0.997	0.001	0.001
0.011	0.232	0.001	0.756
0.997	0.001	0.001	0.001
0.001	0.001	0.231	0.767
0.001	0.481	0.517	0.001
0.001	0.001	0.001	0.997
0.767	0.001	0.001	0.231
>GCAGAGCAGAGC	5-GCAGAGCAGAGC	12.530139	-5.727216	0	T:2.0(1.56%),B:2.0(0.07%),P:1e-2	Tpos:41.2,Tstd:24.8,Bpos:27.5,Bstd:0.5,StrandBias:10.0,Multiplicity:2.00
0.236	0.001	0.762	0.001
0.001	0.997	0.001	0.001
0.997	0.001	0.001	0.001
0.001	0.001	0.997	0.001
0.997	0.001	0.001	0.001
0.001	0.001	0.997	0.001
0.001	0.997	0.001	0.001
0.997	0.001	0.001	0.001
0.078	0.001	0.920	0.001
0.997	0.001	0.001	0.001
0.001	0.001	0.997	0.001
0.001	0.920	0.078	0.001
>TCCTCTACTCTG	6-TCCTCTACTCTG	15.684017	-3.199611	0	T:1.0(0.78%),B:0.0(0.00%),P:1e-1	Tpos:88.0,Tstd:0.0,Bpos:0.0,Bstd:0.0,StrandBias:-10.0,Multiplicity:1.00
0.001	0.001	0.001	0.997
0.001	0.804	0.194	0.001
0.001	0.997	0.001	0.001
0.012	0.001	0.001	0.986
0.180	0.818	0.001	0.001
0.001	0.001	0.001	0.997
0.762	0.181	0.056	0.001
0.001	0.997	0.001	0.001
0.001	0.001	0.001	0.997
0.001	0.986	0.012	0.001
0.001	0.001	0.001	0.997
0.191	0.001	0.807	0.001
