>AGTGTACCCT	1-AGTGTACCCT	11.557282	-20.795020	0	T:5.0(3.91%),B:1.0(0.03%),P:1e-9	Tpos:32.5,Tstd:22.8,Bpos:85.0,Bstd:0.0,StrandBias:1.0,Multiplicity:1.20
0.997	0.001	0.001	0.001
0.001	0.001	0.799	0.199
0.001	0.001	0.001	0.997
0.001	0.001	0.997	0.001
0.001	0.001	0.001	0.997
0.799	0.001	0.001	0.199
0.199	0.799	0.001	0.001
0.001	0.997	0.001	0.001
0.001	0.997	0.001	0.001
0.001	0.199	0.001	0.799
>TAGATAAAGA	2-TAGATAAAGA	11.490573	-17.590478	0	T:6.0(4.69%),B:4.0(0.13%),P:1e-7	Tpos:49.0,Tstd:20.8,Bpos:48.0,Bstd:21.0,StrandBias:1.0,Multiplicity:1.00
0.001	0.199	0.001	0.799
0.799	0.001	0.001	0.199
0.200	0.200	0.599	0.001
0.997	0.001	0.001	0.001
0.001	0.001	0.001	0.997
0.997	0.001	0.001	0.001
0.997	0.001	0.001	0.001
0.997	0.001	0.001	0.001
0.001	0.001	0.997	0.001
0.997	0.001	0.001	0.001
>GTADCTGAGG	3-GTADCTGAGG	8.606251	-16.923291	0	T:14.0(10.94%),B:52.0(1.69%),P:1e-7	Tpos:44.8,Tstd:27.9,Bpos:41.5,Bstd:23.2,StrandBias:1.4,Multiplicity:1.29
0.001	0.001	0.997	0.001
0.001	0.158	0.001	0.840
0.997	0.001	0.001	0.001
0.355	0.001	0.327	0.317
0.318	0.485	0.196	0.001
0.364	0.001	0.001	0.634
0.167	0.317	0.515	0.001
0.997	0.001	0.001	0.001
0.001	0.001	0.672	0.326
0.001	0.001	0.997	0.001
>CTAATACTCT	4-CTAATACTCT	8.707745	-15.862148	0	T:9.0(7.03%),B:19.0(0.62%),P:1e-6	Tpos:46.7,Tstd:25.5,Bpos:47.9,Bstd:25.9,StrandBias:-0.3,Multiplicity:1.12
0.008	0.865	0.126	0.001
0.126	0.001	0.001	0.872
0.639	0.001	0.226	0.134
0.619	0.001	0.379	0.001
0.001	0.001	0.001	0.997
0.773	0.126	0.001	0.100
0.001	0.772	0.226	0.001
0.001	0.126	0.126	0.747
0.001	0.757	0.008	0.234
0.001	0.001	0.001	0.997
>TGGTAGAGGT	5-TGGTAGAGGT	9.337508	-13.600814	0	T:9.0(7.03%),B:25.0(0.81%),P:1e-5	Tpos:56.3,Tstd:19.7,Bpos:57.0,Bstd:27.6,StrandBias:2.5,Multiplicity:1.44
0.001	0.001	0.001	0.997
0.001	0.001	0.835	0.163
0.001	0.001	0.669	0.329
0.147	0.188	0.001	0.664
0.997	0.001	0.001	0.001
0.001	0.001	0.997	0.001
0.833	0.001	0.165	0.001
0.001	0.001	0.997	0.001
0.001	0.165	0.833	0.001
0.215	0.164	0.164	0.457
>YKTTTACAAA	6-YKTTTACAAA	7.654971	-12.317149	0	T:12.0(9.38%),B:56.0(1.82%),P:1e-5	Tpos:53.9,Tstd:25.6,Bpos:48.4,Bstd:24.9,StrandBias:0.4,Multiplicity:1.25
0.031	0.495	0.001	0.473
0.001	0.001	0.473	0.525
0.001	0.001	0.067	0.931
0.001	0.001	0.231	0.767
0.001	0.001	0.001	0.997
0.995	0.001	0.003	0.001
0.001	0.767	0.001	0.231
0.997	0.001	0.001	0.001
0.995	0.001	0.003	0.001
0.468	0.232	0.300	0.001
>TATGGTTAGG	7-TATGGTTAGG	7.188057	-5.092792	0	T:10.0(7.81%),B:94.0(3.06%),P:1e-2	Tpos:45.1,Tstd:26.4,Bpos:51.1,Bstd:27.7,StrandBias:2.2,Multiplicity:2.30
0.058	0.058	0.058	0.826
0.570	0.058	0.231	0.141
0.178	0.001	0.238	0.583
0.057	0.001	0.885	0.057
0.001	0.001	0.997	0.001
0.115	0.057	0.001	0.827
0.001	0.057	0.149	0.793
0.772	0.001	0.173	0.054
0.057	0.001	0.885	0.057
0.001	0.057	0.885	0.057
