>TTTTCCAT	1-TTTTCCAT	8.711265	-18.979511	0	T:10.0(7.81%),B:18.0(0.59%),P:1e-8	Tpos:51.9,Tstd:27.9,Bpos:57.2,Bstd:29.3,StrandBias:-0.3,Multiplicity:1.00
0.001	0.001	0.001	0.997
0.001	0.001	0.001	0.997
0.001	0.001	0.001	0.997
0.278	0.001	0.001	0.720
0.131	0.867	0.001	0.001
0.001	0.997	0.001	0.001
0.997	0.001	0.001	0.001
0.001	0.001	0.001	0.997
>AGATTTAA	2-AGATTTAA	6.954159	-17.755425	0	T:16.0(12.50%),B:66.0(2.15%),P:1e-7	Tpos:48.9,Tstd:25.6,Bpos:51.5,Bstd:28.8,StrandBias:1.1,Multiplicity:1.12
0.943	0.001	0.001	0.055
0.041	0.056	0.847	0.056
0.894	0.041	0.001	0.064
0.001	0.095	0.118	0.786
0.001	0.001	0.063	0.935
0.035	0.056	0.095	0.814
0.842	0.056	0.038	0.064
0.969	0.001	0.001	0.029
>AGGAATTG	3-AGGAATTG	8.051888	-16.737210	0	T:17.0(13.28%),B:81.0(2.63%),P:1e-7	Tpos:57.1,Tstd:24.4,Bpos:48.0,Bstd:28.4,StrandBias:-0.2,Multiplicity:1.00
0.891	0.001	0.001	0.107
0.076	0.001	0.922	0.001
0.001	0.180	0.818	0.001
0.867	0.131	0.001	0.001
0.836	0.001	0.001	0.162
0.001	0.174	0.001	0.824
0.001	0.001	0.001	0.997
0.001	0.001	0.997	0.001
>TTTTTGGT	4-TTTTTGGT	6.937170	-15.661113	0	T:23.0(17.97%),B:158.0(5.14%),P:1e-6	Tpos:49.7,Tstd:27.3,Bpos:48.9,Bstd:26.5,StrandBias:0.1,Multiplicity:1.35
0.001	0.047	0.166	0.786
0.031	0.025	0.001	0.943
0.086	0.043	0.001	0.870
0.001	0.124	0.031	0.844
0.085	0.001	0.001	0.913
0.001	0.001	0.997	0.001
0.060	0.001	0.793	0.146
0.040	0.075	0.001	0.884
>AGCAGGAG	5-AGCAGGAG	7.360157	-8.283346	0	T:21.0(16.41%),B:217.0(7.06%),P:1e-3	Tpos:61.6,Tstd:27.4,Bpos:48.2,Bstd:27.8,StrandBias:0.1,Multiplicity:1.38
0.967	0.001	0.031	0.001
0.049	0.029	0.898	0.024
0.069	0.885	0.001	0.045
0.863	0.001	0.001	0.135
0.025	0.001	0.973	0.001
0.001	0.077	0.854	0.068
0.878	0.001	0.001	0.120
0.001	0.001	0.975	0.023
