>GGGGCTTT	1-GGGGCTTT	4.829482	-17.468942	0	T:55.0(42.97%),B:652.0(21.20%),P:1e-7	Tpos:45.3,Tstd:26.1,Bpos:48.9,Bstd:27.8,StrandBias:0.0,Multiplicity:1.28
0.063	0.084	0.792	0.061
0.144	0.078	0.724	0.054
0.109	0.021	0.736	0.134
0.095	0.084	0.736	0.085
0.104	0.619	0.148	0.129
0.090	0.100	0.064	0.746
0.060	0.026	0.100	0.814
0.064	0.060	0.029	0.847
>GTATGCAT	2-GTATGCAT	8.399157	-12.986785	0	T:8.0(6.25%),B:20.0(0.65%),P:1e-5	Tpos:34.4,Tstd:29.3,Bpos:56.5,Bstd:22.6,StrandBias:-0.4,Multiplicity:1.62
0.001	0.315	0.683	0.001
0.001	0.001	0.406	0.592
0.997	0.001	0.001	0.001
0.001	0.001	0.001	0.997
0.317	0.001	0.681	0.001
0.001	0.997	0.001	0.001
0.740	0.001	0.258	0.001
0.001	0.017	0.254	0.728
>TGATTTGT	3-TGATTTGT	5.061491	-9.489268	0	T:41.0(32.03%),B:549.0(17.85%),P:1e-4	Tpos:48.4,Tstd:29.1,Bpos:48.9,Bstd:26.7,StrandBias:1.0,Multiplicity:1.57
0.102	0.046	0.071	0.781
0.093	0.075	0.794	0.038
0.724	0.062	0.114	0.100
0.086	0.076	0.080	0.758
0.046	0.061	0.164	0.729
0.101	0.014	0.085	0.800
0.092	0.059	0.686	0.163
0.118	0.047	0.095	0.740
>TGATYCTG	4-TGATYCTG	8.503273	-9.172482	0	T:9.0(7.03%),B:44.0(1.43%),P:1e-3	Tpos:55.2,Tstd:28.8,Bpos:48.1,Bstd:28.0,StrandBias:-1.0,Multiplicity:1.33
0.001	0.001	0.001	0.997
0.001	0.001	0.997	0.001
0.854	0.144	0.001	0.001
0.001	0.001	0.001	0.997
0.001	0.532	0.001	0.466
0.001	0.997	0.001	0.001
0.001	0.001	0.001	0.997
0.001	0.001	0.997	0.001
>CGCGCGCG	5-CGCGCGCG	8.721990	-4.395030	0	T:2.0(1.56%),B:4.0(0.13%),P:1e-1	Tpos:73.8,Tstd:5.8,Bpos:75.9,Bstd:24.9,StrandBias:0.0,Multiplicity:1.00
0.001	0.997	0.001	0.001
0.001	0.001	0.997	0.001
0.001	0.997	0.001	0.001
0.001	0.001	0.997	0.001
0.001	0.891	0.001	0.107
0.107	0.001	0.891	0.001
0.001	0.997	0.001	0.001
0.001	0.001	0.997	0.001
