>GTYTGWCYAAKC	1-GTYTGWCYAAKC	11.133363	-20.795020	0	T:5.0(3.91%),B:1.0(0.03%),P:1e-9	Tpos:40.0,Tstd:23.7,Bpos:34.0,Bstd:0.0,StrandBias:10.0,Multiplicity:1.00
0.001	0.001	0.997	0.001
0.001	0.001	0.044	0.954
0.001	0.566	0.001	0.432
0.001	0.001	0.001	0.997
0.001	0.001	0.997	0.001
0.432	0.001	0.001	0.566
0.001	0.997	0.001	0.001
0.001	0.432	0.001	0.566
0.997	0.001	0.001	0.001
0.997	0.001	0.001	0.001
0.001	0.001	0.476	0.522
0.001	0.997	0.001	0.001
>CACAGAACCTCA	2-CACAGAACCTCA	8.088828	-15.865637	0	T:19.0(14.84%),B:108.0(3.51%),P:1e-6	Tpos:48.3,Tstd:23.9,Bpos:48.9,Bstd:23.2,StrandBias:-0.7,Multiplicity:1.37
0.094	0.810	0.047	0.049
0.578	0.189	0.047	0.186
0.047	0.858	0.094	0.001
0.698	0.001	0.191	0.110
0.002	0.097	0.854	0.047
0.484	0.238	0.119	0.158
0.665	0.002	0.286	0.047
0.099	0.570	0.189	0.142
0.189	0.808	0.001	0.002
0.094	0.047	0.001	0.858
0.093	0.905	0.001	0.001
0.925	0.001	0.001	0.073
>CTGTGGCTGTAA	3-CTGTGGCTGTAA	9.051157	-13.233343	0	T:4.0(3.12%),B:2.0(0.07%),P:1e-5	Tpos:52.4,Tstd:21.3,Bpos:53.5,Bstd:15.5,StrandBias:0.6,Multiplicity:1.25
0.001	0.997	0.001	0.001
0.001	0.001	0.001	0.997
0.001	0.001	0.997	0.001
0.001	0.001	0.001	0.997
0.001	0.237	0.761	0.001
0.237	0.001	0.761	0.001
0.001	0.997	0.001	0.001
0.001	0.001	0.001	0.997
0.103	0.001	0.793	0.103
0.001	0.001	0.001	0.997
0.777	0.001	0.221	0.001
0.983	0.001	0.001	0.015
>CTCAGCTGTGAC	4-CTCAGCTGTGAC	10.529783	-4.943384	0	T:2.0(1.56%),B:3.0(0.10%),P:1e-2	Tpos:45.0,Tstd:8.8,Bpos:46.7,Bstd:26.2,StrandBias:0.0,Multiplicity:2.00
0.001	0.997	0.001	0.001
0.047	0.001	0.001	0.951
0.001	0.951	0.047	0.001
0.997	0.001	0.001	0.001
0.001	0.001	0.997	0.001
0.001	0.997	0.001	0.001
0.047	0.001	0.001	0.951
0.001	0.001	0.997	0.001
0.237	0.001	0.001	0.761
0.001	0.001	0.997	0.001
0.761	0.001	0.001	0.237
0.001	0.951	0.047	0.001
>ATAAACAATTGT	5-ATAAACAATTGT	-4.655010	-3.548655	0	T:17.0(13.28%),B:248.0(8.07%),P:1e-1	Tpos:53.7,Tstd:26.4,Bpos:48.9,Bstd:25.1,StrandBias:0.4,Multiplicity:1.18
0.761	0.001	0.001	0.237
0.001	0.001	0.001	0.997
0.761	0.060	0.119	0.060
0.997	0.001	0.001	0.001
0.997	0.001	0.001	0.001
0.001	0.997	0.001	0.001
0.997	0.001	0.001	0.001
0.997	0.001	0.001	0.001
0.001	0.001	0.001	0.997
0.001	0.001	0.001	0.997
0.001	0.001	0.939	0.059
0.001	0.001	0.001	0.997
