>CWGCTCCYACAG	1-CWGCTCCYACAG	10.200554	-16.037791	0	T:6.0(15.00%),B:17.0(0.57%),P:1e-6	Tpos:47.0,Tstd:22.4,Bpos:56.0,Bstd:26.4,StrandBias:2.3,Multiplicity:1.00
0.001	0.761	0.001	0.237
0.521	0.001	0.001	0.477
0.001	0.236	0.527	0.236
0.285	0.713	0.001	0.001
0.001	0.244	0.001	0.754
0.001	0.763	0.001	0.235
0.045	0.953	0.001	0.001
0.001	0.525	0.001	0.473
0.763	0.001	0.001	0.235
0.001	0.715	0.240	0.044
0.761	0.237	0.001	0.001
0.001	0.001	0.761	0.237
>GTCCTGAATTCA	2-GTCCTGAATTCA	5.999421	-13.436072	0	T:9.0(22.50%),B:85.0(2.84%),P:1e-5	Tpos:56.6,Tstd:26.2,Bpos:52.1,Bstd:28.7,StrandBias:1.2,Multiplicity:1.11
0.309	0.058	0.632	0.001
0.001	0.309	0.001	0.689
0.309	0.689	0.001	0.001
0.001	0.997	0.001	0.001
0.001	0.001	0.001	0.997
0.001	0.001	0.997	0.001
0.689	0.001	0.309	0.001
0.618	0.001	0.380	0.001
0.057	0.001	0.001	0.941
0.001	0.001	0.309	0.689
0.001	0.689	0.309	0.001
0.689	0.309	0.001	0.001
>GAACCCGTCTGG	3-GAACCCGTCTGG	6.710062	-12.800176	0	T:11.0(27.50%),B:149.0(4.97%),P:1e-5	Tpos:47.6,Tstd:25.5,Bpos:51.2,Bstd:24.8,StrandBias:0.7,Multiplicity:1.18
0.250	0.134	0.544	0.072
0.616	0.317	0.066	0.001
0.722	0.272	0.005	0.001
0.066	0.929	0.004	0.001
0.067	0.532	0.267	0.134
0.001	0.723	0.200	0.076
0.067	0.205	0.461	0.267
0.117	0.134	0.134	0.615
0.067	0.615	0.201	0.117
0.200	0.072	0.067	0.661
0.071	0.066	0.862	0.001
0.067	0.134	0.732	0.067
>TTTTTTTTTCTC	4-TTTTTTTTTCTC	14.677955	-9.359890	0	T:2.0(5.00%),B:0.0(0.00%),P:1e-4	Tpos:46.5,Tstd:37.5,Bpos:0.0,Bstd:0.0,StrandBias:0.0,Multiplicity:1.00
0.001	0.001	0.001	0.997
0.001	0.001	0.001	0.997
0.001	0.001	0.001	0.997
0.001	0.001	0.001	0.997
0.001	0.001	0.001	0.997
0.001	0.001	0.001	0.997
0.001	0.001	0.001	0.997
0.001	0.046	0.001	0.952
0.001	0.140	0.001	0.858
0.001	0.952	0.001	0.046
0.001	0.186	0.001	0.812
0.001	0.997	0.001	0.001
>TGRYTGGTTGGG	5-TGRYTGGTTGGG	-2.365671	-4.448659	0	T:25.0(62.50%),B:1301.0(43.41%),P:1e-1	Tpos:52.1,Tstd:26.7,Bpos:49.1,Bstd:26.2,StrandBias:0.8,Multiplicity:1.32
0.001	0.001	0.001	0.997
0.044	0.001	0.719	0.236
0.473	0.001	0.525	0.001
0.001	0.477	0.001	0.521
0.001	0.001	0.235	0.763
0.235	0.001	0.763	0.001
0.235	0.001	0.763	0.001
0.001	0.285	0.001	0.713
0.001	0.001	0.237	0.761
0.001	0.001	0.761	0.237
0.001	0.001	0.997	0.001
0.001	0.239	0.474	0.286
