>AGCCATTGGC	1-AGCCATTGGC	11.873576	-9.498052	0	T:3.0(7.50%),B:6.0(0.20%),P:1e-4	Tpos:63.4,Tstd:14.5,Bpos:59.5,Bstd:27.6,StrandBias:-0.6,Multiplicity:1.00
0.749	0.001	0.001	0.249
0.249	0.001	0.749	0.001
0.001	0.997	0.001	0.001
0.001	0.997	0.001	0.001
0.997	0.001	0.001	0.001
0.249	0.001	0.001	0.749
0.001	0.001	0.001	0.997
0.001	0.001	0.997	0.001
0.001	0.001	0.997	0.001
0.001	0.997	0.001	0.001
>TCGCCCCGCG	2-TCGCCCCGCG	8.350283	-9.359890	0	T:2.0(5.00%),B:1.0(0.03%),P:1e-4	Tpos:88.0,Tstd:5.7,Bpos:75.0,Bstd:0.0,StrandBias:1.0,Multiplicity:1.50
0.100	0.100	0.100	0.700
0.100	0.700	0.100	0.100
0.100	0.100	0.700	0.100
0.100	0.700	0.100	0.100
0.100	0.700	0.100	0.100
0.100	0.700	0.100	0.100
0.100	0.700	0.100	0.100
0.100	0.100	0.700	0.100
0.100	0.700	0.100	0.100
0.100	0.100	0.700	0.100
>TATAGWATAS	3-TATAGWATAS	8.313069	-9.003178	0	T:4.0(10.00%),B:19.0(0.63%),P:1e-3	Tpos:55.0,Tstd:21.9,Bpos:52.9,Bstd:26.8,StrandBias:0.0,Multiplicity:1.25
0.138	0.276	0.001	0.585
0.861	0.137	0.001	0.001
0.277	0.138	0.138	0.447
0.971	0.001	0.014	0.014
0.001	0.415	0.583	0.001
0.415	0.138	0.138	0.308
0.861	0.137	0.001	0.001
0.001	0.001	0.013	0.985
0.985	0.001	0.013	0.001
0.001	0.445	0.553	0.001
>GCTGGGCCAG	4-GCTGGGCCAG	11.590119	-8.653478	0	T:3.0(7.50%),B:8.0(0.27%),P:1e-3	Tpos:54.7,Tstd:22.5,Bpos:68.2,Bstd:14.4,StrandBias:-1.0,Multiplicity:2.00
0.001	0.141	0.857	0.001
0.001	0.997	0.001	0.001
0.001	0.001	0.001	0.997
0.001	0.001	0.997	0.001
0.001	0.001	0.997	0.001
0.001	0.222	0.776	0.001
0.223	0.553	0.223	0.001
0.001	0.997	0.001	0.001
0.997	0.001	0.001	0.001
0.001	0.001	0.997	0.001
>GATAGGTGTG	5-GATAGGTGTG	11.490573	-7.179544	0	T:2.0(5.00%),B:3.0(0.10%),P:1e-3	Tpos:36.6,Tstd:26.1,Bpos:65.0,Bstd:16.4,StrandBias:2.0,Multiplicity:2.50
0.001	0.001	0.799	0.199
0.997	0.001	0.001	0.001
0.200	0.200	0.001	0.599
0.799	0.001	0.199	0.001
0.001	0.001	0.997	0.001
0.001	0.001	0.997	0.001
0.001	0.001	0.001	0.997
0.001	0.001	0.997	0.001
0.001	0.001	0.001	0.997
0.001	0.001	0.997	0.001
