>CCCTCTGC	1-CCCTCTGC	4.906551	-14.954936	0	T:23.0(57.50%),B:614.0(20.49%),P:1e-6	Tpos:48.5,Tstd:29.5,Bpos:49.9,Bstd:26.5,StrandBias:1.2,Multiplicity:1.17
0.059	0.880	0.020	0.041
0.097	0.767	0.098	0.038
0.054	0.944	0.001	0.001
0.046	0.001	0.001	0.952
0.107	0.826	0.001	0.066
0.001	0.097	0.001	0.901
0.144	0.041	0.797	0.018
0.001	0.963	0.001	0.035
>TTCAGTTC	2-TTCAGTTC	7.332554	-13.436072	0	T:9.0(22.50%),B:85.0(2.84%),P:1e-5	Tpos:55.8,Tstd:30.8,Bpos:48.2,Bstd:27.1,StrandBias:0.3,Multiplicity:1.00
0.001	0.070	0.001	0.928
0.001	0.001	0.025	0.973
0.001	0.859	0.001	0.139
0.747	0.186	0.001	0.066
0.001	0.081	0.917	0.001
0.128	0.179	0.104	0.589
0.333	0.002	0.001	0.664
0.004	0.694	0.003	0.299
>GGGCCATG	3-GGGCCATG	7.065625	-12.298506	0	T:11.0(27.50%),B:157.0(5.24%),P:1e-5	Tpos:59.4,Tstd:28.3,Bpos:49.1,Bstd:27.8,StrandBias:-0.8,Multiplicity:1.18
0.001	0.001	0.936	0.062
0.056	0.001	0.942	0.001
0.001	0.001	0.997	0.001
0.001	0.929	0.069	0.001
0.078	0.751	0.170	0.001
0.769	0.060	0.170	0.001
0.067	0.117	0.038	0.778
0.001	0.001	0.997	0.001
>TTAAATTG	4-TTAAATTG	10.581562	-8.653478	0	T:3.0(7.50%),B:8.0(0.27%),P:1e-3	Tpos:67.7,Tstd:32.4,Bpos:38.3,Bstd:13.6,StrandBias:10.0,Multiplicity:1.00
0.001	0.384	0.001	0.614
0.001	0.001	0.001	0.997
0.997	0.001	0.001	0.001
0.997	0.001	0.001	0.001
0.997	0.001	0.001	0.001
0.001	0.001	0.001	0.997
0.001	0.001	0.001	0.997
0.001	0.001	0.997	0.001
>CTAGAGMT	5-CTAGAGMT	8.184192	-7.556275	0	T:5.0(12.50%),B:50.0(1.67%),P:1e-3	Tpos:67.1,Tstd:31.9,Bpos:51.4,Bstd:29.1,StrandBias:-0.7,Multiplicity:1.60
0.001	0.997	0.001	0.001
0.001	0.001	0.001	0.997
0.997	0.001	0.001	0.001
0.001	0.001	0.997	0.001
0.997	0.001	0.001	0.001
0.001	0.001	0.728	0.270
0.461	0.537	0.001	0.001
0.142	0.001	0.001	0.856
