>GCAGKGRCKSWT	1-GCAGKGRCKSWT	10.541200	-26.029284	0	T:5.0(31.25%),B:2.0(0.10%),P:1e-11	Tpos:50.4,Tstd:22.9,Bpos:78.0,Bstd:9.0,StrandBias:0.6,Multiplicity:1.00
0.001	0.001	0.997	0.001
0.001	0.997	0.001	0.001
0.997	0.001	0.001	0.001
0.001	0.001	0.997	0.001
0.031	0.001	0.515	0.453
0.001	0.001	0.997	0.001
0.452	0.001	0.546	0.001
0.001	0.997	0.001	0.001
0.031	0.001	0.453	0.515
0.031	0.484	0.484	0.001
0.452	0.001	0.001	0.546
0.001	0.001	0.001	0.997
>TGAGACMTTGNC	2-TGAGACMTTGNC	10.133500	-14.509268	0	T:4.0(25.00%),B:8.0(0.41%),P:1e-6	Tpos:69.6,Tstd:10.9,Bpos:47.9,Bstd:28.2,StrandBias:10.0,Multiplicity:1.25
0.001	0.237	0.237	0.525
0.237	0.001	0.761	0.001
0.761	0.001	0.001	0.237
0.001	0.001	0.997	0.001
0.997	0.001	0.001	0.001
0.001	0.997	0.001	0.001
0.524	0.474	0.001	0.001
0.049	0.237	0.001	0.713
0.237	0.001	0.001	0.761
0.001	0.001	0.761	0.237
0.238	0.238	0.238	0.287
0.001	0.997	0.001	0.001
>CCCGGGAGTCGG	3-CCCGGGAGTCGG	13.593323	-10.364366	0	T:2.0(12.50%),B:1.0(0.05%),P:1e-4	Tpos:60.3,Tstd:31.5,Bpos:30.0,Bstd:0.0,StrandBias:-1.0,Multiplicity:1.50
0.001	0.997	0.001	0.001
0.001	0.997	0.001	0.001
0.332	0.666	0.001	0.001
0.001	0.001	0.997	0.001
0.001	0.001	0.997	0.001
0.001	0.001	0.997	0.001
0.666	0.332	0.001	0.001
0.001	0.001	0.997	0.001
0.001	0.001	0.001	0.997
0.001	0.666	0.001	0.332
0.001	0.332	0.666	0.001
0.001	0.001	0.997	0.001
>ACACACAATCAG	4-ACACACAATCAG	7.697586	-10.359307	0	T:4.0(25.00%),B:23.0(1.18%),P:1e-4	Tpos:40.6,Tstd:14.7,Bpos:38.0,Bstd:23.5,StrandBias:0.6,Multiplicity:1.25
0.827	0.001	0.132	0.040
0.001	0.961	0.001	0.037
0.997	0.001	0.001	0.001
0.001	0.827	0.171	0.001
0.827	0.171	0.001	0.001
0.001	0.997	0.001	0.001
0.997	0.001	0.001	0.001
0.997	0.001	0.001	0.001
0.001	0.001	0.001	0.997
0.001	0.997	0.001	0.001
0.939	0.001	0.059	0.001
0.001	0.001	0.997	0.001
>TCTCTGTACCTC	5-TCTCTGTACCTC	12.355432	-4.115496	0	T:1.0(6.25%),B:2.0(0.10%),P:1e-1	Tpos:83.0,Tstd:0.0,Bpos:41.5,Bstd:21.5,StrandBias:10.0,Multiplicity:1.00
0.100	0.100	0.100	0.700
0.100	0.700	0.100	0.100
0.100	0.100	0.100	0.700
0.100	0.700	0.100	0.100
0.100	0.100	0.100	0.700
0.100	0.100	0.700	0.100
0.100	0.100	0.100	0.700
0.700	0.100	0.100	0.100
0.100	0.700	0.100	0.100
0.100	0.700	0.100	0.100
0.100	0.100	0.100	0.700
0.100	0.700	0.100	0.100
