>TGTCARGTTG	1-TGTCARGTTG	9.484804	-13.111853	0	T:3.0(18.75%),B:3.0(0.15%),P:1e-5	Tpos:58.0,Tstd:23.2,Bpos:27.7,Bstd:9.0,StrandBias:0.0,Multiplicity:1.00
0.001	0.001	0.001	0.997
0.001	0.001	0.997	0.001
0.192	0.192	0.001	0.615
0.001	0.575	0.001	0.423
0.807	0.001	0.191	0.001
0.384	0.192	0.424	0.001
0.001	0.192	0.575	0.232
0.001	0.001	0.001	0.997
0.192	0.001	0.192	0.615
0.001	0.001	0.997	0.001
>TTTATGTAAG	2-TTTATGTAAG	4.619038	-12.907184	0	T:4.0(25.00%),B:12.0(0.62%),P:1e-5	Tpos:51.3,Tstd:23.8,Bpos:53.8,Bstd:26.3,StrandBias:0.0,Multiplicity:1.00
0.001	0.001	0.001	0.997
0.001	0.001	0.001	0.997
0.001	0.042	0.001	0.956
0.997	0.001	0.001	0.001
0.042	0.001	0.001	0.956
0.128	0.001	0.870	0.001
0.128	0.001	0.001	0.870
0.997	0.001	0.001	0.001
0.827	0.171	0.001	0.001
0.128	0.001	0.870	0.001
>ATTAGCTAGC	3-ATTAGCTAGC	9.965607	-11.047447	0	T:3.0(18.75%),B:6.0(0.31%),P:1e-4	Tpos:52.0,Tstd:27.2,Bpos:47.7,Bstd:16.6,StrandBias:2.0,Multiplicity:2.67
0.687	0.001	0.311	0.001
0.001	0.001	0.001	0.997
0.001	0.064	0.311	0.624
0.997	0.001	0.001	0.001
0.001	0.001	0.997	0.001
0.001	0.687	0.001	0.311
0.001	0.001	0.001	0.997
0.687	0.001	0.311	0.001
0.001	0.001	0.997	0.001
0.001	0.997	0.001	0.001
>ACCTCTCTTC	4-ACCTCTCTTC	12.329821	-10.364366	0	T:2.0(12.50%),B:1.0(0.05%),P:1e-4	Tpos:53.7,Tstd:30.3,Bpos:18.0,Bstd:0.0,StrandBias:1.0,Multiplicity:1.50
0.666	0.001	0.001	0.332
0.001	0.997	0.001	0.001
0.001	0.997	0.001	0.001
0.001	0.001	0.001	0.997
0.001	0.997	0.001	0.001
0.001	0.001	0.001	0.997
0.001	0.997	0.001	0.001
0.001	0.001	0.001	0.997
0.001	0.332	0.001	0.666
0.001	0.997	0.001	0.001
>CAGCCCATCA	5-CAGCCCATCA	10.296193	-4.115496	0	T:1.0(6.25%),B:2.0(0.10%),P:1e-1	Tpos:95.0,Tstd:0.0,Bpos:39.5,Bstd:28.5,StrandBias:10.0,Multiplicity:1.00
0.100	0.700	0.100	0.100
0.700	0.100	0.100	0.100
0.100	0.100	0.700	0.100
0.100	0.700	0.100	0.100
0.100	0.700	0.100	0.100
0.100	0.700	0.100	0.100
0.700	0.100	0.100	0.100
0.100	0.100	0.100	0.700
0.100	0.700	0.100	0.100
0.700	0.100	0.100	0.100
