>CCTCCAAGSR	1-CCTCCAAGSR	6.451736	-19.789054	0	T:5.0(31.25%),B:7.0(0.36%),P:1e-8	Tpos:71.3,Tstd:20.5,Bpos:53.9,Bstd:32.6,StrandBias:0.0,Multiplicity:1.00
0.001	0.997	0.001	0.001
0.001	0.997	0.001	0.001
0.001	0.001	0.001	0.997
0.001	0.952	0.001	0.046
0.047	0.905	0.047	0.001
0.952	0.001	0.001	0.046
0.997	0.001	0.001	0.001
0.001	0.001	0.997	0.001
0.001	0.452	0.546	0.001
0.546	0.001	0.452	0.001
>CACTTACAAC	2-CACTTACAAC	7.484914	-16.374461	0	T:4.0(25.00%),B:5.0(0.26%),P:1e-7	Tpos:40.8,Tstd:28.6,Bpos:58.6,Bstd:31.1,StrandBias:0.0,Multiplicity:1.50
0.001	0.997	0.001	0.001
0.977	0.021	0.001	0.001
0.001	0.997	0.001	0.001
0.001	0.001	0.001	0.997
0.001	0.311	0.001	0.687
0.623	0.001	0.375	0.001
0.311	0.687	0.001	0.001
0.977	0.001	0.001	0.021
0.687	0.311	0.001	0.001
0.001	0.687	0.311	0.001
>CATTGAGTAC	3-CATTGAGTAC	12.329821	-14.323237	0	T:3.0(18.75%),B:2.0(0.10%),P:1e-6	Tpos:29.7,Tstd:11.1,Bpos:77.5,Bstd:10.5,StrandBias:1.0,Multiplicity:1.00
0.001	0.997	0.001	0.001
0.997	0.001	0.001	0.001
0.001	0.001	0.332	0.666
0.001	0.001	0.001	0.997
0.001	0.001	0.997	0.001
0.666	0.001	0.332	0.001
0.001	0.001	0.997	0.001
0.001	0.001	0.001	0.997
0.997	0.001	0.001	0.001
0.001	0.997	0.001	0.001
>AAGKCCYTYY	4-AAGKCCYTYY	10.783207	-10.590008	0	T:3.0(18.75%),B:7.0(0.36%),P:1e-4	Tpos:41.7,Tstd:21.5,Bpos:55.3,Bstd:30.9,StrandBias:-1.0,Multiplicity:1.00
0.915	0.045	0.001	0.039
0.960	0.001	0.038	0.001
0.045	0.001	0.953	0.001
0.001	0.001	0.546	0.452
0.001	0.908	0.090	0.001
0.002	0.996	0.001	0.001
0.001	0.546	0.001	0.452
0.001	0.001	0.001	0.997
0.001	0.452	0.001	0.546
0.001	0.546	0.001	0.452
>ACTGGAGTRG	5-ACTGGAGTRG	5.830216	-6.167161	0	T:9.0(56.25%),B:408.0(20.97%),P:1e-2	Tpos:52.6,Tstd:21.9,Bpos:51.0,Bstd:26.8,StrandBias:-0.4,Multiplicity:1.44
0.674	0.217	0.001	0.108
0.108	0.674	0.217	0.001
0.216	0.001	0.001	0.782
0.001	0.001	0.890	0.108
0.001	0.216	0.782	0.001
0.674	0.108	0.217	0.001
0.217	0.001	0.674	0.108
0.217	0.001	0.217	0.565
0.457	0.001	0.325	0.217
0.001	0.108	0.890	0.001
