>SGSTMKGTGCRG	1-SGSTMKGTGCRG	7.228454	-20.024813	0	T:4.0(25.00%),B:2.0(0.10%),P:1e-8	Tpos:39.2,Tstd:27.7,Bpos:32.5,Bstd:18.5,StrandBias:1.6,Multiplicity:1.00
0.078	0.453	0.469	0.001
0.001	0.001	0.997	0.001
0.001	0.530	0.453	0.016
0.001	0.001	0.001	0.997
0.546	0.452	0.001	0.001
0.001	0.001	0.468	0.530
0.001	0.001	0.997	0.001
0.001	0.001	0.001	0.997
0.001	0.001	0.997	0.001
0.001	0.997	0.001	0.001
0.469	0.001	0.453	0.078
0.001	0.001	0.905	0.093
>YCAGCAMCYTTC	2-YCAGCAMCYTTC	10.503025	-16.397667	0	T:3.0(18.75%),B:1.0(0.05%),P:1e-7	Tpos:46.2,Tstd:30.3,Bpos:79.0,Bstd:0.0,StrandBias:2.0,Multiplicity:1.67
0.001	0.546	0.001	0.452
0.001	0.997	0.001	0.001
0.921	0.001	0.001	0.077
0.001	0.093	0.905	0.001
0.001	0.997	0.001	0.001
0.997	0.001	0.001	0.001
0.452	0.546	0.001	0.001
0.001	0.997	0.001	0.001
0.094	0.453	0.001	0.453
0.001	0.001	0.001	0.997
0.077	0.001	0.001	0.921
0.001	0.997	0.001	0.001
>TCAGACACCACB	3-TCAGACACCACB	7.582756	-15.143572	0	T:7.0(43.75%),B:61.0(3.13%),P:1e-6	Tpos:55.2,Tstd:24.7,Bpos:47.9,Bstd:27.1,StrandBias:0.7,Multiplicity:1.14
0.001	0.001	0.243	0.755
0.122	0.634	0.122	0.122
0.755	0.122	0.122	0.001
0.001	0.001	0.877	0.121
0.609	0.122	0.122	0.147
0.001	0.634	0.243	0.122
0.877	0.001	0.001	0.121
0.001	0.755	0.243	0.001
0.001	0.997	0.001	0.001
0.634	0.243	0.001	0.122
0.001	0.634	0.243	0.122
0.122	0.391	0.244	0.244
>GAGGAGAAGCCA	4-GAGGAGAAGCCA	8.469668	-13.111853	0	T:3.0(18.75%),B:3.0(0.15%),P:1e-5	Tpos:37.0,Tstd:24.6,Bpos:45.3,Bstd:18.2,StrandBias:2.0,Multiplicity:1.67
0.171	0.001	0.827	0.001
0.842	0.001	0.156	0.001
0.001	0.001	0.997	0.001
0.001	0.171	0.827	0.001
0.984	0.001	0.001	0.014
0.001	0.001	0.997	0.001
0.997	0.001	0.001	0.001
0.997	0.001	0.001	0.001
0.001	0.001	0.997	0.001
0.001	0.997	0.001	0.001
0.156	0.842	0.001	0.001
0.997	0.001	0.001	0.001
>CAGCAATCARRN	5-CAGCAATCARRN	9.023964	-7.364385	0	T:3.0(18.75%),B:21.0(1.08%),P:1e-3	Tpos:49.0,Tstd:25.4,Bpos:55.8,Bstd:22.8,StrandBias:-1.0,Multiplicity:1.00
0.001	0.997	0.001	0.001
0.525	0.001	0.237	0.237
0.001	0.237	0.761	0.001
0.278	0.483	0.237	0.001
0.525	0.001	0.237	0.237
0.997	0.001	0.001	0.001
0.001	0.001	0.237	0.761
0.001	0.721	0.237	0.041
0.997	0.001	0.001	0.001
0.475	0.041	0.483	0.001
0.524	0.001	0.474	0.001
0.238	0.246	0.238	0.279
