>GGKMMCMRGWGG	1-GGKMMCMRGWGG	12.428228	-12.752575	0	T:2.0(50.00%),B:0.0(0.00%),P:1e-5	Tpos:35.3,Tstd:37.3,Bpos:0.0,Bstd:0.0,StrandBias:10.0,Multiplicity:1.50
0.001	0.001	0.997	0.001
0.001	0.001	0.997	0.001
0.001	0.001	0.538	0.460
0.460	0.538	0.001	0.001
0.538	0.460	0.001	0.001
0.001	0.997	0.001	0.001
0.538	0.460	0.001	0.001
0.460	0.001	0.538	0.001
0.001	0.001	0.997	0.001
0.538	0.001	0.001	0.460
0.001	0.001	0.997	0.001
0.001	0.001	0.997	0.001
>SSACMMWGACTG	2-SSACMMWGACTG	12.888710	-12.752575	0	T:2.0(50.00%),B:1.0(0.07%),P:1e-5	Tpos:65.3,Tstd:19.7,Bpos:54.0,Bstd:0.0,StrandBias:-10.0,Multiplicity:1.50
0.001	0.461	0.461	0.078
0.001	0.460	0.538	0.001
0.997	0.001	0.001	0.001
0.001	0.997	0.001	0.001
0.538	0.460	0.001	0.001
0.460	0.538	0.001	0.001
0.538	0.001	0.001	0.460
0.001	0.001	0.997	0.001
0.921	0.001	0.001	0.077
0.001	0.997	0.001	0.001
0.001	0.001	0.001	0.997
0.001	0.001	0.921	0.077
>TGSWRCWMCKKG	3-TGSWRCWMCKKG	11.548148	-11.367207	0	T:2.0(50.00%),B:2.0(0.14%),P:1e-4	Tpos:57.0,Tstd:14.0,Bpos:78.5,Bstd:10.5,StrandBias:0.0,Multiplicity:1.00
0.001	0.001	0.001	0.997
0.001	0.001	0.997	0.001
0.001	0.461	0.500	0.039
0.460	0.001	0.001	0.538
0.499	0.001	0.499	0.001
0.001	0.997	0.001	0.001
0.538	0.001	0.001	0.460
0.461	0.461	0.078	0.001
0.001	0.997	0.001	0.001
0.001	0.001	0.460	0.538
0.001	0.039	0.461	0.500
0.038	0.001	0.960	0.001
>MSRASKMWWAYR	4-MSRASKMWWAYR	9.234122	-8.600189	0	T:2.0(50.00%),B:8.0(0.56%),P:1e-3	Tpos:49.7,Tstd:20.5,Bpos:44.2,Bstd:21.9,StrandBias:-1.0,Multiplicity:1.50
0.480	0.499	0.020	0.001
0.001	0.499	0.481	0.019
0.479	0.020	0.499	0.001
0.941	0.001	0.021	0.037
0.019	0.462	0.481	0.038
0.039	0.001	0.480	0.480
0.460	0.538	0.001	0.001
0.499	0.001	0.002	0.498
0.481	0.038	0.020	0.461
0.960	0.019	0.001	0.020
0.020	0.480	0.020	0.480
0.481	0.021	0.480	0.019
>GGCAGGRSWGRG	5-GGCAGGRSWGRG	9.010018	-8.365553	0	T:2.0(50.00%),B:9.0(0.63%),P:1e-3	Tpos:46.0,Tstd:34.7,Bpos:51.1,Bstd:31.6,StrandBias:10.0,Multiplicity:1.50
0.001	0.001	0.921	0.077
0.001	0.001	0.997	0.001
0.001	0.997	0.001	0.001
0.997	0.001	0.001	0.001
0.001	0.001	0.997	0.001
0.001	0.001	0.997	0.001
0.460	0.001	0.538	0.001
0.001	0.460	0.538	0.001
0.460	0.001	0.001	0.538
0.001	0.001	0.921	0.077
0.460	0.001	0.538	0.001
0.001	0.001	0.997	0.001
