>GAATGTRCACAT	1-GAATGTRCACAT	9.351066	-14.194670	0	T:3.0(75.00%),B:8.0(0.56%),P:1e-6	Tpos:50.8,Tstd:26.6,Bpos:58.1,Bstd:28.4,StrandBias:-1.6,Multiplicity:1.00
0.035	0.240	0.485	0.240
0.759	0.001	0.239	0.001
0.724	0.001	0.274	0.001
0.034	0.001	0.001	0.964
0.001	0.239	0.759	0.001
0.001	0.001	0.001	0.997
0.479	0.001	0.519	0.001
0.001	0.479	0.240	0.280
0.997	0.001	0.001	0.001
0.001	0.519	0.240	0.240
0.997	0.001	0.001	0.001
0.001	0.040	0.240	0.719
>CCRKGGSWGSAG	2-CCRKGGSWGSAG	12.983555	-11.367207	0	T:2.0(50.00%),B:2.0(0.14%),P:1e-4	Tpos:66.5,Tstd:23.5,Bpos:55.0,Bstd:32.0,StrandBias:10.0,Multiplicity:1.00
0.001	0.993	0.001	0.005
0.001	0.997	0.001	0.001
0.533	0.001	0.461	0.005
0.001	0.001	0.471	0.527
0.001	0.001	0.997	0.001
0.001	0.001	0.997	0.001
0.001	0.466	0.528	0.005
0.466	0.001	0.001	0.532
0.001	0.001	0.997	0.001
0.001	0.532	0.466	0.001
0.926	0.001	0.001	0.072
0.001	0.001	0.997	0.001
>GGCCDTACAGCC	3-GGCCDTACAGCC	9.716776	-8.155762	0	T:2.0(50.00%),B:10.0(0.69%),P:1e-3	Tpos:36.0,Tstd:22.7,Bpos:52.3,Bstd:25.1,StrandBias:1.0,Multiplicity:1.50
0.001	0.001	0.683	0.315
0.001	0.001	0.683	0.315
0.315	0.631	0.053	0.001
0.001	0.683	0.315	0.001
0.315	0.001	0.315	0.369
0.315	0.001	0.001	0.683
0.683	0.315	0.001	0.001
0.001	0.997	0.001	0.001
0.997	0.001	0.001	0.001
0.368	0.001	0.630	0.001
0.001	0.683	0.315	0.001
0.001	0.630	0.001	0.368
>DAACAGBATCCC	4-DAACAGBATCCC	9.781724	-7.221344	0	T:2.0(50.00%),B:16.0(1.11%),P:1e-3	Tpos:50.7,Tstd:31.8,Bpos:47.1,Bstd:26.9,StrandBias:-10.0,Multiplicity:1.50
0.315	0.001	0.315	0.369
0.631	0.315	0.001	0.053
0.630	0.001	0.368	0.001
0.001	0.997	0.001	0.001
0.683	0.001	0.001	0.315
0.001	0.001	0.997	0.001
0.053	0.316	0.316	0.316
0.683	0.315	0.001	0.001
0.001	0.001	0.315	0.683
0.001	0.630	0.001	0.368
0.001	0.997	0.001	0.001
0.001	0.997	0.001	0.001
>TGCAGAATTCCA	5-TGCAGAATTCCA	12.355432	-5.886452	0	T:1.0(25.00%),B:0.0(0.00%),P:1e-2	Tpos:21.0,Tstd:0.0,Bpos:0.0,Bstd:0.0,StrandBias:10.0,Multiplicity:1.00
0.100	0.100	0.100	0.700
0.100	0.100	0.700	0.100
0.100	0.700	0.100	0.100
0.700	0.100	0.100	0.100
0.100	0.100	0.700	0.100
0.700	0.100	0.100	0.100
0.700	0.100	0.100	0.100
0.100	0.100	0.100	0.700
0.100	0.100	0.100	0.700
0.100	0.700	0.100	0.100
0.100	0.700	0.100	0.100
0.700	0.100	0.100	0.100
