>WTMMAGTTCAKS	1-WTMMAGTTCAKS	10.954071	-12.752575	0	T:2.0(50.00%),B:1.0(0.07%),P:1e-5	Tpos:58.7,Tstd:26.5,Bpos:62.0,Bstd:0.0,StrandBias:1.0,Multiplicity:1.50
0.460	0.001	0.001	0.538
0.001	0.001	0.001	0.997
0.460	0.538	0.001	0.001
0.538	0.460	0.001	0.001
0.997	0.001	0.001	0.001
0.001	0.001	0.997	0.001
0.001	0.077	0.001	0.921
0.001	0.001	0.001	0.997
0.001	0.997	0.001	0.001
0.997	0.001	0.001	0.001
0.001	0.001	0.538	0.460
0.001	0.538	0.460	0.001
>YGCTCGSMWWGG	2-YGCTCGSMWWGG	9.022921	-12.752575	0	T:2.0(50.00%),B:0.0(0.00%),P:1e-5	Tpos:23.7,Tstd:14.0,Bpos:0.0,Bstd:0.0,StrandBias:-1.0,Multiplicity:1.50
0.001	0.460	0.001	0.538
0.001	0.001	0.997	0.001
0.001	0.997	0.001	0.001
0.001	0.001	0.001	0.997
0.001	0.997	0.001	0.001
0.001	0.001	0.997	0.001
0.001	0.538	0.460	0.001
0.538	0.460	0.001	0.001
0.461	0.001	0.078	0.461
0.538	0.001	0.001	0.460
0.077	0.001	0.921	0.001
0.001	0.001	0.997	0.001
>MACATGCATCTC	3-MACATGCATCTC	8.737101	-12.740767	0	T:3.0(75.00%),B:13.0(0.90%),P:1e-5	Tpos:76.7,Tstd:7.4,Bpos:47.7,Bstd:22.3,StrandBias:-1.0,Multiplicity:1.00
0.519	0.479	0.001	0.001
0.519	0.240	0.240	0.001
0.001	0.759	0.239	0.001
0.997	0.001	0.001	0.001
0.001	0.001	0.239	0.759
0.280	0.001	0.479	0.240
0.239	0.759	0.001	0.001
0.519	0.240	0.001	0.240
0.001	0.240	0.240	0.519
0.240	0.519	0.001	0.240
0.240	0.240	0.041	0.480
0.001	0.997	0.001	0.001
>KRKMACACAKSK	4-KRKMACACAKSK	11.577584	-9.982769	0	T:2.0(50.00%),B:4.0(0.28%),P:1e-4	Tpos:42.5,Tstd:4.5,Bpos:36.2,Bstd:27.1,StrandBias:-10.0,Multiplicity:1.00
0.001	0.001	0.460	0.538
0.538	0.001	0.460	0.001
0.078	0.001	0.461	0.461
0.460	0.538	0.001	0.001
0.997	0.001	0.001	0.001
0.001	0.921	0.001	0.077
0.997	0.001	0.001	0.001
0.001	0.997	0.001	0.001
0.997	0.001	0.001	0.001
0.001	0.001	0.460	0.538
0.001	0.538	0.460	0.001
0.001	0.001	0.538	0.460
>ACATACATCGCT	5-ACATACATCGCT	12.355432	-5.886452	0	T:1.0(25.00%),B:0.0(0.00%),P:1e-2	Tpos:9.0,Tstd:0.0,Bpos:0.0,Bstd:0.0,StrandBias:10.0,Multiplicity:1.00
0.700	0.100	0.100	0.100
0.100	0.700	0.100	0.100
0.700	0.100	0.100	0.100
0.100	0.100	0.100	0.700
0.700	0.100	0.100	0.100
0.100	0.700	0.100	0.100
0.700	0.100	0.100	0.100
0.100	0.100	0.100	0.700
0.100	0.700	0.100	0.100
0.100	0.100	0.700	0.100
0.100	0.700	0.100	0.100
0.100	0.100	0.100	0.700
