>ATCTCCCTAGTA	1-ATCTCCCTAGTA	9.946509	-45.626917	0	T:15.0(1.95%),B:1.0(0.04%),P:1e-19	Tpos:51.3,Tstd:29.1,Bpos:50.0,Bstd:0.0,StrandBias:1.5,Multiplicity:1.00
0.671	0.001	0.235	0.093
0.001	0.156	0.015	0.828
0.001	0.921	0.077	0.001
0.077	0.001	0.001	0.921
0.078	0.766	0.078	0.078
0.001	0.921	0.001	0.077
0.077	0.921	0.001	0.001
0.001	0.156	0.001	0.842
0.997	0.001	0.001	0.001
0.077	0.001	0.921	0.001
0.001	0.171	0.235	0.593
0.765	0.078	0.001	0.156
>TCAAACTGTATC	2-TCAAACTGTATC	10.112519	-35.519457	0	T:15.0(1.95%),B:2.0(0.08%),P:1e-15	Tpos:55.0,Tstd:25.4,Bpos:78.5,Bstd:13.5,StrandBias:1.7,Multiplicity:1.60
0.001	0.166	0.001	0.832
0.063	0.770	0.111	0.056
0.714	0.284	0.001	0.001
0.936	0.062	0.001	0.001
0.654	0.111	0.001	0.234
0.001	0.888	0.110	0.001
0.180	0.001	0.001	0.818
0.001	0.166	0.832	0.001
0.001	0.001	0.001	0.997
0.652	0.001	0.055	0.292
0.055	0.001	0.001	0.943
0.001	0.997	0.001	0.001
>GACATCCTCCTG	3-GACATCCTCCTG	9.846145	-34.005774	0	T:21.0(2.73%),B:6.0(0.25%),P:1e-14	Tpos:51.0,Tstd:30.1,Bpos:32.7,Bstd:23.0,StrandBias:0.1,Multiplicity:1.10
0.047	0.116	0.790	0.047
0.812	0.094	0.047	0.047
0.188	0.764	0.047	0.001
0.846	0.106	0.001	0.047
0.001	0.001	0.140	0.858
0.001	0.789	0.209	0.001
0.001	0.952	0.001	0.046
0.047	0.141	0.141	0.671
0.001	0.893	0.059	0.047
0.001	0.952	0.001	0.046
0.046	0.001	0.001	0.952
0.001	0.141	0.764	0.094
>ACCCCTGACACC	4-ACCCCTGACACC	11.279411	-26.979598	0	T:10.0(1.30%),B:1.0(0.04%),P:1e-11	Tpos:52.1,Tstd:29.9,Bpos:62.0,Bstd:0.0,StrandBias:2.0,Multiplicity:1.50
0.590	0.001	0.307	0.102
0.102	0.896	0.001	0.001
0.001	0.997	0.001	0.001
0.001	0.997	0.001	0.001
0.001	0.896	0.102	0.001
0.001	0.001	0.001	0.997
0.001	0.102	0.896	0.001
0.795	0.001	0.102	0.102
0.001	0.795	0.102	0.102
0.677	0.212	0.001	0.110
0.150	0.535	0.110	0.205
0.001	0.997	0.001	0.001
>CATGGCAACTGG	5-CATGGCAACTGG	11.905632	-23.509364	0	T:9.0(1.17%),B:1.0(0.04%),P:1e-10	Tpos:40.0,Tstd:21.6,Bpos:80.0,Bstd:0.0,StrandBias:-2.5,Multiplicity:1.44
0.078	0.843	0.001	0.078
0.758	0.235	0.001	0.006
0.078	0.001	0.006	0.915
0.077	0.001	0.921	0.001
0.001	0.077	0.921	0.001
0.001	0.921	0.077	0.001
0.997	0.001	0.001	0.001
0.921	0.001	0.077	0.001
0.234	0.764	0.001	0.001
0.262	0.001	0.156	0.581
0.156	0.001	0.842	0.001
0.242	0.006	0.674	0.078
>TRGGATKRGGKT	6-TRGGATKRGGKT	11.698948	-20.145145	0	T:8.0(1.04%),B:1.0(0.04%),P:1e-8	Tpos:46.5,Tstd:28.7,Bpos:11.0,Bstd:0.0,StrandBias:3.1,Multiplicity:3.50
0.001	0.001	0.399	0.599
0.499	0.001	0.469	0.031
0.001	0.001	0.997	0.001
0.001	0.001	0.997	0.001
0.754	0.001	0.244	0.001
0.031	0.094	0.001	0.874
0.063	0.001	0.462	0.474
0.435	0.001	0.563	0.001
0.005	0.001	0.993	0.001
0.001	0.031	0.967	0.001
0.001	0.001	0.574	0.424
0.001	0.001	0.001	0.997
>MCAAAMAAAAMM	7-MCAAAMAAAAMM	7.638973	-14.502847	0	T:105.0(13.64%),B:203.0(8.32%),P:1e-6	Tpos:49.4,Tstd:22.7,Bpos:47.9,Bstd:25.1,StrandBias:0.5,Multiplicity:1.17
0.518	0.425	0.019	0.038
0.326	0.501	0.134	0.039
0.997	0.001	0.001	0.001
0.732	0.076	0.154	0.038
0.808	0.190	0.001	0.001
0.382	0.502	0.115	0.001
0.806	0.117	0.058	0.019
0.750	0.001	0.248	0.001
0.961	0.001	0.037	0.001
0.713	0.211	0.057	0.019
0.422	0.425	0.058	0.095
0.385	0.481	0.133	0.001
>GCGCGCGCKCAC	8-GCGCGCGCKCAC	10.434863	-9.751445	0	T:7.0(0.91%),B:3.0(0.12%),P:1e-4	Tpos:69.1,Tstd:13.6,Bpos:90.0,Bstd:3.9,StrandBias:1.1,Multiplicity:1.14
0.085	0.170	0.744	0.001
0.001	0.914	0.001	0.084
0.085	0.085	0.829	0.001
0.001	0.997	0.001	0.001
0.170	0.001	0.744	0.085
0.001	0.909	0.085	0.005
0.169	0.001	0.829	0.001
0.001	0.997	0.001	0.001
0.175	0.001	0.484	0.340
0.001	0.997	0.001	0.001
0.697	0.001	0.132	0.170
0.084	0.914	0.001	0.001
