>TAGGGGAATG	1-TAGGGGAATG	10.037520	-26.549339	0	T:19.0(2.47%),B:7.0(0.29%),P:1e-11	Tpos:57.3,Tstd:26.1,Bpos:72.4,Bstd:14.9,StrandBias:1.1,Multiplicity:1.00
0.001	0.001	0.001	0.997
0.935	0.001	0.001	0.063
0.063	0.001	0.935	0.001
0.156	0.001	0.842	0.001
0.001	0.001	0.997	0.001
0.001	0.063	0.935	0.001
0.871	0.064	0.064	0.001
0.667	0.001	0.064	0.268
0.064	0.001	0.064	0.871
0.001	0.063	0.935	0.001
>TTGMSAAGAA	2-TTGMSAAGAA	10.132415	-23.205770	0	T:11.0(1.43%),B:2.0(0.08%),P:1e-10	Tpos:54.3,Tstd:32.2,Bpos:43.0,Bstd:0.0,StrandBias:0.6,Multiplicity:1.00
0.295	0.001	0.001	0.703
0.001	0.001	0.001	0.997
0.001	0.001	0.997	0.001
0.341	0.488	0.170	0.001
0.148	0.318	0.386	0.148
0.703	0.295	0.001	0.001
0.997	0.001	0.001	0.001
0.001	0.001	0.997	0.001
0.976	0.022	0.001	0.001
0.997	0.001	0.001	0.001
>AGGCTCGACC	3-AGGCTCGACC	9.193082	-20.775557	0	T:13.0(1.69%),B:4.0(0.16%),P:1e-9	Tpos:48.4,Tstd:20.4,Bpos:47.5,Bstd:23.1,StrandBias:-0.8,Multiplicity:1.08
0.997	0.001	0.001	0.001
0.056	0.001	0.887	0.056
0.113	0.113	0.605	0.169
0.056	0.887	0.056	0.001
0.112	0.001	0.056	0.831
0.001	0.711	0.172	0.116
0.113	0.078	0.580	0.229
0.767	0.004	0.116	0.113
0.001	0.887	0.056	0.056
0.056	0.887	0.001	0.056
>CATTGAAAAG	4-CATTGAAAAG	9.162051	-20.330410	0	T:10.0(1.30%),B:2.0(0.08%),P:1e-8	Tpos:58.7,Tstd:23.3,Bpos:45.5,Bstd:9.5,StrandBias:-0.8,Multiplicity:1.10
0.128	0.870	0.001	0.001
0.772	0.001	0.178	0.049
0.128	0.001	0.001	0.870
0.128	0.001	0.001	0.870
0.129	0.129	0.613	0.129
0.997	0.001	0.001	0.001
0.997	0.001	0.001	0.001
0.997	0.001	0.001	0.001
0.997	0.001	0.001	0.001
0.128	0.001	0.870	0.001
>CGCGCGCGCG	5-CGCGCGCGCG	8.151394	-10.827642	0	T:5.0(0.65%),B:1.0(0.04%),P:1e-4	Tpos:72.8,Tstd:13.9,Bpos:9.0,Bstd:0.0,StrandBias:0.2,Multiplicity:1.00
0.001	0.997	0.001	0.001
0.001	0.001	0.997	0.001
0.001	0.997	0.001	0.001
0.001	0.062	0.875	0.062
0.001	0.997	0.001	0.001
0.001	0.001	0.936	0.062
0.001	0.997	0.001	0.001
0.001	0.001	0.997	0.001
0.062	0.936	0.001	0.001
0.001	0.062	0.936	0.001
>TGCTCTGCTC	6-TGCTCTGCTC	10.731058	-3.640299	0	T:3.0(0.39%),B:2.0(0.08%),P:1e-1	Tpos:38.4,Tstd:22.8,Bpos:39.0,Bstd:7.0,StrandBias:-10.0,Multiplicity:4.00
0.001	0.001	0.001	0.997
0.001	0.047	0.951	0.001
0.001	0.997	0.001	0.001
0.001	0.001	0.001	0.997
0.001	0.997	0.001	0.001
0.047	0.001	0.047	0.905
0.001	0.001	0.997	0.001
0.001	0.997	0.001	0.001
0.001	0.001	0.001	0.997
0.001	0.997	0.001	0.001
>CACACACACA	7-CACACACACA	8.621251	-3.208259	0	T:18.0(2.34%),B:36.0(1.48%),P:1e-1	Tpos:44.2,Tstd:24.0,Bpos:48.1,Bstd:30.1,StrandBias:3.8,Multiplicity:1.06
0.051	0.947	0.001	0.001
0.937	0.001	0.018	0.044
0.075	0.888	0.001	0.036
0.977	0.004	0.018	0.001
0.110	0.845	0.001	0.044
0.997	0.001	0.001	0.001
0.075	0.880	0.001	0.044
0.981	0.001	0.001	0.017
0.028	0.878	0.044	0.050
0.979	0.010	0.001	0.010
>GTTGGTTGGT	8-GTTGGTTGGT	10.296193	-2.023366	0	T:2.0(0.26%),B:2.0(0.08%),P:1e0	Tpos:58.3,Tstd:34.4,Bpos:25.0,Bstd:15.0,StrandBias:1.0,Multiplicity:1.00
0.100	0.100	0.700	0.100
0.100	0.100	0.100	0.700
0.100	0.100	0.100	0.700
0.100	0.100	0.700	0.100
0.100	0.100	0.700	0.100
0.100	0.100	0.100	0.700
0.100	0.100	0.100	0.700
0.100	0.100	0.700	0.100
0.100	0.100	0.700	0.100
0.100	0.100	0.100	0.700
