>GGMTAGGAAC	1-GGMTAGGAAC	8.671428	-35.519457	0	T:15.0(1.95%),B:2.0(0.08%),P:1e-15	Tpos:43.1,Tstd:23.6,Bpos:50.0,Bstd:40.0,StrandBias:-0.4,Multiplicity:1.07
0.065	0.155	0.625	0.155
0.369	0.001	0.629	0.001
0.338	0.446	0.122	0.094
0.065	0.245	0.061	0.629
0.936	0.001	0.062	0.001
0.001	0.001	0.997	0.001
0.030	0.061	0.908	0.001
0.560	0.129	0.309	0.002
0.687	0.031	0.092	0.190
0.061	0.624	0.314	0.001
>ATGGCAAGGA	2-ATGGCAAGGA	9.840989	-34.200278	0	T:12.0(1.56%),B:1.0(0.04%),P:1e-14	Tpos:51.4,Tstd:25.9,Bpos:13.0,Bstd:0.0,StrandBias:-0.8,Multiplicity:1.17
0.997	0.001	0.001	0.001
0.098	0.098	0.196	0.608
0.001	0.001	0.997	0.001
0.001	0.001	0.997	0.001
0.001	0.901	0.001	0.097
0.608	0.027	0.267	0.098
0.997	0.001	0.001	0.001
0.001	0.001	0.997	0.001
0.338	0.098	0.563	0.001
0.901	0.001	0.097	0.001
>GGCAGCATGC	3-GGCAGCATGC	8.970844	-32.576429	0	T:16.0(2.08%),B:3.0(0.12%),P:1e-14	Tpos:46.9,Tstd:24.3,Bpos:50.3,Bstd:20.1,StrandBias:0.4,Multiplicity:1.00
0.001	0.001	0.997	0.001
0.001	0.361	0.637	0.001
0.039	0.921	0.039	0.001
0.637	0.001	0.001	0.361
0.001	0.001	0.997	0.001
0.001	0.959	0.001	0.039
0.997	0.001	0.001	0.001
0.039	0.001	0.039	0.921
0.039	0.001	0.959	0.001
0.001	0.997	0.001	0.001
>CAAGTCATAT	4-CAAGTCATAT	8.511845	-26.979598	0	T:10.0(1.30%),B:1.0(0.04%),P:1e-11	Tpos:40.5,Tstd:20.9,Bpos:70.0,Bstd:0.0,StrandBias:-0.8,Multiplicity:1.10
0.001	0.873	0.001	0.125
0.997	0.001	0.001	0.001
0.873	0.001	0.001	0.125
0.001	0.001	0.997	0.001
0.001	0.001	0.001	0.997
0.001	0.997	0.001	0.001
0.997	0.001	0.001	0.001
0.001	0.310	0.126	0.563
0.997	0.001	0.001	0.001
0.001	0.001	0.001	0.997
>CACCCSTGAC	5-CACCCSTGAC	9.261355	-14.876219	0	T:8.0(1.04%),B:2.0(0.08%),P:1e-6	Tpos:43.9,Tstd:29.2,Bpos:67.0,Bstd:7.0,StrandBias:1.5,Multiplicity:1.88
0.001	0.997	0.001	0.001
0.949	0.025	0.025	0.001
0.001	0.997	0.001	0.001
0.001	0.997	0.001	0.001
0.001	0.997	0.001	0.001
0.001	0.432	0.566	0.001
0.001	0.001	0.001	0.997
0.001	0.001	0.997	0.001
0.949	0.025	0.025	0.001
0.001	0.997	0.001	0.001
>CAGTATTAGT	6-CAGTATTAGT	8.350283	-14.876219	0	T:8.0(1.04%),B:2.0(0.08%),P:1e-6	Tpos:36.1,Tstd:31.0,Bpos:68.5,Bstd:1.5,StrandBias:-0.7,Multiplicity:1.00
0.100	0.700	0.100	0.100
0.700	0.100	0.100	0.100
0.100	0.100	0.700	0.100
0.100	0.100	0.100	0.700
0.700	0.100	0.100	0.100
0.100	0.100	0.100	0.700
0.100	0.100	0.100	0.700
0.700	0.100	0.100	0.100
0.100	0.100	0.700	0.100
0.100	0.100	0.100	0.700
>GCCTGCACGG	7-GCCTGCACGG	8.151019	-11.297708	0	T:18.0(2.34%),B:17.0(0.70%),P:1e-4	Tpos:51.6,Tstd:24.9,Bpos:54.1,Bstd:23.1,StrandBias:-0.4,Multiplicity:1.56
0.037	0.147	0.779	0.037
0.127	0.799	0.073	0.001
0.001	0.890	0.036	0.073
0.147	0.036	0.001	0.816
0.073	0.038	0.888	0.001
0.074	0.779	0.110	0.037
0.850	0.075	0.038	0.037
0.074	0.814	0.075	0.037
0.147	0.147	0.486	0.220
0.036	0.001	0.925	0.038
>STGTCTGTCT	8-STGTCTGTCT	6.149600	-10.377986	0	T:37.0(4.81%),B:56.0(2.30%),P:1e-4	Tpos:48.3,Tstd:26.9,Bpos:53.3,Bstd:26.9,StrandBias:-1.4,Multiplicity:1.51
0.186	0.374	0.256	0.184
0.209	0.103	0.084	0.604
0.115	0.241	0.478	0.165
0.135	0.144	0.127	0.594
0.063	0.519	0.283	0.135
0.160	0.021	0.005	0.814
0.129	0.178	0.458	0.235
0.127	0.115	0.147	0.611
0.124	0.463	0.231	0.182
0.169	0.228	0.043	0.560
