>ACCYWATCCTAA	1-ACCYWATCCTAA	9.255928	-30.887698	0	T:17.0(2.21%),B:4.0(0.16%),P:1e-13	Tpos:46.9,Tstd:23.4,Bpos:36.5,Bstd:27.8,StrandBias:-1.5,Multiplicity:1.65
0.761	0.001	0.237	0.001
0.001	0.997	0.001	0.001
0.001	0.875	0.001	0.123
0.228	0.379	0.001	0.392
0.362	0.134	0.001	0.503
0.875	0.001	0.001	0.123
0.245	0.268	0.001	0.486
0.001	0.997	0.001	0.001
0.114	0.647	0.001	0.238
0.001	0.361	0.001	0.637
0.997	0.001	0.001	0.001
0.647	0.342	0.010	0.001
>TCTCTTTGTTTC	2-TCTCTTTGTTTC	9.295815	-30.545964	0	T:11.0(1.43%),B:0.0(0.00%),P:1e-13	Tpos:51.3,Tstd:22.2,Bpos:0.0,Bstd:0.0,StrandBias:-0.8,Multiplicity:1.00
0.001	0.001	0.001	0.997
0.001	0.997	0.001	0.001
0.001	0.001	0.001	0.997
0.001	0.997	0.001	0.001
0.001	0.001	0.001	0.997
0.001	0.001	0.001	0.997
0.001	0.001	0.265	0.733
0.001	0.001	0.997	0.001
0.001	0.001	0.001	0.997
0.001	0.001	0.001	0.997
0.088	0.001	0.001	0.910
0.001	0.910	0.001	0.088
>ACTTGGCAMGAA	3-ACTTGGCAMGAA	9.192992	-25.701012	0	T:15.0(1.95%),B:4.0(0.16%),P:1e-11	Tpos:47.5,Tstd:21.8,Bpos:68.2,Bstd:34.2,StrandBias:0.9,Multiplicity:1.13
0.921	0.001	0.039	0.039
0.079	0.881	0.039	0.001
0.079	0.221	0.079	0.621
0.001	0.001	0.039	0.959
0.118	0.001	0.880	0.001
0.001	0.039	0.881	0.079
0.277	0.721	0.001	0.001
0.832	0.048	0.001	0.119
0.344	0.374	0.159	0.123
0.123	0.190	0.528	0.159
0.714	0.123	0.040	0.123
0.722	0.158	0.119	0.001
>GACAGGACTAAA	4-GACAGGACTAAA	9.885865	-24.228539	0	T:13.0(1.69%),B:3.0(0.12%),P:1e-10	Tpos:44.4,Tstd:19.2,Bpos:33.0,Bstd:19.6,StrandBias:0.4,Multiplicity:1.08
0.001	0.001	0.997	0.001
0.655	0.001	0.343	0.001
0.001	0.645	0.353	0.001
0.655	0.343	0.001	0.001
0.280	0.001	0.532	0.187
0.087	0.001	0.911	0.001
0.656	0.001	0.342	0.001
0.001	0.729	0.001	0.269
0.001	0.353	0.001	0.645
0.532	0.354	0.001	0.113
0.997	0.001	0.001	0.001
0.984	0.014	0.001	0.001
>GAATCCCCCAGG	5-GAATCCCCCAGG	9.562416	-21.203118	0	T:21.0(2.73%),B:12.0(0.49%),P:1e-9	Tpos:46.9,Tstd:25.2,Bpos:49.9,Bstd:25.4,StrandBias:0.3,Multiplicity:1.38
0.109	0.109	0.781	0.001
0.725	0.055	0.110	0.110
0.835	0.055	0.109	0.001
0.055	0.001	0.055	0.889
0.055	0.835	0.001	0.109
0.359	0.585	0.001	0.055
0.001	0.939	0.001	0.059
0.055	0.889	0.001	0.055
0.055	0.810	0.001	0.134
0.944	0.001	0.054	0.001
0.004	0.001	0.994	0.001
0.055	0.110	0.815	0.020
>CAGCACTGTTGC	6-CAGCACTGTTGC	9.791820	-18.172905	0	T:15.0(1.95%),B:7.0(0.29%),P:1e-7	Tpos:53.9,Tstd:24.5,Bpos:49.1,Bstd:23.8,StrandBias:0.5,Multiplicity:1.13
0.205	0.475	0.205	0.115
0.986	0.001	0.001	0.012
0.001	0.001	0.997	0.001
0.012	0.986	0.001	0.001
0.896	0.001	0.001	0.102
0.001	0.997	0.001	0.001
0.102	0.001	0.001	0.896
0.001	0.001	0.896	0.102
0.013	0.102	0.102	0.783
0.205	0.205	0.001	0.589
0.320	0.001	0.577	0.102
0.001	0.997	0.001	0.001
>CACDGGGTGGAG	7-CACDGGGTGGAG	11.549899	-11.907795	0	T:8.0(1.04%),B:3.0(0.12%),P:1e-5	Tpos:62.5,Tstd:15.6,Bpos:46.3,Bstd:17.2,StrandBias:3.3,Multiplicity:1.38
0.001	0.997	0.001	0.001
0.997	0.001	0.001	0.001
0.061	0.751	0.174	0.014
0.347	0.001	0.291	0.361
0.001	0.001	0.997	0.001
0.001	0.001	0.997	0.001
0.001	0.187	0.811	0.001
0.173	0.001	0.173	0.653
0.001	0.001	0.997	0.001
0.001	0.014	0.812	0.173
0.997	0.001	0.001	0.001
0.173	0.001	0.825	0.001
>GTAGATAGATAG	8-GTAGATAGATAG	7.883458	-3.640299	0	T:3.0(0.39%),B:2.0(0.08%),P:1e-1	Tpos:67.5,Tstd:15.7,Bpos:37.5,Bstd:28.5,StrandBias:-2.5,Multiplicity:1.00
0.167	0.168	0.500	0.165
0.174	0.158	0.181	0.487
0.654	0.054	0.160	0.132
0.109	0.113	0.673	0.105
0.618	0.138	0.128	0.116
0.165	0.183	0.149	0.503
0.695	0.045	0.138	0.122
0.144	0.152	0.600	0.104
0.624	0.121	0.123	0.132
0.161	0.156	0.159	0.524
0.599	0.070	0.168	0.163
0.174	0.160	0.524	0.142
