>ATATTATGTG	1-ATATTATGTG	9.076058	-30.545964	0	T:11.0(1.43%),B:1.0(0.04%),P:1e-13	Tpos:50.6,Tstd:24.0,Bpos:67.0,Bstd:0.0,StrandBias:0.8,Multiplicity:1.00
0.872	0.001	0.126	0.001
0.063	0.063	0.001	0.873
0.668	0.063	0.198	0.071
0.063	0.127	0.001	0.809
0.071	0.001	0.063	0.865
0.620	0.127	0.190	0.063
0.063	0.001	0.001	0.935
0.126	0.001	0.872	0.001
0.063	0.001	0.001	0.935
0.135	0.190	0.604	0.071
>BTAGAATCCC	2-BTAGAATCCC	9.100610	-26.549339	0	T:19.0(2.47%),B:7.0(0.29%),P:1e-11	Tpos:48.2,Tstd:23.0,Bpos:55.8,Bstd:20.7,StrandBias:1.2,Multiplicity:1.21
0.001	0.290	0.367	0.342
0.113	0.001	0.001	0.885
0.997	0.001	0.001	0.001
0.113	0.001	0.885	0.001
0.997	0.001	0.001	0.001
0.771	0.001	0.227	0.001
0.359	0.001	0.114	0.526
0.001	0.997	0.001	0.001
0.001	0.997	0.001	0.001
0.252	0.746	0.001	0.001
>ACACCAACAG	3-ACACCAACAG	9.815283	-24.303710	0	T:19.0(2.47%),B:8.0(0.33%),P:1e-10	Tpos:57.1,Tstd:28.2,Bpos:39.9,Bstd:28.9,StrandBias:-1.1,Multiplicity:1.22
0.945	0.053	0.001	0.001
0.053	0.945	0.001	0.001
0.867	0.001	0.001	0.131
0.001	0.945	0.001	0.053
0.054	0.891	0.001	0.054
0.945	0.053	0.001	0.001
0.510	0.132	0.132	0.226
0.001	0.997	0.001	0.001
0.997	0.001	0.001	0.001
0.001	0.001	0.997	0.001
>AGGGTCAGGG	4-AGGGTCAGGG	6.832659	-22.642850	0	T:15.0(1.95%),B:5.0(0.20%),P:1e-9	Tpos:54.0,Tstd:27.1,Bpos:51.4,Bstd:17.0,StrandBias:1.4,Multiplicity:1.67
0.967	0.001	0.031	0.001
0.031	0.001	0.967	0.001
0.001	0.001	0.997	0.001
0.001	0.031	0.967	0.001
0.001	0.032	0.032	0.935
0.001	0.997	0.001	0.001
0.997	0.001	0.001	0.001
0.032	0.032	0.935	0.001
0.001	0.001	0.997	0.001
0.001	0.031	0.967	0.001
>TCTCAGCGGT	5-TCTCAGCGGT	7.092191	-22.459959	0	T:69.0(8.96%),B:94.0(3.85%),P:1e-9	Tpos:51.7,Tstd:23.9,Bpos:53.3,Bstd:26.4,StrandBias:0.2,Multiplicity:1.09
0.041	0.081	0.201	0.677
0.020	0.959	0.001	0.020
0.061	0.063	0.041	0.835
0.001	0.895	0.081	0.023
0.855	0.061	0.023	0.061
0.081	0.041	0.858	0.020
0.151	0.544	0.084	0.221
0.101	0.020	0.692	0.187
0.020	0.111	0.849	0.020
0.020	0.020	0.108	0.852
>NNGGCCACNN	6-NNGGCCACNN	3.999524	-17.276020	0	T:25.0(3.25%),B:21.0(0.86%),P:1e-7	Tpos:46.0,Tstd:27.3,Bpos:55.3,Bstd:23.8,StrandBias:-1.2,Multiplicity:1.48
0.270	0.269	0.216	0.245
0.243	0.328	0.209	0.220
0.109	0.239	0.465	0.187
0.199	0.158	0.490	0.154
0.187	0.465	0.174	0.174
0.174	0.479	0.167	0.180
0.477	0.178	0.200	0.145
0.187	0.432	0.168	0.213
0.277	0.252	0.210	0.261
0.266	0.321	0.219	0.194
>CACTGCTTGC	7-CACTGCTTGC	9.451028	-16.231502	0	T:14.0(1.82%),B:7.0(0.29%),P:1e-7	Tpos:50.6,Tstd:29.0,Bpos:34.7,Bstd:29.6,StrandBias:-1.5,Multiplicity:2.14
0.025	0.973	0.001	0.001
0.973	0.025	0.001	0.001
0.001	0.973	0.025	0.001
0.025	0.001	0.001	0.973
0.001	0.001	0.997	0.001
0.026	0.947	0.026	0.001
0.001	0.272	0.001	0.726
0.001	0.001	0.001	0.997
0.159	0.001	0.814	0.026
0.001	0.947	0.026	0.026
>AAAAAAAAAT	8-AAAAAAAAAT	8.532049	-6.549685	0	T:27.0(3.51%),B:45.0(1.84%),P:1e-2	Tpos:52.1,Tstd:29.2,Bpos:48.3,Bstd:27.3,StrandBias:0.0,Multiplicity:1.04
0.828	0.070	0.037	0.065
0.808	0.065	0.042	0.085
0.656	0.046	0.056	0.242
0.690	0.019	0.082	0.209
0.653	0.051	0.222	0.074
0.481	0.191	0.173	0.155
0.700	0.271	0.001	0.028
0.630	0.302	0.031	0.037
0.712	0.037	0.028	0.223
0.372	0.037	0.056	0.535
