>AATGAATA	1-AATGAATA	6.877129	-19.959074	0	T:52.0(6.75%),B:65.0(2.66%),P:1e-8	Tpos:53.8,Tstd:26.3,Bpos:49.8,Bstd:28.1,StrandBias:-0.5,Multiplicity:1.10
0.697	0.035	0.001	0.267
0.957	0.041	0.001	0.001
0.001	0.001	0.069	0.929
0.001	0.001	0.997	0.001
0.866	0.084	0.001	0.049
0.875	0.038	0.001	0.086
0.195	0.033	0.001	0.771
0.957	0.041	0.001	0.001
>TAGGGAAA	2-TAGGGAAA	9.810541	-19.029573	0	T:11.0(1.43%),B:3.0(0.12%),P:1e-8	Tpos:51.5,Tstd:26.6,Bpos:43.3,Bstd:18.8,StrandBias:0.3,Multiplicity:1.00
0.001	0.001	0.001	0.997
0.997	0.001	0.001	0.001
0.001	0.001	0.997	0.001
0.001	0.001	0.997	0.001
0.001	0.001	0.997	0.001
0.997	0.001	0.001	0.001
0.714	0.001	0.001	0.284
0.997	0.001	0.001	0.001
>TTAAGGCT	3-TTAAGGCT	10.835370	-16.899113	0	T:7.0(0.91%),B:1.0(0.04%),P:1e-7	Tpos:64.3,Tstd:27.8,Bpos:68.0,Bstd:0.0,StrandBias:-0.4,Multiplicity:1.00
0.001	0.001	0.001	0.997
0.001	0.001	0.001	0.997
0.997	0.001	0.001	0.001
0.997	0.001	0.001	0.001
0.001	0.001	0.925	0.073
0.001	0.073	0.853	0.073
0.001	0.997	0.001	0.001
0.001	0.001	0.001	0.997
>GGKTTGGA	4-GGKTTGGA	8.338399	-14.395646	0	T:19.0(2.47%),B:15.0(0.61%),P:1e-6	Tpos:61.7,Tstd:24.0,Bpos:42.0,Bstd:27.3,StrandBias:0.2,Multiplicity:1.00
0.001	0.301	0.697	0.001
0.001	0.001	0.823	0.175
0.001	0.001	0.531	0.467
0.001	0.001	0.001	0.997
0.001	0.001	0.001	0.997
0.001	0.001	0.997	0.001
0.001	0.001	0.997	0.001
0.997	0.001	0.001	0.001
>TGCCCCTC	5-TGCCCCTC	8.236954	-11.907795	0	T:8.0(1.04%),B:3.0(0.12%),P:1e-5	Tpos:40.4,Tstd:27.4,Bpos:50.0,Bstd:12.8,StrandBias:-2.8,Multiplicity:1.00
0.100	0.100	0.100	0.700
0.100	0.100	0.700	0.100
0.100	0.700	0.100	0.100
0.100	0.700	0.100	0.100
0.100	0.700	0.100	0.100
0.100	0.700	0.100	0.100
0.100	0.100	0.100	0.700
0.100	0.700	0.100	0.100
>GGGTACAC	6-GGGTACAC	9.756278	-8.368715	0	T:8.0(1.04%),B:5.0(0.20%),P:1e-3	Tpos:42.1,Tstd:29.6,Bpos:25.8,Bstd:14.7,StrandBias:-1.7,Multiplicity:1.62
0.001	0.001	0.997	0.001
0.001	0.001	0.997	0.001
0.001	0.001	0.997	0.001
0.001	0.001	0.001	0.997
0.997	0.001	0.001	0.001
0.001	0.997	0.001	0.001
0.997	0.001	0.001	0.001
0.001	0.729	0.001	0.269
>GTTGGTCG	7-GTTGGTCG	8.388904	-5.947547	0	T:9.0(1.17%),B:9.0(0.37%),P:1e-2	Tpos:52.2,Tstd:30.6,Bpos:47.3,Bstd:21.8,StrandBias:1.8,Multiplicity:1.00
0.001	0.001	0.997	0.001
0.001	0.001	0.001	0.997
0.001	0.001	0.173	0.825
0.001	0.001	0.997	0.001
0.001	0.001	0.825	0.173
0.001	0.001	0.173	0.825
0.001	0.878	0.001	0.120
0.343	0.001	0.655	0.001
>TATCTATC	8-TATCTATC	8.054405	-3.674942	0	T:8.0(1.04%),B:11.0(0.45%),P:1e-1	Tpos:59.4,Tstd:23.8,Bpos:46.3,Bstd:25.8,StrandBias:2.4,Multiplicity:3.12
0.001	0.001	0.001	0.997
0.997	0.001	0.001	0.001
0.001	0.057	0.001	0.941
0.001	0.909	0.001	0.089
0.001	0.001	0.057	0.941
0.997	0.001	0.001	0.001
0.001	0.001	0.001	0.997
0.001	0.997	0.001	0.001
