>TGGCCATGCC	1-TGGCCATGCC	7.284426	-27.176615	0	T:54.0(8.01%),B:4150.0(2.65%),P:1e-11	Tpos:50.3,Tstd:23.4,Bpos:50.2,Bstd:26.7,StrandBias:0.6,Multiplicity:1.06
0.001	0.031	0.164	0.804
0.003	0.189	0.807	0.001
0.001	0.020	0.838	0.141
0.119	0.597	0.138	0.146
0.001	0.896	0.001	0.102
0.851	0.056	0.001	0.092
0.002	0.055	0.085	0.858
0.094	0.130	0.698	0.078
0.001	0.845	0.019	0.135
0.059	0.846	0.001	0.094
>CCGCTGGACT	2-CCGCTGGACT	9.033808	-24.452061	0	T:18.0(2.67%),B:512.0(0.33%),P:1e-10	Tpos:48.8,Tstd:27.2,Bpos:50.1,Bstd:26.2,StrandBias:-0.7,Multiplicity:1.00
0.001	0.997	0.001	0.001
0.058	0.890	0.001	0.051
0.071	0.080	0.848	0.001
0.001	0.997	0.001	0.001
0.001	0.001	0.001	0.997
0.149	0.162	0.688	0.001
0.001	0.001	0.997	0.001
0.847	0.001	0.053	0.099
0.001	0.906	0.092	0.001
0.084	0.001	0.001	0.914
>TGATTGATTG	3-TGATTGATTG	8.407402	-20.701347	0	T:18.0(2.67%),B:650.0(0.41%),P:1e-8	Tpos:54.3,Tstd:26.5,Bpos:49.1,Bstd:27.1,StrandBias:-0.3,Multiplicity:1.00
0.001	0.001	0.081	0.917
0.081	0.001	0.917	0.001
0.997	0.001	0.001	0.001
0.096	0.071	0.001	0.832
0.001	0.001	0.069	0.929
0.001	0.049	0.861	0.089
0.872	0.077	0.050	0.001
0.093	0.001	0.001	0.905
0.080	0.001	0.039	0.880
0.001	0.001	0.930	0.068
>AGTCCCCAGT	4-AGTCCCCAGT	10.003916	-20.317690	0	T:15.0(2.23%),B:437.0(0.28%),P:1e-8	Tpos:56.4,Tstd:26.8,Bpos:49.5,Bstd:27.8,StrandBias:-0.7,Multiplicity:1.07
0.806	0.117	0.001	0.076
0.001	0.067	0.931	0.001
0.001	0.001	0.001	0.997
0.001	0.878	0.067	0.054
0.074	0.770	0.155	0.001
0.001	0.941	0.001	0.057
0.001	0.796	0.113	0.090
0.997	0.001	0.001	0.001
0.001	0.001	0.997	0.001
0.056	0.001	0.001	0.942
>CCGCAGMASG	5-CCGCAGMASG	9.765114	-17.799255	0	T:14.0(2.08%),B:452.0(0.29%),P:1e-7	Tpos:39.7,Tstd:22.7,Bpos:50.4,Bstd:27.4,StrandBias:-0.8,Multiplicity:1.00
0.269	0.729	0.001	0.001
0.001	0.997	0.001	0.001
0.001	0.064	0.934	0.001
0.235	0.763	0.001	0.001
0.883	0.001	0.001	0.115
0.001	0.001	0.997	0.001
0.498	0.500	0.001	0.001
0.636	0.001	0.001	0.362
0.001	0.451	0.547	0.001
0.001	0.001	0.997	0.001
