>CTGASAGT	1-CTGASAGT	3.930061	-17.166099	0	T:194.0(28.78%),B:31395.0(20.02%),P:1e-7	Tpos:51.4,Tstd:28.0,Bpos:49.9,Bstd:27.2,StrandBias:-0.1,Multiplicity:1.10
0.037	0.585	0.226	0.152
0.174	0.158	0.147	0.521
0.112	0.209	0.545	0.134
0.591	0.047	0.064	0.298
0.214	0.380	0.253	0.154
0.516	0.143	0.172	0.169
0.118	0.222	0.482	0.178
0.217	0.257	0.093	0.433
>GGTCATGA	2-GGTCATGA	4.833414	-13.170772	0	T:122.0(18.10%),B:18668.0(11.91%),P:1e-5	Tpos:52.2,Tstd:25.5,Bpos:49.9,Bstd:27.4,StrandBias:0.2,Multiplicity:1.15
0.059	0.124	0.744	0.073
0.063	0.099	0.725	0.113
0.071	0.062	0.095	0.772
0.102	0.735	0.064	0.099
0.736	0.094	0.080	0.090
0.120	0.061	0.089	0.730
0.085	0.053	0.828	0.034
0.743	0.136	0.042	0.079
>CCACAACA	3-CCACAACA	6.149401	-12.795244	0	T:54.0(8.01%),B:6382.0(4.07%),P:1e-5	Tpos:47.9,Tstd:26.2,Bpos:49.8,Bstd:26.7,StrandBias:0.2,Multiplicity:1.06
0.001	0.559	0.161	0.279
0.032	0.966	0.001	0.001
0.939	0.004	0.056	0.001
0.001	0.990	0.001	0.008
0.686	0.001	0.121	0.192
0.912	0.001	0.008	0.079
0.001	0.997	0.001	0.001
0.915	0.001	0.077	0.007
>CACACACA	4-CACACACA	6.554126	-7.535916	0	T:40.0(5.93%),B:5294.0(3.38%),P:1e-3	Tpos:50.8,Tstd:31.0,Bpos:48.9,Bstd:28.4,StrandBias:1.9,Multiplicity:1.10
0.001	0.997	0.001	0.001
0.997	0.001	0.001	0.001
0.001	0.810	0.188	0.001
0.997	0.001	0.001	0.001
0.001	0.947	0.001	0.051
0.937	0.001	0.061	0.001
0.001	0.933	0.001	0.065
0.997	0.001	0.001	0.001
>AAAAAAAA	5-AAAAAAAA	8.570678	-4.876584	0	T:27.0(4.01%),B:3757.0(2.40%),P:1e-2	Tpos:51.3,Tstd:24.7,Bpos:51.5,Bstd:26.5,StrandBias:-1.0,Multiplicity:1.11
0.997	0.001	0.001	0.001
0.997	0.001	0.001	0.001
0.880	0.001	0.001	0.118
0.807	0.001	0.001	0.191
0.858	0.001	0.001	0.140
0.997	0.001	0.001	0.001
0.997	0.001	0.001	0.001
0.997	0.001	0.001	0.001
