>CTTACCCTCCCA	1-CTTACCCTCCCA	13.821289	-24.263840	0	T:7.0(1.04%),B:25.0(0.02%),P:1e-10	Tpos:47.7,Tstd:26.3,Bpos:43.5,Bstd:25.7,StrandBias:-1.3,Multiplicity:1.00
0.001	0.997	0.001	0.001
0.001	0.133	0.001	0.865
0.001	0.001	0.145	0.853
0.997	0.001	0.001	0.001
0.001	0.833	0.165	0.001
0.001	0.997	0.001	0.001
0.001	0.818	0.001	0.180
0.001	0.001	0.001	0.997
0.001	0.997	0.001	0.001
0.001	0.997	0.001	0.001
0.001	0.997	0.001	0.001
0.792	0.001	0.206	0.001
>ACACGSTGCATG	2-ACACGSTGCATG	12.488911	-20.832638	0	T:6.0(0.89%),B:22.0(0.01%),P:1e-9	Tpos:42.8,Tstd:28.8,Bpos:56.6,Bstd:14.8,StrandBias:-1.6,Multiplicity:1.33
0.752	0.001	0.001	0.246
0.001	0.997	0.001	0.001
0.997	0.001	0.001	0.001
0.215	0.770	0.014	0.001
0.001	0.001	0.997	0.001
0.001	0.461	0.537	0.001
0.001	0.246	0.246	0.507
0.246	0.246	0.507	0.001
0.001	0.997	0.001	0.001
0.997	0.001	0.001	0.001
0.001	0.001	0.001	0.997
0.001	0.001	0.997	0.001
>GTTACACCTGAC	3-GTTACACCTGAC	12.699264	-19.668014	0	T:5.0(0.74%),B:12.0(0.01%),P:1e-8	Tpos:65.6,Tstd:22.7,Bpos:55.6,Bstd:24.6,StrandBias:1.3,Multiplicity:1.40
0.325	0.001	0.673	0.001
0.001	0.001	0.001	0.997
0.001	0.001	0.162	0.836
0.997	0.001	0.001	0.001
0.001	0.997	0.001	0.001
0.836	0.162	0.001	0.001
0.001	0.997	0.001	0.001
0.001	0.997	0.001	0.001
0.001	0.001	0.001	0.997
0.001	0.325	0.673	0.001
0.997	0.001	0.001	0.001
0.001	0.673	0.325	0.001
>AAGGTTTCATGT	4-AAGGTTTCATGT	10.975493	-16.524974	0	T:9.0(1.34%),B:166.0(0.11%),P:1e-7	Tpos:27.4,Tstd:18.9,Bpos:51.9,Bstd:27.4,StrandBias:0.3,Multiplicity:1.00
0.997	0.001	0.001	0.001
0.997	0.001	0.001	0.001
0.185	0.001	0.813	0.001
0.001	0.001	0.997	0.001
0.001	0.107	0.001	0.891
0.001	0.370	0.001	0.628
0.001	0.001	0.185	0.813
0.001	0.997	0.001	0.001
0.776	0.222	0.001	0.001
0.185	0.185	0.001	0.629
0.185	0.001	0.813	0.001
0.185	0.001	0.115	0.699
>CGATCCAGTGTG	5-CGATCCAGTGTG	11.269646	-16.226855	0	T:4.0(0.59%),B:9.0(0.01%),P:1e-7	Tpos:40.7,Tstd:27.8,Bpos:34.0,Bstd:21.7,StrandBias:-1.0,Multiplicity:1.50
0.001	0.997	0.001	0.001
0.001	0.001	0.997	0.001
0.997	0.001	0.001	0.001
0.001	0.001	0.081	0.917
0.001	0.997	0.001	0.001
0.001	0.997	0.001	0.001
0.997	0.001	0.001	0.001
0.001	0.001	0.997	0.001
0.038	0.001	0.034	0.927
0.001	0.154	0.844	0.001
0.001	0.001	0.001	0.997
0.001	0.001	0.997	0.001
>CCTTTCAAAGCA	6-CCTTTCAAAGCA	12.355432	-14.858532	0	T:3.0(0.45%),B:3.0(0.00%),P:1e-6	Tpos:60.3,Tstd:28.3,Bpos:67.7,Bstd:13.7,StrandBias:10.0,Multiplicity:1.00
0.100	0.700	0.100	0.100
0.100	0.700	0.100	0.100
0.100	0.100	0.100	0.700
0.100	0.100	0.100	0.700
0.100	0.100	0.100	0.700
0.100	0.700	0.100	0.100
0.700	0.100	0.100	0.100
0.700	0.100	0.100	0.100
0.700	0.100	0.100	0.100
0.100	0.100	0.700	0.100
0.100	0.700	0.100	0.100
0.700	0.100	0.100	0.100
>TCAACACCTGTT	7-TCAACACCTGTT	12.848509	-11.354800	0	T:4.0(0.59%),B:31.0(0.02%),P:1e-4	Tpos:33.9,Tstd:21.6,Bpos:45.8,Bstd:22.4,StrandBias:2.6,Multiplicity:1.75
0.001	0.001	0.001	0.997
0.001	0.861	0.137	0.001
0.997	0.001	0.001	0.001
0.997	0.001	0.001	0.001
0.344	0.654	0.001	0.001
0.676	0.001	0.001	0.322
0.001	0.997	0.001	0.001
0.001	0.997	0.001	0.001
0.322	0.001	0.001	0.676
0.001	0.001	0.997	0.001
0.001	0.171	0.001	0.827
0.001	0.001	0.001	0.997
>YCTTGTTTTGTT	8-YCTTGTTTTGTT	10.609922	-10.786639	0	T:24.0(3.56%),B:2093.0(1.33%),P:1e-4	Tpos:48.1,Tstd:23.1,Bpos:50.8,Bstd:25.3,StrandBias:0.0,Multiplicity:1.00
0.001	0.437	0.076	0.486
0.203	0.608	0.070	0.119
0.131	0.004	0.001	0.864
0.170	0.001	0.001	0.828
0.077	0.001	0.553	0.369
0.001	0.085	0.001	0.913
0.001	0.001	0.357	0.641
0.001	0.002	0.004	0.993
0.001	0.001	0.001	0.997
0.001	0.201	0.797	0.001
0.131	0.001	0.001	0.867
0.001	0.001	0.001	0.997
