>GGAGCYAAAA	1-GGAGCYAAAA	7.120565	-29.357221	0	T:84.0(12.46%),B:8097.0(5.16%),P:1e-12	Tpos:47.9,Tstd:27.4,Bpos:50.0,Bstd:27.0,StrandBias:-0.0,Multiplicity:1.06
0.301	0.001	0.667	0.031
0.071	0.001	0.927	0.001
0.997	0.001	0.001	0.001
0.389	0.001	0.609	0.001
0.077	0.637	0.130	0.156
0.103	0.275	0.213	0.408
0.604	0.394	0.001	0.001
0.730	0.115	0.001	0.154
0.570	0.142	0.287	0.001
0.733	0.227	0.039	0.001
>STATGTASTR	2-STATGTASTR	7.549623	-25.347146	0	T:44.0(6.53%),B:3072.0(1.96%),P:1e-11	Tpos:52.8,Tstd:24.8,Bpos:49.2,Bstd:26.7,StrandBias:-0.1,Multiplicity:1.07
0.111	0.436	0.374	0.079
0.001	0.001	0.001	0.997
0.673	0.001	0.037	0.289
0.001	0.001	0.407	0.591
0.260	0.171	0.568	0.001
0.001	0.001	0.001	0.997
0.624	0.001	0.374	0.001
0.001	0.472	0.526	0.001
0.001	0.001	0.001	0.997
0.404	0.165	0.318	0.113
>AGGACAGCTA	3-AGGACAGCTA	9.435164	-23.709847	0	T:23.0(3.41%),B:935.0(0.60%),P:1e-10	Tpos:55.6,Tstd:27.9,Bpos:49.8,Bstd:25.7,StrandBias:1.5,Multiplicity:1.05
0.928	0.001	0.001	0.070
0.142	0.001	0.856	0.001
0.001	0.001	0.997	0.001
0.997	0.001	0.001	0.001
0.061	0.866	0.072	0.001
0.911	0.001	0.001	0.087
0.001	0.001	0.997	0.001
0.001	0.997	0.001	0.001
0.057	0.001	0.180	0.762
0.733	0.265	0.001	0.001
>TGGCCTAACA	4-TGGCCTAACA	10.369446	-21.877090	0	T:11.0(1.63%),B:167.0(0.11%),P:1e-9	Tpos:53.5,Tstd:28.3,Bpos:47.3,Bstd:27.0,StrandBias:0.8,Multiplicity:1.00
0.093	0.001	0.001	0.905
0.114	0.001	0.811	0.074
0.001	0.001	0.997	0.001
0.001	0.997	0.001	0.001
0.001	0.847	0.151	0.001
0.056	0.001	0.134	0.809
0.876	0.050	0.073	0.001
0.910	0.001	0.001	0.088
0.001	0.997	0.001	0.001
0.918	0.001	0.001	0.080
>CCAGCTATGA	5-CCAGCTATGA	10.607325	-21.482031	0	T:13.0(1.93%),B:277.0(0.18%),P:1e-9	Tpos:39.2,Tstd:26.9,Bpos:50.5,Bstd:27.0,StrandBias:-0.2,Multiplicity:1.00
0.001	0.997	0.001	0.001
0.053	0.894	0.001	0.052
0.997	0.001	0.001	0.001
0.001	0.001	0.997	0.001
0.001	0.997	0.001	0.001
0.001	0.213	0.001	0.785
0.873	0.001	0.123	0.003
0.001	0.001	0.001	0.997
0.001	0.353	0.645	0.001
0.703	0.001	0.001	0.295
>CCTAGGCTAG	6-CCTAGGCTAG	9.358355	-17.991357	0	T:17.0(2.52%),B:688.0(0.44%),P:1e-7	Tpos:50.1,Tstd:26.2,Bpos:49.1,Bstd:26.4,StrandBias:0.3,Multiplicity:1.00
0.278	0.581	0.140	0.001
0.098	0.900	0.001	0.001
0.001	0.133	0.001	0.865
0.664	0.285	0.050	0.001
0.153	0.001	0.845	0.001
0.110	0.071	0.809	0.010
0.001	0.768	0.230	0.001
0.001	0.001	0.001	0.997
0.959	0.001	0.039	0.001
0.001	0.001	0.997	0.001
>GCTCATDCTC	7-GCTCATDCTC	10.088249	-10.667490	0	T:4.0(0.59%),B:37.0(0.02%),P:1e-4	Tpos:61.0,Tstd:23.2,Bpos:48.6,Bstd:25.5,StrandBias:0.0,Multiplicity:1.00
0.280	0.001	0.688	0.031
0.001	0.997	0.001	0.001
0.261	0.166	0.001	0.572
0.198	0.651	0.049	0.102
0.711	0.215	0.051	0.023
0.293	0.046	0.101	0.560
0.268	0.038	0.416	0.279
0.002	0.791	0.097	0.110
0.141	0.062	0.017	0.780
0.001	0.879	0.119	0.001
>TGCGCATGCG	8-TGCGCATGCG	5.959906	-7.824719	0	T:54.0(8.01%),B:7728.0(4.93%),P:1e-3	Tpos:54.7,Tstd:23.9,Bpos:49.8,Bstd:25.3,StrandBias:-0.1,Multiplicity:1.44
0.043	0.105	0.086	0.766
0.125	0.032	0.815	0.028
0.071	0.834	0.086	0.009
0.050	0.017	0.818	0.115
0.030	0.870	0.077	0.023
0.819	0.045	0.065	0.071
0.071	0.127	0.029	0.773
0.049	0.073	0.793	0.085
0.049	0.744	0.096	0.111
0.058	0.074	0.775	0.093
