>GKAGGAGCTA	1-GKAGGAGCTA	9.551148	-22.365580	0	T:21.0(3.12%),B:826.0(0.53%),P:1e-9	Tpos:58.0,Tstd:27.1,Bpos:51.3,Bstd:27.1,StrandBias:0.3,Multiplicity:1.19
0.001	0.001	0.922	0.076
0.001	0.001	0.488	0.510
0.947	0.001	0.051	0.001
0.001	0.001	0.997	0.001
0.001	0.001	0.997	0.001
0.886	0.112	0.001	0.001
0.001	0.001	0.997	0.001
0.091	0.839	0.069	0.001
0.001	0.001	0.001	0.997
0.957	0.001	0.041	0.001
>AAGAGGCCTC	2-AAGAGGCCTC	6.870044	-18.675047	0	T:56.0(8.31%),B:5577.0(3.56%),P:1e-8	Tpos:46.1,Tstd:27.8,Bpos:50.0,Bstd:26.7,StrandBias:-0.3,Multiplicity:1.07
0.745	0.088	0.098	0.069
0.746	0.032	0.101	0.121
0.037	0.053	0.821	0.089
0.900	0.025	0.040	0.035
0.074	0.081	0.785	0.060
0.031	0.045	0.860	0.064
0.086	0.840	0.027	0.047
0.074	0.789	0.075	0.062
0.044	0.066	0.068	0.822
0.093	0.700	0.079	0.128
>GGAACTCAAG	3-GGAACTCAAG	9.432835	-18.298931	0	T:20.0(2.97%),B:947.0(0.60%),P:1e-7	Tpos:50.5,Tstd:26.4,Bpos:52.3,Bstd:26.9,StrandBias:-0.7,Multiplicity:1.20
0.059	0.001	0.883	0.057
0.045	0.001	0.953	0.001
0.906	0.092	0.001	0.001
0.924	0.074	0.001	0.001
0.001	0.951	0.047	0.001
0.001	0.051	0.123	0.825
0.058	0.911	0.030	0.001
0.912	0.086	0.001	0.001
0.861	0.098	0.040	0.001
0.001	0.001	0.915	0.083
>CTGTAGGTTT	4-CTGTAGGTTT	9.892050	-17.718355	0	T:14.0(2.08%),B:455.0(0.29%),P:1e-7	Tpos:48.5,Tstd:26.5,Bpos:50.5,Bstd:26.4,StrandBias:-1.5,Multiplicity:1.07
0.001	0.997	0.001	0.001
0.001	0.001	0.001	0.997
0.123	0.001	0.875	0.001
0.001	0.140	0.001	0.858
0.950	0.001	0.048	0.001
0.001	0.001	0.910	0.088
0.114	0.058	0.827	0.001
0.092	0.073	0.001	0.834
0.001	0.001	0.064	0.934
0.001	0.001	0.100	0.898
>GAATGCGCAT	5-GAATGCGCAT	6.921674	-13.197751	0	T:35.0(5.19%),B:3320.0(2.12%),P:1e-5	Tpos:51.3,Tstd:22.9,Bpos:50.5,Bstd:25.3,StrandBias:-0.1,Multiplicity:1.11
0.081	0.014	0.800	0.105
0.628	0.162	0.116	0.094
0.774	0.140	0.033	0.053
0.084	0.028	0.112	0.776
0.069	0.057	0.873	0.001
0.081	0.827	0.045	0.047
0.053	0.099	0.778	0.070
0.027	0.944	0.001	0.028
0.796	0.078	0.012	0.114
0.065	0.049	0.074	0.812
>ASHAACCAAC	6-ASHAACCAAC	10.786741	-7.691854	0	T:9.0(1.34%),B:512.0(0.33%),P:1e-3	Tpos:60.9,Tstd:28.7,Bpos:50.2,Bstd:26.9,StrandBias:-1.4,Multiplicity:1.00
0.997	0.001	0.001	0.001
0.001	0.548	0.435	0.016
0.236	0.381	0.001	0.382
0.997	0.001	0.001	0.001
0.997	0.001	0.001	0.001
0.029	0.969	0.001	0.001
0.001	0.997	0.001	0.001
0.997	0.001	0.001	0.001
0.613	0.001	0.001	0.385
0.008	0.768	0.001	0.223
>KTTTTTTKTT	7-KTTTTTTKTT	6.515432	-4.367834	0	T:91.0(13.50%),B:16765.0(10.69%),P:1e-1	Tpos:50.2,Tstd:28.2,Bpos:50.5,Bstd:25.7,StrandBias:0.5,Multiplicity:1.22
0.001	0.068	0.399	0.532
0.091	0.001	0.316	0.592
0.126	0.206	0.023	0.645
0.122	0.001	0.190	0.687
0.001	0.131	0.162	0.706
0.001	0.001	0.220	0.778
0.001	0.001	0.159	0.839
0.027	0.157	0.336	0.481
0.001	0.001	0.215	0.783
0.001	0.272	0.205	0.522
