>CCCATAGCCG	1-CCCATAGCCG	9.312470	-22.198350	0	T:14.0(2.08%),B:318.0(0.20%),P:1e-9	Tpos:47.5,Tstd:29.6,Bpos:51.0,Bstd:26.9,StrandBias:-1.3,Multiplicity:1.00
0.001	0.997	0.001	0.001
0.001	0.997	0.001	0.001
0.001	0.997	0.001	0.001
0.884	0.114	0.001	0.001
0.001	0.065	0.057	0.877
0.905	0.001	0.093	0.001
0.001	0.162	0.836	0.001
0.001	0.997	0.001	0.001
0.079	0.806	0.114	0.001
0.082	0.092	0.825	0.001
>AACATGGGTG	2-AACATGGGTG	10.321085	-19.187391	0	T:12.0(1.78%),B:274.0(0.17%),P:1e-8	Tpos:53.8,Tstd:26.0,Bpos:49.7,Bstd:27.4,StrandBias:0.2,Multiplicity:1.08
0.863	0.052	0.084	0.001
0.933	0.001	0.065	0.001
0.001	0.997	0.001	0.001
0.826	0.066	0.107	0.001
0.001	0.001	0.077	0.921
0.001	0.001	0.997	0.001
0.096	0.001	0.805	0.098
0.001	0.001	0.997	0.001
0.085	0.001	0.089	0.825
0.001	0.099	0.899	0.001
>TTGCTTATCA	3-TTGCTTATCA	10.572936	-17.154741	0	T:9.0(1.34%),B:154.0(0.10%),P:1e-7	Tpos:60.3,Tstd:20.4,Bpos:47.7,Bstd:26.6,StrandBias:0.3,Multiplicity:1.00
0.001	0.001	0.001	0.997
0.001	0.001	0.129	0.869
0.001	0.001	0.850	0.148
0.001	0.879	0.001	0.119
0.001	0.001	0.001	0.997
0.001	0.001	0.410	0.588
0.997	0.001	0.001	0.001
0.001	0.001	0.083	0.915
0.001	0.506	0.154	0.339
0.693	0.001	0.001	0.305
>TTTTGATTTG	4-TTTTGATTTG	7.759492	-9.373117	0	T:32.0(4.75%),B:3520.0(2.24%),P:1e-4	Tpos:40.4,Tstd:24.6,Bpos:50.6,Bstd:25.9,StrandBias:-0.9,Multiplicity:1.58
0.128	0.095	0.146	0.631
0.057	0.045	0.108	0.790
0.020	0.019	0.094	0.867
0.063	0.026	0.043	0.868
0.022	0.093	0.877	0.008
0.794	0.096	0.037	0.073
0.046	0.121	0.082	0.751
0.001	0.044	0.064	0.891
0.064	0.055	0.111	0.770
0.061	0.093	0.772	0.074
>GGGCCTAGGT	5-GGGCCTAGGT	12.457576	-7.941950	0	T:3.0(0.45%),B:31.0(0.02%),P:1e-3	Tpos:56.0,Tstd:21.2,Bpos:49.1,Bstd:26.8,StrandBias:2.3,Multiplicity:2.00
0.001	0.001	0.997	0.001
0.001	0.001	0.997	0.001
0.001	0.001	0.997	0.001
0.001	0.997	0.001	0.001
0.001	0.997	0.001	0.001
0.001	0.001	0.001	0.997
0.997	0.001	0.001	0.001
0.001	0.252	0.746	0.001
0.001	0.001	0.997	0.001
0.001	0.001	0.001	0.997
>GGAGTTTCGC	6-GGAGTTTCGC	10.296193	-6.829227	0	T:2.0(0.30%),B:11.0(0.01%),P:1e-2	Tpos:43.8,Tstd:23.3,Bpos:50.8,Bstd:24.3,StrandBias:-1.6,Multiplicity:2.00
0.100	0.100	0.700	0.100
0.100	0.100	0.700	0.100
0.700	0.100	0.100	0.100
0.100	0.100	0.700	0.100
0.100	0.100	0.100	0.700
0.100	0.100	0.100	0.700
0.100	0.100	0.100	0.700
0.100	0.700	0.100	0.100
0.100	0.100	0.700	0.100
0.100	0.700	0.100	0.100
>CTTTTTTTTT	7-CTTTTTTTTT	10.003190	-6.566819	0	T:18.0(2.67%),B:1852.0(1.18%),P:1e-2	Tpos:46.9,Tstd:17.6,Bpos:52.7,Bstd:25.4,StrandBias:-2.2,Multiplicity:1.06
0.001	0.598	0.117	0.284
0.001	0.001	0.001	0.997
0.001	0.081	0.001	0.917
0.001	0.001	0.001	0.997
0.108	0.001	0.105	0.786
0.001	0.096	0.125	0.778
0.001	0.001	0.001	0.997
0.001	0.001	0.001	0.997
0.001	0.001	0.001	0.997
0.279	0.203	0.001	0.517
>GAAGATGTAT	8-GAAGATGTAT	12.185642	-5.078749	0	T:2.0(0.30%),B:27.0(0.02%),P:1e-2	Tpos:56.3,Tstd:30.0,Bpos:53.9,Bstd:25.4,StrandBias:10.0,Multiplicity:3.00
0.001	0.001	0.997	0.001
0.997	0.001	0.001	0.001
0.997	0.001	0.001	0.001
0.001	0.001	0.997	0.001
0.997	0.001	0.001	0.001
0.001	0.001	0.001	0.997
0.001	0.192	0.806	0.001
0.001	0.001	0.001	0.997
0.997	0.001	0.001	0.001
0.001	0.001	0.001	0.997
