>TGCTGTGC	1-TGCTGTGC	7.622526	-20.767801	0	T:64.0(9.50%),B:6446.0(4.11%),P:1e-9	Tpos:50.7,Tstd:25.4,Bpos:49.7,Bstd:27.2,StrandBias:-0.0,Multiplicity:1.03
0.070	0.245	0.001	0.684
0.001	0.001	0.997	0.001
0.001	0.997	0.001	0.001
0.112	0.001	0.001	0.886
0.001	0.001	0.936	0.062
0.116	0.043	0.001	0.840
0.001	0.001	0.997	0.001
0.001	0.997	0.001	0.001
>YSGTCATT	2-YSGTCATT	7.290284	-14.439471	0	T:34.0(5.04%),B:2998.0(1.91%),P:1e-6	Tpos:54.4,Tstd:25.9,Bpos:49.7,Bstd:27.4,StrandBias:-0.8,Multiplicity:1.00
0.001	0.430	0.001	0.568
0.220	0.339	0.440	0.001
0.317	0.001	0.681	0.001
0.023	0.105	0.005	0.867
0.001	0.603	0.395	0.001
0.923	0.075	0.001	0.001
0.019	0.001	0.080	0.900
0.001	0.074	0.001	0.924
>TTGAGCTK	3-TTGAGCTK	6.827743	-13.418594	0	T:86.0(12.76%),B:11808.0(7.53%),P:1e-5	Tpos:48.5,Tstd:28.5,Bpos:50.0,Bstd:27.2,StrandBias:-0.0,Multiplicity:1.08
0.001	0.226	0.006	0.767
0.003	0.001	0.247	0.749
0.156	0.001	0.598	0.245
0.815	0.001	0.005	0.179
0.001	0.205	0.793	0.001
0.057	0.919	0.023	0.001
0.001	0.001	0.001	0.997
0.169	0.001	0.436	0.394
>TTTTCGTT	4-TTTTCGTT	5.256408	-9.385253	0	T:116.0(17.21%),B:19078.0(12.17%),P:1e-4	Tpos:48.5,Tstd:26.1,Bpos:50.4,Bstd:26.7,StrandBias:0.2,Multiplicity:1.47
0.055	0.042	0.115	0.788
0.031	0.020	0.130	0.819
0.040	0.111	0.064	0.785
0.072	0.055	0.086	0.787
0.101	0.680	0.089	0.130
0.093	0.146	0.653	0.108
0.103	0.058	0.056	0.783
0.133	0.061	0.089	0.717
>TCGTCYTC	5-TCGTCYTC	9.154687	-5.724074	0	T:7.0(1.04%),B:439.0(0.28%),P:1e-2	Tpos:46.7,Tstd:24.0,Bpos:48.0,Bstd:26.0,StrandBias:-2.6,Multiplicity:1.00
0.049	0.001	0.001	0.949
0.153	0.764	0.082	0.001
0.001	0.195	0.803	0.001
0.068	0.001	0.001	0.930
0.001	0.976	0.022	0.001
0.001	0.501	0.108	0.390
0.068	0.001	0.001	0.930
0.123	0.753	0.009	0.115
