>TTAACGTT	1-TTAACGTT	4.894834	-17.107304	0	T:96.0(14.24%),B:12560.0(8.01%),P:1e-7	Tpos:51.8,Tstd:26.0,Bpos:49.3,Bstd:27.0,StrandBias:-0.5,Multiplicity:1.13
0.134	0.103	0.048	0.715
0.171	0.052	0.096	0.681
0.763	0.044	0.094	0.099
0.722	0.093	0.048	0.137
0.111	0.739	0.065	0.085
0.020	0.042	0.810	0.128
0.078	0.036	0.020	0.866
0.082	0.098	0.104	0.716
>TCCATATG	2-TCCATATG	5.004346	-16.069362	0	T:113.0(16.77%),B:15956.0(10.18%),P:1e-6	Tpos:52.1,Tstd:28.1,Bpos:49.5,Bstd:27.5,StrandBias:0.5,Multiplicity:1.12
0.076	0.088	0.041	0.795
0.062	0.798	0.069	0.071
0.148	0.677	0.061	0.114
0.686	0.064	0.139	0.111
0.077	0.041	0.144	0.738
0.770	0.025	0.112	0.093
0.080	0.068	0.060	0.792
0.038	0.142	0.752	0.068
>AGTCAGTA	3-AGTCAGTA	8.236954	-10.041442	0	T:9.0(1.34%),B:372.0(0.24%),P:1e-4	Tpos:39.4,Tstd:23.2,Bpos:48.9,Bstd:28.2,StrandBias:0.3,Multiplicity:1.00
0.700	0.100	0.100	0.100
0.100	0.100	0.700	0.100
0.100	0.100	0.100	0.700
0.100	0.700	0.100	0.100
0.700	0.100	0.100	0.100
0.100	0.100	0.700	0.100
0.100	0.100	0.100	0.700
0.700	0.100	0.100	0.100
>ACACACAC	4-ACACACAC	8.810632	-4.308381	0	T:17.0(2.52%),B:2151.0(1.37%),P:1e-1	Tpos:47.6,Tstd:31.5,Bpos:49.1,Bstd:28.3,StrandBias:-1.5,Multiplicity:1.41
0.997	0.001	0.001	0.001
0.001	0.997	0.001	0.001
0.912	0.001	0.086	0.001
0.001	0.997	0.001	0.001
0.879	0.001	0.119	0.001
0.001	0.997	0.001	0.001
0.957	0.001	0.041	0.001
0.001	0.997	0.001	0.001
>ACGGAACG	5-ACGGAACG	8.236954	-3.544290	0	T:2.0(0.30%),B:61.0(0.04%),P:1e-1	Tpos:31.9,Tstd:21.9,Bpos:53.5,Bstd:27.1,StrandBias:-3.3,Multiplicity:5.50
0.700	0.100	0.100	0.100
0.100	0.700	0.100	0.100
0.100	0.100	0.700	0.100
0.100	0.100	0.700	0.100
0.700	0.100	0.100	0.100
0.700	0.100	0.100	0.100
0.100	0.700	0.100	0.100
0.100	0.100	0.700	0.100
