>GAAGCGCG	1-GAAGCGCG	5.457317	-15.744877	0	T:79.0(11.72%),B:9929.0(6.33%),P:1e-6	Tpos:49.1,Tstd:29.4,Bpos:50.4,Bstd:26.9,StrandBias:-0.3,Multiplicity:1.14
0.095	0.035	0.763	0.107
0.770	0.062	0.091	0.077
0.690	0.089	0.153	0.068
0.083	0.094	0.722	0.101
0.136	0.653	0.168	0.043
0.076	0.058	0.760	0.106
0.084	0.808	0.050	0.058
0.043	0.066	0.847	0.044
>GCCTCCTA	2-GCCTCCTA	5.472615	-15.227494	0	T:122.0(18.10%),B:17925.0(11.43%),P:1e-6	Tpos:48.5,Tstd:26.8,Bpos:49.9,Bstd:26.9,StrandBias:0.0,Multiplicity:1.08
0.098	0.098	0.710	0.094
0.030	0.826	0.113	0.031
0.064	0.752	0.111	0.073
0.141	0.100	0.084	0.675
0.105	0.790	0.041	0.064
0.050	0.796	0.090	0.064
0.133	0.058	0.084	0.725
0.737	0.114	0.081	0.068
>SAGGAWGG	3-SAGGAWGG	5.805595	-12.849501	0	T:166.0(24.63%),B:27572.0(17.58%),P:1e-5	Tpos:50.5,Tstd:26.7,Bpos:50.0,Bstd:27.3,StrandBias:-0.1,Multiplicity:1.25
0.001	0.514	0.484	0.001
0.547	0.277	0.175	0.001
0.001	0.050	0.922	0.027
0.001	0.001	0.611	0.387
0.607	0.001	0.387	0.005
0.343	0.187	0.175	0.295
0.257	0.144	0.598	0.001
0.104	0.001	0.740	0.155
>GGCCGCGG	4-GGCCGCGG	10.557953	-9.961645	0	T:13.0(1.93%),B:781.0(0.50%),P:1e-4	Tpos:57.9,Tstd:23.7,Bpos:50.1,Bstd:27.6,StrandBias:-0.2,Multiplicity:1.00
0.001	0.001	0.997	0.001
0.001	0.001	0.997	0.001
0.001	0.997	0.001	0.001
0.001	0.794	0.204	0.001
0.001	0.122	0.876	0.001
0.001	0.997	0.001	0.001
0.001	0.001	0.997	0.001
0.001	0.001	0.857	0.141
>GGTTTTGG	5-GGTTTTGG	6.187018	-4.937562	0	T:21.0(3.12%),B:2681.0(1.71%),P:1e-2	Tpos:44.8,Tstd:24.2,Bpos:50.4,Bstd:27.3,StrandBias:1.6,Multiplicity:1.76
0.001	0.056	0.942	0.001
0.001	0.001	0.997	0.001
0.001	0.001	0.001	0.997
0.001	0.001	0.001	0.997
0.028	0.086	0.001	0.885
0.001	0.001	0.093	0.905
0.001	0.001	0.997	0.001
0.001	0.001	0.997	0.001
