>ATTTTTTC	1-ATTTTTTC	5.192404	-15.755534	0	T:9.0(37.50%),B:91.5(3.87%),P:1e-6,FDR:0.6	Tpos:36.6,Tstd:26.2,Bpos:47.9,Bstd:40.3,StrandBias:-0.6,Multiplicity:1.11
0.821	0.065	0.113	0.001
0.001	0.001	0.001	0.997
0.001	0.001	0.001	0.997
0.001	0.001	0.001	0.997
0.043	0.135	0.001	0.821
0.001	0.001	0.001	0.997
0.001	0.001	0.001	0.997
0.001	0.997	0.001	0.001
>TYGGTMTT	2-TYGGTMTT	5.415479	-12.358460	0	T:12.0(50.00%),B:275.4(11.66%),P:1e-5,FDR:0.8	Tpos:44.5,Tstd:32.6,Bpos:51.6,Bstd:41.3,StrandBias:-0.2,Multiplicity:1.17
0.085	0.265	0.001	0.649
0.260	0.413	0.001	0.327
0.084	0.001	0.914	0.001
0.206	0.001	0.792	0.001
0.226	0.101	0.130	0.543
0.341	0.451	0.206	0.001
0.085	0.082	0.001	0.832
0.206	0.001	0.148	0.645
>CTCTCCTT	3-CTCTCCTT	9.101733	-12.126188	0	T:6.0(25.00%),B:46.0(1.95%),P:1e-5,FDR:0.8	Tpos:42.0,Tstd:16.7,Bpos:45.0,Bstd:39.1,StrandBias:-1.0,Multiplicity:1.00
0.001	0.997	0.001	0.001
0.001	0.001	0.001	0.997
0.001	0.997	0.001	0.001
0.001	0.001	0.001	0.997
0.215	0.783	0.001	0.001
0.001	0.997	0.001	0.001
0.001	0.001	0.001	0.997
0.178	0.001	0.001	0.820
>YGCAGCTG	4-YGCAGCTG	7.118977	-9.119032	0	T:11.0(45.83%),B:315.7(13.36%),P:1e-3,FDR:0.8	Tpos:54.2,Tstd:27.5,Bpos:51.2,Bstd:39.9,StrandBias:-0.5,Multiplicity:1.36
0.001	0.444	0.144	0.411
0.001	0.001	0.653	0.345
0.001	0.588	0.410	0.001
0.997	0.001	0.001	0.001
0.001	0.001	0.997	0.001
0.001	0.997	0.001	0.001
0.001	0.001	0.001	0.997
0.001	0.001	0.653	0.345
>GAATGTTT	5-GAATGTTT	8.211881	-8.273850	0	T:4.0(16.67%),B:31.6(1.34%),P:1e-3,FDR:0.8	Tpos:66.2,Tstd:17.4,Bpos:68.5,Bstd:32.4,StrandBias:-1.6,Multiplicity:1.00
0.001	0.001	0.997	0.001
0.605	0.074	0.152	0.169
0.860	0.001	0.074	0.065
0.086	0.001	0.356	0.557
0.001	0.136	0.546	0.317
0.001	0.106	0.157	0.736
0.001	0.001	0.073	0.925
0.074	0.106	0.001	0.819
