>GGGRGTGTGKCT	1-GGGRGTGTGKCT	10.505344	-9.902810	0	T:2.0(50.00%),B:8.0(0.29%),P:1e-4	Tpos:25.0,Tstd:1.0,Bpos:42.0,Bstd:24.6,StrandBias:0.0,Multiplicity:1.00
0.241	0.241	0.517	0.001
0.032	0.241	0.726	0.001
0.001	0.240	0.758	0.001
0.486	0.001	0.481	0.032
0.001	0.240	0.758	0.001
0.241	0.241	0.001	0.517
0.001	0.240	0.758	0.001
0.001	0.001	0.001	0.997
0.001	0.001	0.758	0.240
0.001	0.001	0.481	0.517
0.001	0.481	0.277	0.241
0.031	0.001	0.001	0.967
>AGCCTNYTCTAC	2-AGCCTNYTCTAC	7.843980	-9.882720	0	T:3.0(75.00%),B:65.0(2.35%),P:1e-4	Tpos:37.2,Tstd:27.0,Bpos:46.4,Bstd:28.7,StrandBias:0.0,Multiplicity:1.00
0.997	0.001	0.001	0.001
0.001	0.277	0.721	0.001
0.001	0.481	0.241	0.277
0.240	0.758	0.001	0.001
0.001	0.240	0.001	0.758
0.278	0.241	0.241	0.241
0.001	0.481	0.001	0.517
0.001	0.241	0.241	0.517
0.001	0.758	0.001	0.240
0.240	0.001	0.001	0.758
0.758	0.001	0.240	0.001
0.001	0.517	0.241	0.241
>AAAGGATCTGAC	3-AAAGGATCTGAC	12.355432	-6.539044	0	T:1.0(25.00%),B:1.0(0.04%),P:1e-2	Tpos:8.0,Tstd:0.0,Bpos:47.0,Bstd:0.0,StrandBias:10.0,Multiplicity:1.00
0.700	0.100	0.100	0.100
0.700	0.100	0.100	0.100
0.700	0.100	0.100	0.100
0.100	0.100	0.700	0.100
0.100	0.100	0.700	0.100
0.700	0.100	0.100	0.100
0.100	0.100	0.100	0.700
0.100	0.700	0.100	0.100
0.100	0.100	0.100	0.700
0.100	0.100	0.700	0.100
0.700	0.100	0.100	0.100
0.100	0.700	0.100	0.100
>ATTTCCCNGGAA	4-ATTTCCCNGGAA	11.242007	-5.846439	0	T:1.0(25.00%),B:2.0(0.07%),P:1e-2	Tpos:59.0,Tstd:0.0,Bpos:31.0,Bstd:14.0,StrandBias:-10.0,Multiplicity:1.00
0.726	0.032	0.001	0.241
0.241	0.241	0.037	0.482
0.001	0.001	0.001	0.997
0.240	0.001	0.001	0.758
0.240	0.758	0.001	0.001
0.001	0.997	0.001	0.001
0.272	0.486	0.001	0.241
0.241	0.241	0.278	0.241
0.001	0.001	0.997	0.001
0.001	0.001	0.997	0.001
0.722	0.001	0.241	0.036
0.967	0.001	0.001	0.031
>WTTTYYCCCCYS	5-WTTTYYCCCCYS	13.056169	-5.846439	0	T:1.0(25.00%),B:2.0(0.07%),P:1e-2	Tpos:81.0,Tstd:1.0,Bpos:71.5,Bstd:1.5,StrandBias:10.0,Multiplicity:1.00
0.464	0.001	0.001	0.534
0.001	0.001	0.001	0.997
0.001	0.001	0.001	0.997
0.001	0.001	0.001	0.997
0.001	0.464	0.001	0.534
0.001	0.534	0.001	0.464
0.001	0.997	0.001	0.001
0.001	0.997	0.001	0.001
0.001	0.997	0.001	0.001
0.001	0.997	0.001	0.001
0.001	0.534	0.001	0.464
0.001	0.464	0.464	0.071
