>GGCCGGSCAMTY	1-GGCCGGSCAMTY	9.088363	-16.718009	0	T:5.0(21.74%),B:12.0(0.44%),P:1e-7	Tpos:30.2,Tstd:24.5,Bpos:39.2,Bstd:21.9,StrandBias:-2.0,Multiplicity:1.00
0.001	0.037	0.961	0.001
0.001	0.012	0.986	0.001
0.001	0.794	0.204	0.001
0.192	0.794	0.001	0.013
0.192	0.012	0.795	0.001
0.192	0.040	0.767	0.001
0.013	0.412	0.384	0.192
0.191	0.807	0.001	0.001
0.807	0.191	0.001	0.001
0.384	0.424	0.192	0.001
0.012	0.397	0.001	0.590
0.001	0.384	0.217	0.399
>TGGGGCTCTTTT	2-TGGGGCTCTTTT	9.213823	-16.225948	0	T:3.0(13.04%),B:0.0(0.00%),P:1e-7	Tpos:47.3,Tstd:20.2,Bpos:0.0,Bstd:0.0,StrandBias:1.0,Multiplicity:1.00
0.172	0.001	0.001	0.826
0.166	0.001	0.832	0.001
0.001	0.001	0.997	0.001
0.001	0.059	0.898	0.042
0.001	0.001	0.997	0.001
0.001	0.997	0.001	0.001
0.001	0.001	0.001	0.997
0.001	0.832	0.166	0.001
0.001	0.001	0.166	0.832
0.001	0.059	0.042	0.898
0.041	0.001	0.001	0.957
0.001	0.001	0.001	0.997
>CCAAGATAGATC	3-CCAAGATAGATC	13.593323	-16.225948	0	T:3.0(13.04%),B:0.0(0.00%),P:1e-7	Tpos:56.3,Tstd:10.3,Bpos:0.0,Bstd:0.0,StrandBias:10.0,Multiplicity:1.00
0.332	0.666	0.001	0.001
0.001	0.997	0.001	0.001
0.997	0.001	0.001	0.001
0.997	0.001	0.001	0.001
0.001	0.332	0.666	0.001
0.997	0.001	0.001	0.001
0.001	0.001	0.332	0.666
0.997	0.001	0.001	0.001
0.001	0.001	0.997	0.001
0.666	0.001	0.332	0.001
0.001	0.001	0.001	0.997
0.001	0.997	0.001	0.001
>CGTGTCTCBTCC	4-CGTGTCTCBTCC	13.999792	-16.225948	0	T:3.0(13.04%),B:1.0(0.04%),P:1e-7	Tpos:78.7,Tstd:10.6,Bpos:56.0,Bstd:0.0,StrandBias:1.0,Multiplicity:1.00
0.001	0.997	0.001	0.001
0.332	0.001	0.666	0.001
0.001	0.001	0.001	0.997
0.001	0.001	0.997	0.001
0.001	0.001	0.001	0.997
0.001	0.997	0.001	0.001
0.001	0.001	0.001	0.997
0.001	0.997	0.001	0.001
0.001	0.333	0.333	0.333
0.001	0.001	0.001	0.997
0.001	0.997	0.001	0.001
0.332	0.666	0.001	0.001
>AGGAGGCAGCTG	5-AGGAGGCAGCTG	10.165458	-6.713993	0	T:2.0(8.70%),B:6.0(0.22%),P:1e-2	Tpos:50.8,Tstd:16.3,Bpos:25.3,Bstd:22.5,StrandBias:10.0,Multiplicity:2.00
0.826	0.001	0.172	0.001
0.001	0.001	0.826	0.172
0.001	0.001	0.997	0.001
0.941	0.001	0.057	0.001
0.001	0.001	0.997	0.001
0.001	0.001	0.997	0.001
0.001	0.997	0.001	0.001
0.997	0.001	0.001	0.001
0.001	0.001	0.997	0.001
0.001	0.941	0.057	0.001
0.001	0.001	0.001	0.997
0.001	0.001	0.997	0.001
