>AAACTTCT	1-AAACTTCT	8.356448	-16.629929	0	T:7.0(30.43%),B:44.0(1.63%),P:1e-7	Tpos:42.0,Tstd:23.1,Bpos:46.5,Bstd:31.3,StrandBias:0.4,Multiplicity:1.00
0.997	0.001	0.001	0.001
0.997	0.001	0.001	0.001
0.616	0.133	0.078	0.173
0.289	0.709	0.001	0.001
0.151	0.001	0.001	0.847
0.001	0.001	0.001	0.997
0.001	0.997	0.001	0.001
0.001	0.001	0.001	0.997
>GGAATGGG	2-GGAATGGG	8.959804	-15.076889	0	T:6.0(26.09%),B:33.0(1.22%),P:1e-6	Tpos:43.5,Tstd:37.5,Bpos:46.5,Bstd:26.2,StrandBias:2.3,Multiplicity:1.00
0.001	0.001	0.997	0.001
0.001	0.184	0.814	0.001
0.997	0.001	0.001	0.001
0.814	0.001	0.001	0.184
0.001	0.001	0.001	0.997
0.001	0.001	0.997	0.001
0.001	0.001	0.805	0.193
0.001	0.001	0.997	0.001
>CCTCATGT	3-CCTCATGT	6.201270	-14.472990	0	T:11.0(47.83%),B:218.0(8.08%),P:1e-6	Tpos:43.5,Tstd:21.9,Bpos:49.8,Bstd:26.8,StrandBias:0.8,Multiplicity:1.40
0.001	0.997	0.001	0.001
0.001	0.997	0.001	0.001
0.180	0.001	0.001	0.818
0.001	0.997	0.001	0.001
0.997	0.001	0.001	0.001
0.001	0.330	0.001	0.668
0.024	0.045	0.710	0.221
0.198	0.220	0.001	0.581
>GGGGGGTG	4-GGGGGGTG	5.771675	-11.229948	0	T:12.0(52.17%),B:369.0(13.68%),P:1e-4	Tpos:54.1,Tstd:29.4,Bpos:49.7,Bstd:27.3,StrandBias:0.0,Multiplicity:1.64
0.073	0.001	0.925	0.001
0.088	0.001	0.834	0.077
0.094	0.001	0.835	0.070
0.081	0.001	0.917	0.001
0.099	0.099	0.723	0.079
0.001	0.001	0.873	0.125
0.001	0.001	0.001	0.997
0.001	0.001	0.997	0.001
>CAGCTGGA	5-CAGCTGGA	7.634644	-10.393675	0	T:8.0(34.78%),B:158.0(5.86%),P:1e-4	Tpos:54.7,Tstd:23.3,Bpos:50.5,Bstd:27.0,StrandBias:0.7,Multiplicity:1.38
0.001	0.867	0.001	0.131
0.929	0.001	0.001	0.069
0.001	0.001	0.997	0.001
0.001	0.912	0.001	0.086
0.049	0.001	0.001	0.949
0.080	0.001	0.839	0.080
0.001	0.001	0.902	0.096
0.808	0.065	0.055	0.072
