>GGGTGACT	1-GGGTGACT	9.059197	-12.278536	0	T:5.0(19.23%),B:26.0(0.97%),P:1e-5	Tpos:43.4,Tstd:23.9,Bpos:51.1,Bstd:23.7,StrandBias:0.6,Multiplicity:1.00
0.001	0.001	0.997	0.001
0.001	0.001	0.997	0.001
0.001	0.190	0.808	0.001
0.001	0.001	0.001	0.997
0.001	0.001	0.703	0.295
0.997	0.001	0.001	0.001
0.001	0.997	0.001	0.001
0.001	0.001	0.001	0.997
>CCTTGAGA	2-CCTTGAGA	7.556244	-11.855489	0	T:8.0(30.77%),B:112.0(4.16%),P:1e-5	Tpos:61.1,Tstd:24.3,Bpos:46.1,Bstd:26.7,StrandBias:1.2,Multiplicity:1.25
0.001	0.863	0.001	0.135
0.001	0.997	0.001	0.001
0.145	0.106	0.001	0.748
0.001	0.001	0.074	0.924
0.001	0.091	0.907	0.001
0.997	0.001	0.001	0.001
0.145	0.115	0.739	0.001
0.917	0.081	0.001	0.001
>CAATCGCT	3-CAATCGCT	7.938511	-10.459355	0	T:5.0(19.23%),B:38.0(1.41%),P:1e-4	Tpos:63.6,Tstd:23.7,Bpos:49.8,Bstd:24.6,StrandBias:2.6,Multiplicity:1.40
0.001	0.997	0.001	0.001
0.637	0.361	0.001	0.001
0.864	0.134	0.001	0.001
0.001	0.001	0.001	0.997
0.001	0.648	0.053	0.298
0.001	0.384	0.614	0.001
0.001	0.668	0.001	0.330
0.001	0.168	0.001	0.830
>ATAGCCCT	4-ATAGCCCT	6.291044	-5.659300	0	T:7.0(26.92%),B:215.0(7.98%),P:1e-2	Tpos:56.4,Tstd:31.1,Bpos:50.3,Bstd:27.7,StrandBias:0.7,Multiplicity:1.14
0.700	0.100	0.100	0.100
0.100	0.100	0.100	0.700
0.700	0.100	0.100	0.100
0.100	0.100	0.700	0.100
0.100	0.700	0.100	0.100
0.100	0.700	0.100	0.100
0.100	0.700	0.100	0.100
0.100	0.100	0.100	0.700
>GAGAGAGA	5-GAGAGAGA	1.131006	-3.217401	0	T:17.0(65.38%),B:1249.0(46.36%),P:1e-1	Tpos:42.8,Tstd:24.1,Bpos:49.6,Bstd:27.5,StrandBias:-1.1,Multiplicity:1.41
0.001	0.001	0.997	0.001
0.861	0.001	0.064	0.074
0.065	0.001	0.933	0.001
0.859	0.001	0.049	0.091
0.001	0.001	0.997	0.001
0.856	0.001	0.060	0.083
0.001	0.001	0.997	0.001
0.937	0.061	0.001	0.001
