>CCTGCAGYTGTA	1-CCTGCAGYTGTA	7.047268	-25.158902	0	T:6.0(26.09%),B:6.0(0.22%),P:1e-10	Tpos:45.3,Tstd:29.3,Bpos:45.1,Bstd:24.3,StrandBias:-1.0,Multiplicity:1.00
0.001	0.749	0.001	0.249
0.001	0.997	0.001	0.001
0.001	0.250	0.250	0.500
0.001	0.001	0.997	0.001
0.001	0.997	0.001	0.001
0.997	0.001	0.001	0.001
0.001	0.001	0.997	0.001
0.001	0.499	0.001	0.499
0.249	0.001	0.001	0.749
0.001	0.001	0.997	0.001
0.250	0.250	0.001	0.500
0.997	0.001	0.001	0.001
>TGTGGAGDTGGC	2-TGTGGAGDTGGC	12.077756	-16.988213	0	T:4.0(17.39%),B:4.0(0.15%),P:1e-7	Tpos:42.5,Tstd:33.8,Bpos:62.5,Bstd:24.0,StrandBias:2.3,Multiplicity:1.50
0.001	0.001	0.376	0.622
0.001	0.001	0.687	0.311
0.001	0.001	0.001	0.997
0.376	0.001	0.622	0.001
0.001	0.001	0.997	0.001
0.687	0.001	0.001	0.311
0.001	0.311	0.687	0.001
0.311	0.001	0.344	0.344
0.001	0.001	0.001	0.997
0.001	0.001	0.997	0.001
0.001	0.001	0.997	0.001
0.001	0.997	0.001	0.001
>TSKGCWSSCTGA	3-TSKGCWSSCTGA	11.801008	-12.083747	0	T:3.0(13.04%),B:4.0(0.15%),P:1e-5	Tpos:56.0,Tstd:29.0,Bpos:62.5,Bstd:8.4,StrandBias:10.0,Multiplicity:1.67
0.001	0.001	0.001	0.997
0.094	0.452	0.452	0.001
0.001	0.001	0.452	0.546
0.029	0.001	0.969	0.001
0.001	0.997	0.001	0.001
0.452	0.001	0.001	0.546
0.001	0.452	0.546	0.001
0.001	0.452	0.546	0.001
0.001	0.997	0.001	0.001
0.001	0.001	0.001	0.997
0.001	0.001	0.997	0.001
0.997	0.001	0.001	0.001
>TGTTATTGCTAT	4-TGTTATTGCTAT	6.348933	-8.597804	0	T:3.0(13.04%),B:13.0(0.48%),P:1e-3	Tpos:47.0,Tstd:21.0,Bpos:49.6,Bstd:22.5,StrandBias:1.0,Multiplicity:1.33
0.001	0.001	0.001	0.997
0.162	0.001	0.836	0.001
0.001	0.001	0.001	0.997
0.001	0.172	0.001	0.826
0.997	0.001	0.001	0.001
0.010	0.001	0.010	0.979
0.172	0.001	0.001	0.826
0.001	0.001	0.997	0.001
0.001	0.997	0.001	0.001
0.152	0.001	0.001	0.846
0.997	0.001	0.001	0.001
0.001	0.142	0.001	0.856
>TGGTGTATGTTG	5-TGGTGTATGTTG	12.355432	-4.768477	0	T:1.0(4.35%),B:0.0(0.00%),P:1e-2	Tpos:81.5,Tstd:12.5,Bpos:0.0,Bstd:0.0,StrandBias:10.0,Multiplicity:2.00
0.100	0.100	0.100	0.700
0.100	0.100	0.700	0.100
0.100	0.100	0.700	0.100
0.100	0.100	0.100	0.700
0.100	0.100	0.700	0.100
0.100	0.100	0.100	0.700
0.700	0.100	0.100	0.100
0.100	0.100	0.100	0.700
0.100	0.100	0.700	0.100
0.100	0.100	0.100	0.700
0.100	0.100	0.100	0.700
0.100	0.100	0.700	0.100
