>AKKWCSKGCWTR	1-AKKWCSKGCWTR	9.665049	-14.152067	0	T:3.0(13.04%),B:2.0(0.07%),P:1e-6	Tpos:49.3,Tstd:29.5,Bpos:62.5,Bstd:22.5,StrandBias:-1.0,Multiplicity:1.00
0.997	0.001	0.001	0.001
0.001	0.001	0.499	0.499
0.001	0.001	0.499	0.499
0.452	0.047	0.001	0.500
0.094	0.904	0.001	0.001
0.001	0.546	0.452	0.001
0.001	0.001	0.452	0.546
0.001	0.001	0.997	0.001
0.001	0.997	0.001	0.001
0.499	0.001	0.001	0.499
0.001	0.001	0.001	0.997
0.452	0.001	0.546	0.001
>TAAGKGYTGWSA	2-TAAGKGYTGWSA	7.160419	-13.772685	0	T:4.0(17.39%),B:9.0(0.33%),P:1e-5	Tpos:62.2,Tstd:14.0,Bpos:67.4,Bstd:22.8,StrandBias:2.0,Multiplicity:1.25
0.001	0.001	0.001	0.997
0.997	0.001	0.001	0.001
0.905	0.001	0.031	0.063
0.031	0.001	0.967	0.001
0.001	0.001	0.546	0.452
0.001	0.001	0.967	0.031
0.001	0.483	0.001	0.515
0.001	0.001	0.001	0.997
0.001	0.001	0.997	0.001
0.546	0.001	0.001	0.452
0.001	0.546	0.452	0.001
0.997	0.001	0.001	0.001
>CCAGCCTGGCCT	3-CCAGCCTGGCCT	9.357036	-13.120675	0	T:5.0(21.74%),B:25.0(0.93%),P:1e-5	Tpos:49.9,Tstd:32.1,Bpos:58.4,Bstd:24.6,StrandBias:-1.3,Multiplicity:1.00
0.001	0.997	0.001	0.001
0.001	0.997	0.001	0.001
0.997	0.001	0.001	0.001
0.001	0.001	0.997	0.001
0.001	0.826	0.172	0.001
0.001	0.997	0.001	0.001
0.001	0.001	0.001	0.997
0.001	0.048	0.950	0.001
0.001	0.001	0.997	0.001
0.097	0.901	0.001	0.001
0.001	0.997	0.001	0.001
0.049	0.049	0.001	0.901
>TWTGGAASTCTT	4-TWTGGAASTCTT	7.417777	-11.013396	0	T:6.0(26.09%),B:67.0(2.48%),P:1e-4	Tpos:51.7,Tstd:28.3,Bpos:55.4,Bstd:23.6,StrandBias:1.0,Multiplicity:1.00
0.276	0.001	0.001	0.722
0.421	0.163	0.139	0.277
0.001	0.001	0.001	0.997
0.001	0.001	0.583	0.415
0.139	0.139	0.583	0.139
0.837	0.001	0.138	0.024
0.560	0.001	0.301	0.138
0.138	0.416	0.445	0.001
0.001	0.001	0.138	0.860
0.138	0.723	0.001	0.138
0.138	0.001	0.138	0.723
0.139	0.139	0.139	0.583
>AGGGAAAAGGGA	5-AGGGAAAAGGGA	12.355432	-4.079402	0	T:1.0(4.35%),B:2.0(0.07%),P:1e-1	Tpos:62.0,Tstd:0.0,Bpos:57.0,Bstd:6.0,StrandBias:10.0,Multiplicity:1.00
0.700	0.100	0.100	0.100
0.100	0.100	0.700	0.100
0.100	0.100	0.700	0.100
0.100	0.100	0.700	0.100
0.700	0.100	0.100	0.100
0.700	0.100	0.100	0.100
0.700	0.100	0.100	0.100
0.700	0.100	0.100	0.100
0.100	0.100	0.700	0.100
0.100	0.100	0.700	0.100
0.100	0.100	0.700	0.100
0.700	0.100	0.100	0.100
