>CTTAGCCC	1-CTTAGCCC	5.855454	-10.741877	0	T:11.0(42.31%),B:274.0(10.17%),P:1e-4	Tpos:42.2,Tstd:27.5,Bpos:51.6,Bstd:27.6,StrandBias:1.4,Multiplicity:1.00
0.001	0.833	0.001	0.165
0.001	0.001	0.001	0.997
0.239	0.001	0.001	0.759
0.661	0.227	0.111	0.001
0.136	0.064	0.655	0.145
0.080	0.754	0.001	0.165
0.228	0.717	0.054	0.001
0.165	0.666	0.001	0.168
>CTCTCCAA	2-CTCTCCAA	8.236954	-10.130438	0	T:4.0(15.38%),B:20.0(0.74%),P:1e-4	Tpos:59.2,Tstd:16.7,Bpos:39.0,Bstd:25.1,StrandBias:-1.6,Multiplicity:1.00
0.100	0.700	0.100	0.100
0.100	0.100	0.100	0.700
0.100	0.700	0.100	0.100
0.100	0.100	0.100	0.700
0.100	0.700	0.100	0.100
0.100	0.700	0.100	0.100
0.700	0.100	0.100	0.100
0.700	0.100	0.100	0.100
>GAAATGCA	3-GAAATGCA	8.191582	-9.621538	0	T:6.0(23.08%),B:75.0(2.78%),P:1e-4	Tpos:66.4,Tstd:29.7,Bpos:49.3,Bstd:26.0,StrandBias:1.3,Multiplicity:1.17
0.001	0.001	0.997	0.001
0.997	0.001	0.001	0.001
0.910	0.088	0.001	0.001
0.762	0.001	0.001	0.236
0.001	0.001	0.001	0.997
0.001	0.001	0.997	0.001
0.001	0.834	0.164	0.001
0.997	0.001	0.001	0.001
>TACAGAAC	4-TACAGAAC	8.224325	-9.270551	0	T:4.0(15.38%),B:25.0(0.93%),P:1e-4	Tpos:57.2,Tstd:20.4,Bpos:56.8,Bstd:23.9,StrandBias:0.6,Multiplicity:1.25
0.001	0.001	0.001	0.997
0.722	0.001	0.276	0.001
0.001	0.788	0.001	0.210
0.997	0.001	0.001	0.001
0.001	0.001	0.997	0.001
0.997	0.001	0.001	0.001
0.997	0.001	0.001	0.001
0.001	0.997	0.001	0.001
>CAACAGCA	5-CAACAGCA	10.135669	-3.161289	0	T:2.0(7.69%),B:34.0(1.26%),P:1e-1	Tpos:52.0,Tstd:12.1,Bpos:54.0,Bstd:25.7,StrandBias:-1.0,Multiplicity:1.50
0.119	0.879	0.001	0.001
0.997	0.001	0.001	0.001
0.846	0.001	0.152	0.001
0.120	0.739	0.001	0.140
0.997	0.001	0.001	0.001
0.055	0.001	0.760	0.184
0.001	0.930	0.068	0.001
0.997	0.001	0.001	0.001
