>ATCYRSGWRSCT	1-ATCYRSGWRSCT	6.220534	-16.481871	0	T:5.0(19.23%),B:11.0(0.41%),P:1e-7	Tpos:45.0,Tstd:27.7,Bpos:45.3,Bstd:21.1,StrandBias:2.3,Multiplicity:1.20
0.997	0.001	0.001	0.001
0.001	0.001	0.001	0.997
0.001	0.997	0.001	0.001
0.001	0.530	0.001	0.468
0.547	0.001	0.451	0.001
0.086	0.457	0.456	0.001
0.001	0.001	0.997	0.001
0.547	0.001	0.001	0.451
0.547	0.001	0.451	0.001
0.001	0.462	0.536	0.001
0.001	0.997	0.001	0.001
0.010	0.001	0.001	0.988
>TGMATYCAMTCM	2-TGMATYCAMTCM	5.933321	-12.493457	0	T:6.0(23.08%),B:45.0(1.67%),P:1e-5	Tpos:53.6,Tstd:25.0,Bpos:44.4,Bstd:23.7,StrandBias:0.4,Multiplicity:1.00
0.001	0.401	0.001	0.597
0.001	0.001	0.597	0.401
0.450	0.404	0.001	0.145
0.987	0.001	0.001	0.011
0.001	0.001	0.002	0.996
0.001	0.548	0.001	0.450
0.001	0.878	0.001	0.120
0.997	0.001	0.001	0.001
0.404	0.450	0.001	0.145
0.001	0.001	0.001	0.997
0.001	0.987	0.011	0.001
0.415	0.451	0.013	0.121
>CAARCATCMKMW	3-CAARCATCMKMW	8.998964	-10.040151	0	T:3.0(11.54%),B:7.0(0.26%),P:1e-4	Tpos:65.2,Tstd:17.1,Bpos:60.7,Bstd:31.4,StrandBias:1.6,Multiplicity:1.33
0.001	0.967	0.001	0.031
0.997	0.001	0.001	0.001
0.997	0.001	0.001	0.001
0.547	0.001	0.451	0.001
0.001	0.997	0.001	0.001
0.997	0.001	0.001	0.001
0.001	0.001	0.001	0.997
0.001	0.997	0.001	0.001
0.451	0.547	0.001	0.001
0.001	0.001	0.451	0.547
0.451	0.451	0.097	0.001
0.451	0.032	0.001	0.516
>CAKSCGCCWYYR	4-CAKSCGCCWYYR	12.418721	-10.019677	0	T:2.0(7.69%),B:0.0(0.00%),P:1e-4	Tpos:43.4,Tstd:13.6,Bpos:0.0,Bstd:0.0,StrandBias:2.0,Multiplicity:2.50
0.001	0.997	0.001	0.001
0.997	0.001	0.001	0.001
0.001	0.001	0.451	0.547
0.001	0.451	0.547	0.001
0.001	0.997	0.001	0.001
0.001	0.001	0.997	0.001
0.001	0.997	0.001	0.001
0.001	0.997	0.001	0.001
0.547	0.001	0.001	0.451
0.001	0.451	0.001	0.547
0.001	0.547	0.001	0.451
0.547	0.001	0.451	0.001
>AACCAGTACCCT	5-AACCAGTACCCT	12.355432	-3.956806	0	T:1.0(3.85%),B:2.0(0.07%),P:1e-1	Tpos:62.0,Tstd:0.0,Bpos:53.0,Bstd:19.0,StrandBias:10.0,Multiplicity:1.00
0.700	0.100	0.100	0.100
0.700	0.100	0.100	0.100
0.100	0.700	0.100	0.100
0.100	0.700	0.100	0.100
0.700	0.100	0.100	0.100
0.100	0.100	0.700	0.100
0.100	0.100	0.100	0.700
0.700	0.100	0.100	0.100
0.100	0.700	0.100	0.100
0.100	0.700	0.100	0.100
0.100	0.700	0.100	0.100
0.100	0.100	0.100	0.700
