>AATTTATA	1-AATTTATA	8.788831	-12.324347	0	T:4.0(17.39%),B:13.0(0.48%),P:1e-5	Tpos:53.0,Tstd:32.4,Bpos:63.8,Bstd:26.1,StrandBias:0.6,Multiplicity:1.25
0.997	0.001	0.001	0.001
0.997	0.001	0.001	0.001
0.001	0.001	0.001	0.997
0.001	0.001	0.001	0.997
0.001	0.001	0.188	0.810
0.997	0.001	0.001	0.001
0.283	0.001	0.001	0.715
0.756	0.001	0.001	0.242
>AAAGGAGT	2-AAAGGAGT	7.647654	-11.637164	0	T:6.0(26.09%),B:60.0(2.22%),P:1e-5	Tpos:64.0,Tstd:24.4,Bpos:49.5,Bstd:29.5,StrandBias:-1.0,Multiplicity:1.00
0.997	0.001	0.001	0.001
0.754	0.001	0.244	0.001
0.816	0.001	0.182	0.001
0.001	0.001	0.997	0.001
0.001	0.001	0.997	0.001
0.997	0.001	0.001	0.001
0.001	0.001	0.731	0.267
0.001	0.001	0.001	0.997
>GCTAGCTG	3-GCTAGCTG	7.836001	-8.496397	0	T:5.0(21.74%),B:66.0(2.45%),P:1e-3	Tpos:45.4,Tstd:30.4,Bpos:50.6,Bstd:29.0,StrandBias:1.0,Multiplicity:1.40
0.001	0.001	0.997	0.001
0.001	0.830	0.001	0.168
0.135	0.001	0.001	0.863
0.919	0.001	0.079	0.001
0.001	0.001	0.997	0.001
0.001	0.997	0.001	0.001
0.001	0.190	0.001	0.808
0.001	0.146	0.852	0.001
>KTASATAT	4-KTASATAT	5.922547	-8.424582	0	T:6.0(26.09%),B:107.0(3.97%),P:1e-3	Tpos:38.8,Tstd:19.6,Bpos:48.4,Bstd:25.5,StrandBias:-1.2,Multiplicity:1.17
0.001	0.035	0.468	0.495
0.404	0.001	0.001	0.594
0.997	0.001	0.001	0.001
0.001	0.530	0.468	0.001
0.997	0.001	0.001	0.001
0.404	0.001	0.037	0.558
0.997	0.001	0.001	0.001
0.001	0.001	0.001	0.997
>CCATGACT	5-CCATGACT	9.009688	-7.815232	0	T:3.0(13.04%),B:17.0(0.63%),P:1e-3	Tpos:59.8,Tstd:16.4,Bpos:55.8,Bstd:28.6,StrandBias:0.0,Multiplicity:1.33
0.154	0.844	0.001	0.001
0.001	0.997	0.001	0.001
0.863	0.135	0.001	0.001
0.001	0.001	0.001	0.997
0.001	0.122	0.703	0.174
0.997	0.001	0.001	0.001
0.001	0.997	0.001	0.001
0.001	0.001	0.001	0.997
