>TGTACTATACGG	1-TGTACTATACGG	10.638259	-18.312538	0	T:4.0(5.48%),B:0.0(0.00%),P:1e-7	Tpos:41.3,Tstd:25.1,Bpos:0.0,Bstd:0.0,StrandBias:2.6,Multiplicity:1.75
0.001	0.001	0.001	0.997
0.001	0.001	0.997	0.001
0.001	0.001	0.234	0.764
0.752	0.001	0.013	0.234
0.001	0.997	0.001	0.001
0.234	0.234	0.001	0.531
0.764	0.001	0.001	0.234
0.234	0.001	0.001	0.764
0.764	0.001	0.001	0.234
0.001	0.764	0.001	0.234
0.234	0.001	0.469	0.296
0.001	0.234	0.764	0.001
>CWCANAACNTMA	2-CWCANAACNTMA	10.675510	-17.369044	0	T:9.0(12.33%),B:29.0(0.93%),P:1e-7	Tpos:43.8,Tstd:25.6,Bpos:51.6,Bstd:24.4,StrandBias:1.2,Multiplicity:1.11
0.001	0.764	0.001	0.234
0.496	0.001	0.001	0.502
0.001	0.997	0.001	0.001
0.997	0.001	0.001	0.001
0.235	0.269	0.262	0.235
0.764	0.001	0.234	0.001
0.997	0.001	0.001	0.001
0.001	0.997	0.001	0.001
0.235	0.296	0.235	0.235
0.001	0.001	0.001	0.997
0.468	0.530	0.001	0.001
0.997	0.001	0.001	0.001
>AGCATAAHCAGT	3-AGCATAAHCAGT	12.197346	-15.557573	0	T:4.0(5.48%),B:2.0(0.06%),P:1e-6	Tpos:50.8,Tstd:28.5,Bpos:68.0,Bstd:12.0,StrandBias:0.0,Multiplicity:1.50
0.997	0.001	0.001	0.001
0.305	0.001	0.693	0.001
0.001	0.629	0.306	0.064
0.997	0.001	0.001	0.001
0.001	0.305	0.001	0.693
0.629	0.306	0.064	0.001
0.693	0.001	0.305	0.001
0.306	0.387	0.001	0.306
0.001	0.997	0.001	0.001
0.997	0.001	0.001	0.001
0.386	0.001	0.612	0.001
0.001	0.001	0.001	0.997
>WRAADDTVWRRT	4-WRAADDTVWRRT	5.779053	-15.013779	0	T:23.0(31.51%),B:309.0(9.87%),P:1e-6	Tpos:48.6,Tstd:22.8,Bpos:51.8,Bstd:24.9,StrandBias:0.8,Multiplicity:1.13
0.409	0.065	0.033	0.493
0.359	0.033	0.508	0.100
0.623	0.246	0.033	0.098
0.789	0.145	0.033	0.033
0.375	0.001	0.332	0.293
0.279	0.033	0.295	0.393
0.066	0.295	0.099	0.540
0.262	0.277	0.362	0.098
0.507	0.001	0.001	0.491
0.424	0.001	0.477	0.098
0.343	0.166	0.459	0.033
0.033	0.165	0.165	0.637
>MTAYRCTSTGGG	5-MTAYRCTSTGGG	11.736813	-13.125085	0	T:3.0(4.11%),B:0.0(0.00%),P:1e-5	Tpos:84.0,Tstd:6.2,Bpos:0.0,Bstd:0.0,StrandBias:1.0,Multiplicity:1.00
0.441	0.557	0.001	0.001
0.001	0.092	0.001	0.906
0.997	0.001	0.001	0.001
0.092	0.460	0.001	0.446
0.557	0.001	0.441	0.001
0.001	0.997	0.001	0.001
0.092	0.001	0.001	0.906
0.001	0.441	0.557	0.001
0.001	0.001	0.001	0.997
0.001	0.001	0.997	0.001
0.001	0.001	0.882	0.116
0.001	0.001	0.997	0.001
>GGTCACGACCCC	6-GGTCACGACCCC	12.562715	-13.125085	0	T:3.0(4.11%),B:1.0(0.03%),P:1e-5	Tpos:38.2,Tstd:9.5,Bpos:9.0,Bstd:0.0,StrandBias:-1.6,Multiplicity:1.33
0.249	0.001	0.749	0.001
0.001	0.001	0.997	0.001
0.001	0.001	0.001	0.997
0.001	0.997	0.001	0.001
0.749	0.249	0.001	0.001
0.001	0.500	0.250	0.250
0.001	0.001	0.997	0.001
0.997	0.001	0.001	0.001
0.001	0.749	0.249	0.001
0.001	0.997	0.001	0.001
0.001	0.997	0.001	0.001
0.001	0.749	0.001	0.249
>AAACCAAATGAA	7-AAACCAAATGAA	9.243919	-10.634510	0	T:4.0(5.48%),B:7.0(0.22%),P:1e-4	Tpos:61.2,Tstd:7.8,Bpos:44.4,Bstd:27.1,StrandBias:1.0,Multiplicity:1.50
0.997	0.001	0.001	0.001
0.997	0.001	0.001	0.001
0.997	0.001	0.001	0.001
0.208	0.790	0.001	0.001
0.001	0.997	0.001	0.001
0.997	0.001	0.001	0.001
0.997	0.001	0.001	0.001
0.894	0.001	0.104	0.001
0.001	0.001	0.104	0.894
0.001	0.001	0.997	0.001
0.997	0.001	0.001	0.001
0.997	0.001	0.001	0.001
>AGTCAGTCTGCC	8-AGTCAGTCTGCC	12.290978	-8.238708	0	T:2.0(2.74%),B:0.0(0.00%),P:1e-3	Tpos:37.5,Tstd:9.9,Bpos:0.0,Bstd:0.0,StrandBias:1.6,Multiplicity:1.00
0.997	0.001	0.001	0.001
0.001	0.001	0.997	0.001
0.069	0.001	0.001	0.929
0.001	0.997	0.001	0.001
0.997	0.001	0.001	0.001
0.001	0.001	0.997	0.001
0.001	0.001	0.001	0.997
0.001	0.997	0.001	0.001
0.208	0.001	0.001	0.790
0.001	0.001	0.997	0.001
0.069	0.791	0.001	0.139
0.001	0.997	0.001	0.001
