>TAVGTAGYWW	1-TAVGTAGYWW	8.780419	-25.899966	0	T:10.0(13.70%),B:16.0(0.51%),P:1e-11	Tpos:51.0,Tstd:25.9,Bpos:53.1,Bstd:31.1,StrandBias:-2.2,Multiplicity:1.10
0.001	0.001	0.001	0.997
0.670	0.001	0.328	0.001
0.307	0.347	0.345	0.001
0.001	0.164	0.827	0.008
0.001	0.163	0.001	0.835
0.819	0.001	0.172	0.008
0.001	0.001	0.997	0.001
0.001	0.493	0.001	0.505
0.472	0.001	0.001	0.526
0.471	0.008	0.001	0.520
>ATGAGAACTG	2-ATGAGAACTG	11.353577	-21.095676	0	T:6.0(8.22%),B:4.0(0.13%),P:1e-9	Tpos:43.7,Tstd:14.1,Bpos:69.2,Bstd:11.4,StrandBias:-2.3,Multiplicity:1.00
0.997	0.001	0.001	0.001
0.001	0.001	0.001	0.997
0.001	0.001	0.997	0.001
0.997	0.001	0.001	0.001
0.001	0.392	0.606	0.001
0.997	0.001	0.001	0.001
0.932	0.001	0.001	0.066
0.001	0.819	0.179	0.001
0.179	0.001	0.001	0.819
0.001	0.001	0.997	0.001
>CTGGGAAACT	3-CTGGGAAACT	6.796274	-20.214714	0	T:8.0(10.96%),B:14.0(0.45%),P:1e-8	Tpos:52.8,Tstd:28.3,Bpos:47.9,Bstd:26.9,StrandBias:1.6,Multiplicity:1.00
0.001	0.997	0.001	0.001
0.074	0.001	0.135	0.790
0.001	0.001	0.997	0.001
0.061	0.001	0.937	0.001
0.193	0.001	0.805	0.001
0.997	0.001	0.001	0.001
0.997	0.001	0.001	0.001
0.997	0.001	0.001	0.001
0.001	0.997	0.001	0.001
0.001	0.001	0.001	0.997
>AGGAGTACTC	4-AGGAGTACTC	11.557282	-18.312538	0	T:4.0(5.48%),B:0.0(0.00%),P:1e-7	Tpos:63.6,Tstd:25.9,Bpos:0.0,Bstd:0.0,StrandBias:0.6,Multiplicity:1.00
0.997	0.001	0.001	0.001
0.001	0.001	0.799	0.199
0.001	0.001	0.997	0.001
0.997	0.001	0.001	0.001
0.001	0.001	0.997	0.001
0.001	0.199	0.001	0.799
0.799	0.001	0.199	0.001
0.001	0.997	0.001	0.001
0.001	0.001	0.001	0.997
0.001	0.799	0.199	0.001
>HCCCYTGTAA	5-HCCCYTGTAA	7.300418	-17.073536	0	T:14.0(19.18%),B:95.0(3.04%),P:1e-7	Tpos:48.4,Tstd:26.7,Bpos:52.8,Bstd:26.6,StrandBias:-0.2,Multiplicity:1.07
0.316	0.313	0.104	0.267
0.002	0.685	0.208	0.105
0.001	0.791	0.001	0.207
0.001	0.997	0.001	0.001
0.002	0.426	0.001	0.571
0.207	0.155	0.002	0.636
0.001	0.153	0.845	0.001
0.002	0.374	0.002	0.622
0.785	0.112	0.001	0.102
0.622	0.374	0.002	0.002
>CCGATTGGCT	6-CCGATTGGCT	11.052156	-8.374397	0	T:8.0(10.96%),B:70.0(2.24%),P:1e-3	Tpos:39.7,Tstd:25.3,Bpos:48.0,Bstd:24.4,StrandBias:1.0,Multiplicity:1.50
0.001	0.997	0.001	0.001
0.001	0.628	0.001	0.370
0.001	0.202	0.796	0.001
0.997	0.001	0.001	0.001
0.001	0.001	0.001	0.997
0.001	0.001	0.176	0.822
0.001	0.001	0.997	0.001
0.001	0.001	0.997	0.001
0.001	0.997	0.001	0.001
0.001	0.001	0.001	0.997
