>TATTCTGG	1-TATTCTGG	7.476245	-15.667013	0	T:16.0(21.92%),B:143.0(4.57%),P:1e-6	Tpos:48.6,Tstd:20.7,Bpos:50.0,Bstd:26.1,StrandBias:0.0,Multiplicity:1.00
0.102	0.001	0.107	0.790
0.662	0.142	0.108	0.088
0.001	0.001	0.139	0.859
0.001	0.001	0.001	0.997
0.001	0.877	0.001	0.121
0.001	0.001	0.001	0.997
0.001	0.001	0.997	0.001
0.001	0.001	0.929	0.069
>AAATGATA	2-AAATGATA	6.216564	-10.372360	0	T:16.0(21.92%),B:216.0(6.90%),P:1e-4	Tpos:44.3,Tstd:25.0,Bpos:52.4,Bstd:25.4,StrandBias:0.0,Multiplicity:1.38
0.673	0.325	0.001	0.001
0.632	0.357	0.004	0.007
0.869	0.080	0.001	0.050
0.146	0.106	0.063	0.685
0.001	0.001	0.666	0.332
0.554	0.002	0.313	0.131
0.001	0.060	0.188	0.751
0.707	0.005	0.140	0.148
>CACAGTGT	3-CACAGTGT	7.404940	-9.945229	0	T:11.0(15.07%),B:110.0(3.51%),P:1e-4	Tpos:57.2,Tstd:26.3,Bpos:51.9,Bstd:26.2,StrandBias:0.4,Multiplicity:1.27
0.001	0.636	0.001	0.362
0.997	0.001	0.001	0.001
0.001	0.997	0.001	0.001
0.704	0.001	0.220	0.075
0.001	0.055	0.943	0.001
0.062	0.220	0.001	0.717
0.001	0.001	0.967	0.031
0.001	0.001	0.001	0.997
>TGTCAGGG	4-TGTCAGGG	6.652447	-6.137327	0	T:8.0(10.96%),B:99.0(3.16%),P:1e-2	Tpos:52.8,Tstd:28.7,Bpos:49.6,Bstd:27.3,StrandBias:-1.7,Multiplicity:2.12
0.001	0.055	0.235	0.709
0.056	0.048	0.845	0.051
0.272	0.001	0.068	0.659
0.044	0.823	0.001	0.132
0.524	0.319	0.156	0.001
0.001	0.061	0.846	0.092
0.082	0.078	0.839	0.001
0.156	0.047	0.796	0.001
>CTGCAGTG	5-CTGCAGTG	10.904448	-2.617409	0	T:2.0(2.74%),B:19.0(0.61%),P:1e-1	Tpos:64.1,Tstd:23.4,Bpos:50.7,Bstd:32.2,StrandBias:0.4,Multiplicity:2.00
0.001	0.997	0.001	0.001
0.001	0.001	0.001	0.997
0.001	0.001	0.997	0.001
0.001	0.848	0.001	0.150
0.997	0.001	0.001	0.001
0.001	0.001	0.997	0.001
0.001	0.001	0.001	0.997
0.001	0.001	0.997	0.001
