>TCTAGGCAGGTG	1-TCTAGGCAGGTG	8.352204	-18.141352	0	T:11.0(15.07%),B:47.0(1.50%),P:1e-7	Tpos:49.7,Tstd:32.5,Bpos:47.7,Bstd:25.6,StrandBias:0.8,Multiplicity:1.27
0.001	0.137	0.275	0.587
0.001	0.725	0.137	0.137
0.001	0.274	0.001	0.724
0.449	0.001	0.275	0.275
0.137	0.001	0.861	0.001
0.275	0.001	0.713	0.011
0.137	0.725	0.001	0.137
0.861	0.001	0.137	0.001
0.137	0.001	0.861	0.001
0.001	0.001	0.997	0.001
0.001	0.001	0.014	0.984
0.137	0.275	0.587	0.001
>GCTGAGTGAGAA	2-GCTGAGTGAGAA	10.741044	-16.321768	0	T:6.0(8.22%),B:9.0(0.29%),P:1e-7	Tpos:37.8,Tstd:21.3,Bpos:68.8,Bstd:19.8,StrandBias:0.0,Multiplicity:1.33
0.047	0.001	0.598	0.354
0.065	0.933	0.001	0.001
0.001	0.001	0.001	0.997
0.001	0.001	0.997	0.001
0.997	0.001	0.001	0.001
0.354	0.001	0.644	0.001
0.290	0.001	0.001	0.708
0.001	0.001	0.997	0.001
0.822	0.001	0.001	0.176
0.001	0.001	0.997	0.001
0.645	0.001	0.177	0.177
0.644	0.001	0.354	0.001
>AGAGTTACTATG	3-AGAGTTACTATG	6.801467	-13.933904	0	T:8.0(10.96%),B:32.0(1.02%),P:1e-6	Tpos:47.2,Tstd:26.9,Bpos:50.7,Bstd:24.7,StrandBias:-0.5,Multiplicity:1.50
0.997	0.001	0.001	0.001
0.305	0.001	0.693	0.001
0.984	0.001	0.001	0.014
0.001	0.001	0.693	0.305
0.077	0.306	0.001	0.616
0.001	0.001	0.001	0.997
0.997	0.001	0.001	0.001
0.001	0.997	0.001	0.001
0.383	0.001	0.001	0.615
0.629	0.001	0.306	0.064
0.001	0.001	0.305	0.693
0.001	0.001	0.693	0.305
>GGGCGTGGCTCA	4-GGGCGTGGCTCA	9.240172	-13.326406	0	T:7.0(9.59%),B:24.0(0.77%),P:1e-5	Tpos:51.8,Tstd:27.4,Bpos:46.9,Bstd:22.7,StrandBias:1.0,Multiplicity:1.29
0.001	0.305	0.693	0.001
0.001	0.001	0.693	0.305
0.001	0.001	0.693	0.305
0.001	0.676	0.001	0.322
0.332	0.001	0.666	0.001
0.001	0.001	0.001	0.997
0.305	0.001	0.693	0.001
0.305	0.001	0.693	0.001
0.001	0.997	0.001	0.001
0.001	0.001	0.001	0.997
0.026	0.667	0.306	0.001
0.693	0.305	0.001	0.001
>TTGTTTTGTTTT	5-TTGTTTTGTTTT	13.245003	-5.403195	0	T:5.0(6.85%),B:46.0(1.47%),P:1e-2	Tpos:39.2,Tstd:10.8,Bpos:45.8,Bstd:20.8,StrandBias:0.0,Multiplicity:1.20
0.001	0.198	0.001	0.800
0.001	0.001	0.001	0.997
0.001	0.116	0.621	0.262
0.001	0.231	0.001	0.767
0.001	0.231	0.001	0.767
0.001	0.001	0.001	0.997
0.001	0.001	0.001	0.997
0.001	0.001	0.997	0.001
0.001	0.115	0.001	0.883
0.001	0.231	0.001	0.767
0.001	0.001	0.001	0.997
0.001	0.001	0.073	0.925
