>GTGCATGGGT	1-GTGCATGGGT	11.698910	-18.312538	0	T:4.0(5.48%),B:1.0(0.03%),P:1e-7	Tpos:32.8,Tstd:12.0,Bpos:21.0,Bstd:0.0,StrandBias:10.0,Multiplicity:1.00
0.118	0.001	0.880	0.001
0.001	0.001	0.001	0.997
0.001	0.219	0.779	0.001
0.001	0.997	0.001	0.001
0.997	0.001	0.001	0.001
0.001	0.001	0.219	0.779
0.001	0.001	0.997	0.001
0.001	0.001	0.997	0.001
0.001	0.001	0.997	0.001
0.219	0.001	0.001	0.779
>CCATCYCTCC	2-CCATCYCTCC	9.942793	-13.059092	0	T:7.0(9.59%),B:25.0(0.80%),P:1e-5	Tpos:50.5,Tstd:18.9,Bpos:52.7,Bstd:23.4,StrandBias:-0.7,Multiplicity:1.14
0.001	0.748	0.250	0.001
0.001	0.997	0.001	0.001
0.997	0.001	0.001	0.001
0.001	0.001	0.179	0.819
0.001	0.997	0.001	0.001
0.001	0.535	0.001	0.463
0.251	0.464	0.001	0.284
0.001	0.001	0.001	0.997
0.001	0.997	0.001	0.001
0.250	0.748	0.001	0.001
>TCTGTCTCTC	3-TCTGTCTCTC	10.870974	-11.129247	0	T:5.0(6.85%),B:13.0(0.42%),P:1e-4	Tpos:52.6,Tstd:23.0,Bpos:41.6,Bstd:26.9,StrandBias:-1.8,Multiplicity:1.80
0.001	0.001	0.124	0.874
0.001	0.997	0.001	0.001
0.001	0.124	0.001	0.874
0.001	0.001	0.874	0.124
0.089	0.125	0.001	0.785
0.001	0.997	0.001	0.001
0.001	0.124	0.001	0.874
0.001	0.955	0.043	0.001
0.001	0.001	0.001	0.997
0.001	0.816	0.058	0.125
>MTCCCCCAGG	4-MTCCCCCAGG	6.441514	-10.720118	0	T:19.0(26.03%),B:286.0(9.14%),P:1e-4	Tpos:50.8,Tstd:29.7,Bpos:50.0,Bstd:26.1,StrandBias:-0.2,Multiplicity:1.47
0.471	0.327	0.047	0.155
0.070	0.111	0.218	0.601
0.034	0.661	0.202	0.103
0.101	0.731	0.047	0.121
0.047	0.773	0.047	0.133
0.133	0.709	0.001	0.157
0.140	0.840	0.001	0.019
0.870	0.046	0.001	0.083
0.179	0.023	0.717	0.081
0.160	0.183	0.634	0.023
>TGAGGCRGGG	5-TGAGGCRGGG	11.254489	-8.896804	0	T:4.0(5.48%),B:11.0(0.35%),P:1e-3	Tpos:40.4,Tstd:24.8,Bpos:49.9,Bstd:28.4,StrandBias:2.6,Multiplicity:1.75
0.001	0.001	0.001	0.997
0.001	0.001	0.997	0.001
0.997	0.001	0.001	0.001
0.001	0.001	0.997	0.001
0.001	0.001	0.997	0.001
0.184	0.814	0.001	0.001
0.364	0.001	0.410	0.225
0.001	0.001	0.997	0.001
0.001	0.001	0.997	0.001
0.001	0.001	0.997	0.001
