>ATTTTAAA	1-ATTTTAAA	7.810962	-18.949336	0	T:12.0(16.44%),B:55.0(1.76%),P:1e-8	Tpos:42.1,Tstd:21.7,Bpos:44.6,Bstd:27.3,StrandBias:-1.2,Multiplicity:1.00
0.944	0.054	0.001	0.001
0.080	0.067	0.001	0.852
0.001	0.001	0.001	0.997
0.001	0.085	0.148	0.766
0.162	0.085	0.001	0.752
0.739	0.001	0.200	0.060
0.997	0.001	0.001	0.001
0.997	0.001	0.001	0.001
>TCATAGAT	2-TCATAGAT	7.647880	-15.890628	0	T:10.0(13.70%),B:46.0(1.47%),P:1e-6	Tpos:60.5,Tstd:25.5,Bpos:50.8,Bstd:28.2,StrandBias:0.7,Multiplicity:1.44
0.165	0.101	0.001	0.733
0.001	0.997	0.001	0.001
0.927	0.071	0.001	0.001
0.123	0.044	0.001	0.832
0.997	0.001	0.001	0.001
0.001	0.001	0.997	0.001
0.865	0.072	0.001	0.062
0.066	0.001	0.066	0.867
>GCCTCAGK	3-GCCTCAGK	7.878978	-11.912312	0	T:12.0(16.44%),B:107.0(3.42%),P:1e-5	Tpos:52.6,Tstd:28.0,Bpos:49.5,Bstd:24.5,StrandBias:0.5,Multiplicity:1.42
0.219	0.001	0.666	0.114
0.080	0.792	0.001	0.127
0.001	0.997	0.001	0.001
0.001	0.001	0.001	0.997
0.001	0.997	0.001	0.001
0.997	0.001	0.001	0.001
0.001	0.384	0.614	0.001
0.153	0.001	0.463	0.383
>CTATCTAT	4-CTATCTAT	7.295082	-7.387641	0	T:3.0(4.11%),B:7.0(0.22%),P:1e-3	Tpos:53.0,Tstd:27.5,Bpos:57.3,Bstd:22.4,StrandBias:-2.0,Multiplicity:3.33
0.054	0.553	0.307	0.086
0.039	0.272	0.062	0.627
0.732	0.112	0.045	0.111
0.223	0.124	0.023	0.630
0.102	0.521	0.260	0.117
0.057	0.155	0.083	0.705
0.536	0.163	0.202	0.099
0.145	0.053	0.088	0.714
>ACACAMAC	5-ACACAMAC	6.712501	-4.613960	0	T:12.0(16.44%),B:242.0(7.73%),P:1e-2	Tpos:36.4,Tstd:25.4,Bpos:50.5,Bstd:27.9,StrandBias:1.9,Multiplicity:1.67
0.926	0.001	0.066	0.007
0.010	0.685	0.296	0.009
0.626	0.073	0.001	0.300
0.001	0.880	0.001	0.118
0.997	0.001	0.001	0.001
0.377	0.345	0.121	0.158
0.991	0.001	0.002	0.006
0.096	0.827	0.001	0.076
