>AAGCAACAGT	1-AAGCAACAGT	7.859209	-25.904006	0	T:17.0(23.29%),B:82.0(2.62%),P:1e-11	Tpos:50.3,Tstd:20.4,Bpos:48.7,Bstd:25.2,StrandBias:-1.3,Multiplicity:1.06
0.902	0.001	0.003	0.094
0.774	0.001	0.150	0.075
0.001	0.001	0.924	0.074
0.003	0.785	0.137	0.075
0.921	0.001	0.001	0.077
0.924	0.074	0.001	0.001
0.078	0.697	0.150	0.075
0.560	0.001	0.225	0.214
0.001	0.224	0.774	0.001
0.150	0.017	0.075	0.758
>TWGTWTMAWA	2-TWGTWTMAWA	9.077149	-17.100319	0	T:8.0(10.96%),B:21.0(0.67%),P:1e-7	Tpos:33.5,Tstd:16.6,Bpos:53.5,Bstd:28.2,StrandBias:0.0,Multiplicity:1.00
0.001	0.001	0.001	0.997
0.441	0.001	0.001	0.557
0.001	0.001	0.997	0.001
0.001	0.001	0.001	0.997
0.557	0.001	0.001	0.441
0.092	0.001	0.001	0.906
0.441	0.557	0.001	0.001
0.997	0.001	0.001	0.001
0.465	0.001	0.001	0.533
0.997	0.001	0.001	0.001
>CAAATCATTT	3-CAAATCATTT	11.873576	-13.125085	0	T:3.0(4.11%),B:1.0(0.03%),P:1e-5	Tpos:33.0,Tstd:27.3,Bpos:61.0,Bstd:0.0,StrandBias:1.6,Multiplicity:1.00
0.001	0.997	0.001	0.001
0.749	0.001	0.001	0.249
0.997	0.001	0.001	0.001
0.997	0.001	0.001	0.001
0.001	0.249	0.001	0.749
0.001	0.749	0.249	0.001
0.997	0.001	0.001	0.001
0.001	0.001	0.001	0.997
0.001	0.001	0.001	0.997
0.001	0.001	0.001	0.997
>TGTTTTTTTT	4-TGTTTTTTTT	8.447854	-12.213774	0	T:14.0(19.18%),B:143.0(4.57%),P:1e-5	Tpos:40.8,Tstd:34.3,Bpos:47.7,Bstd:25.0,StrandBias:0.0,Multiplicity:1.14
0.001	0.078	0.036	0.885
0.156	0.078	0.687	0.079
0.156	0.156	0.078	0.610
0.001	0.001	0.001	0.997
0.155	0.001	0.078	0.766
0.078	0.001	0.211	0.710
0.001	0.194	0.008	0.797
0.077	0.001	0.001	0.921
0.001	0.155	0.155	0.689
0.030	0.001	0.017	0.952
>CAACCTGAAC	5-CAACCTGAAC	7.851788	-11.732208	0	T:6.0(8.22%),B:20.0(0.64%),P:1e-5	Tpos:57.5,Tstd:27.5,Bpos:50.7,Bstd:29.6,StrandBias:0.0,Multiplicity:1.33
0.001	0.997	0.001	0.001
0.935	0.001	0.063	0.001
0.854	0.144	0.001	0.001
0.128	0.870	0.001	0.001
0.063	0.935	0.001	0.001
0.001	0.001	0.001	0.997
0.001	0.208	0.790	0.001
0.854	0.001	0.001	0.144
0.804	0.001	0.001	0.194
0.001	0.935	0.063	0.001
>AGTGYAAGCA	6-AGTGYAAGCA	10.847804	-6.867499	0	T:2.0(2.74%),B:2.0(0.06%),P:1e-2	Tpos:55.9,Tstd:26.9,Bpos:81.0,Bstd:15.0,StrandBias:3.3,Multiplicity:5.50
0.906	0.001	0.092	0.001
0.001	0.001	0.997	0.001
0.001	0.001	0.001	0.997
0.001	0.001	0.997	0.001
0.001	0.546	0.001	0.452
0.997	0.001	0.001	0.001
0.997	0.001	0.001	0.001
0.001	0.001	0.997	0.001
0.001	0.997	0.001	0.001
0.997	0.001	0.001	0.001
