>TTACCCTCAT	1-TTACCCTCAT	11.873576	-15.557573	0	T:4.0(5.48%),B:2.0(0.06%),P:1e-6	Tpos:42.5,Tstd:9.8,Bpos:48.0,Bstd:37.0,StrandBias:1.6,Multiplicity:1.00
0.001	0.001	0.001	0.997
0.001	0.249	0.001	0.749
0.997	0.001	0.001	0.001
0.001	0.997	0.001	0.001
0.001	0.997	0.001	0.001
0.001	0.997	0.001	0.001
0.001	0.001	0.001	0.997
0.001	0.749	0.001	0.249
0.749	0.001	0.001	0.249
0.001	0.001	0.001	0.997
>AGCAACCMAG	2-AGCAACCMAG	8.871637	-15.314068	0	T:10.0(13.70%),B:49.0(1.57%),P:1e-6	Tpos:57.9,Tstd:24.9,Bpos:42.8,Bstd:25.6,StrandBias:-0.6,Multiplicity:1.00
0.997	0.001	0.001	0.001
0.001	0.001	0.809	0.189
0.190	0.569	0.001	0.240
0.785	0.190	0.024	0.001
0.809	0.001	0.001	0.189
0.001	0.997	0.001	0.001
0.001	0.784	0.001	0.214
0.424	0.570	0.005	0.001
0.997	0.001	0.001	0.001
0.001	0.001	0.613	0.385
>CACCTGCAGG	3-CACCTGCAGG	8.434726	-11.072617	0	T:7.0(9.59%),B:34.0(1.09%),P:1e-4	Tpos:45.9,Tstd:28.2,Bpos:52.1,Bstd:23.5,StrandBias:-1.0,Multiplicity:1.00
0.266	0.645	0.088	0.001
0.645	0.177	0.001	0.177
0.001	0.910	0.088	0.001
0.177	0.645	0.001	0.177
0.186	0.001	0.088	0.725
0.089	0.089	0.813	0.009
0.088	0.823	0.088	0.001
0.905	0.001	0.001	0.093
0.001	0.001	0.910	0.088
0.001	0.001	0.997	0.001
>TATTTTGAAA	4-TATTTTGAAA	7.883838	-11.014710	0	T:9.0(12.33%),B:63.0(2.01%),P:1e-4	Tpos:39.0,Tstd:24.9,Bpos:51.4,Bstd:25.0,StrandBias:0.0,Multiplicity:1.22
0.001	0.311	0.001	0.687
0.820	0.068	0.001	0.111
0.155	0.001	0.001	0.843
0.001	0.001	0.155	0.843
0.001	0.001	0.155	0.843
0.001	0.155	0.001	0.843
0.422	0.001	0.576	0.001
0.834	0.001	0.155	0.010
0.774	0.001	0.001	0.224
0.997	0.001	0.001	0.001
>GTTGTTGTTG	5-GTTGTTGTTG	13.344352	-2.205878	0	T:1.0(1.37%),B:5.0(0.16%),P:1e0	Tpos:42.0,Tstd:4.2,Bpos:47.5,Bstd:29.6,StrandBias:10.0,Multiplicity:1.00
0.109	0.001	0.889	0.001
0.001	0.001	0.001	0.997
0.001	0.001	0.001	0.997
0.171	0.001	0.827	0.001
0.001	0.001	0.001	0.997
0.001	0.001	0.001	0.997
0.171	0.001	0.827	0.001
0.001	0.001	0.001	0.997
0.001	0.001	0.001	0.997
0.001	0.001	0.997	0.001
