>GAATGTTT	1-GAATGTTT	7.663051	-16.894552	0	T:12.0(28.57%),B:121.0(3.90%),P:1e-7	Tpos:42.9,Tstd:28.3,Bpos:57.1,Bstd:24.8,StrandBias:0.7,Multiplicity:1.08
0.089	0.073	0.837	0.001
0.804	0.194	0.001	0.001
0.897	0.001	0.101	0.001
0.001	0.001	0.105	0.893
0.001	0.001	0.997	0.001
0.001	0.001	0.001	0.997
0.137	0.165	0.001	0.697
0.001	0.001	0.001	0.997
>ATCATCCC	2-ATCATCCC	7.894505	-10.497280	0	T:6.0(14.29%),B:44.0(1.42%),P:1e-4	Tpos:45.6,Tstd:30.1,Bpos:45.0,Bstd:26.5,StrandBias:0.0,Multiplicity:1.33
0.997	0.001	0.001	0.001
0.001	0.001	0.001	0.997
0.001	0.813	0.185	0.001
0.997	0.001	0.001	0.001
0.001	0.073	0.001	0.925
0.001	0.829	0.001	0.169
0.001	0.997	0.001	0.001
0.001	0.842	0.001	0.156
>GAAACTSA	3-GAAACTSA	6.259683	-9.904242	0	T:16.0(38.10%),B:412.0(13.29%),P:1e-4	Tpos:51.0,Tstd:28.1,Bpos:51.2,Bstd:27.0,StrandBias:-0.1,Multiplicity:1.44
0.001	0.001	0.997	0.001
0.997	0.001	0.001	0.001
0.733	0.001	0.265	0.001
0.749	0.038	0.212	0.001
0.059	0.725	0.001	0.215
0.001	0.001	0.215	0.783
0.001	0.525	0.473	0.001
0.603	0.208	0.001	0.188
>GRCACACA	4-GRCACACA	2.954520	-7.842266	0	T:15.0(35.71%),B:438.0(14.12%),P:1e-3	Tpos:57.1,Tstd:32.8,Bpos:49.9,Bstd:27.6,StrandBias:-0.5,Multiplicity:1.07
0.001	0.001	0.997	0.001
0.493	0.001	0.505	0.001
0.001	0.791	0.207	0.001
0.997	0.001	0.001	0.001
0.256	0.742	0.001	0.001
0.997	0.001	0.001	0.001
0.001	0.997	0.001	0.001
0.997	0.001	0.001	0.001
>TAAATGAG	5-TAAATGAG	9.796407	-6.115324	0	T:3.0(7.14%),B:19.0(0.61%),P:1e-2	Tpos:41.0,Tstd:19.9,Bpos:47.4,Bstd:25.1,StrandBias:10.0,Multiplicity:1.67
0.001	0.001	0.001	0.997
0.867	0.001	0.001	0.131
0.676	0.001	0.001	0.322
0.997	0.001	0.001	0.001
0.001	0.001	0.001	0.997
0.001	0.001	0.997	0.001
0.997	0.001	0.001	0.001
0.001	0.001	0.997	0.001
