>AGGHTCCTTC	1-AGGHTCCTTC	12.736289	-17.779306	0	T:4.0(9.52%),B:2.0(0.06%),P:1e-7	Tpos:57.5,Tstd:20.8,Bpos:30.0,Bstd:24.0,StrandBias:1.6,Multiplicity:1.00
0.997	0.001	0.001	0.001
0.001	0.001	0.997	0.001
0.001	0.001	0.997	0.001
0.333	0.333	0.001	0.333
0.001	0.001	0.001	0.997
0.001	0.997	0.001	0.001
0.001	0.997	0.001	0.001
0.001	0.001	0.001	0.997
0.001	0.001	0.001	0.997
0.001	0.997	0.001	0.001
>MTAAGYCYTG	2-MTAAGYCYTG	6.639517	-17.503668	0	T:6.0(14.29%),B:13.0(0.42%),P:1e-7	Tpos:49.7,Tstd:27.0,Bpos:58.9,Bstd:23.1,StrandBias:2.3,Multiplicity:1.00
0.447	0.551	0.001	0.001
0.001	0.001	0.001	0.997
0.997	0.001	0.001	0.001
0.997	0.001	0.001	0.001
0.001	0.001	0.997	0.001
0.001	0.551	0.001	0.447
0.001	0.997	0.001	0.001
0.103	0.448	0.001	0.448
0.026	0.001	0.026	0.947
0.001	0.025	0.973	0.001
>CCTGCAAGAA	3-CCTGCAAGAA	11.550802	-16.225956	0	T:5.0(11.90%),B:8.0(0.26%),P:1e-7	Tpos:48.8,Tstd:28.5,Bpos:56.5,Bstd:29.1,StrandBias:-2.0,Multiplicity:1.00
0.001	0.997	0.001	0.001
0.001	0.997	0.001	0.001
0.001	0.001	0.001	0.997
0.001	0.001	0.997	0.001
0.173	0.620	0.001	0.206
0.997	0.001	0.001	0.001
0.792	0.001	0.206	0.001
0.001	0.001	0.997	0.001
0.792	0.001	0.206	0.001
0.997	0.001	0.001	0.001
>TADTTATTTA	4-TADTTATTTA	8.797392	-10.756445	0	T:6.0(14.29%),B:42.0(1.35%),P:1e-4	Tpos:47.0,Tstd:25.2,Bpos:51.1,Bstd:27.3,StrandBias:2.0,Multiplicity:1.00
0.001	0.001	0.001	0.997
0.680	0.001	0.318	0.001
0.309	0.001	0.309	0.381
0.001	0.001	0.001	0.997
0.001	0.001	0.001	0.997
0.689	0.001	0.309	0.001
0.001	0.001	0.001	0.997
0.309	0.001	0.001	0.689
0.001	0.309	0.001	0.689
0.988	0.001	0.001	0.010
>WCYTTTTCMG	5-WCYTTTTCMG	6.136239	-10.160944	0	T:5.0(11.90%),B:28.0(0.90%),P:1e-4	Tpos:52.9,Tstd:24.3,Bpos:44.1,Bstd:30.1,StrandBias:0.4,Multiplicity:1.40
0.447	0.001	0.001	0.551
0.001	0.975	0.023	0.001
0.072	0.448	0.001	0.479
0.001	0.001	0.021	0.977
0.001	0.001	0.001	0.997
0.001	0.001	0.001	0.997
0.001	0.001	0.001	0.997
0.001	0.997	0.001	0.001
0.551	0.447	0.001	0.001
0.001	0.001	0.997	0.001
