>GGGAACTGTG	1-GGGAACTGTG	11.873576	-17.779306	0	T:4.0(9.52%),B:2.0(0.06%),P:1e-7	Tpos:61.8,Tstd:29.4,Bpos:29.0,Bstd:24.0,StrandBias:0.0,Multiplicity:1.00
0.001	0.001	0.997	0.001
0.001	0.001	0.997	0.001
0.001	0.001	0.997	0.001
0.749	0.001	0.001	0.249
0.997	0.001	0.001	0.001
0.249	0.749	0.001	0.001
0.001	0.001	0.001	0.997
0.001	0.001	0.997	0.001
0.001	0.001	0.001	0.997
0.001	0.249	0.749	0.001
>TBVCCTTAAG	2-TBVCCTTAAG	6.367048	-9.114781	0	T:5.0(11.90%),B:35.0(1.13%),P:1e-3	Tpos:61.9,Tstd:20.6,Bpos:44.5,Bstd:27.9,StrandBias:1.3,Multiplicity:1.00
0.001	0.001	0.001	0.997
0.001	0.309	0.309	0.381
0.381	0.309	0.309	0.001
0.001	0.689	0.309	0.001
0.001	0.997	0.001	0.001
0.001	0.001	0.001	0.997
0.001	0.023	0.001	0.975
0.689	0.001	0.309	0.001
0.997	0.001	0.001	0.001
0.001	0.023	0.975	0.001
>AGATAGATAG	3-AGATAGATAG	-1.938566	-9.011528	0	T:27.0(64.29%),B:1094.0(35.28%),P:1e-3	Tpos:48.9,Tstd:26.1,Bpos:49.3,Bstd:26.5,StrandBias:1.0,Multiplicity:1.26
0.997	0.001	0.001	0.001
0.001	0.103	0.774	0.122
0.876	0.001	0.122	0.001
0.001	0.122	0.001	0.876
0.997	0.001	0.001	0.001
0.001	0.077	0.921	0.001
0.876	0.001	0.122	0.001
0.001	0.122	0.001	0.876
0.997	0.001	0.001	0.001
0.001	0.083	0.915	0.001
>MAKMCTSAGG	4-MAKMCTSAGG	7.201867	-8.979498	0	T:6.0(14.29%),B:58.0(1.87%),P:1e-3	Tpos:34.7,Tstd:17.6,Bpos:52.4,Bstd:24.4,StrandBias:-0.3,Multiplicity:1.17
0.545	0.453	0.001	0.001
0.997	0.001	0.001	0.001
0.098	0.001	0.453	0.448
0.447	0.551	0.001	0.001
0.001	0.997	0.001	0.001
0.001	0.081	0.001	0.917
0.001	0.545	0.453	0.001
0.997	0.001	0.001	0.001
0.001	0.001	0.997	0.001
0.001	0.001	0.997	0.001
>TGAAARTGAG	5-TGAAARTGAG	9.898780	-6.130746	0	T:6.0(14.29%),B:100.0(3.22%),P:1e-2	Tpos:42.9,Tstd:24.8,Bpos:51.5,Bstd:25.1,StrandBias:0.5,Multiplicity:2.00
0.355	0.001	0.001	0.643
0.001	0.001	0.997	0.001
0.662	0.336	0.001	0.001
0.743	0.001	0.001	0.255
0.997	0.001	0.001	0.001
0.440	0.001	0.558	0.001
0.001	0.001	0.001	0.997
0.001	0.001	0.997	0.001
0.795	0.203	0.001	0.001
0.001	0.001	0.997	0.001
