>AAACATKTTWMC	1-AAACATKTTWMC	7.775238	-18.424498	0	T:9.0(21.43%),B:46.0(1.48%),P:1e-8	Tpos:69.8,Tstd:19.9,Bpos:53.9,Bstd:21.7,StrandBias:-0.3,Multiplicity:1.00
0.655	0.120	0.001	0.224
0.588	0.001	0.051	0.360
0.759	0.001	0.120	0.120
0.001	0.708	0.051	0.240
0.759	0.001	0.001	0.239
0.051	0.120	0.120	0.709
0.143	0.120	0.377	0.361
0.022	0.001	0.001	0.976
0.001	0.082	0.120	0.797
0.411	0.240	0.001	0.349
0.435	0.323	0.001	0.241
0.001	0.916	0.001	0.082
>ARMYKGGARGGA	2-ARMYKGGARGGA	13.017304	-7.951755	0	T:2.0(4.76%),B:2.0(0.06%),P:1e-3	Tpos:37.7,Tstd:18.9,Bpos:43.0,Bstd:18.0,StrandBias:10.0,Multiplicity:1.50
0.997	0.001	0.001	0.001
0.473	0.001	0.525	0.001
0.474	0.448	0.078	0.001
0.001	0.447	0.001	0.551
0.026	0.001	0.525	0.448
0.001	0.001	0.997	0.001
0.001	0.001	0.997	0.001
0.997	0.001	0.001	0.001
0.447	0.001	0.551	0.001
0.001	0.001	0.997	0.001
0.001	0.001	0.997	0.001
0.997	0.001	0.001	0.001
>MAAAAMMAAAAM	3-MAAAAMMAAAAM	4.848094	-4.833023	0	T:19.0(45.24%),B:833.0(26.86%),P:1e-2	Tpos:58.1,Tstd:27.1,Bpos:51.0,Bstd:27.4,StrandBias:-0.7,Multiplicity:1.13
0.310	0.338	0.183	0.169
0.732	0.070	0.113	0.085
0.704	0.056	0.155	0.085
0.802	0.085	0.085	0.028
0.704	0.056	0.099	0.141
0.324	0.366	0.197	0.113
0.296	0.380	0.099	0.225
0.675	0.085	0.113	0.127
0.718	0.070	0.099	0.113
0.633	0.127	0.113	0.127
0.675	0.085	0.127	0.113
0.310	0.394	0.169	0.127
>GGCACCCTCTAC	4-GGCACCCTCTAC	12.355432	-4.308414	0	T:1.0(2.38%),B:0.0(0.00%),P:1e-1	Tpos:16.0,Tstd:0.0,Bpos:0.0,Bstd:0.0,StrandBias:10.0,Multiplicity:1.00
0.100	0.100	0.700	0.100
0.100	0.100	0.700	0.100
0.100	0.700	0.100	0.100
0.700	0.100	0.100	0.100
0.100	0.700	0.100	0.100
0.100	0.700	0.100	0.100
0.100	0.700	0.100	0.100
0.100	0.100	0.100	0.700
0.100	0.700	0.100	0.100
0.100	0.100	0.100	0.700
0.700	0.100	0.100	0.100
0.100	0.700	0.100	0.100
>GTTTTGGTTTTG	5-GTTTTGGTTTTG	-11.227242	-3.800371	0	T:21.0(50.00%),B:1050.0(33.86%),P:1e-1	Tpos:53.8,Tstd:24.1,Bpos:49.4,Bstd:25.9,StrandBias:1.2,Multiplicity:1.71
0.001	0.001	0.997	0.001
0.001	0.001	0.001	0.997
0.094	0.001	0.001	0.904
0.001	0.001	0.001	0.997
0.001	0.001	0.001	0.997
0.001	0.001	0.997	0.001
0.001	0.001	0.997	0.001
0.001	0.001	0.001	0.997
0.188	0.001	0.001	0.810
0.001	0.001	0.001	0.997
0.001	0.001	0.001	0.997
0.001	0.001	0.997	0.001
