>ATATTTATCACT	1-ATATTTATCACT	8.082000	-51.272526	0	T:16.0(2.26%),B:1.0(0.04%),P:1e-22	Tpos:52.8,Tstd:27.2,Bpos:47.0,Bstd:0.0,StrandBias:1.3,Multiplicity:1.06
0.820	0.061	0.030	0.089
0.089	0.089	0.122	0.700
0.668	0.091	0.093	0.148
0.119	0.091	0.030	0.760
0.148	0.032	0.152	0.668
0.059	0.148	0.030	0.763
0.667	0.208	0.030	0.095
0.118	0.031	0.001	0.850
0.059	0.791	0.089	0.061
0.761	0.148	0.030	0.061
0.091	0.757	0.059	0.093
0.121	0.030	0.030	0.819
>GCWGCWGAGARC	2-GCWGCWGAGARC	9.939453	-37.079982	0	T:15.0(2.12%),B:2.0(0.08%),P:1e-16	Tpos:52.6,Tstd:25.1,Bpos:67.5,Bstd:23.5,StrandBias:0.7,Multiplicity:1.07
0.081	0.216	0.596	0.107
0.001	0.943	0.055	0.001
0.458	0.001	0.001	0.540
0.026	0.106	0.867	0.001
0.106	0.651	0.216	0.027
0.564	0.001	0.001	0.434
0.001	0.053	0.920	0.026
0.651	0.001	0.108	0.240
0.001	0.188	0.810	0.001
0.623	0.217	0.133	0.027
0.464	0.027	0.402	0.107
0.241	0.514	0.138	0.107
>CAGTCAGTGCAG	3-CAGTCAGTGCAG	10.179341	-21.349843	0	T:10.0(1.41%),B:2.0(0.08%),P:1e-9	Tpos:44.5,Tstd:24.6,Bpos:63.5,Bstd:9.5,StrandBias:0.5,Multiplicity:1.90
0.174	0.824	0.001	0.001
0.649	0.001	0.349	0.001
0.001	0.001	0.997	0.001
0.046	0.001	0.197	0.756
0.001	0.997	0.001	0.001
0.649	0.001	0.001	0.349
0.001	0.001	0.824	0.174
0.001	0.001	0.094	0.904
0.001	0.045	0.953	0.001
0.175	0.649	0.175	0.001
0.824	0.001	0.174	0.001
0.001	0.001	0.997	0.001
>GATGTTACCGTC	4-GATGTTACCGTC	9.495056	-17.303254	0	T:13.0(1.83%),B:6.0(0.24%),P:1e-7	Tpos:53.7,Tstd:26.0,Bpos:57.0,Bstd:23.5,StrandBias:0.4,Multiplicity:1.62
0.060	0.152	0.737	0.051
0.945	0.001	0.004	0.050
0.050	0.001	0.001	0.948
0.152	0.101	0.746	0.001
0.001	0.152	0.050	0.797
0.051	0.051	0.051	0.847
0.838	0.055	0.106	0.001
0.001	0.889	0.060	0.050
0.203	0.492	0.001	0.304
0.214	0.101	0.421	0.264
0.055	0.101	0.001	0.843
0.051	0.534	0.258	0.157
>TCTAKCTATYTA	5-TCTAKCTATYTA	10.280800	-17.217763	0	T:11.0(1.55%),B:4.0(0.16%),P:1e-7	Tpos:49.2,Tstd:27.0,Bpos:64.3,Bstd:19.6,StrandBias:1.4,Multiplicity:1.27
0.001	0.001	0.001	0.997
0.001	0.591	0.407	0.001
0.015	0.001	0.001	0.983
0.967	0.001	0.031	0.001
0.001	0.175	0.366	0.458
0.001	0.614	0.210	0.175
0.001	0.174	0.001	0.824
0.966	0.001	0.017	0.016
0.001	0.031	0.001	0.967
0.191	0.242	0.200	0.366
0.001	0.350	0.001	0.648
0.997	0.001	0.001	0.001
>AKCTTGTACAAG	6-AKCTTGTACAAG	9.418748	-14.404365	0	T:6.0(0.85%),B:1.0(0.04%),P:1e-6	Tpos:66.9,Tstd:21.3,Bpos:41.0,Bstd:0.0,StrandBias:0.0,Multiplicity:1.17
0.408	0.178	0.236	0.178
0.079	0.125	0.472	0.324
0.001	0.764	0.157	0.078
0.004	0.001	0.001	0.994
0.001	0.001	0.001	0.997
0.078	0.001	0.764	0.157
0.078	0.001	0.001	0.920
0.997	0.001	0.001	0.001
0.078	0.843	0.001	0.078
0.997	0.001	0.001	0.001
0.822	0.078	0.001	0.099
0.021	0.157	0.665	0.157
>TTTTTTCTTTTT	7-TTTTTTCTTTTT	14.103690	-11.338392	0	T:5.0(0.71%),B:1.0(0.04%),P:1e-4	Tpos:46.0,Tstd:30.4,Bpos:43.0,Bstd:0.0,StrandBias:-2.0,Multiplicity:1.00
0.001	0.001	0.001	0.997
0.001	0.001	0.001	0.997
0.001	0.001	0.001	0.997
0.001	0.211	0.001	0.787
0.001	0.001	0.001	0.997
0.001	0.001	0.001	0.997
0.001	0.853	0.001	0.145
0.001	0.001	0.001	0.997
0.001	0.001	0.001	0.997
0.001	0.212	0.212	0.575
0.001	0.211	0.001	0.787
0.001	0.001	0.001	0.997
>TTTTTTTTTTTA	8-TTTTTTTTTTTA	13.281809	-6.293011	0	T:7.0(0.99%),B:6.0(0.24%),P:1e-2	Tpos:57.1,Tstd:21.9,Bpos:54.0,Bstd:20.6,StrandBias:0.4,Multiplicity:1.00
0.001	0.001	0.001	0.997
0.001	0.001	0.001	0.997
0.001	0.001	0.001	0.997
0.097	0.097	0.001	0.805
0.001	0.001	0.368	0.630
0.001	0.001	0.001	0.997
0.001	0.001	0.001	0.997
0.001	0.001	0.001	0.997
0.001	0.001	0.001	0.997
0.001	0.368	0.001	0.630
0.001	0.001	0.001	0.997
0.930	0.001	0.001	0.068
