>AGGTACTAGTCT	1-AGGTACTAGTCT	10.801335	-31.702409	0	T:11.0(1.55%),B:1.0(0.04%),P:1e-13	Tpos:61.9,Tstd:19.5,Bpos:66.0,Bstd:0.0,StrandBias:0.3,Multiplicity:1.00
0.908	0.001	0.090	0.001
0.001	0.001	0.997	0.001
0.001	0.001	0.726	0.272
0.090	0.001	0.001	0.908
0.455	0.091	0.182	0.273
0.001	0.908	0.001	0.090
0.001	0.001	0.001	0.997
0.817	0.001	0.091	0.091
0.181	0.091	0.727	0.001
0.001	0.001	0.001	0.997
0.091	0.727	0.001	0.181
0.001	0.001	0.001	0.997
>TTCTCCCTCAGT	2-TTCTCCCTCAGT	10.409522	-24.449741	0	T:9.0(1.27%),B:1.0(0.04%),P:1e-10	Tpos:65.3,Tstd:22.0,Bpos:31.0,Bstd:0.0,StrandBias:-2.0,Multiplicity:1.11
0.100	0.100	0.100	0.700
0.100	0.100	0.100	0.700
0.100	0.700	0.100	0.100
0.100	0.100	0.100	0.700
0.100	0.700	0.100	0.100
0.100	0.700	0.100	0.100
0.100	0.700	0.100	0.100
0.100	0.100	0.100	0.700
0.100	0.700	0.100	0.100
0.700	0.100	0.100	0.100
0.100	0.100	0.700	0.100
0.100	0.100	0.100	0.700
>GGGGGAAAAAAA	3-GGGGGAAAAAAA	10.520920	-22.794897	0	T:12.0(1.69%),B:3.0(0.12%),P:1e-9	Tpos:58.9,Tstd:28.6,Bpos:59.0,Bstd:28.9,StrandBias:0.3,Multiplicity:1.00
0.093	0.001	0.716	0.190
0.001	0.186	0.706	0.107
0.093	0.001	0.799	0.107
0.092	0.001	0.906	0.001
0.204	0.093	0.702	0.001
0.798	0.001	0.200	0.001
0.906	0.001	0.092	0.001
0.906	0.001	0.001	0.092
0.812	0.001	0.001	0.186
0.997	0.001	0.001	0.001
0.892	0.001	0.001	0.106
0.906	0.001	0.001	0.092
>GAGCATGAGCCA	4-GAGCATGAGCCA	10.419764	-21.730606	0	T:14.0(1.97%),B:5.0(0.20%),P:1e-9	Tpos:46.8,Tstd:27.2,Bpos:55.2,Bstd:23.0,StrandBias:-0.3,Multiplicity:1.29
0.102	0.001	0.896	0.001
0.690	0.001	0.206	0.103
0.001	0.001	0.997	0.001
0.001	0.896	0.102	0.001
0.587	0.309	0.103	0.001
0.206	0.001	0.206	0.587
0.001	0.109	0.889	0.001
0.837	0.059	0.001	0.103
0.001	0.001	0.997	0.001
0.001	0.997	0.001	0.001
0.205	0.793	0.001	0.001
0.896	0.001	0.102	0.001
>AAAACTTGTATT	5-AAAACTTGTATT	10.364002	-21.349843	0	T:10.0(1.41%),B:2.0(0.08%),P:1e-9	Tpos:55.8,Tstd:27.4,Bpos:43.0,Bstd:6.0,StrandBias:1.2,Multiplicity:1.00
0.799	0.067	0.067	0.067
0.997	0.001	0.001	0.001
0.932	0.066	0.001	0.001
0.799	0.199	0.001	0.001
0.133	0.733	0.067	0.067
0.066	0.133	0.001	0.800
0.001	0.001	0.132	0.866
0.001	0.066	0.800	0.133
0.066	0.133	0.001	0.800
0.799	0.001	0.001	0.199
0.001	0.001	0.066	0.932
0.001	0.132	0.001	0.866
>WGCTAYACTGTG	6-WGCTAYACTGTG	11.325441	-20.977755	0	T:8.0(1.13%),B:1.0(0.04%),P:1e-9	Tpos:50.3,Tstd:24.6,Bpos:8.0,Bstd:0.0,StrandBias:1.2,Multiplicity:1.62
0.574	0.001	0.001	0.424
0.203	0.001	0.527	0.269
0.001	0.997	0.001	0.001
0.001	0.222	0.001	0.776
0.557	0.001	0.221	0.221
0.046	0.421	0.175	0.358
0.997	0.001	0.001	0.001
0.047	0.777	0.175	0.001
0.174	0.001	0.001	0.824
0.001	0.174	0.824	0.001
0.001	0.001	0.001	0.997
0.001	0.001	0.997	0.001
>CAAAGCCAAGAC	7-CAAAGCCAAGAC	10.729671	-14.404365	0	T:6.0(0.85%),B:1.0(0.04%),P:1e-6	Tpos:38.7,Tstd:23.1,Bpos:78.0,Bstd:0.0,StrandBias:-1.0,Multiplicity:1.00
0.001	0.997	0.001	0.001
0.738	0.260	0.001	0.001
0.587	0.001	0.283	0.129
0.736	0.001	0.001	0.262
0.197	0.001	0.519	0.283
0.001	0.587	0.001	0.411
0.265	0.733	0.001	0.001
0.736	0.262	0.001	0.001
0.869	0.001	0.129	0.001
0.157	0.001	0.580	0.262
0.741	0.129	0.001	0.129
0.054	0.814	0.001	0.131
>TATCTATCTATC	8-TATCTATCTATC	8.463612	-3.905838	0	T:9.0(1.27%),B:14.0(0.56%),P:1e-1	Tpos:51.9,Tstd:26.9,Bpos:55.4,Bstd:25.3,StrandBias:2.6,Multiplicity:1.11
0.100	0.100	0.100	0.700
0.700	0.100	0.100	0.100
0.100	0.100	0.100	0.700
0.100	0.700	0.100	0.100
0.100	0.100	0.100	0.700
0.700	0.100	0.100	0.100
0.100	0.100	0.100	0.700
0.100	0.700	0.100	0.100
0.100	0.100	0.100	0.700
0.700	0.100	0.100	0.100
0.100	0.100	0.100	0.700
0.100	0.700	0.100	0.100
