>TTATCTTATAAG	1-TTATCTTATAAG	8.163584	-37.079982	0	T:15.0(2.12%),B:2.0(0.08%),P:1e-16	Tpos:43.6,Tstd:21.0,Bpos:46.0,Bstd:21.0,StrandBias:0.4,Multiplicity:1.00
0.001	0.042	0.108	0.849
0.064	0.044	0.043	0.849
0.696	0.043	0.130	0.131
0.065	0.087	0.130	0.718
0.108	0.763	0.064	0.065
0.065	0.086	0.043	0.806
0.171	0.043	0.128	0.658
0.719	0.110	0.064	0.107
0.130	0.088	0.089	0.693
0.742	0.107	0.001	0.150
0.807	0.043	0.064	0.086
0.108	0.064	0.720	0.108
>TTCCAGAGCTTC	2-TTCCAGAGCTTC	9.467578	-32.886369	0	T:22.0(3.10%),B:8.0(0.32%),P:1e-14	Tpos:53.5,Tstd:26.0,Bpos:46.6,Bstd:24.9,StrandBias:-1.4,Multiplicity:1.00
0.111	0.328	0.036	0.525
0.217	0.075	0.072	0.636
0.001	0.888	0.036	0.075
0.001	0.924	0.036	0.039
0.777	0.036	0.001	0.186
0.001	0.001	0.884	0.114
0.633	0.001	0.294	0.072
0.001	0.110	0.888	0.001
0.001	0.997	0.001	0.001
0.036	0.075	0.001	0.888
0.072	0.144	0.183	0.601
0.072	0.633	0.220	0.075
>GSGCTGGGCCCT	3-GSGCTGGGCCCT	10.914979	-31.702409	0	T:11.0(1.55%),B:1.0(0.04%),P:1e-13	Tpos:39.7,Tstd:26.9,Bpos:88.0,Bstd:0.0,StrandBias:-0.8,Multiplicity:1.00
0.115	0.001	0.769	0.115
0.142	0.492	0.344	0.022
0.001	0.142	0.600	0.257
0.114	0.884	0.001	0.001
0.001	0.001	0.114	0.884
0.001	0.114	0.884	0.001
0.001	0.001	0.997	0.001
0.001	0.001	0.997	0.001
0.001	0.857	0.141	0.001
0.022	0.748	0.115	0.115
0.001	0.884	0.001	0.114
0.001	0.001	0.001	0.997
>ATTTMWGAGCTC	4-ATTTMWGAGCTC	11.722058	-17.548095	0	T:10.0(1.41%),B:3.0(0.12%),P:1e-7	Tpos:54.2,Tstd:10.3,Bpos:8.5,Bstd:0.5,StrandBias:0.6,Multiplicity:1.00
0.981	0.001	0.001	0.017
0.001	0.269	0.001	0.729
0.001	0.001	0.035	0.963
0.001	0.001	0.001	0.997
0.538	0.460	0.001	0.001
0.538	0.001	0.001	0.460
0.001	0.017	0.981	0.001
0.723	0.001	0.001	0.275
0.001	0.035	0.963	0.001
0.001	0.891	0.001	0.107
0.001	0.001	0.001	0.997
0.001	0.694	0.001	0.304
>CTAGTCATGTGA	5-CTAGTCATGTGA	10.699478	-15.680654	0	T:8.0(1.13%),B:2.0(0.08%),P:1e-6	Tpos:66.5,Tstd:25.2,Bpos:58.0,Bstd:30.0,StrandBias:1.6,Multiplicity:1.50
0.212	0.740	0.024	0.024
0.423	0.001	0.001	0.575
0.787	0.211	0.001	0.001
0.023	0.001	0.975	0.001
0.001	0.023	0.001	0.975
0.001	0.997	0.001	0.001
0.997	0.001	0.001	0.001
0.001	0.001	0.423	0.575
0.001	0.001	0.997	0.001
0.211	0.001	0.001	0.787
0.001	0.001	0.997	0.001
0.787	0.001	0.001	0.211
>AYMTATGTWTCT	6-AYMTATGTWTCT	6.192371	-14.412902	0	T:111.0(15.66%),B:244.0(9.76%),P:1e-6	Tpos:48.4,Tstd:25.1,Bpos:50.7,Bstd:25.1,StrandBias:0.9,Multiplicity:1.06
0.711	0.100	0.001	0.188
0.233	0.373	0.001	0.393
0.405	0.460	0.134	0.001
0.168	0.001	0.066	0.765
0.579	0.100	0.066	0.255
0.032	0.001	0.001	0.966
0.033	0.238	0.728	0.001
0.033	0.033	0.001	0.933
0.515	0.001	0.001	0.483
0.099	0.001	0.067	0.833
0.033	0.768	0.198	0.001
0.004	0.001	0.001	0.994
>AAGCAGTGTAAG	7-AAGCAGTGTAAG	11.401738	-14.404365	0	T:6.0(0.85%),B:1.0(0.04%),P:1e-6	Tpos:47.7,Tstd:27.4,Bpos:64.0,Bstd:0.0,StrandBias:2.0,Multiplicity:2.50
0.824	0.174	0.001	0.001
0.997	0.001	0.001	0.001
0.001	0.001	0.997	0.001
0.175	0.641	0.175	0.009
0.824	0.001	0.174	0.001
0.001	0.001	0.997	0.001
0.175	0.001	0.175	0.649
0.001	0.001	0.997	0.001
0.001	0.232	0.001	0.766
0.824	0.174	0.001	0.001
0.824	0.001	0.001	0.174
0.001	0.174	0.824	0.001
>CCGATAAGTTCA	8-CCGATAAGTTCA	8.463612	-13.016380	0	T:7.0(0.99%),B:2.0(0.08%),P:1e-5	Tpos:55.0,Tstd:29.3,Bpos:63.0,Bstd:21.0,StrandBias:1.3,Multiplicity:1.00
0.100	0.700	0.100	0.100
0.100	0.700	0.100	0.100
0.100	0.100	0.700	0.100
0.700	0.100	0.100	0.100
0.100	0.100	0.100	0.700
0.700	0.100	0.100	0.100
0.700	0.100	0.100	0.100
0.100	0.100	0.700	0.100
0.100	0.100	0.100	0.700
0.100	0.100	0.100	0.700
0.100	0.700	0.100	0.100
0.700	0.100	0.100	0.100
