>ATTTGCATAA	1-ATTTGCATAA	10.217678	-33.782906	0	T:14.0(1.97%),B:2.0(0.08%),P:1e-14	Tpos:42.2,Tstd:25.9,Bpos:54.0,Bstd:41.0,StrandBias:0.5,Multiplicity:1.21
0.935	0.001	0.001	0.063
0.001	0.001	0.001	0.997
0.001	0.063	0.001	0.935
0.001	0.001	0.001	0.997
0.063	0.001	0.935	0.001
0.001	0.935	0.063	0.001
0.935	0.063	0.001	0.001
0.064	0.001	0.265	0.670
0.935	0.001	0.063	0.001
0.871	0.001	0.064	0.064
>CAAYACTSTM	2-CAAYACTSTM	8.301230	-33.782906	0	T:14.0(1.97%),B:2.0(0.08%),P:1e-14	Tpos:42.0,Tstd:23.2,Bpos:35.5,Bstd:29.5,StrandBias:0.4,Multiplicity:1.00
0.025	0.745	0.181	0.049
0.593	0.357	0.001	0.049
0.803	0.099	0.024	0.074
0.122	0.383	0.224	0.270
0.790	0.158	0.026	0.026
0.049	0.679	0.247	0.025
0.026	0.001	0.024	0.949
0.173	0.334	0.321	0.173
0.050	0.146	0.197	0.607
0.529	0.444	0.026	0.001
>GAATTAGGTC	3-GAATTAGGTC	8.217062	-29.073052	0	T:17.0(2.40%),B:5.0(0.20%),P:1e-12	Tpos:38.8,Tstd:21.1,Bpos:76.2,Bstd:15.4,StrandBias:0.0,Multiplicity:1.06
0.341	0.001	0.657	0.001
0.914	0.001	0.084	0.001
0.488	0.171	0.171	0.171
0.001	0.001	0.341	0.657
0.001	0.001	0.170	0.828
0.914	0.001	0.084	0.001
0.001	0.001	0.997	0.001
0.001	0.001	0.997	0.001
0.001	0.255	0.001	0.743
0.085	0.879	0.001	0.035
>ATGACCATGA	4-ATGACCATGA	7.628468	-28.620666	0	T:18.0(2.54%),B:6.0(0.24%),P:1e-12	Tpos:52.5,Tstd:21.1,Bpos:40.3,Bstd:27.1,StrandBias:0.0,Multiplicity:1.11
0.753	0.045	0.121	0.081
0.001	0.044	0.040	0.915
0.081	0.081	0.757	0.081
0.833	0.081	0.085	0.001
0.081	0.673	0.125	0.121
0.081	0.833	0.001	0.085
0.839	0.040	0.040	0.081
0.001	0.001	0.080	0.918
0.040	0.121	0.799	0.040
0.713	0.125	0.081	0.081
>GGGGCTGAAT	5-GGGGCTGAAT	10.659397	-28.027926	0	T:10.0(1.41%),B:1.0(0.04%),P:1e-12	Tpos:48.0,Tstd:30.4,Bpos:86.0,Bstd:0.0,StrandBias:0.6,Multiplicity:1.00
0.001	0.001	0.997	0.001
0.001	0.001	0.621	0.377
0.001	0.154	0.844	0.001
0.001	0.001	0.997	0.001
0.001	0.997	0.001	0.001
0.001	0.001	0.001	0.997
0.001	0.001	0.997	0.001
0.844	0.001	0.001	0.154
0.997	0.001	0.001	0.001
0.001	0.001	0.154	0.844
>CACTGGYAGT	6-CACTGGYAGT	10.828645	-20.977755	0	T:8.0(1.13%),B:0.0(0.00%),P:1e-9	Tpos:56.4,Tstd:30.9,Bpos:0.0,Bstd:0.0,StrandBias:0.2,Multiplicity:1.25
0.001	0.997	0.001	0.001
0.997	0.001	0.001	0.001
0.001	0.997	0.001	0.001
0.001	0.001	0.001	0.997
0.001	0.001	0.997	0.001
0.001	0.154	0.844	0.001
0.001	0.378	0.155	0.466
0.997	0.001	0.001	0.001
0.001	0.001	0.997	0.001
0.001	0.001	0.154	0.844
>TGGTAGAGCA	7-TGGTAGAGCA	10.794935	-17.217763	0	T:11.0(1.55%),B:4.0(0.16%),P:1e-7	Tpos:54.9,Tstd:25.7,Bpos:62.2,Bstd:30.3,StrandBias:0.4,Multiplicity:1.27
0.001	0.001	0.254	0.744
0.001	0.001	0.837	0.161
0.007	0.001	0.991	0.001
0.001	0.001	0.001	0.997
0.583	0.001	0.415	0.001
0.001	0.306	0.692	0.001
0.997	0.001	0.001	0.001
0.001	0.001	0.997	0.001
0.015	0.983	0.001	0.001
0.997	0.001	0.001	0.001
>GCCTAGGCCC	8-GCCTAGGCCC	8.569616	-14.076175	0	T:13.0(1.83%),B:8.0(0.32%),P:1e-6	Tpos:33.3,Tstd:18.3,Bpos:33.6,Bstd:21.6,StrandBias:0.4,Multiplicity:1.08
0.143	0.133	0.526	0.198
0.063	0.931	0.001	0.005
0.063	0.935	0.001	0.001
0.202	0.001	0.001	0.796
0.733	0.063	0.203	0.001
0.073	0.001	0.925	0.001
0.001	0.063	0.804	0.132
0.070	0.473	0.140	0.318
0.254	0.473	0.001	0.271
0.063	0.665	0.001	0.271
