>TTTTGTAGTTAT	1-TTTTGTAGTTAT	6.990651	-20.260545	0	T:23.0(3.24%),B:17.0(0.68%),P:1e-8	Tpos:45.2,Tstd:23.4,Bpos:59.9,Bstd:22.5,StrandBias:-0.5,Multiplicity:1.04
0.152	0.218	0.145	0.486
0.128	0.140	0.149	0.583
0.106	0.139	0.124	0.631
0.100	0.077	0.111	0.712
0.112	0.139	0.593	0.156
0.139	0.128	0.103	0.630
0.585	0.074	0.135	0.206
0.152	0.124	0.562	0.162
0.106	0.148	0.111	0.635
0.112	0.146	0.148	0.594
0.486	0.160	0.155	0.198
0.167	0.168	0.162	0.503
>CTGACAACAGCA	2-CTGACAACAGCA	10.840296	-18.462462	0	T:9.0(1.27%),B:2.0(0.08%),P:1e-8	Tpos:47.2,Tstd:23.8,Bpos:51.0,Bstd:33.0,StrandBias:1.0,Multiplicity:1.33
0.007	0.991	0.001	0.001
0.092	0.001	0.001	0.906
0.008	0.093	0.898	0.001
0.711	0.280	0.008	0.001
0.001	0.813	0.093	0.093
0.720	0.186	0.001	0.093
0.813	0.001	0.093	0.093
0.093	0.813	0.093	0.001
0.997	0.001	0.001	0.001
0.001	0.093	0.720	0.186
0.001	0.812	0.186	0.001
0.898	0.093	0.008	0.001
>TCTWCTACTSTG	3-TCTWCTACTSTG	10.158729	-14.923668	0	T:10.0(1.41%),B:4.0(0.16%),P:1e-6	Tpos:42.9,Tstd:27.5,Bpos:46.2,Bstd:27.4,StrandBias:-1.7,Multiplicity:1.30
0.001	0.102	0.001	0.896
0.001	0.533	0.363	0.103
0.047	0.334	0.001	0.618
0.435	0.103	0.103	0.359
0.001	0.750	0.001	0.248
0.001	0.102	0.001	0.896
0.524	0.001	0.368	0.107
0.001	0.896	0.001	0.102
0.106	0.001	0.001	0.892
0.004	0.518	0.477	0.001
0.004	0.001	0.001	0.994
0.103	0.001	0.789	0.107
>TTGGTATTGGTT	4-TTGGTATTGGTT	13.709515	-14.404365	0	T:6.0(0.85%),B:1.0(0.04%),P:1e-6	Tpos:45.2,Tstd:23.2,Bpos:47.0,Bstd:4.9,StrandBias:1.8,Multiplicity:3.00
0.001	0.001	0.001	0.997
0.001	0.001	0.211	0.787
0.001	0.001	0.787	0.211
0.001	0.001	0.997	0.001
0.001	0.001	0.001	0.997
0.854	0.001	0.001	0.144
0.001	0.001	0.001	0.997
0.001	0.001	0.001	0.997
0.001	0.001	0.997	0.001
0.001	0.211	0.787	0.001
0.001	0.001	0.001	0.997
0.218	0.001	0.001	0.780
>TTCTTTTCTCTT	5-TTCTTTTCTCTT	10.409522	-10.629333	0	T:8.0(1.13%),B:4.0(0.16%),P:1e-4	Tpos:64.0,Tstd:23.4,Bpos:83.3,Bstd:4.7,StrandBias:2.5,Multiplicity:1.00
0.100	0.100	0.100	0.700
0.100	0.100	0.100	0.700
0.100	0.700	0.100	0.100
0.100	0.100	0.100	0.700
0.100	0.100	0.100	0.700
0.100	0.100	0.100	0.700
0.100	0.100	0.100	0.700
0.100	0.700	0.100	0.100
0.100	0.100	0.100	0.700
0.100	0.700	0.100	0.100
0.100	0.100	0.100	0.700
0.100	0.100	0.100	0.700
>GCTGTTGYTGTT	6-GCTGTTGYTGTT	13.434138	-8.453362	0	T:4.0(0.56%),B:1.0(0.04%),P:1e-3	Tpos:42.5,Tstd:24.8,Bpos:72.0,Bstd:0.0,StrandBias:3.3,Multiplicity:2.75
0.001	0.001	0.997	0.001
0.001	0.890	0.001	0.108
0.001	0.001	0.001	0.997
0.108	0.001	0.890	0.001
0.001	0.001	0.001	0.997
0.001	0.001	0.001	0.997
0.001	0.001	0.997	0.001
0.001	0.546	0.001	0.452
0.001	0.001	0.001	0.997
0.108	0.001	0.890	0.001
0.001	0.108	0.001	0.890
0.001	0.001	0.001	0.997
>GTGTGTGAGTGT	7-GTGTGTGAGTGT	9.396517	-5.787998	0	T:3.0(0.42%),B:0.0(0.00%),P:1e-2	Tpos:47.0,Tstd:7.3,Bpos:0.0,Bstd:0.0,StrandBias:-1.0,Multiplicity:1.00
0.151	0.208	0.458	0.184
0.157	0.082	0.158	0.603
0.111	0.151	0.596	0.142
0.115	0.064	0.146	0.675
0.106	0.145	0.606	0.143
0.152	0.054	0.158	0.636
0.126	0.123	0.629	0.122
0.566	0.087	0.160	0.187
0.101	0.154	0.604	0.141
0.159	0.072	0.144	0.625
0.132	0.146	0.562	0.160
0.168	0.167	0.222	0.442
>ACACACACACAC	8-ACACACACACAC	6.517702	-3.594707	0	T:92.0(12.98%),B:266.0(10.64%),P:1e-1	Tpos:52.4,Tstd:27.9,Bpos:47.1,Bstd:25.5,StrandBias:0.2,Multiplicity:1.18
0.700	0.100	0.100	0.100
0.100	0.700	0.100	0.100
0.700	0.100	0.100	0.100
0.100	0.700	0.100	0.100
0.700	0.100	0.100	0.100
0.100	0.700	0.100	0.100
0.700	0.100	0.100	0.100
0.100	0.700	0.100	0.100
0.700	0.100	0.100	0.100
0.100	0.700	0.100	0.100
0.700	0.100	0.100	0.100
0.100	0.700	0.100	0.100
