>TATCCVTATB	1-TATCCVTATB	9.805533	-39.308792	0	T:13.0(1.83%),B:1.0(0.04%),P:1e-17	Tpos:42.8,Tstd:18.9,Bpos:92.0,Bstd:0.0,StrandBias:-0.2,Multiplicity:1.00
0.001	0.001	0.001	0.997
0.990	0.001	0.008	0.001
0.001	0.001	0.269	0.729
0.001	0.997	0.001	0.001
0.001	0.997	0.001	0.001
0.278	0.382	0.269	0.071
0.001	0.029	0.001	0.969
0.644	0.284	0.001	0.071
0.001	0.001	0.001	0.997
0.001	0.413	0.317	0.269
>ATTGTTAAGA	2-ATTGTTAAGA	7.612471	-31.522093	0	T:27.0(3.81%),B:14.0(0.56%),P:1e-13	Tpos:49.7,Tstd:27.9,Bpos:45.6,Bstd:24.4,StrandBias:0.0,Multiplicity:1.15
0.879	0.001	0.060	0.060
0.001	0.001	0.059	0.939
0.001	0.001	0.146	0.852
0.001	0.001	0.997	0.001
0.001	0.059	0.001	0.939
0.001	0.059	0.001	0.939
0.939	0.001	0.001	0.059
0.939	0.001	0.059	0.001
0.001	0.249	0.690	0.060
0.939	0.001	0.059	0.001
>ACAAATACCA	3-ACAAATACCA	10.827789	-24.333057	0	T:11.0(1.55%),B:2.0(0.08%),P:1e-10	Tpos:42.1,Tstd:22.8,Bpos:41.0,Bstd:18.0,StrandBias:-1.4,Multiplicity:2.36
0.997	0.001	0.001	0.001
0.001	0.659	0.001	0.339
0.608	0.390	0.001	0.001
0.997	0.001	0.001	0.001
0.997	0.001	0.001	0.001
0.191	0.269	0.001	0.539
0.997	0.001	0.001	0.001
0.001	0.997	0.001	0.001
0.001	0.997	0.001	0.001
0.997	0.001	0.001	0.001
>AAAATAAGAG	4-AAAATAAGAG	6.602292	-21.263005	0	T:20.0(2.82%),B:12.0(0.48%),P:1e-9	Tpos:52.5,Tstd:26.7,Bpos:48.2,Bstd:23.1,StrandBias:0.2,Multiplicity:1.20
0.612	0.139	0.128	0.121
0.619	0.124	0.150	0.107
0.606	0.129	0.156	0.109
0.586	0.131	0.165	0.118
0.172	0.180	0.176	0.472
0.597	0.162	0.131	0.110
0.668	0.068	0.138	0.126
0.183	0.137	0.576	0.104
0.682	0.067	0.124	0.127
0.169	0.128	0.583	0.120
>AGGAGCATGG	5-AGGAGCATGG	9.285326	-18.662336	0	T:22.0(3.10%),B:17.0(0.68%),P:1e-8	Tpos:50.6,Tstd:30.0,Bpos:44.2,Bstd:21.9,StrandBias:0.5,Multiplicity:1.23
0.941	0.057	0.001	0.001
0.001	0.001	0.997	0.001
0.280	0.057	0.662	0.001
0.997	0.001	0.001	0.001
0.001	0.001	0.941	0.057
0.001	0.885	0.057	0.057
0.908	0.034	0.001	0.057
0.001	0.001	0.057	0.941
0.001	0.001	0.997	0.001
0.001	0.001	0.859	0.139
>CAGGCAGTGC	6-CAGGCAGTGC	10.622599	-18.462462	0	T:9.0(1.27%),B:2.0(0.08%),P:1e-8	Tpos:50.3,Tstd:29.0,Bpos:52.5,Bstd:41.5,StrandBias:2.0,Multiplicity:1.67
0.049	0.949	0.001	0.001
0.949	0.049	0.001	0.001
0.001	0.001	0.997	0.001
0.049	0.001	0.949	0.001
0.001	0.949	0.001	0.049
0.997	0.001	0.001	0.001
0.001	0.001	0.997	0.001
0.001	0.001	0.001	0.997
0.001	0.001	0.997	0.001
0.001	0.949	0.001	0.049
>GGGCCAGGGT	7-GGGCCAGGGT	10.469759	-17.548095	0	T:10.0(1.41%),B:3.0(0.12%),P:1e-7	Tpos:55.9,Tstd:26.0,Bpos:47.7,Bstd:16.1,StrandBias:4.2,Multiplicity:2.00
0.001	0.001	0.729	0.269
0.001	0.001	0.997	0.001
0.001	0.001	0.997	0.001
0.269	0.538	0.001	0.192
0.269	0.729	0.001	0.001
0.887	0.001	0.111	0.001
0.001	0.001	0.997	0.001
0.269	0.001	0.729	0.001
0.001	0.001	0.997	0.001
0.001	0.001	0.001	0.997
>AVCAGAGCAG	8-AVCAGAGCAG	10.522205	-13.016380	0	T:7.0(0.99%),B:2.0(0.08%),P:1e-5	Tpos:32.1,Tstd:24.1,Bpos:47.0,Bstd:17.0,StrandBias:0.8,Multiplicity:2.00
0.669	0.302	0.028	0.001
0.327	0.299	0.373	0.001
0.149	0.701	0.001	0.149
0.850	0.001	0.001	0.148
0.001	0.001	0.997	0.001
0.850	0.148	0.001	0.001
0.001	0.028	0.970	0.001
0.057	0.765	0.149	0.029
0.850	0.001	0.001	0.148
0.001	0.011	0.987	0.001
