>ACTCCTCA	1-ACTCCTCA	5.474756	-25.252421	0	T:123.0(17.35%),B:231.0(9.24%),P:1e-10	Tpos:52.2,Tstd:28.8,Bpos:53.5,Bstd:27.4,StrandBias:0.1,Multiplicity:1.11
0.796	0.066	0.065	0.073
0.083	0.695	0.074	0.148
0.046	0.089	0.055	0.810
0.138	0.690	0.097	0.075
0.064	0.765	0.112	0.059
0.077	0.115	0.086	0.722
0.088	0.846	0.045	0.021
0.685	0.211	0.012	0.092
>AATGGCGC	2-AATGGCGC	4.777344	-19.463759	0	T:96.0(13.54%),B:181.0(7.24%),P:1e-8	Tpos:48.0,Tstd:26.9,Bpos:50.8,Bstd:27.5,StrandBias:0.5,Multiplicity:1.04
0.704	0.104	0.019	0.173
0.826	0.172	0.001	0.001
0.072	0.202	0.001	0.725
0.001	0.001	0.826	0.172
0.001	0.001	0.997	0.001
0.001	0.640	0.358	0.001
0.001	0.001	0.997	0.001
0.001	0.997	0.001	0.001
>GTCATCAA	3-GTCATCAA	7.555719	-18.120726	0	T:21.0(2.96%),B:16.0(0.64%),P:1e-7	Tpos:47.1,Tstd:24.9,Bpos:51.9,Bstd:28.7,StrandBias:-0.5,Multiplicity:1.05
0.001	0.001	0.997	0.001
0.001	0.001	0.001	0.997
0.001	0.997	0.001	0.001
0.997	0.001	0.001	0.001
0.001	0.001	0.165	0.833
0.001	0.818	0.001	0.180
0.997	0.001	0.001	0.001
0.997	0.001	0.001	0.001
>AAGTGAAA	4-AAGTGAAA	7.997335	-15.460727	0	T:24.0(3.39%),B:24.0(0.96%),P:1e-6	Tpos:57.2,Tstd:24.3,Bpos:55.5,Bstd:24.4,StrandBias:0.4,Multiplicity:1.08
0.997	0.001	0.001	0.001
0.780	0.062	0.001	0.157
0.001	0.001	0.997	0.001
0.001	0.001	0.001	0.997
0.001	0.001	0.997	0.001
0.997	0.001	0.001	0.001
0.745	0.001	0.253	0.001
0.997	0.001	0.001	0.001
>TTTGAAGG	5-TTTGAAGG	8.236954	-13.016380	0	T:7.0(0.99%),B:2.0(0.08%),P:1e-5	Tpos:49.9,Tstd:27.9,Bpos:82.5,Bstd:6.5,StrandBias:2.6,Multiplicity:1.00
0.100	0.100	0.100	0.700
0.100	0.100	0.100	0.700
0.100	0.100	0.100	0.700
0.100	0.100	0.700	0.100
0.700	0.100	0.100	0.100
0.700	0.100	0.100	0.100
0.100	0.100	0.700	0.100
0.100	0.100	0.700	0.100
>GAGTTAGG	6-GAGTTAGG	8.725915	-12.724393	0	T:9.0(1.27%),B:4.0(0.16%),P:1e-5	Tpos:47.0,Tstd:30.4,Bpos:56.0,Bstd:33.2,StrandBias:0.3,Multiplicity:1.00
0.001	0.001	0.997	0.001
0.997	0.001	0.001	0.001
0.001	0.001	0.997	0.001
0.001	0.001	0.001	0.997
0.001	0.001	0.001	0.997
0.997	0.001	0.001	0.001
0.001	0.096	0.902	0.001
0.001	0.001	0.997	0.001
>TATGACTC	7-TATGACTC	9.152000	-10.081399	0	T:10.0(1.41%),B:7.0(0.28%),P:1e-4	Tpos:40.2,Tstd:26.8,Bpos:52.7,Bstd:21.9,StrandBias:0.5,Multiplicity:1.20
0.001	0.001	0.001	0.997
0.997	0.001	0.001	0.001
0.147	0.001	0.001	0.851
0.001	0.001	0.997	0.001
0.997	0.001	0.001	0.001
0.001	0.997	0.001	0.001
0.001	0.001	0.001	0.997
0.001	0.997	0.001	0.001
>CTCTCTCT	8-CTCTCTCT	6.533373	-8.816259	0	T:116.0(16.36%),B:293.0(11.72%),P:1e-3	Tpos:48.6,Tstd:26.2,Bpos:47.2,Bstd:27.0,StrandBias:-0.2,Multiplicity:1.18
0.022	0.858	0.064	0.056
0.001	0.038	0.031	0.930
0.001	0.831	0.119	0.049
0.048	0.001	0.031	0.920
0.001	0.876	0.122	0.001
0.001	0.058	0.034	0.907
0.025	0.947	0.027	0.001
0.053	0.049	0.032	0.866
