>RATAHAAC	1-RATAHAAC	5.903913	-8.641770	0	T:21.0(30.00%),B:408.0(13.13%),P:1e-3	Tpos:47.8,Tstd:27.2,Bpos:51.0,Bstd:26.3,StrandBias:-0.7,Multiplicity:2.05
0.484	0.116	0.399	0.001
0.997	0.001	0.001	0.001
0.001	0.278	0.001	0.720
0.997	0.001	0.001	0.001
0.319	0.380	0.001	0.300
0.522	0.138	0.339	0.001
0.754	0.001	0.244	0.001
0.001	0.506	0.160	0.333
>TGCCATGC	2-TGCCATGC	10.744976	-8.466273	0	T:3.0(4.29%),B:5.0(0.16%),P:1e-3	Tpos:21.5,Tstd:13.8,Bpos:54.2,Bstd:27.3,StrandBias:0.0,Multiplicity:1.33
0.001	0.001	0.001	0.997
0.001	0.001	0.997	0.001
0.001	0.997	0.001	0.001
0.001	0.997	0.001	0.001
0.997	0.001	0.001	0.001
0.001	0.001	0.001	0.997
0.275	0.001	0.723	0.001
0.001	0.997	0.001	0.001
>CTAATTCA	3-CTAATTCA	8.236954	-8.466273	0	T:3.0(4.29%),B:5.0(0.16%),P:1e-3	Tpos:69.3,Tstd:12.4,Bpos:39.0,Bstd:0.0,StrandBias:1.0,Multiplicity:1.00
0.100	0.700	0.100	0.100
0.100	0.100	0.100	0.700
0.700	0.100	0.100	0.100
0.700	0.100	0.100	0.100
0.100	0.100	0.100	0.700
0.100	0.100	0.100	0.700
0.100	0.700	0.100	0.100
0.700	0.100	0.100	0.100
>CTGTTTTG	4-CTGTTTTG	5.068046	-6.428053	0	T:38.0(54.29%),B:1128.0(36.31%),P:1e-2	Tpos:54.4,Tstd:27.9,Bpos:50.7,Bstd:27.4,StrandBias:-0.5,Multiplicity:1.21
0.108	0.568	0.071	0.253
0.084	0.074	0.120	0.722
0.001	0.195	0.662	0.142
0.001	0.056	0.001	0.942
0.001	0.049	0.254	0.696
0.001	0.275	0.001	0.723
0.116	0.001	0.001	0.882
0.239	0.153	0.503	0.105
>GTTGGTTG	5-GTTGGTTG	4.345134	-1.685264	0	T:45.0(64.29%),B:1811.0(58.29%),P:1e0	Tpos:53.0,Tstd:26.9,Bpos:49.4,Bstd:27.0,StrandBias:0.3,Multiplicity:1.84
0.100	0.100	0.700	0.100
0.100	0.100	0.100	0.700
0.100	0.100	0.100	0.700
0.100	0.100	0.700	0.100
0.100	0.100	0.700	0.100
0.100	0.100	0.100	0.700
0.100	0.100	0.100	0.700
0.100	0.100	0.700	0.100
