>CTKTGTGTCMAA	1-CTKTGTGTCMAA	8.710182	-23.800039	0	T:13.0(18.57%),B:47.0(1.51%),P:1e-10	Tpos:58.8,Tstd:21.9,Bpos:48.4,Bstd:24.1,StrandBias:1.3,Multiplicity:1.08
0.013	0.770	0.109	0.108
0.001	0.001	0.012	0.986
0.108	0.001	0.460	0.432
0.001	0.107	0.001	0.891
0.001	0.216	0.567	0.216
0.012	0.001	0.001	0.986
0.001	0.216	0.567	0.216
0.001	0.107	0.001	0.891
0.001	0.770	0.108	0.121
0.432	0.460	0.001	0.108
0.783	0.001	0.215	0.001
0.891	0.107	0.001	0.001
>ATATAATGTCAC	2-ATATAATGTCAC	8.944541	-18.947012	0	T:9.0(12.86%),B:25.0(0.80%),P:1e-8	Tpos:48.4,Tstd:30.9,Bpos:46.7,Bstd:29.9,StrandBias:0.6,Multiplicity:1.11
0.825	0.001	0.001	0.173
0.001	0.348	0.082	0.569
0.651	0.174	0.174	0.001
0.174	0.272	0.001	0.553
0.809	0.001	0.189	0.001
0.651	0.174	0.001	0.174
0.173	0.001	0.001	0.825
0.001	0.001	0.825	0.173
0.173	0.001	0.001	0.825
0.001	0.997	0.001	0.001
0.742	0.256	0.001	0.001
0.001	0.825	0.001	0.173
>ATCKGARCATGC	3-ATCKGARCATGC	8.124510	-16.433576	0	T:10.0(14.29%),B:45.0(1.45%),P:1e-7	Tpos:48.3,Tstd:25.1,Bpos:56.0,Bstd:25.2,StrandBias:0.3,Multiplicity:1.10
0.802	0.001	0.196	0.001
0.021	0.190	0.211	0.578
0.001	0.795	0.197	0.007
0.001	0.190	0.387	0.422
0.001	0.006	0.992	0.001
0.775	0.001	0.190	0.034
0.394	0.197	0.408	0.001
0.001	0.577	0.415	0.007
0.598	0.007	0.001	0.394
0.007	0.001	0.416	0.576
0.001	0.007	0.781	0.211
0.007	0.583	0.409	0.001
>GSAAWGGGGTKK	4-GSAAWGGGGTKK	10.286760	-15.938029	0	T:5.0(7.14%),B:5.0(0.16%),P:1e-6	Tpos:55.5,Tstd:21.8,Bpos:46.4,Bstd:17.2,StrandBias:0.7,Multiplicity:1.60
0.001	0.001	0.997	0.001
0.001	0.441	0.557	0.001
0.925	0.073	0.001	0.001
0.997	0.001	0.001	0.001
0.557	0.001	0.001	0.441
0.001	0.001	0.997	0.001
0.001	0.001	0.997	0.001
0.001	0.001	0.997	0.001
0.001	0.020	0.978	0.001
0.001	0.001	0.001	0.997
0.001	0.001	0.557	0.441
0.001	0.001	0.557	0.441
>CCACCAACAAMA	5-CCACCAACAAMA	11.846301	-15.698287	0	T:4.0(5.71%),B:2.0(0.06%),P:1e-6	Tpos:45.2,Tstd:23.7,Bpos:89.3,Bstd:1.2,StrandBias:-0.6,Multiplicity:1.00
0.001	0.997	0.001	0.001
0.236	0.762	0.001	0.001
0.997	0.001	0.001	0.001
0.029	0.736	0.234	0.001
0.001	0.997	0.001	0.001
0.997	0.001	0.001	0.001
0.735	0.263	0.001	0.001
0.234	0.531	0.234	0.001
0.997	0.001	0.001	0.001
0.740	0.258	0.001	0.001
0.498	0.500	0.001	0.001
0.764	0.234	0.001	0.001
>CAGYMAGGHCAC	6-CAGYMAGGHCAC	8.279283	-15.481260	0	T:13.0(18.57%),B:95.0(3.06%),P:1e-6	Tpos:47.6,Tstd:25.1,Bpos:50.0,Bstd:24.3,StrandBias:0.7,Multiplicity:1.23
0.001	0.997	0.001	0.001
0.997	0.001	0.001	0.001
0.036	0.001	0.962	0.001
0.001	0.434	0.001	0.564
0.451	0.547	0.001	0.001
0.585	0.001	0.132	0.282
0.264	0.001	0.734	0.001
0.397	0.001	0.601	0.001
0.398	0.336	0.001	0.265
0.264	0.734	0.001	0.001
0.735	0.132	0.001	0.132
0.132	0.717	0.150	0.001
