>GATACATTGTGG	1-GATACATTGTGG	14.190614	-18.453894	0	T:4.0(5.71%),B:0.0(0.00%),P:1e-8	Tpos:56.5,Tstd:13.0,Bpos:0.0,Bstd:0.0,StrandBias:0.0,Multiplicity:1.00
0.001	0.001	0.997	0.001
0.997	0.001	0.001	0.001
0.199	0.001	0.001	0.799
0.997	0.001	0.001	0.001
0.001	0.997	0.001	0.001
0.799	0.001	0.001	0.199
0.163	0.001	0.001	0.835
0.001	0.001	0.001	0.997
0.001	0.199	0.799	0.001
0.001	0.001	0.001	0.997
0.163	0.001	0.835	0.001
0.001	0.001	0.997	0.001
>TAGAAGCTTTGA	2-TAGAAGCTTTGA	11.996380	-15.698287	0	T:4.0(5.71%),B:2.0(0.06%),P:1e-6	Tpos:55.8,Tstd:22.3,Bpos:42.5,Bstd:11.5,StrandBias:1.0,Multiplicity:1.50
0.001	0.001	0.001	0.997
0.997	0.001	0.001	0.001
0.001	0.001	0.997	0.001
0.997	0.001	0.001	0.001
0.613	0.001	0.001	0.385
0.001	0.420	0.578	0.001
0.001	0.806	0.001	0.192
0.001	0.001	0.001	0.997
0.001	0.385	0.001	0.613
0.385	0.001	0.001	0.613
0.001	0.001	0.997	0.001
0.613	0.001	0.001	0.385
>AGTASCAWCYMC	3-AGTASCAWCYMC	7.301896	-14.093402	0	T:4.0(5.71%),B:3.0(0.10%),P:1e-6	Tpos:49.2,Tstd:26.9,Bpos:51.3,Bstd:33.5,StrandBias:2.3,Multiplicity:1.50
0.941	0.001	0.057	0.001
0.001	0.001	0.997	0.001
0.001	0.001	0.001	0.997
0.997	0.001	0.001	0.001
0.001	0.441	0.557	0.001
0.001	0.997	0.001	0.001
0.997	0.001	0.001	0.001
0.441	0.001	0.001	0.557
0.001	0.997	0.001	0.001
0.001	0.557	0.001	0.441
0.557	0.441	0.001	0.001
0.001	0.883	0.001	0.115
>GCACCAGCCTTT	4-GCACCAGCCTTT	10.364705	-13.230055	0	T:3.0(4.29%),B:1.0(0.03%),P:1e-5	Tpos:30.5,Tstd:11.0,Bpos:65.0,Bstd:0.0,StrandBias:0.0,Multiplicity:1.33
0.001	0.001	0.997	0.001
0.001	0.997	0.001	0.001
0.997	0.001	0.001	0.001
0.001	0.997	0.001	0.001
0.001	0.997	0.001	0.001
0.997	0.001	0.001	0.001
0.001	0.001	0.997	0.001
0.068	0.930	0.001	0.001
0.001	0.997	0.001	0.001
0.001	0.001	0.001	0.997
0.001	0.138	0.001	0.860
0.001	0.001	0.207	0.791
>GCACTGTGCAGA	5-GCACTGTGCAGA	10.700604	-12.084027	0	T:4.0(5.71%),B:5.0(0.16%),P:1e-5	Tpos:70.4,Tstd:12.1,Bpos:34.0,Bstd:17.7,StrandBias:2.0,Multiplicity:1.00
0.001	0.207	0.791	0.001
0.001	0.997	0.001	0.001
0.997	0.001	0.001	0.001
0.001	0.997	0.001	0.001
0.068	0.001	0.001	0.930
0.001	0.001	0.997	0.001
0.207	0.001	0.001	0.791
0.001	0.001	0.997	0.001
0.001	0.997	0.001	0.001
0.997	0.001	0.001	0.001
0.001	0.001	0.997	0.001
0.930	0.001	0.068	0.001
>GGAGGGAGGGRG	6-GGAGGGAGGGRG	10.822076	-9.864375	0	T:6.0(8.57%),B:29.0(0.93%),P:1e-4	Tpos:32.7,Tstd:31.8,Bpos:46.7,Bstd:22.7,StrandBias:0.8,Multiplicity:1.50
0.204	0.001	0.794	0.001
0.001	0.006	0.992	0.001
0.887	0.001	0.001	0.111
0.001	0.001	0.997	0.001
0.224	0.001	0.774	0.001
0.111	0.001	0.887	0.001
0.788	0.001	0.210	0.001
0.001	0.001	0.907	0.091
0.119	0.001	0.669	0.211
0.118	0.001	0.880	0.001
0.540	0.001	0.458	0.001
0.112	0.226	0.437	0.225
>ATAGTACTATAG	7-ATAGTACTATAG	10.865387	-8.307950	0	T:2.0(2.86%),B:1.0(0.03%),P:1e-3	Tpos:80.8,Tstd:15.8,Bpos:32.0,Bstd:0.0,StrandBias:0.6,Multiplicity:1.50
0.692	0.001	0.306	0.001
0.001	0.330	0.001	0.668
0.669	0.001	0.306	0.024
0.001	0.001	0.997	0.001
0.024	0.332	0.001	0.643
0.997	0.001	0.001	0.001
0.331	0.667	0.001	0.001
0.001	0.381	0.001	0.617
0.667	0.331	0.001	0.001
0.331	0.054	0.001	0.614
0.692	0.001	0.306	0.001
0.306	0.001	0.692	0.001
>TGTGTGTGKGWG	8-TGTGTGTGKGWG	11.896768	-6.792278	0	T:4.0(5.71%),B:20.0(0.64%),P:1e-2	Tpos:28.2,Tstd:12.3,Bpos:51.5,Bstd:27.7,StrandBias:2.3,Multiplicity:1.25
0.001	0.001	0.189	0.809
0.001	0.189	0.809	0.001
0.189	0.001	0.001	0.809
0.001	0.189	0.809	0.001
0.379	0.001	0.001	0.619
0.001	0.001	0.997	0.001
0.008	0.001	0.001	0.990
0.001	0.001	0.997	0.001
0.001	0.190	0.380	0.430
0.001	0.001	0.997	0.001
0.380	0.190	0.001	0.430
0.001	0.001	0.997	0.001
