>GAGACWGTCT	1-GAGACWGTCT	10.910098	-24.207971	0	T:7.0(10.00%),B:5.0(0.16%),P:1e-10	Tpos:44.5,Tstd:18.4,Bpos:62.2,Bstd:28.4,StrandBias:0.3,Multiplicity:1.00
0.001	0.001	0.865	0.133
0.997	0.001	0.001	0.001
0.001	0.001	0.865	0.133
0.865	0.001	0.001	0.133
0.001	0.997	0.001	0.001
0.464	0.001	0.001	0.534
0.001	0.001	0.997	0.001
0.001	0.001	0.001	0.997
0.001	0.997	0.001	0.001
0.001	0.001	0.001	0.997
>CACTGAATCT	2-CACTGAATCT	11.557282	-20.467223	0	T:5.0(7.14%),B:2.0(0.06%),P:1e-8	Tpos:34.0,Tstd:23.4,Bpos:19.0,Bstd:2.0,StrandBias:0.6,Multiplicity:1.00
0.001	0.997	0.001	0.001
0.997	0.001	0.001	0.001
0.001	0.997	0.001	0.001
0.001	0.001	0.001	0.997
0.001	0.001	0.997	0.001
0.799	0.001	0.199	0.001
0.799	0.199	0.001	0.001
0.001	0.001	0.199	0.799
0.001	0.799	0.199	0.001
0.001	0.001	0.001	0.997
>CCCCCTCAAT	3-CCCCCTCAAT	11.557282	-18.457322	0	T:5.0(7.14%),B:3.0(0.10%),P:1e-8	Tpos:44.2,Tstd:24.2,Bpos:48.3,Bstd:30.3,StrandBias:-0.6,Multiplicity:1.00
0.001	0.997	0.001	0.001
0.001	0.799	0.001	0.199
0.001	0.799	0.199	0.001
0.001	0.997	0.001	0.001
0.001	0.997	0.001	0.001
0.001	0.001	0.001	0.997
0.001	0.997	0.001	0.001
0.799	0.199	0.001	0.001
0.997	0.001	0.001	0.001
0.001	0.001	0.199	0.799
>AACTTAGTTC	4-AACTTAGTTC	11.557282	-18.453894	0	T:4.0(5.71%),B:1.0(0.03%),P:1e-8	Tpos:63.2,Tstd:26.6,Bpos:20.0,Bstd:0.0,StrandBias:0.6,Multiplicity:1.00
0.799	0.001	0.199	0.001
0.997	0.001	0.001	0.001
0.001	0.997	0.001	0.001
0.199	0.001	0.001	0.799
0.199	0.001	0.001	0.799
0.997	0.001	0.001	0.001
0.001	0.001	0.997	0.001
0.001	0.001	0.001	0.997
0.001	0.001	0.001	0.997
0.199	0.799	0.001	0.001
>GAGAGGTCAG	5-GAGAGGTCAG	11.579117	-15.043833	0	T:5.0(7.14%),B:6.0(0.19%),P:1e-6	Tpos:57.0,Tstd:27.4,Bpos:35.7,Bstd:24.5,StrandBias:2.3,Multiplicity:1.20
0.001	0.001	0.997	0.001
0.997	0.001	0.001	0.001
0.001	0.001	0.997	0.001
0.997	0.001	0.001	0.001
0.001	0.001	0.799	0.199
0.001	0.163	0.835	0.001
0.001	0.199	0.001	0.799
0.001	0.997	0.001	0.001
0.997	0.001	0.001	0.001
0.001	0.001	0.997	0.001
>CTGKMTGYAG	6-CTGKMTGYAG	9.184650	-7.617454	0	T:4.0(5.71%),B:16.0(0.51%),P:1e-3	Tpos:35.0,Tstd:23.4,Bpos:52.6,Bstd:23.1,StrandBias:1.0,Multiplicity:1.50
0.001	0.883	0.080	0.036
0.001	0.001	0.001	0.997
0.001	0.001	0.997	0.001
0.001	0.001	0.502	0.496
0.465	0.533	0.001	0.001
0.001	0.001	0.001	0.997
0.024	0.024	0.951	0.001
0.001	0.557	0.001	0.441
0.997	0.001	0.001	0.001
0.024	0.024	0.951	0.001
>TTTTTTTTTT	7-TTTTTTTTTT	1.137600	-0.735791	0	T:7.0(10.00%),B:289.0(9.30%),P:1e0	Tpos:44.0,Tstd:17.6,Bpos:49.8,Bstd:25.8,StrandBias:-10.0,Multiplicity:2.14
0.001	0.001	0.001	0.997
0.001	0.001	0.001	0.997
0.001	0.001	0.001	0.997
0.001	0.049	0.001	0.949
0.001	0.001	0.001	0.997
0.001	0.001	0.001	0.997
0.001	0.001	0.001	0.997
0.001	0.001	0.001	0.997
0.001	0.001	0.001	0.997
0.001	0.001	0.062	0.936
