>WMAAACACACAC	1-WMAAACACACAC	11.258047	-11.490633	0	T:4.0(19.05%),B:20.0(0.66%),P:1e-4	Tpos:65.9,Tstd:28.3,Bpos:41.8,Bstd:23.8,StrandBias:2.2,Multiplicity:1.00
0.405	0.192	0.001	0.402
0.384	0.423	0.192	0.001
0.807	0.001	0.001	0.191
0.577	0.405	0.017	0.001
0.997	0.001	0.001	0.001
0.192	0.615	0.192	0.001
0.997	0.001	0.001	0.001
0.001	0.807	0.191	0.001
0.997	0.001	0.001	0.001
0.001	0.981	0.017	0.001
0.981	0.001	0.017	0.001
0.001	0.614	0.384	0.001
>GTTVCTHTTGTT	2-GTTVCTHTTGTT	8.153551	-10.779263	0	T:4.0(19.05%),B:24.0(0.79%),P:1e-4	Tpos:61.3,Tstd:19.0,Bpos:46.6,Bstd:25.8,StrandBias:0.4,Multiplicity:1.75
0.020	0.001	0.978	0.001
0.001	0.312	0.001	0.686
0.001	0.001	0.001	0.997
0.312	0.312	0.375	0.001
0.001	0.686	0.001	0.312
0.374	0.001	0.001	0.624
0.312	0.375	0.001	0.312
0.001	0.001	0.001	0.997
0.001	0.001	0.312	0.686
0.001	0.001	0.997	0.001
0.001	0.020	0.001	0.978
0.001	0.001	0.001	0.997
>GCGCCTGAGCCC	3-GCGCCTGAGCCC	9.726651	-10.665051	0	T:3.0(14.29%),B:8.0(0.26%),P:1e-4	Tpos:42.3,Tstd:16.0,Bpos:44.0,Bstd:17.1,StrandBias:10.0,Multiplicity:1.00
0.001	0.001	0.997	0.001
0.161	0.516	0.001	0.322
0.001	0.001	0.676	0.322
0.160	0.838	0.001	0.001
0.322	0.676	0.001	0.001
0.001	0.001	0.322	0.676
0.001	0.160	0.838	0.001
0.644	0.354	0.001	0.001
0.001	0.160	0.838	0.001
0.001	0.822	0.161	0.016
0.001	0.676	0.001	0.322
0.161	0.501	0.161	0.177
>CCACTGTGGAGC	4-CCACTGTGGAGC	7.273988	-7.688464	0	T:5.0(23.81%),B:98.0(3.22%),P:1e-3	Tpos:61.3,Tstd:25.9,Bpos:52.1,Bstd:24.5,StrandBias:0.0,Multiplicity:1.00
0.001	0.997	0.001	0.001
0.001	0.807	0.191	0.001
0.615	0.192	0.192	0.001
0.192	0.615	0.192	0.001
0.192	0.001	0.192	0.615
0.001	0.384	0.614	0.001
0.001	0.001	0.001	0.997
0.001	0.001	0.807	0.191
0.001	0.001	0.807	0.191
0.577	0.230	0.192	0.001
0.192	0.001	0.615	0.192
0.192	0.423	0.192	0.192
>GCCACWGTGGCR	5-GCCACWGTGGCR	13.452177	-4.979034	0	T:1.0(4.76%),B:1.0(0.03%),P:1e-2	Tpos:49.0,Tstd:26.2,Bpos:40.0,Bstd:0.0,StrandBias:0.0,Multiplicity:3.00
0.001	0.341	0.500	0.158
0.001	0.997	0.001	0.001
0.001	0.997	0.001	0.001
0.997	0.001	0.001	0.001
0.001	0.997	0.001	0.001
0.499	0.001	0.001	0.499
0.001	0.001	0.997	0.001
0.001	0.001	0.001	0.997
0.001	0.001	0.997	0.001
0.001	0.001	0.997	0.001
0.158	0.500	0.341	0.001
0.499	0.001	0.499	0.001
