>TGGAGTAGTGHT	1-TGGAGTAGTGHT	8.804986	-21.444917	0	T:6.0(28.57%),B:14.0(0.46%),P:1e-9	Tpos:63.3,Tstd:25.8,Bpos:52.4,Bstd:24.4,StrandBias:1.0,Multiplicity:1.00
0.312	0.001	0.001	0.686
0.001	0.001	0.997	0.001
0.001	0.020	0.978	0.001
0.997	0.001	0.001	0.001
0.001	0.001	0.997	0.001
0.312	0.001	0.001	0.686
0.645	0.001	0.353	0.001
0.001	0.312	0.686	0.001
0.001	0.001	0.312	0.686
0.001	0.001	0.997	0.001
0.312	0.312	0.001	0.375
0.001	0.312	0.001	0.686
>TAGCTATGTGCT	2-TAGCTATGTGCT	12.680834	-20.620424	0	T:4.0(19.05%),B:2.0(0.07%),P:1e-8	Tpos:44.0,Tstd:29.7,Bpos:54.0,Bstd:7.0,StrandBias:1.6,Multiplicity:1.00
0.001	0.001	0.001	0.997
0.997	0.001	0.001	0.001
0.249	0.001	0.749	0.001
0.249	0.749	0.001	0.001
0.001	0.001	0.001	0.997
0.997	0.001	0.001	0.001
0.249	0.001	0.001	0.749
0.001	0.249	0.749	0.001
0.249	0.001	0.001	0.749
0.001	0.001	0.997	0.001
0.001	0.749	0.001	0.249
0.001	0.001	0.001	0.997
>TGHGCAAACACH	3-TGHGCAAACACH	10.956023	-19.003035	0	T:4.0(19.05%),B:3.0(0.10%),P:1e-8	Tpos:46.2,Tstd:29.2,Bpos:74.0,Bstd:5.7,StrandBias:0.6,Multiplicity:1.25
0.001	0.001	0.001	0.997
0.001	0.001	0.997	0.001
0.375	0.312	0.001	0.312
0.001	0.001	0.686	0.312
0.001	0.997	0.001	0.001
0.947	0.001	0.001	0.051
0.997	0.001	0.001	0.001
0.686	0.001	0.001	0.312
0.001	0.635	0.312	0.052
0.681	0.001	0.001	0.317
0.001	0.686	0.312	0.001
0.375	0.312	0.001	0.312
>TGTTGGGTGGAG	4-TGTTGGGTGGAG	3.993980	-7.833749	0	T:18.0(85.71%),B:1460.0(47.99%),P:1e-3	Tpos:42.1,Tstd:26.8,Bpos:49.0,Bstd:25.9,StrandBias:-0.3,Multiplicity:1.47
0.211	0.141	0.211	0.437
0.070	0.211	0.578	0.141
0.001	0.070	0.211	0.718
0.001	0.001	0.422	0.576
0.140	0.001	0.858	0.001
0.140	0.001	0.858	0.001
0.141	0.141	0.648	0.070
0.211	0.001	0.281	0.507
0.211	0.070	0.718	0.001
0.001	0.070	0.788	0.141
0.507	0.070	0.141	0.282
0.001	0.001	0.858	0.140
>AAGCTGCGTGCC	5-AAGCTGCGTGCC	12.355432	-4.289170	0	T:1.0(4.76%),B:2.0(0.07%),P:1e-1	Tpos:86.0,Tstd:0.0,Bpos:83.0,Bstd:8.0,StrandBias:-10.0,Multiplicity:1.00
0.700	0.100	0.100	0.100
0.700	0.100	0.100	0.100
0.100	0.100	0.700	0.100
0.100	0.700	0.100	0.100
0.100	0.100	0.100	0.700
0.100	0.100	0.700	0.100
0.100	0.700	0.100	0.100
0.100	0.100	0.700	0.100
0.100	0.100	0.100	0.700
0.100	0.100	0.700	0.100
0.100	0.700	0.100	0.100
0.100	0.700	0.100	0.100
