>CACRCCMSWG	1-CACRCCMSWG	11.047987	-16.243864	0	T:4.0(19.05%),B:6.0(0.20%),P:1e-7	Tpos:54.2,Tstd:26.8,Bpos:50.8,Bstd:30.3,StrandBias:-1.0,Multiplicity:1.50
0.001	0.997	0.001	0.001
0.997	0.001	0.001	0.001
0.001	0.997	0.001	0.001
0.544	0.001	0.454	0.001
0.001	0.997	0.001	0.001
0.001	0.997	0.001	0.001
0.454	0.544	0.001	0.001
0.001	0.544	0.454	0.001
0.544	0.001	0.001	0.454
0.001	0.001	0.997	0.001
>TCTCTCAGAG	2-TCTCTCAGAG	6.664887	-13.182425	0	T:4.0(19.05%),B:13.0(0.43%),P:1e-5	Tpos:73.8,Tstd:11.3,Bpos:47.5,Bstd:26.2,StrandBias:1.0,Multiplicity:1.00
0.001	0.126	0.041	0.832
0.001	0.997	0.001	0.001
0.001	0.001	0.001	0.997
0.001	0.997	0.001	0.001
0.001	0.001	0.001	0.997
0.001	0.869	0.129	0.001
0.997	0.001	0.001	0.001
0.001	0.001	0.997	0.001
0.997	0.001	0.001	0.001
0.001	0.047	0.951	0.001
>AGTGAATTCC	3-AGTGAATTCC	7.421551	-10.004493	0	T:3.0(14.29%),B:10.0(0.33%),P:1e-4	Tpos:43.2,Tstd:20.3,Bpos:51.7,Bstd:28.8,StrandBias:0.6,Multiplicity:1.67
0.997	0.001	0.001	0.001
0.001	0.001	0.997	0.001
0.001	0.001	0.001	0.997
0.063	0.001	0.935	0.001
0.997	0.001	0.001	0.001
0.832	0.001	0.001	0.166
0.001	0.001	0.001	0.997
0.001	0.063	0.001	0.935
0.001	0.832	0.001	0.166
0.001	0.997	0.001	0.001
>TTTTTTTKTW	4-TTTTTTTKTW	9.602105	-9.106073	0	T:4.0(19.05%),B:37.0(1.22%),P:1e-3	Tpos:28.8,Tstd:17.8,Bpos:51.3,Bstd:25.9,StrandBias:0.8,Multiplicity:1.00
0.106	0.071	0.001	0.822
0.135	0.071	0.001	0.793
0.001	0.082	0.001	0.916
0.001	0.097	0.001	0.901
0.001	0.001	0.001	0.997
0.001	0.001	0.001	0.997
0.001	0.001	0.001	0.997
0.135	0.001	0.369	0.494
0.275	0.001	0.139	0.585
0.516	0.001	0.002	0.481
>AGCACTGTGA	5-AGCACTGTGA	11.490573	-8.508695	0	T:2.0(9.52%),B:3.0(0.10%),P:1e-3	Tpos:47.2,Tstd:26.6,Bpos:68.0,Bstd:12.1,StrandBias:10.0,Multiplicity:3.00
0.997	0.001	0.001	0.001
0.001	0.001	0.997	0.001
0.199	0.799	0.001	0.001
0.997	0.001	0.001	0.001
0.001	0.997	0.001	0.001
0.001	0.001	0.001	0.997
0.001	0.001	0.997	0.001
0.001	0.199	0.001	0.799
0.200	0.001	0.599	0.200
0.997	0.001	0.001	0.001
>GGGGTGAGTA	6-GGGGTGAGTA	10.247372	-8.508695	0	T:2.0(9.52%),B:3.0(0.10%),P:1e-3	Tpos:51.5,Tstd:28.5,Bpos:30.0,Bstd:17.0,StrandBias:1.6,Multiplicity:2.00
0.001	0.001	0.997	0.001
0.001	0.001	0.997	0.001
0.001	0.001	0.997	0.001
0.166	0.001	0.832	0.001
0.001	0.001	0.001	0.997
0.001	0.001	0.997	0.001
0.997	0.001	0.001	0.001
0.001	0.001	0.997	0.001
0.001	0.001	0.001	0.997
0.832	0.166	0.001	0.001
>NNNNNNNNNN	7-NNNNNNNNNN	-nan	0.000000	0	T:0.0(0.00%),B:0.0(0.00%),P:1e0	Tpos:0.0,Tstd:0.0,Bpos:0.0,Bstd:0.0,StrandBias:0.0,Multiplicity:1.00
-nan	-nan	-nan	-nan
-nan	-nan	-nan	-nan
-nan	-nan	-nan	-nan
-nan	-nan	-nan	-nan
-nan	-nan	-nan	-nan
-nan	-nan	-nan	-nan
-nan	-nan	-nan	-nan
-nan	-nan	-nan	-nan
-nan	-nan	-nan	-nan
-nan	-nan	-nan	-nan
