>TCCWCATCCA	1-TCCWCATCCA	11.475391	-14.797311	0	T:3.0(14.29%),B:2.0(0.07%),P:1e-6	Tpos:64.6,Tstd:29.8,Bpos:51.0,Bstd:34.0,StrandBias:10.0,Multiplicity:1.67
0.001	0.001	0.001	0.997
0.001	0.997	0.001	0.001
0.001	0.997	0.001	0.001
0.570	0.001	0.001	0.428
0.001	0.827	0.171	0.001
0.997	0.001	0.001	0.001
0.001	0.001	0.001	0.997
0.001	0.997	0.001	0.001
0.001	0.997	0.001	0.001
0.799	0.001	0.001	0.199
>TGTTGAACCC	2-TGTTGAACCC	11.873576	-14.797311	0	T:3.0(14.29%),B:2.0(0.07%),P:1e-6	Tpos:45.0,Tstd:21.4,Bpos:46.0,Bstd:29.0,StrandBias:10.0,Multiplicity:1.33
0.001	0.001	0.249	0.749
0.001	0.001	0.997	0.001
0.001	0.001	0.001	0.997
0.001	0.001	0.001	0.997
0.249	0.001	0.749	0.001
0.997	0.001	0.001	0.001
0.749	0.001	0.249	0.001
0.001	0.997	0.001	0.001
0.001	0.997	0.001	0.001
0.001	0.997	0.001	0.001
>CAGTCCAGCA	3-CAGTCCAGCA	11.338076	-14.635424	0	T:4.0(19.05%),B:9.0(0.30%),P:1e-6	Tpos:57.0,Tstd:20.1,Bpos:44.8,Bstd:22.9,StrandBias:0.6,Multiplicity:1.25
0.001	0.997	0.001	0.001
0.627	0.001	0.001	0.371
0.001	0.371	0.627	0.001
0.001	0.001	0.001	0.997
0.001	0.997	0.001	0.001
0.001	0.997	0.001	0.001
0.790	0.001	0.001	0.208
0.001	0.001	0.997	0.001
0.001	0.997	0.001	0.001
0.997	0.001	0.001	0.001
>MAAGGGGGTG	4-MAAGGGGGTG	5.852758	-8.828832	0	T:6.0(28.57%),B:124.0(4.08%),P:1e-3	Tpos:52.8,Tstd:18.2,Bpos:52.7,Bstd:27.7,StrandBias:0.0,Multiplicity:1.00
0.559	0.439	0.001	0.001
0.577	0.001	0.385	0.037
0.997	0.001	0.001	0.001
0.037	0.001	0.577	0.385
0.001	0.367	0.596	0.036
0.001	0.001	0.997	0.001
0.001	0.001	0.997	0.001
0.018	0.192	0.789	0.001
0.001	0.001	0.001	0.997
0.001	0.001	0.614	0.384
>CCTATGTTAA	5-CCTATGTTAA	12.329821	-8.508695	0	T:2.0(9.52%),B:3.0(0.10%),P:1e-3	Tpos:66.3,Tstd:32.8,Bpos:67.3,Bstd:18.2,StrandBias:-1.0,Multiplicity:1.50
0.001	0.997	0.001	0.001
0.332	0.666	0.001	0.001
0.001	0.001	0.001	0.997
0.666	0.332	0.001	0.001
0.001	0.001	0.001	0.997
0.001	0.001	0.997	0.001
0.001	0.001	0.001	0.997
0.001	0.001	0.001	0.997
0.997	0.001	0.001	0.001
0.997	0.001	0.001	0.001
