>GCAYCKYGACAT	1-GCAYCKYGACAT	7.671728	-25.292423	0	T:6.0(7.32%),B:84.1(0.06%),P:1e-10,FDR:0.2	Tpos:42.8,Tstd:21.0,Bpos:53.5,Bstd:36.5,StrandBias:1.0,Multiplicity:1.00
0.001	0.001	0.997	0.001
0.001	0.997	0.001	0.001
0.997	0.001	0.001	0.001
0.001	0.521	0.069	0.409
0.001	0.997	0.001	0.001
0.001	0.001	0.528	0.470
0.001	0.520	0.001	0.478
0.001	0.001	0.997	0.001
0.997	0.001	0.001	0.001
0.001	0.938	0.060	0.001
0.582	0.409	0.008	0.001
0.001	0.001	0.001	0.997
>TGGGGCGATGTG	2-TGGGGCGATGTG	8.967542	-23.701425	0	T:8.0(9.76%),B:380.2(0.25%),P:1e-10,FDR:0.2	Tpos:37.8,Tstd:26.3,Bpos:48.6,Bstd:35.2,StrandBias:-3.0,Multiplicity:1.12
0.001	0.001	0.001	0.997
0.001	0.001	0.997	0.001
0.001	0.001	0.997	0.001
0.001	0.001	0.997	0.001
0.001	0.320	0.678	0.001
0.001	0.919	0.001	0.079
0.001	0.001	0.997	0.001
0.997	0.001	0.001	0.001
0.001	0.001	0.001	0.997
0.001	0.001	0.975	0.023
0.001	0.001	0.400	0.598
0.029	0.001	0.969	0.001
>TGGGAAGGCCTG	3-TGGGAAGGCCTG	8.861179	-16.908954	0	T:11.0(13.41%),B:2251.9(1.50%),P:1e-7,FDR:0.333333333333333	Tpos:49.5,Tstd:26.1,Bpos:48.8,Bstd:29.8,StrandBias:0.2,Multiplicity:1.18
0.001	0.162	0.001	0.836
0.085	0.001	0.760	0.154
0.001	0.001	0.997	0.001
0.085	0.148	0.766	0.001
0.504	0.291	0.204	0.001
0.662	0.001	0.073	0.264
0.066	0.001	0.812	0.121
0.010	0.001	0.904	0.085
0.170	0.539	0.206	0.085
0.001	0.753	0.161	0.085
0.001	0.084	0.001	0.914
0.001	0.271	0.559	0.169
>GGAGGGCACTCA	4-GGAGGGCACTCA	15.096400	-13.534081	0	T:2.0(2.44%),B:3.3(0.00%),P:1e-5,FDR:0.6	Tpos:52.0,Tstd:27.4,Bpos:82.3,Bstd:7.6,StrandBias:10.0,Multiplicity:2.00
0.001	0.001	0.997	0.001
0.001	0.001	0.997	0.001
0.997	0.001	0.001	0.001
0.001	0.332	0.666	0.001
0.001	0.001	0.997	0.001
0.001	0.001	0.997	0.001
0.001	0.997	0.001	0.001
0.997	0.001	0.001	0.001
0.001	0.997	0.001	0.001
0.001	0.001	0.001	0.997
0.001	0.666	0.332	0.001
0.997	0.001	0.001	0.001
>ATGGGATGAGGA	5-ATGGGATGAGGA	12.658924	-10.069851	0	T:2.0(2.44%),B:17.7(0.01%),P:1e-4,FDR:0.64	Tpos:50.0,Tstd:27.8,Bpos:51.9,Bstd:33.6,StrandBias:-1.6,Multiplicity:2.00
0.997	0.001	0.001	0.001
0.001	0.001	0.139	0.859
0.001	0.001	0.859	0.139
0.001	0.001	0.997	0.001
0.001	0.001	0.997	0.001
0.997	0.001	0.001	0.001
0.001	0.001	0.001	0.997
0.001	0.001	0.997	0.001
0.997	0.001	0.001	0.001
0.001	0.001	0.997	0.001
0.001	0.001	0.997	0.001
0.997	0.001	0.001	0.001
>TAKASAKAGASA	6-TAKASAKAGASA	10.639677	-7.982438	0	T:3.0(3.66%),B:243.8(0.16%),P:1e-3,FDR:0.64	Tpos:35.4,Tstd:28.8,Bpos:47.4,Bstd:31.9,StrandBias:10.0,Multiplicity:1.67
0.001	0.237	0.241	0.521
0.995	0.001	0.003	0.001
0.118	0.153	0.421	0.308
0.996	0.001	0.001	0.002
0.150	0.260	0.398	0.193
0.732	0.001	0.266	0.001
0.001	0.197	0.392	0.410
0.897	0.001	0.101	0.001
0.003	0.155	0.634	0.208
0.995	0.003	0.001	0.001
0.003	0.302	0.428	0.267
0.895	0.001	0.103	0.001
>GACAGAGAGACA	7-GACAGAGAGACA	13.532917	-7.175219	0	T:2.0(2.44%),B:73.7(0.05%),P:1e-3,FDR:0.64	Tpos:47.0,Tstd:7.3,Bpos:44.6,Bstd:30.5,StrandBias:10.0,Multiplicity:1.00
0.001	0.173	0.825	0.001
0.841	0.001	0.157	0.001
0.001	0.593	0.090	0.316
0.825	0.001	0.173	0.001
0.001	0.090	0.908	0.001
0.997	0.001	0.001	0.001
0.001	0.321	0.667	0.011
0.997	0.001	0.001	0.001
0.001	0.237	0.761	0.001
0.997	0.001	0.001	0.001
0.137	0.604	0.101	0.158
0.997	0.001	0.001	0.001
>AGTAGAGGGTGC	8-AGTAGAGGGTGC	12.355432	-5.317614	0	T:1.0(1.22%),B:9.4(0.01%),P:1e-2,FDR:0.64	Tpos:55.0,Tstd:31.8,Bpos:60.7,Bstd:30.1,StrandBias:-10.0,Multiplicity:3.00
0.700	0.100	0.100	0.100
0.100	0.100	0.700	0.100
0.100	0.100	0.100	0.700
0.700	0.100	0.100	0.100
0.100	0.100	0.700	0.100
0.700	0.100	0.100	0.100
0.100	0.100	0.700	0.100
0.100	0.100	0.700	0.100
0.100	0.100	0.700	0.100
0.100	0.100	0.100	0.700
0.100	0.100	0.700	0.100
0.100	0.700	0.100	0.100
