>CGAGGTTG	1-CGAGGTTG	8.173339	-20.277549	0	T:10.0(20.83%),B:1859.1(1.44%),P:1e-8,FDR:0.2	Tpos:54.5,Tstd:27.6,Bpos:49.7,Bstd:32.1,StrandBias:-0.6,Multiplicity:1.00
0.001	0.698	0.001	0.300
0.081	0.001	0.917	0.001
0.997	0.001	0.001	0.001
0.001	0.001	0.997	0.001
0.001	0.001	0.997	0.001
0.109	0.165	0.001	0.725
0.001	0.001	0.084	0.914
0.142	0.001	0.856	0.001
>GACCGCAC	2-GACCGCAC	6.164548	-18.458392	0	T:13.0(27.08%),B:4618.5(3.59%),P:1e-8,FDR:0.2	Tpos:64.1,Tstd:21.4,Bpos:49.8,Bstd:33.1,StrandBias:1.9,Multiplicity:1.08
0.114	0.083	0.677	0.126
0.905	0.001	0.001	0.093
0.001	0.858	0.001	0.140
0.061	0.862	0.001	0.076
0.046	0.001	0.886	0.067
0.001	0.997	0.001	0.001
0.909	0.089	0.001	0.001
0.001	0.997	0.001	0.001
>CTGCCAAG	3-CTGCCAAG	7.050627	-15.093686	0	T:15.0(31.25%),B:8534.4(6.63%),P:1e-6,FDR:0.266666666666667	Tpos:56.1,Tstd:27.4,Bpos:49.7,Bstd:29.7,StrandBias:2.1,Multiplicity:1.07
0.001	0.826	0.094	0.079
0.058	0.001	0.001	0.940
0.001	0.048	0.950	0.001
0.085	0.748	0.074	0.093
0.001	0.805	0.110	0.084
0.939	0.001	0.001	0.059
0.951	0.001	0.047	0.001
0.001	0.001	0.898	0.100
>ACAAGCTT	4-ACAAGCTT	10.534359	-7.958259	0	T:3.0(6.25%),B:362.1(0.28%),P:1e-3,FDR:0.85	Tpos:77.0,Tstd:15.7,Bpos:50.6,Bstd:31.1,StrandBias:0.0,Multiplicity:1.00
0.745	0.110	0.001	0.144
0.001	0.886	0.112	0.001
0.997	0.001	0.001	0.001
0.997	0.001	0.001	0.001
0.001	0.001	0.997	0.001
0.001	0.997	0.001	0.001
0.001	0.001	0.001	0.997
0.001	0.116	0.001	0.882
>GCGCGCGC	5-GCGCGCGC	8.096554	-2.982468	0	T:3.0(6.25%),B:2233.6(1.73%),P:1e-1,FDR:1	Tpos:72.1,Tstd:7.8,Bpos:49.3,Bstd:34.3,StrandBias:-0.2,Multiplicity:1.33
0.001	0.001	0.997	0.001
0.001	0.997	0.001	0.001
0.001	0.001	0.997	0.001
0.001	0.997	0.001	0.001
0.001	0.001	0.997	0.001
0.001	0.997	0.001	0.001
0.201	0.001	0.797	0.001
0.001	0.934	0.001	0.064
