>TGGCTCTGAA	1-TGGCTCTGAA	12.329821	-16.135941	0	T:3.0(33.33%),B:3.0(0.11%),P:1e-7	Tpos:35.5,Tstd:28.6,Bpos:64.0,Bstd:18.7,StrandBias:-1.6,Multiplicity:1.33
0.001	0.001	0.001	0.997
0.001	0.001	0.997	0.001
0.001	0.001	0.997	0.001
0.001	0.997	0.001	0.001
0.001	0.001	0.001	0.997
0.001	0.997	0.001	0.001
0.332	0.001	0.001	0.666
0.001	0.001	0.997	0.001
0.997	0.001	0.001	0.001
0.666	0.332	0.001	0.001
>TAGAAAGWCT	2-TAGAAAGWCT	8.802913	-15.906377	0	T:4.0(44.44%),B:16.0(0.56%),P:1e-6	Tpos:41.0,Tstd:27.5,Bpos:56.2,Bstd:21.1,StrandBias:10.0,Multiplicity:1.25
0.239	0.253	0.001	0.507
0.759	0.239	0.001	0.001
0.001	0.239	0.521	0.239
0.997	0.001	0.001	0.001
0.493	0.001	0.239	0.267
0.759	0.001	0.239	0.001
0.001	0.001	0.997	0.001
0.520	0.001	0.001	0.478
0.239	0.759	0.001	0.001
0.001	0.001	0.001	0.997
>GAAGGGGCAC	3-GAAGGGGCAC	12.163596	-12.323353	0	T:2.0(22.22%),B:0.0(0.00%),P:1e-5	Tpos:70.7,Tstd:16.3,Bpos:0.0,Bstd:0.0,StrandBias:1.0,Multiplicity:1.50
0.001	0.249	0.749	0.001
0.997	0.001	0.001	0.001
0.997	0.001	0.001	0.001
0.001	0.001	0.997	0.001
0.001	0.001	0.997	0.001
0.001	0.001	0.997	0.001
0.001	0.250	0.500	0.250
0.001	0.997	0.001	0.001
0.997	0.001	0.001	0.001
0.001	0.997	0.001	0.001
>NGCACAAGGG	4-NGCACAAGGG	7.200589	-8.813377	0	T:4.0(44.44%),B:97.0(3.41%),P:1e-3	Tpos:45.2,Tstd:31.0,Bpos:47.3,Bstd:26.1,StrandBias:0.6,Multiplicity:1.25
0.240	0.240	0.281	0.240
0.239	0.019	0.741	0.001
0.001	0.759	0.239	0.001
0.980	0.001	0.001	0.018
0.258	0.740	0.001	0.001
0.759	0.001	0.239	0.001
0.740	0.001	0.001	0.258
0.239	0.239	0.521	0.001
0.239	0.001	0.521	0.239
0.001	0.001	0.997	0.001
>CACCCCCTTT	5-CACCCCCTTT	8.350283	-5.058675	0	T:2.0(22.22%),B:39.0(1.37%),P:1e-2	Tpos:34.5,Tstd:5.5,Bpos:50.8,Bstd:28.1,StrandBias:0.0,Multiplicity:1.00
0.100	0.700	0.100	0.100
0.700	0.100	0.100	0.100
0.100	0.700	0.100	0.100
0.100	0.700	0.100	0.100
0.100	0.700	0.100	0.100
0.100	0.700	0.100	0.100
0.100	0.700	0.100	0.100
0.100	0.100	0.100	0.700
0.100	0.100	0.100	0.700
0.100	0.100	0.100	0.700
