>CCTATAGGGT	1-CCTATAGGGT	9.378904	-12.662524	0	T:4.0(25.00%),B:15.0(0.66%),P:1e-5	Tpos:51.2,Tstd:23.0,Bpos:53.5,Bstd:20.8,StrandBias:-1.0,Multiplicity:1.25
0.001	0.997	0.001	0.001
0.001	0.997	0.001	0.001
0.025	0.001	0.001	0.973
0.761	0.001	0.001	0.237
0.001	0.001	0.001	0.997
0.523	0.001	0.238	0.238
0.237	0.001	0.761	0.001
0.001	0.001	0.997	0.001
0.238	0.238	0.523	0.001
0.238	0.001	0.238	0.523
>TCTGTGTTCA	2-TCTGTGTTCA	9.728008	-11.526057	0	T:3.0(18.75%),B:6.0(0.26%),P:1e-5	Tpos:53.3,Tstd:23.3,Bpos:51.0,Bstd:31.5,StrandBias:-1.0,Multiplicity:1.00
0.111	0.001	0.001	0.887
0.001	0.997	0.001	0.001
0.001	0.001	0.001	0.997
0.111	0.001	0.887	0.001
0.001	0.001	0.001	0.997
0.001	0.001	0.997	0.001
0.001	0.001	0.001	0.997
0.001	0.001	0.001	0.997
0.001	0.997	0.001	0.001
0.832	0.001	0.001	0.166
>CYGTCYASAC	3-CYGTCYASAC	11.742603	-9.303496	0	T:2.0(12.50%),B:2.0(0.09%),P:1e-4	Tpos:62.0,Tstd:5.0,Bpos:84.5,Bstd:4.5,StrandBias:10.0,Multiplicity:1.00
0.001	0.997	0.001	0.001
0.001	0.453	0.001	0.545
0.001	0.001	0.997	0.001
0.001	0.001	0.001	0.997
0.001	0.908	0.090	0.001
0.001	0.453	0.001	0.545
0.997	0.001	0.001	0.001
0.001	0.453	0.545	0.001
0.997	0.001	0.001	0.001
0.001	0.997	0.001	0.001
>ACCAATCAGA	4-ACCAATCAGA	9.563434	-8.448645	0	T:3.0(18.75%),B:17.0(0.74%),P:1e-3	Tpos:63.7,Tstd:10.7,Bpos:45.0,Bstd:26.4,StrandBias:-1.0,Multiplicity:1.00
0.729	0.001	0.001	0.269
0.001	0.997	0.001	0.001
0.001	0.740	0.001	0.258
0.740	0.258	0.001	0.001
0.997	0.001	0.001	0.001
0.001	0.001	0.001	0.997
0.001	0.858	0.001	0.140
0.897	0.001	0.001	0.101
0.001	0.001	0.997	0.001
0.997	0.001	0.001	0.001
>CCACACRCCC	5-CCACACRCCC	9.620979	-6.117246	0	T:2.0(12.50%),B:10.0(0.44%),P:1e-2	Tpos:42.7,Tstd:30.0,Bpos:42.5,Bstd:20.6,StrandBias:10.0,Multiplicity:3.00
0.001	0.838	0.001	0.160
0.001	0.675	0.320	0.004
0.564	0.001	0.274	0.161
0.001	0.763	0.235	0.001
0.995	0.001	0.001	0.003
0.235	0.763	0.001	0.001
0.447	0.001	0.548	0.004
0.046	0.709	0.244	0.001
0.001	0.995	0.003	0.001
0.281	0.717	0.001	0.001
