>GGTGGGCT	1-GGTGGGCT	6.291044	-8.535033	0	T:8.0(50.00%),B:269.0(11.77%),P:1e-3	Tpos:64.3,Tstd:16.1,Bpos:52.2,Bstd:27.9,StrandBias:1.0,Multiplicity:1.12
0.100	0.100	0.700	0.100
0.100	0.100	0.700	0.100
0.100	0.100	0.100	0.700
0.100	0.100	0.700	0.100
0.100	0.100	0.700	0.100
0.100	0.100	0.700	0.100
0.100	0.700	0.100	0.100
0.100	0.100	0.100	0.700
>GGGTACAC	2-GGGTACAC	8.712820	-7.831798	0	T:3.0(18.75%),B:21.0(0.92%),P:1e-3	Tpos:46.5,Tstd:25.0,Bpos:45.3,Bstd:29.1,StrandBias:-1.6,Multiplicity:2.33
0.001	0.001	0.997	0.001
0.001	0.001	0.805	0.193
0.001	0.001	0.997	0.001
0.001	0.144	0.001	0.854
0.861	0.001	0.001	0.137
0.001	0.997	0.001	0.001
0.997	0.001	0.001	0.001
0.001	0.997	0.001	0.001
>CTGTCTCC	3-CTGTCTCC	2.817624	-6.505369	0	T:9.0(56.25%),B:458.0(20.03%),P:1e-2	Tpos:48.4,Tstd:26.4,Bpos:50.9,Bstd:26.7,StrandBias:-1.2,Multiplicity:1.44
0.001	0.637	0.001	0.361
0.001	0.001	0.001	0.997
0.001	0.001	0.997	0.001
0.001	0.001	0.001	0.997
0.361	0.637	0.001	0.001
0.361	0.001	0.001	0.637
0.001	0.997	0.001	0.001
0.001	0.997	0.001	0.001
>TTCTTTTT	4-TTCTTTTT	8.236954	-1.985759	0	T:1.0(6.25%),B:21.0(0.92%),P:1e0	Tpos:54.5,Tstd:30.5,Bpos:47.1,Bstd:25.2,StrandBias:-10.0,Multiplicity:2.00
0.100	0.100	0.100	0.700
0.100	0.100	0.100	0.700
0.100	0.700	0.100	0.100
0.100	0.100	0.100	0.700
0.100	0.100	0.100	0.700
0.100	0.100	0.100	0.700
0.100	0.100	0.100	0.700
0.100	0.100	0.100	0.700
>TTTTTTTT	5-TTTTTTTT	10.344469	-1.824283	0	T:1.0(6.25%),B:25.0(1.09%),P:1e0	Tpos:67.0,Tstd:1.4,Bpos:53.6,Bstd:32.4,StrandBias:10.0,Multiplicity:1.00
0.001	0.128	0.001	0.870
0.001	0.001	0.001	0.997
0.001	0.001	0.001	0.997
0.001	0.106	0.001	0.892
0.001	0.092	0.001	0.906
0.001	0.100	0.074	0.825
0.001	0.094	0.001	0.904
0.001	0.088	0.001	0.910
