>SSCARGSCAGRA	1-SSCARGSCAGRA	7.594859	-18.345430	0	T:5.0(31.25%),B:11.0(0.48%),P:1e-7	Tpos:51.4,Tstd:19.4,Bpos:33.2,Bstd:25.3,StrandBias:0.6,Multiplicity:1.00
0.091	0.454	0.454	0.001
0.091	0.454	0.454	0.001
0.001	0.997	0.001	0.001
0.997	0.001	0.001	0.001
0.545	0.001	0.453	0.001
0.090	0.001	0.908	0.001
0.001	0.453	0.545	0.001
0.001	0.997	0.001	0.001
0.997	0.001	0.001	0.001
0.001	0.001	0.997	0.001
0.545	0.001	0.453	0.001
0.997	0.001	0.001	0.001
>TCAGGAGGCCTC	2-TCAGGAGGCCTC	7.752653	-14.804829	0	T:3.0(18.75%),B:2.0(0.09%),P:1e-6	Tpos:72.3,Tstd:20.7,Bpos:74.5,Bstd:19.5,StrandBias:-1.0,Multiplicity:1.33
0.001	0.001	0.111	0.887
0.001	0.997	0.001	0.001
0.832	0.056	0.056	0.056
0.001	0.001	0.943	0.055
0.001	0.001	0.997	0.001
0.997	0.001	0.001	0.001
0.001	0.001	0.997	0.001
0.055	0.001	0.943	0.001
0.001	0.997	0.001	0.001
0.001	0.997	0.001	0.001
0.001	0.001	0.055	0.943
0.001	0.997	0.001	0.001
>CAGGGCAGSTCT	3-CAGGGCAGSTCT	7.912767	-8.532934	0	T:5.0(31.25%),B:83.0(3.63%),P:1e-3	Tpos:43.0,Tstd:27.6,Bpos:50.4,Bstd:26.8,StrandBias:2.0,Multiplicity:1.00
0.001	0.807	0.001	0.191
0.807	0.001	0.191	0.001
0.001	0.001	0.807	0.191
0.192	0.192	0.615	0.001
0.001	0.001	0.807	0.191
0.192	0.615	0.001	0.192
0.775	0.001	0.192	0.032
0.001	0.001	0.774	0.224
0.198	0.416	0.384	0.001
0.001	0.192	0.192	0.615
0.001	0.615	0.192	0.192
0.192	0.192	0.001	0.615
>ACMAGTYYTTYC	4-ACMAGTYYTTYC	7.673990	-8.149314	0	T:4.0(25.00%),B:48.0(2.10%),P:1e-3	Tpos:45.8,Tstd:24.3,Bpos:45.5,Bstd:25.3,StrandBias:10.0,Multiplicity:1.00
0.722	0.001	0.269	0.008
0.269	0.729	0.001	0.001
0.500	0.491	0.001	0.008
0.492	0.246	0.001	0.261
0.001	0.246	0.752	0.001
0.031	0.001	0.246	0.722
0.023	0.492	0.001	0.484
0.001	0.492	0.016	0.492
0.001	0.001	0.031	0.967
0.015	0.024	0.001	0.960
0.001	0.498	0.001	0.500
0.246	0.492	0.001	0.261
>CGCGCGCGCGCG	5-CGCGCGCGCGCG	15.615850	-4.965250	0	T:1.0(6.25%),B:1.0(0.04%),P:1e-2	Tpos:72.5,Tstd:3.5,Bpos:93.5,Bstd:0.5,StrandBias:0.0,Multiplicity:1.00
0.001	0.909	0.001	0.089
0.179	0.001	0.819	0.001
0.001	0.997	0.001	0.001
0.089	0.001	0.909	0.001
0.001	0.997	0.001	0.001
0.001	0.001	0.997	0.001
0.001	0.997	0.001	0.001
0.089	0.001	0.909	0.001
0.001	0.997	0.001	0.001
0.179	0.001	0.819	0.001
0.001	0.997	0.001	0.001
0.269	0.001	0.729	0.001
