>MCCSYRGYWAMA	1-MCCSYRGYWAMA	6.942312	-13.034758	0	T:4.0(44.44%),B:33.0(1.16%),P:1e-5	Tpos:59.8,Tstd:25.8,Bpos:47.0,Bstd:22.1,StrandBias:0.6,Multiplicity:1.25
0.484	0.514	0.001	0.001
0.001	0.997	0.001	0.001
0.001	0.997	0.001	0.001
0.051	0.489	0.460	0.001
0.003	0.460	0.001	0.536
0.484	0.001	0.514	0.001
0.001	0.024	0.974	0.001
0.025	0.485	0.025	0.464
0.463	0.075	0.001	0.460
0.970	0.028	0.001	0.001
0.459	0.539	0.001	0.001
0.997	0.001	0.001	0.001
>ASWWGRCWKTRK	2-ASWWGRCWKTRK	11.036534	-12.849612	0	T:3.0(33.33%),B:9.0(0.32%),P:1e-5	Tpos:34.3,Tstd:23.4,Bpos:50.0,Bstd:35.0,StrandBias:1.0,Multiplicity:1.00
0.997	0.001	0.001	0.001
0.001	0.539	0.459	0.001
0.539	0.001	0.001	0.459
0.539	0.001	0.001	0.459
0.001	0.001	0.997	0.001
0.539	0.001	0.459	0.001
0.001	0.997	0.001	0.001
0.459	0.001	0.001	0.539
0.001	0.001	0.539	0.459
0.001	0.001	0.001	0.997
0.459	0.001	0.539	0.001
0.001	0.001	0.459	0.539
>TGGTTACACTTT	3-TGGTTACACTTT	10.402769	-9.555689	0	T:2.0(22.22%),B:4.0(0.14%),P:1e-4	Tpos:49.0,Tstd:34.7,Bpos:35.6,Bstd:21.5,StrandBias:-10.0,Multiplicity:1.50
0.001	0.001	0.001	0.997
0.001	0.001	0.997	0.001
0.001	0.001	0.997	0.001
0.001	0.001	0.147	0.851
0.001	0.048	0.001	0.950
0.997	0.001	0.001	0.001
0.001	0.997	0.001	0.001
0.997	0.001	0.001	0.001
0.001	0.997	0.001	0.001
0.147	0.001	0.001	0.851
0.049	0.001	0.098	0.852
0.001	0.001	0.001	0.997
>CCATGGGTACAC	4-CCATGGGTACAC	16.282800	-5.756797	0	T:1.0(11.11%),B:0.0(0.00%),P:1e-2	Tpos:29.0,Tstd:0.0,Bpos:0.0,Bstd:0.0,StrandBias:-10.0,Multiplicity:1.00
0.001	0.997	0.001	0.001
0.001	0.997	0.001	0.001
0.997	0.001	0.001	0.001
0.001	0.001	0.001	0.997
0.001	0.001	0.997	0.001
0.001	0.001	0.997	0.001
0.001	0.001	0.851	0.147
0.001	0.001	0.001	0.997
0.997	0.001	0.001	0.001
0.001	0.997	0.001	0.001
0.997	0.001	0.001	0.001
0.147	0.851	0.001	0.001
>AGTGGGAGAGGA	5-AGTGGGAGAGGA	12.355432	-5.065057	0	T:1.0(11.11%),B:2.0(0.07%),P:1e-2	Tpos:19.0,Tstd:0.0,Bpos:49.5,Bstd:18.5,StrandBias:-10.0,Multiplicity:1.00
0.700	0.100	0.100	0.100
0.100	0.100	0.700	0.100
0.100	0.100	0.100	0.700
0.100	0.100	0.700	0.100
0.100	0.100	0.700	0.100
0.100	0.100	0.700	0.100
0.700	0.100	0.100	0.100
0.100	0.100	0.700	0.100
0.700	0.100	0.100	0.100
0.100	0.100	0.700	0.100
0.100	0.100	0.700	0.100
0.700	0.100	0.100	0.100
