>TTGGAGGAGG	1-TTGGAGGAGG	11.182475	-15.344134	0	T:6.0(10.00%),B:588.1(0.42%),P:1e-6,FDR:1	Tpos:54.8,Tstd:30.0,Bpos:51.7,Bstd:26.3,StrandBias:-1.6,Multiplicity:1.33
0.001	0.001	0.165	0.833
0.001	0.001	0.001	0.997
0.215	0.001	0.783	0.001
0.001	0.001	0.997	0.001
0.997	0.001	0.001	0.001
0.001	0.001	0.997	0.001
0.001	0.001	0.845	0.153
0.997	0.001	0.001	0.001
0.132	0.001	0.866	0.001
0.001	0.193	0.805	0.001
>TTACTCTCCT	2-TTACTCTCCT	8.343606	-13.054998	0	T:9.0(15.00%),B:2704.7(1.92%),P:1e-5,FDR:1	Tpos:43.6,Tstd:24.8,Bpos:50.9,Bstd:33.2,StrandBias:0.0,Multiplicity:1.11
0.209	0.105	0.001	0.685
0.001	0.158	0.097	0.744
0.679	0.075	0.115	0.131
0.001	0.901	0.097	0.001
0.001	0.001	0.001	0.997
0.001	0.997	0.001	0.001
0.139	0.001	0.001	0.859
0.114	0.718	0.167	0.001
0.001	0.884	0.001	0.114
0.075	0.345	0.001	0.579
>GTGCGAACCA	3-GTGCGAACCA	10.296193	-7.069654	0	T:1.0(1.67%),B:2.4(0.00%),P:1e-3,FDR:1	Tpos:85.0,Tstd:0.0,Bpos:45.0,Bstd:16.6,StrandBias:-10.0,Multiplicity:1.00
0.100	0.100	0.700	0.100
0.100	0.100	0.100	0.700
0.100	0.100	0.700	0.100
0.100	0.700	0.100	0.100
0.100	0.100	0.700	0.100
0.700	0.100	0.100	0.100
0.700	0.100	0.100	0.100
0.100	0.700	0.100	0.100
0.100	0.700	0.100	0.100
0.700	0.100	0.100	0.100
>TAAGTTATGA	4-TAAGTTATGA	10.296193	-7.069654	0	T:1.0(1.67%),B:2.5(0.00%),P:1e-3,FDR:1	Tpos:16.0,Tstd:0.0,Bpos:46.3,Bstd:19.4,StrandBias:-10.0,Multiplicity:1.00
0.100	0.100	0.100	0.700
0.700	0.100	0.100	0.100
0.700	0.100	0.100	0.100
0.100	0.100	0.700	0.100
0.100	0.100	0.100	0.700
0.100	0.100	0.100	0.700
0.700	0.100	0.100	0.100
0.100	0.100	0.100	0.700
0.100	0.100	0.700	0.100
0.700	0.100	0.100	0.100
>GCGTTCAGCG	5-GCGTTCAGCG	10.296193	-7.069654	0	T:1.0(1.67%),B:2.7(0.00%),P:1e-3,FDR:1	Tpos:88.0,Tstd:0.0,Bpos:50.4,Bstd:18.3,StrandBias:10.0,Multiplicity:1.00
0.100	0.100	0.700	0.100
0.100	0.700	0.100	0.100
0.100	0.100	0.700	0.100
0.100	0.100	0.100	0.700
0.100	0.100	0.100	0.700
0.100	0.700	0.100	0.100
0.700	0.100	0.100	0.100
0.100	0.100	0.700	0.100
0.100	0.700	0.100	0.100
0.100	0.100	0.700	0.100
>GGCCAGCTGTGG	1-GGCCAGCTGTGG	6.748378	-8.064708	0	T:11.0(18.33%),B:7566.4(5.37%),P:1e-3,FDR:1	Tpos:48.4,Tstd:22.6,Bpos:50.6,Bstd:29.4,StrandBias:1.2,Multiplicity:1.18
0.179	0.090	0.730	0.001
0.090	0.090	0.730	0.090
0.001	0.641	0.179	0.179
0.001	0.730	0.179	0.090
0.909	0.001	0.001	0.089
0.269	0.001	0.729	0.001
0.090	0.640	0.269	0.001
0.090	0.001	0.090	0.819
0.090	0.090	0.550	0.270
0.001	0.269	0.090	0.640
0.180	0.281	0.449	0.090
0.090	0.001	0.640	0.269
>TGGATCTCACTG	2-TGGATCTCACTG	12.355432	-7.762593	0	T:1.0(1.67%),B:0.9(0.00%),P:1e-3,FDR:1	Tpos:61.0,Tstd:0.0,Bpos:48.8,Bstd:12.0,StrandBias:10.0,Multiplicity:1.00
0.100	0.100	0.100	0.700
0.100	0.100	0.700	0.100
0.100	0.100	0.700	0.100
0.700	0.100	0.100	0.100
0.100	0.100	0.100	0.700
0.100	0.700	0.100	0.100
0.100	0.100	0.100	0.700
0.100	0.700	0.100	0.100
0.700	0.100	0.100	0.100
0.100	0.700	0.100	0.100
0.100	0.100	0.100	0.700
0.100	0.100	0.700	0.100
>GACCCACCATTT	3-GACCCACCATTT	12.355432	-7.762593	0	T:1.0(1.67%),B:1.1(0.00%),P:1e-3,FDR:1	Tpos:23.0,Tstd:0.0,Bpos:20.0,Bstd:0.0,StrandBias:-10.0,Multiplicity:1.00
0.100	0.100	0.700	0.100
0.700	0.100	0.100	0.100
0.100	0.700	0.100	0.100
0.100	0.700	0.100	0.100
0.100	0.700	0.100	0.100
0.700	0.100	0.100	0.100
0.100	0.700	0.100	0.100
0.100	0.700	0.100	0.100
0.700	0.100	0.100	0.100
0.100	0.100	0.100	0.700
0.100	0.100	0.100	0.700
0.100	0.100	0.100	0.700
>CAAGCAGCTACT	4-CAAGCAGCTACT	12.355432	-7.762593	0	T:1.0(1.67%),B:1.3(0.00%),P:1e-3,FDR:1	Tpos:73.0,Tstd:0.0,Bpos:32.9,Bstd:22.8,StrandBias:-10.0,Multiplicity:1.00
0.100	0.700	0.100	0.100
0.700	0.100	0.100	0.100
0.700	0.100	0.100	0.100
0.100	0.100	0.700	0.100
0.100	0.700	0.100	0.100
0.700	0.100	0.100	0.100
0.100	0.100	0.700	0.100
0.100	0.700	0.100	0.100
0.100	0.100	0.100	0.700
0.700	0.100	0.100	0.100
0.100	0.700	0.100	0.100
0.100	0.100	0.100	0.700
>TCCACAGTTCCA	5-TCCACAGTTCCA	12.355432	-7.069654	0	T:1.0(1.67%),B:2.5(0.00%),P:1e-3,FDR:1	Tpos:88.0,Tstd:0.0,Bpos:55.7,Bstd:15.3,StrandBias:10.0,Multiplicity:1.00
0.100	0.100	0.100	0.700
0.100	0.700	0.100	0.100
0.100	0.700	0.100	0.100
0.700	0.100	0.100	0.100
0.100	0.700	0.100	0.100
0.700	0.100	0.100	0.100
0.100	0.100	0.700	0.100
0.100	0.100	0.100	0.700
0.100	0.100	0.100	0.700
0.100	0.700	0.100	0.100
0.100	0.700	0.100	0.100
0.700	0.100	0.100	0.100
>TAACGAAG	1-TAACGAAG	7.621560	-17.751392	0	T:9.0(15.00%),B:1538.3(1.09%),P:1e-7,FDR:0.2	Tpos:59.0,Tstd:28.0,Bpos:51.0,Bstd:33.8,StrandBias:-0.3,Multiplicity:1.00
0.001	0.001	0.001	0.997
0.841	0.157	0.001	0.001
0.815	0.001	0.001	0.183
0.001	0.905	0.001	0.093
0.001	0.073	0.925	0.001
0.997	0.001	0.001	0.001
0.840	0.001	0.158	0.001
0.001	0.001	0.824	0.174
>GTTTATTC	2-GTTTATTC	5.764414	-15.246902	0	T:19.0(31.67%),B:11812.0(8.38%),P:1e-6,FDR:0.4	Tpos:44.2,Tstd:26.4,Bpos:49.8,Bstd:37.4,StrandBias:0.6,Multiplicity:1.05
0.001	0.104	0.791	0.104
0.095	0.140	0.068	0.697
0.203	0.027	0.082	0.688
0.001	0.044	0.138	0.817
0.720	0.058	0.043	0.179
0.121	0.108	0.028	0.743
0.027	0.088	0.117	0.768
0.001	0.795	0.086	0.118
>TACTCWCC	3-TACTCWCC	6.955845	-13.654916	0	T:9.0(15.00%),B:2512.0(1.78%),P:1e-5,FDR:0.4	Tpos:58.1,Tstd:23.4,Bpos:49.3,Bstd:32.8,StrandBias:0.3,Multiplicity:1.00
0.148	0.003	0.112	0.737
0.896	0.102	0.001	0.001
0.038	0.615	0.346	0.001
0.135	0.001	0.001	0.863
0.210	0.669	0.001	0.120
0.403	0.227	0.001	0.369
0.001	0.848	0.125	0.026
0.001	0.995	0.001	0.003
>TCCCACAA	4-TCCCACAA	5.336491	-10.729868	0	T:10.0(16.67%),B:4572.2(3.24%),P:1e-4,FDR:0.7	Tpos:49.2,Tstd:24.3,Bpos:50.4,Bstd:30.6,StrandBias:-0.2,Multiplicity:1.30
0.001	0.001	0.073	0.925
0.001	0.997	0.001	0.001
0.001	0.997	0.001	0.001
0.395	0.599	0.005	0.001
0.997	0.001	0.001	0.001
0.001	0.969	0.001	0.029
0.716	0.001	0.001	0.282
0.997	0.001	0.001	0.001
>ACACCTAC	5-ACACCTAC	9.398009	-7.327343	0	T:4.0(6.67%),B:919.0(0.65%),P:1e-3,FDR:0.84	Tpos:64.2,Tstd:28.5,Bpos:50.5,Bstd:31.0,StrandBias:1.0,Multiplicity:1.50
0.997	0.001	0.001	0.001
0.188	0.602	0.209	0.001
0.997	0.001	0.001	0.001
0.001	0.997	0.001	0.001
0.001	0.997	0.001	0.001
0.001	0.001	0.001	0.997
0.997	0.001	0.001	0.001
0.001	0.997	0.001	0.001
