>GAGCAATC	1-GAGCAATC	8.483052	-15.970991	0	T:8.0(17.39%),B:1935.0(1.27%),P:1e-6	Tpos:41.2,Tstd:29.5,Bpos:49.7,Bstd:27.2,StrandBias:-1.8,Multiplicity:1.12
0.001	0.114	0.884	0.001
0.847	0.001	0.151	0.001
0.001	0.001	0.997	0.001
0.116	0.882	0.001	0.001
0.997	0.001	0.001	0.001
0.997	0.001	0.001	0.001
0.001	0.113	0.001	0.885
0.001	0.997	0.001	0.001
>TGCCAGCG	2-TGCCAGCG	7.505751	-13.281008	0	T:12.0(26.09%),B:7523.0(4.94%),P:1e-5	Tpos:53.6,Tstd:25.7,Bpos:49.5,Bstd:27.3,StrandBias:1.2,Multiplicity:1.08
0.001	0.107	0.082	0.810
0.001	0.001	0.997	0.001
0.120	0.878	0.001	0.001
0.001	0.869	0.129	0.001
0.880	0.118	0.001	0.001
0.001	0.001	0.997	0.001
0.064	0.870	0.065	0.001
0.063	0.064	0.802	0.071
>GAAACCCC	3-GAAACCCC	7.396156	-11.942862	0	T:10.0(21.74%),B:5710.0(3.75%),P:1e-5	Tpos:44.8,Tstd:26.1,Bpos:49.2,Bstd:27.1,StrandBias:0.2,Multiplicity:1.10
0.001	0.001	0.997	0.001
0.769	0.001	0.102	0.128
0.876	0.122	0.001	0.001
0.714	0.127	0.073	0.086
0.097	0.901	0.001	0.001
0.001	0.997	0.001	0.001
0.001	0.902	0.001	0.096
0.001	0.934	0.001	0.064
>GKGMGCCG	4-GKGMGCCG	3.584753	-11.017552	0	T:8.0(17.39%),B:3785.0(2.49%),P:1e-4	Tpos:46.7,Tstd:24.1,Bpos:49.8,Bstd:26.7,StrandBias:1.0,Multiplicity:1.12
0.001	0.001	0.997	0.001
0.001	0.001	0.438	0.560
0.001	0.001	0.997	0.001
0.560	0.438	0.001	0.001
0.001	0.001	0.997	0.001
0.001	0.997	0.001	0.001
0.001	0.997	0.001	0.001
0.001	0.001	0.997	0.001
>GGTTGGTT	5-GGTTGGTT	8.236954	-1.513909	0	T:1.0(2.17%),B:820.0(0.54%),P:1e0	Tpos:42.6,Tstd:23.6,Bpos:48.6,Bstd:27.8,StrandBias:-10.0,Multiplicity:9.00
0.100	0.100	0.700	0.100
0.100	0.100	0.700	0.100
0.100	0.100	0.100	0.700
0.100	0.100	0.100	0.700
0.100	0.100	0.700	0.100
0.100	0.100	0.700	0.100
0.100	0.100	0.100	0.700
0.100	0.100	0.100	0.700
