>GGAGCCAA	1-GGAGCCAA	7.503434	-11.596071	0	T:13.0(28.26%),B:10488.0(6.89%),P:1e-5	Tpos:46.0,Tstd:26.5,Bpos:50.2,Bstd:27.1,StrandBias:1.3,Multiplicity:1.31
0.001	0.001	0.904	0.094
0.089	0.074	0.836	0.001
0.997	0.001	0.001	0.001
0.001	0.001	0.858	0.140
0.094	0.814	0.091	0.001
0.106	0.808	0.001	0.085
0.927	0.071	0.001	0.001
0.917	0.081	0.001	0.001
>TCATTATT	2-TCATTATT	8.044557	-10.194100	0	T:6.0(13.04%),B:2072.0(1.36%),P:1e-4	Tpos:51.8,Tstd:13.1,Bpos:49.7,Bstd:27.1,StrandBias:-0.3,Multiplicity:1.50
0.001	0.001	0.001	0.997
0.001	0.878	0.001	0.120
0.887	0.111	0.001	0.001
0.001	0.135	0.001	0.863
0.001	0.001	0.140	0.858
0.997	0.001	0.001	0.001
0.001	0.119	0.124	0.756
0.001	0.001	0.121	0.877
>SCAGTAGW	3-SCAGTAGW	7.217939	-9.592998	0	T:9.0(19.57%),B:6011.0(3.95%),P:1e-4	Tpos:58.5,Tstd:21.9,Bpos:50.0,Bstd:24.8,StrandBias:-0.3,Multiplicity:1.22
0.102	0.441	0.456	0.001
0.001	0.997	0.001	0.001
0.653	0.345	0.001	0.001
0.102	0.346	0.551	0.001
0.047	0.033	0.001	0.919
0.951	0.001	0.047	0.001
0.001	0.001	0.997	0.001
0.543	0.001	0.001	0.455
>TGATTCAC	4-TGATTCAC	8.084818	-9.282858	0	T:6.0(13.04%),B:2446.0(1.61%),P:1e-4	Tpos:66.6,Tstd:23.0,Bpos:49.5,Bstd:27.3,StrandBias:-0.7,Multiplicity:1.00
0.001	0.001	0.001	0.997
0.001	0.001	0.997	0.001
0.799	0.001	0.102	0.098
0.136	0.076	0.186	0.602
0.001	0.001	0.001	0.997
0.001	0.997	0.001	0.001
0.877	0.121	0.001	0.001
0.001	0.861	0.001	0.137
>CCAACACC	5-CCAACACC	8.159832	-5.386131	0	T:4.0(8.70%),B:2226.0(1.46%),P:1e-2	Tpos:59.2,Tstd:21.5,Bpos:49.8,Bstd:27.6,StrandBias:1.0,Multiplicity:2.25
0.001	0.997	0.001	0.001
0.001	0.997	0.001	0.001
0.933	0.065	0.001	0.001
0.997	0.001	0.001	0.001
0.001	0.836	0.001	0.162
0.997	0.001	0.001	0.001
0.001	0.997	0.001	0.001
0.001	0.997	0.001	0.001
