>TGCTAGAA	1-TGCTAGAA	7.097453	-18.179518	0	T:13.0(24.07%),B:4897.0(3.22%),P:1e-7	Tpos:64.2,Tstd:25.4,Bpos:50.2,Bstd:26.7,StrandBias:0.7,Multiplicity:1.08
0.001	0.001	0.001	0.997
0.001	0.085	0.913	0.001
0.001	0.997	0.001	0.001
0.001	0.001	0.151	0.847
0.945	0.001	0.053	0.001
0.107	0.370	0.522	0.001
0.870	0.128	0.001	0.001
0.997	0.001	0.001	0.001
>GCCGGCAA	2-GCCGGCAA	7.518929	-12.654059	0	T:10.0(18.52%),B:4424.0(2.91%),P:1e-5	Tpos:58.4,Tstd:20.0,Bpos:50.2,Bstd:27.2,StrandBias:-0.5,Multiplicity:1.00
0.001	0.001	0.858	0.140
0.001	0.882	0.116	0.001
0.063	0.864	0.001	0.072
0.001	0.001	0.926	0.072
0.001	0.001	0.997	0.001
0.109	0.889	0.001	0.001
0.913	0.085	0.001	0.001
0.787	0.001	0.074	0.138
>CAATAACA	3-CAATAACA	6.881664	-7.406947	0	T:11.0(20.37%),B:9878.0(6.49%),P:1e-3	Tpos:48.6,Tstd:21.8,Bpos:50.2,Bstd:26.5,StrandBias:-2.5,Multiplicity:1.36
0.073	0.925	0.001	0.001
0.997	0.001	0.001	0.001
0.936	0.001	0.062	0.001
0.043	0.364	0.066	0.527
0.905	0.001	0.001	0.093
0.794	0.001	0.084	0.121
0.001	0.997	0.001	0.001
0.997	0.001	0.001	0.001
>ACAAAACA	4-ACAAAACA	8.244313	-7.270815	0	T:8.0(14.81%),B:5513.0(3.62%),P:1e-3	Tpos:54.8,Tstd:20.3,Bpos:50.8,Bstd:27.0,StrandBias:1.7,Multiplicity:1.62
0.997	0.001	0.001	0.001
0.001	0.729	0.150	0.120
0.906	0.092	0.001	0.001
0.997	0.001	0.001	0.001
0.879	0.001	0.119	0.001
0.997	0.001	0.001	0.001
0.001	0.997	0.001	0.001
0.997	0.001	0.001	0.001
>AGTGAGAG	5-AGTGAGAG	8.799026	-6.698516	0	T:7.0(12.96%),B:4639.0(3.05%),P:1e-2	Tpos:43.0,Tstd:15.4,Bpos:49.3,Bstd:27.7,StrandBias:2.7,Multiplicity:1.00
0.657	0.001	0.001	0.341
0.397	0.001	0.601	0.001
0.260	0.001	0.001	0.738
0.001	0.001	0.997	0.001
0.997	0.001	0.001	0.001
0.001	0.001	0.997	0.001
0.997	0.001	0.001	0.001
0.001	0.001	0.997	0.001
