>TAGGCTGTTCTT	1-TAGGCTGTTCTT	5.627940	-13.255190	0	T:3.0(42.86%),B:8.0(0.37%),P:1e-5	Tpos:56.0,Tstd:28.5,Bpos:58.5,Bstd:23.9,StrandBias:10.0,Multiplicity:1.33
0.001	0.073	0.001	0.925
0.997	0.001	0.001	0.001
0.001	0.001	0.997	0.001
0.001	0.001	0.997	0.001
0.001	0.851	0.147	0.001
0.001	0.001	0.073	0.925
0.001	0.147	0.851	0.001
0.147	0.001	0.001	0.851
0.001	0.001	0.001	0.997
0.001	0.997	0.001	0.001
0.001	0.001	0.001	0.997
0.001	0.001	0.001	0.997
>GCMTGTBCCDCR	2-GCMTGTBCCDCR	7.273177	-12.074088	0	T:4.0(57.14%),B:44.0(2.03%),P:1e-5	Tpos:36.8,Tstd:13.0,Bpos:47.4,Bstd:25.8,StrandBias:0.0,Multiplicity:1.00
0.244	0.001	0.633	0.122
0.001	0.633	0.244	0.122
0.510	0.367	0.001	0.122
0.001	0.122	0.122	0.755
0.122	0.122	0.755	0.001
0.001	0.244	0.018	0.737
0.001	0.244	0.385	0.370
0.001	0.755	0.122	0.122
0.001	0.754	0.001	0.244
0.367	0.001	0.385	0.247
0.140	0.492	0.245	0.122
0.367	0.122	0.388	0.122
>GDGHTCAAGAGV	3-GDGHTCAAGAGV	10.650319	-10.121380	0	T:2.0(28.57%),B:3.0(0.14%),P:1e-4	Tpos:31.5,Tstd:7.5,Bpos:57.3,Bstd:5.3,StrandBias:0.0,Multiplicity:1.00
0.001	0.001	0.684	0.314
0.315	0.008	0.315	0.362
0.001	0.001	0.629	0.369
0.315	0.369	0.001	0.315
0.054	0.001	0.001	0.944
0.361	0.637	0.001	0.001
0.952	0.001	0.046	0.001
0.997	0.001	0.001	0.001
0.314	0.001	0.684	0.001
0.997	0.001	0.001	0.001
0.001	0.046	0.630	0.323
0.361	0.315	0.323	0.001
>ACAMTGYCTGCT	4-ACAMTGYCTGCT	7.752338	-7.809536	0	T:4.0(57.14%),B:131.0(6.06%),P:1e-3	Tpos:62.2,Tstd:15.0,Bpos:47.7,Bstd:25.6,StrandBias:-0.6,Multiplicity:1.25
0.613	0.193	0.193	0.001
0.193	0.613	0.193	0.001
0.806	0.192	0.001	0.001
0.386	0.420	0.001	0.193
0.001	0.193	0.193	0.613
0.001	0.001	0.806	0.192
0.227	0.386	0.001	0.386
0.001	0.806	0.001	0.192
0.192	0.001	0.001	0.806
0.001	0.192	0.806	0.001
0.001	0.997	0.001	0.001
0.193	0.193	0.001	0.613
>TACTCTCTCTCT	5-TACTCTCTCTCT	12.355432	-5.042968	0	T:1.0(14.29%),B:2.0(0.09%),P:1e-2	Tpos:11.0,Tstd:0.0,Bpos:41.5,Bstd:14.5,StrandBias:-10.0,Multiplicity:1.00
0.100	0.100	0.100	0.700
0.700	0.100	0.100	0.100
0.100	0.700	0.100	0.100
0.100	0.100	0.100	0.700
0.100	0.700	0.100	0.100
0.100	0.100	0.100	0.700
0.100	0.700	0.100	0.100
0.100	0.100	0.100	0.700
0.100	0.700	0.100	0.100
0.100	0.100	0.100	0.700
0.100	0.700	0.100	0.100
0.100	0.100	0.100	0.700
