>GSWGSSACYMAM	1-GSWGSSACYMAM	10.386542	-14.115457	0	T:3.0(42.86%),B:6.0(0.28%),P:1e-6	Tpos:26.7,Tstd:16.5,Bpos:32.8,Bstd:19.5,StrandBias:1.0,Multiplicity:1.00
0.001	0.001	0.997	0.001
0.001	0.459	0.539	0.001
0.459	0.001	0.001	0.539
0.001	0.001	0.997	0.001
0.001	0.460	0.460	0.080
0.001	0.459	0.539	0.001
0.997	0.001	0.001	0.001
0.001	0.997	0.001	0.001
0.001	0.539	0.001	0.459
0.539	0.459	0.001	0.001
0.997	0.001	0.001	0.001
0.459	0.539	0.001	0.001
>CACVCCTCCCAC	2-CACVCCTCCCAC	7.328972	-11.898534	0	T:4.0(57.14%),B:46.0(2.13%),P:1e-5	Tpos:29.4,Tstd:11.0,Bpos:45.6,Bstd:27.8,StrandBias:0.6,Multiplicity:1.00
0.314	0.684	0.001	0.001
0.684	0.314	0.001	0.001
0.001	0.997	0.001	0.001
0.369	0.315	0.315	0.001
0.001	0.997	0.001	0.001
0.001	0.997	0.001	0.001
0.001	0.369	0.001	0.629
0.046	0.638	0.001	0.315
0.315	0.638	0.001	0.046
0.001	0.997	0.001	0.001
0.684	0.001	0.001	0.314
0.001	0.997	0.001	0.001
>KAGTAAGRACCT	3-KAGTAAGRACCT	6.299630	-9.136107	0	T:4.0(57.14%),B:93.0(4.30%),P:1e-3	Tpos:73.2,Tstd:14.7,Bpos:47.0,Bstd:27.2,StrandBias:2.0,Multiplicity:1.25
0.168	0.165	0.333	0.333
0.654	0.324	0.009	0.013
0.162	0.003	0.826	0.009
0.327	0.003	0.171	0.499
0.664	0.009	0.165	0.162
0.831	0.162	0.006	0.001
0.006	0.162	0.502	0.330
0.327	0.171	0.334	0.168
0.505	0.168	0.165	0.162
0.171	0.489	0.010	0.330
0.001	0.489	0.180	0.330
0.333	0.009	0.006	0.652
>AGGTGTGGCCAA	4-AGGTGTGGCCAA	12.355432	-5.734728	0	T:1.0(14.29%),B:0.0(0.00%),P:1e-2	Tpos:49.5,Tstd:37.5,Bpos:0.0,Bstd:0.0,StrandBias:10.0,Multiplicity:2.00
0.700	0.100	0.100	0.100
0.100	0.100	0.700	0.100
0.100	0.100	0.700	0.100
0.100	0.100	0.100	0.700
0.100	0.100	0.700	0.100
0.100	0.100	0.100	0.700
0.100	0.100	0.700	0.100
0.100	0.100	0.700	0.100
0.100	0.700	0.100	0.100
0.100	0.700	0.100	0.100
0.700	0.100	0.100	0.100
0.700	0.100	0.100	0.100
>GGTGTGGCCAAC	5-GGTGTGGCCAAC	12.355432	-5.734728	0	T:1.0(14.29%),B:0.0(0.00%),P:1e-2	Tpos:69.0,Tstd:0.0,Bpos:0.0,Bstd:0.0,StrandBias:10.0,Multiplicity:1.00
0.100	0.100	0.700	0.100
0.100	0.100	0.700	0.100
0.100	0.100	0.100	0.700
0.100	0.100	0.700	0.100
0.100	0.100	0.100	0.700
0.100	0.100	0.700	0.100
0.100	0.100	0.700	0.100
0.100	0.700	0.100	0.100
0.100	0.700	0.100	0.100
0.700	0.100	0.100	0.100
0.700	0.100	0.100	0.100
0.100	0.700	0.100	0.100
