>KARGRWWMTGGK	1-KARGRWWMTGGK	7.641454	-15.847722	0	T:4.0(57.14%),B:17.0(0.79%),P:1e-6	Tpos:29.8,Tstd:6.6,Bpos:49.9,Bstd:23.4,StrandBias:-1.6,Multiplicity:1.00
0.001	0.001	0.527	0.471
0.997	0.001	0.001	0.001
0.459	0.001	0.539	0.001
0.001	0.001	0.997	0.001
0.460	0.080	0.460	0.001
0.459	0.001	0.001	0.539
0.459	0.001	0.001	0.539
0.459	0.539	0.001	0.001
0.001	0.001	0.001	0.997
0.001	0.001	0.997	0.001
0.001	0.001	0.931	0.067
0.001	0.001	0.471	0.527
>GGAGCTGAGAAG	2-GGAGCTGAGAAG	7.455272	-12.117879	0	T:5.0(71.43%),B:106.0(4.90%),P:1e-5	Tpos:53.0,Tstd:29.7,Bpos:45.9,Bstd:25.9,StrandBias:-1.3,Multiplicity:1.40
0.001	0.001	0.754	0.244
0.122	0.245	0.511	0.122
0.997	0.001	0.001	0.001
0.122	0.122	0.755	0.001
0.001	0.754	0.244	0.001
0.140	0.244	0.001	0.615
0.001	0.001	0.877	0.121
0.633	0.001	0.122	0.244
0.122	0.001	0.755	0.122
0.616	0.140	0.122	0.122
0.492	0.263	0.122	0.122
0.001	0.266	0.489	0.244
>CCTTATCWCAGG	3-CCTTATCWCAGG	8.093328	-10.984881	0	T:4.0(57.14%),B:58.0(2.68%),P:1e-4	Tpos:58.8,Tstd:32.4,Bpos:53.8,Bstd:25.1,StrandBias:-2.0,Multiplicity:1.25
0.001	0.997	0.001	0.001
0.001	0.759	0.239	0.001
0.239	0.001	0.239	0.521
0.001	0.239	0.239	0.521
0.759	0.001	0.001	0.239
0.001	0.239	0.239	0.521
0.001	0.997	0.001	0.001
0.478	0.001	0.001	0.520
0.001	0.759	0.239	0.001
0.997	0.001	0.001	0.001
0.239	0.239	0.521	0.001
0.239	0.281	0.479	0.001
>TGAGGCCTCTGR	4-TGAGGCCTCTGR	8.968525	-10.378050	0	T:3.0(42.86%),B:21.0(0.97%),P:1e-4	Tpos:35.2,Tstd:21.8,Bpos:47.8,Bstd:22.8,StrandBias:0.0,Multiplicity:1.33
0.013	0.027	0.002	0.958
0.001	0.001	0.746	0.252
0.734	0.013	0.252	0.001
0.013	0.001	0.734	0.252
0.001	0.001	0.759	0.239
0.001	0.747	0.013	0.239
0.001	0.718	0.001	0.280
0.001	0.001	0.252	0.746
0.001	0.747	0.013	0.239
0.239	0.001	0.252	0.508
0.001	0.001	0.997	0.001
0.479	0.013	0.506	0.002
>CTGGGTGGTTCC	5-CTGGGTGGTTCC	12.355432	-5.042968	0	T:1.0(14.29%),B:2.0(0.09%),P:1e-2	Tpos:29.0,Tstd:0.0,Bpos:73.0,Bstd:9.0,StrandBias:-10.0,Multiplicity:1.00
0.100	0.700	0.100	0.100
0.100	0.100	0.100	0.700
0.100	0.100	0.700	0.100
0.100	0.100	0.700	0.100
0.100	0.100	0.700	0.100
0.100	0.100	0.100	0.700
0.100	0.100	0.700	0.100
0.100	0.100	0.700	0.100
0.100	0.100	0.100	0.700
0.100	0.100	0.100	0.700
0.100	0.700	0.100	0.100
0.100	0.700	0.100	0.100
