>WCTGGNAAKTGA	1-WCTGGNAAKTGA	8.843910	-21.205934	0	T:5.0(62.50%),B:16.0(0.65%),P:1e-9	Tpos:36.4,Tstd:24.5,Bpos:66.3,Bstd:22.7,StrandBias:0.6,Multiplicity:1.00
0.478	0.001	0.001	0.520
0.239	0.521	0.239	0.001
0.281	0.001	0.239	0.479
0.239	0.001	0.759	0.001
0.001	0.001	0.997	0.001
0.281	0.240	0.240	0.240
0.759	0.001	0.001	0.239
0.997	0.001	0.001	0.001
0.001	0.001	0.520	0.478
0.001	0.001	0.001	0.997
0.001	0.001	0.759	0.239
0.759	0.239	0.001	0.001
>CAGRGKGTKRKM	2-CAGRGKGTKRKM	12.427270	-16.130183	0	T:3.0(37.50%),B:3.0(0.12%),P:1e-7	Tpos:29.7,Tstd:12.5,Bpos:38.3,Bstd:17.9,StrandBias:10.0,Multiplicity:1.00
0.001	0.997	0.001	0.001
0.997	0.001	0.001	0.001
0.001	0.001	0.997	0.001
0.539	0.001	0.459	0.001
0.001	0.001	0.997	0.001
0.001	0.001	0.459	0.539
0.001	0.001	0.997	0.001
0.001	0.001	0.001	0.997
0.001	0.001	0.539	0.459
0.539	0.001	0.459	0.001
0.001	0.001	0.459	0.539
0.539	0.459	0.001	0.001
>KMMARTAAAASW	3-KMMARTAAAASW	9.093888	-16.130183	0	T:3.0(37.50%),B:3.0(0.12%),P:1e-7	Tpos:44.3,Tstd:29.2,Bpos:50.7,Bstd:26.0,StrandBias:-1.0,Multiplicity:1.00
0.001	0.001	0.459	0.539
0.539	0.459	0.001	0.001
0.539	0.459	0.001	0.001
0.997	0.001	0.001	0.001
0.460	0.080	0.460	0.001
0.001	0.001	0.001	0.997
0.997	0.001	0.001	0.001
0.997	0.001	0.001	0.001
0.997	0.001	0.001	0.001
0.997	0.001	0.001	0.001
0.001	0.459	0.539	0.001
0.460	0.001	0.080	0.460
>ATACCCCTAGCY	4-ATACCCCTAGCY	7.115950	-12.484899	0	T:5.0(62.50%),B:93.0(3.75%),P:1e-5	Tpos:50.6,Tstd:34.0,Bpos:47.9,Bstd:28.7,StrandBias:0.4,Multiplicity:1.40
0.612	0.122	0.122	0.144
0.140	0.122	0.122	0.616
0.877	0.001	0.121	0.001
0.001	0.633	0.244	0.122
0.001	0.877	0.001	0.121
0.262	0.492	0.001	0.244
0.122	0.511	0.245	0.122
0.122	0.122	0.245	0.511
0.858	0.001	0.140	0.001
0.265	0.001	0.733	0.001
0.001	0.858	0.140	0.001
0.001	0.489	0.122	0.388
>TCCTTCCTCCCT	5-TCCTTCCTCCCT	12.355432	-5.737581	0	T:1.0(12.50%),B:1.0(0.04%),P:1e-2	Tpos:39.0,Tstd:0.0,Bpos:48.0,Bstd:6.0,StrandBias:-10.0,Multiplicity:1.00
0.100	0.100	0.100	0.700
0.100	0.700	0.100	0.100
0.100	0.700	0.100	0.100
0.100	0.100	0.100	0.700
0.100	0.100	0.100	0.700
0.100	0.700	0.100	0.100
0.100	0.700	0.100	0.100
0.100	0.100	0.100	0.700
0.100	0.700	0.100	0.100
0.100	0.700	0.100	0.100
0.100	0.700	0.100	0.100
0.100	0.100	0.100	0.700
