>GGYRCCTKGRAM	1-GGYRCCTKGRAM	8.950018	-16.130183	0	T:3.0(37.50%),B:3.0(0.12%),P:1e-7	Tpos:62.2,Tstd:14.8,Bpos:48.7,Bstd:24.5,StrandBias:0.0,Multiplicity:1.33
0.001	0.001	0.997	0.001
0.001	0.001	0.995	0.003
0.001	0.459	0.001	0.539
0.460	0.001	0.460	0.080
0.001	0.997	0.001	0.001
0.001	0.997	0.001	0.001
0.071	0.001	0.001	0.927
0.001	0.001	0.539	0.459
0.001	0.001	0.997	0.001
0.539	0.001	0.459	0.001
0.997	0.001	0.001	0.001
0.527	0.471	0.001	0.001
>GGWGMRCKGGCT	2-GGWGMRCKGGCT	13.655076	-12.300630	0	T:2.0(25.00%),B:1.0(0.04%),P:1e-5	Tpos:61.0,Tstd:6.0,Bpos:58.0,Bstd:0.0,StrandBias:0.0,Multiplicity:1.00
0.001	0.001	0.997	0.001
0.001	0.079	0.919	0.001
0.459	0.001	0.001	0.539
0.001	0.079	0.919	0.001
0.459	0.539	0.001	0.001
0.539	0.001	0.459	0.001
0.001	0.997	0.001	0.001
0.001	0.001	0.459	0.539
0.001	0.001	0.997	0.001
0.001	0.001	0.997	0.001
0.001	0.997	0.001	0.001
0.001	0.001	0.001	0.997
>WATAGAAMCAGY	3-WATAGAAMCAGY	12.910061	-12.300630	0	T:2.0(25.00%),B:1.0(0.04%),P:1e-5	Tpos:52.5,Tstd:29.5,Bpos:10.0,Bstd:0.0,StrandBias:0.0,Multiplicity:1.00
0.462	0.001	0.001	0.536
0.629	0.001	0.369	0.001
0.001	0.001	0.001	0.997
0.997	0.001	0.001	0.001
0.001	0.001	0.629	0.369
0.997	0.001	0.001	0.001
0.997	0.001	0.001	0.001
0.536	0.462	0.001	0.001
0.001	0.997	0.001	0.001
0.997	0.001	0.001	0.001
0.369	0.001	0.629	0.001
0.001	0.536	0.001	0.462
>AGAGGAGGGCAG	4-AGAGGAGGGCAG	7.170358	-9.481117	0	T:6.0(75.00%),B:304.0(12.26%),P:1e-4	Tpos:50.5,Tstd:34.6,Bpos:48.6,Bstd:26.2,StrandBias:-0.7,Multiplicity:1.17
0.621	0.001	0.227	0.151
0.227	0.076	0.696	0.001
0.609	0.076	0.239	0.076
0.151	0.001	0.772	0.076
0.227	0.001	0.771	0.001
0.697	0.001	0.151	0.151
0.303	0.001	0.620	0.076
0.239	0.076	0.684	0.001
0.152	0.076	0.620	0.152
0.227	0.609	0.163	0.001
0.621	0.001	0.151	0.227
0.303	0.001	0.695	0.001
>ACAATGTTTCAA	5-ACAATGTTTCAA	12.355432	-5.045845	0	T:1.0(12.50%),B:2.0(0.08%),P:1e-2	Tpos:43.0,Tstd:0.0,Bpos:47.5,Bstd:26.5,StrandBias:10.0,Multiplicity:1.00
0.700	0.100	0.100	0.100
0.100	0.700	0.100	0.100
0.700	0.100	0.100	0.100
0.700	0.100	0.100	0.100
0.100	0.100	0.100	0.700
0.100	0.100	0.700	0.100
0.100	0.100	0.100	0.700
0.100	0.100	0.100	0.700
0.100	0.100	0.100	0.700
0.100	0.700	0.100	0.100
0.700	0.100	0.100	0.100
0.700	0.100	0.100	0.100
