>TCYCCAGACCTC	1-TCYCCAGACCTC	7.109264	-10.701584	0	T:5.0(62.50%),B:134.0(5.41%),P:1e-4	Tpos:43.2,Tstd:20.9,Bpos:48.9,Bstd:25.7,StrandBias:0.0,Multiplicity:1.40
0.244	0.122	0.001	0.633
0.001	0.755	0.122	0.122
0.144	0.367	0.122	0.367
0.001	0.877	0.001	0.121
0.001	0.511	0.244	0.244
0.755	0.122	0.122	0.001
0.122	0.122	0.511	0.245
0.755	0.122	0.001	0.122
0.001	0.877	0.121	0.001
0.001	0.997	0.001	0.001
0.001	0.244	0.122	0.633
0.001	0.633	0.122	0.244
>TWKGTTTCTTTG	2-TWKGTTTCTTTG	8.838412	-7.088043	0	T:3.0(37.50%),B:63.0(2.54%),P:1e-3	Tpos:63.7,Tstd:23.7,Bpos:46.4,Bstd:26.0,StrandBias:-0.4,Multiplicity:2.33
0.386	0.001	0.001	0.612
0.387	0.193	0.001	0.419
0.193	0.001	0.386	0.420
0.001	0.001	0.803	0.195
0.193	0.193	0.001	0.613
0.208	0.001	0.001	0.790
0.001	0.208	0.193	0.598
0.001	0.595	0.196	0.208
0.192	0.001	0.001	0.806
0.001	0.386	0.001	0.612
0.001	0.001	0.001	0.997
0.193	0.001	0.613	0.193
>GGTTAGGTGCAT	3-GGTTAGGTGCAT	12.355432	-5.737581	0	T:1.0(12.50%),B:1.0(0.04%),P:1e-2	Tpos:66.0,Tstd:0.0,Bpos:6.0,Bstd:0.0,StrandBias:10.0,Multiplicity:1.00
0.100	0.100	0.700	0.100
0.100	0.100	0.700	0.100
0.100	0.100	0.100	0.700
0.100	0.100	0.100	0.700
0.700	0.100	0.100	0.100
0.100	0.100	0.700	0.100
0.100	0.100	0.700	0.100
0.100	0.100	0.100	0.700
0.100	0.100	0.700	0.100
0.100	0.700	0.100	0.100
0.700	0.100	0.100	0.100
0.100	0.100	0.100	0.700
>GGTTGGGGGTGG	4-GGTTGGGGGTGG	12.355432	-5.045845	0	T:1.0(12.50%),B:2.0(0.08%),P:1e-2	Tpos:11.0,Tstd:0.0,Bpos:68.0,Bstd:17.0,StrandBias:-10.0,Multiplicity:1.00
0.100	0.100	0.700	0.100
0.100	0.100	0.700	0.100
0.100	0.100	0.100	0.700
0.100	0.100	0.100	0.700
0.100	0.100	0.700	0.100
0.100	0.100	0.700	0.100
0.100	0.100	0.700	0.100
0.100	0.100	0.700	0.100
0.100	0.100	0.700	0.100
0.100	0.100	0.100	0.700
0.100	0.100	0.700	0.100
0.100	0.100	0.700	0.100
>CCCTCCCTCCCC	5-CCCTCCCTCCCC	12.355432	-5.045845	0	T:1.0(12.50%),B:2.0(0.08%),P:1e-2	Tpos:12.0,Tstd:0.0,Bpos:59.5,Bstd:15.5,StrandBias:-10.0,Multiplicity:1.00
0.100	0.700	0.100	0.100
0.100	0.700	0.100	0.100
0.100	0.700	0.100	0.100
0.100	0.100	0.100	0.700
0.100	0.700	0.100	0.100
0.100	0.700	0.100	0.100
0.100	0.700	0.100	0.100
0.100	0.100	0.100	0.700
0.100	0.700	0.100	0.100
0.100	0.700	0.100	0.100
0.100	0.700	0.100	0.100
0.100	0.700	0.100	0.100
