>ACAKSRCSCT	1-ACAKSRCSCT	8.771921	-14.600734	0	T:3.0(37.50%),B:5.0(0.20%),P:1e-6	Tpos:61.2,Tstd:24.4,Bpos:49.4,Bstd:30.7,StrandBias:-2.0,Multiplicity:1.33
0.997	0.001	0.001	0.001
0.001	0.997	0.001	0.001
0.997	0.001	0.001	0.001
0.001	0.001	0.539	0.459
0.001	0.500	0.460	0.040
0.459	0.001	0.539	0.001
0.001	0.997	0.001	0.001
0.001	0.539	0.459	0.001
0.001	0.997	0.001	0.001
0.001	0.001	0.001	0.997
>CACTGCCAGT	2-CACTGCCAGT	11.646717	-12.300630	0	T:2.0(25.00%),B:1.0(0.04%),P:1e-5	Tpos:48.0,Tstd:34.4,Bpos:8.0,Bstd:0.0,StrandBias:0.4,Multiplicity:2.00
0.001	0.997	0.001	0.001
0.997	0.001	0.001	0.001
0.188	0.810	0.001	0.001
0.001	0.001	0.001	0.997
0.001	0.001	0.997	0.001
0.001	0.594	0.404	0.001
0.001	0.997	0.001	0.001
0.997	0.001	0.001	0.001
0.001	0.001	0.997	0.001
0.001	0.001	0.001	0.997
>GGGCACGHGA	3-GGGCACGHGA	6.435274	-9.894218	0	T:4.0(50.00%),B:74.0(2.99%),P:1e-4	Tpos:47.0,Tstd:26.4,Bpos:52.1,Bstd:25.5,StrandBias:0.0,Multiplicity:1.50
0.314	0.001	0.684	0.001
0.001	0.001	0.997	0.001
0.001	0.001	0.997	0.001
0.314	0.684	0.001	0.001
0.997	0.001	0.001	0.001
0.001	0.637	0.361	0.001
0.369	0.001	0.629	0.001
0.315	0.315	0.008	0.362
0.001	0.314	0.684	0.001
0.997	0.001	0.001	0.001
>AGTGHAHTDC	4-AGTGHAHTDC	8.625644	-8.272301	0	T:3.0(37.50%),B:42.0(1.69%),P:1e-3	Tpos:44.5,Tstd:22.9,Bpos:45.7,Bstd:26.1,StrandBias:-1.6,Multiplicity:1.33
0.684	0.001	0.001	0.314
0.001	0.314	0.684	0.001
0.001	0.001	0.314	0.684
0.001	0.001	0.997	0.001
0.315	0.369	0.001	0.315
0.997	0.001	0.001	0.001
0.369	0.315	0.001	0.315
0.001	0.001	0.001	0.997
0.315	0.001	0.369	0.315
0.001	0.997	0.001	0.001
>GGTGCCCCCT	5-GGTGCCCCCT	10.296193	-5.045845	0	T:1.0(12.50%),B:2.0(0.08%),P:1e-2	Tpos:55.0,Tstd:0.0,Bpos:36.5,Bstd:12.5,StrandBias:-10.0,Multiplicity:1.00
0.100	0.100	0.700	0.100
0.100	0.100	0.700	0.100
0.100	0.100	0.100	0.700
0.100	0.100	0.700	0.100
0.100	0.700	0.100	0.100
0.100	0.700	0.100	0.100
0.100	0.700	0.100	0.100
0.100	0.700	0.100	0.100
0.100	0.700	0.100	0.100
0.100	0.100	0.100	0.700
