>GGTAAGGT	1-GGTAAGGT	6.896605	-13.970158	0	T:10.0(7.81%),B:1591.0(1.01%),P:1e-6	Tpos:52.5,Tstd:22.4,Bpos:50.8,Bstd:27.9,StrandBias:-1.4,Multiplicity:1.10
0.001	0.001	0.997	0.001
0.001	0.120	0.878	0.001
0.001	0.001	0.001	0.997
0.997	0.001	0.001	0.001
0.997	0.001	0.001	0.001
0.147	0.001	0.851	0.001
0.150	0.001	0.848	0.001
0.001	0.001	0.001	0.997
>TTCAGGAT	2-TTCAGGAT	6.424035	-12.921030	0	T:22.0(17.19%),B:8773.0(5.58%),P:1e-5	Tpos:50.2,Tstd:27.9,Bpos:50.1,Bstd:27.7,StrandBias:-0.7,Multiplicity:1.09
0.001	0.001	0.054	0.944
0.001	0.033	0.035	0.931
0.073	0.925	0.001	0.001
0.869	0.001	0.001	0.129
0.001	0.131	0.793	0.075
0.052	0.051	0.827	0.070
0.846	0.001	0.043	0.110
0.024	0.037	0.031	0.908
>TAACACTC	3-TAACACTC	7.007773	-12.858906	0	T:18.0(14.06%),B:6120.0(3.89%),P:1e-5	Tpos:41.9,Tstd:26.1,Bpos:49.8,Bstd:27.0,StrandBias:-0.2,Multiplicity:1.06
0.042	0.061	0.001	0.896
0.948	0.050	0.001	0.001
0.758	0.081	0.069	0.092
0.001	0.926	0.072	0.001
0.859	0.074	0.001	0.066
0.074	0.782	0.077	0.067
0.001	0.001	0.001	0.997
0.001	0.901	0.043	0.055
>KGTCTGTT	4-KGTCTGTT	5.419193	-12.240141	0	T:15.0(11.72%),B:4537.0(2.88%),P:1e-5	Tpos:39.8,Tstd:28.5,Bpos:50.3,Bstd:26.9,StrandBias:0.0,Multiplicity:1.07
0.001	0.001	0.511	0.487
0.408	0.001	0.590	0.001
0.001	0.001	0.001	0.997
0.353	0.643	0.003	0.001
0.001	0.001	0.001	0.997
0.001	0.001	0.997	0.001
0.026	0.001	0.001	0.972
0.001	0.001	0.001	0.997
>TCTTAAAC	5-TCTTAAAC	7.411769	-11.848699	0	T:12.0(9.38%),B:3003.0(1.91%),P:1e-5	Tpos:41.6,Tstd:28.3,Bpos:49.8,Bstd:27.0,StrandBias:1.2,Multiplicity:1.08
0.089	0.001	0.001	0.909
0.119	0.829	0.001	0.051
0.001	0.069	0.001	0.929
0.001	0.223	0.037	0.739
0.997	0.001	0.001	0.001
0.915	0.001	0.083	0.001
0.861	0.060	0.078	0.001
0.055	0.892	0.052	0.001
