>TAGGTGTA	1-TAGGTGTA	5.910347	-15.842464	0	T:18.0(14.06%),B:4965.0(3.16%),P:1e-6	Tpos:46.6,Tstd:28.1,Bpos:50.0,Bstd:26.6,StrandBias:0.0,Multiplicity:1.11
0.001	0.050	0.069	0.880
0.759	0.117	0.053	0.071
0.001	0.001	0.997	0.001
0.001	0.001	0.997	0.001
0.079	0.001	0.084	0.836
0.001	0.001	0.916	0.082
0.001	0.053	0.037	0.909
0.780	0.079	0.076	0.065
>GTTGAAWG	2-GTTGAAWG	6.050412	-14.400718	0	T:25.0(19.53%),B:10090.0(6.41%),P:1e-6	Tpos:54.6,Tstd:25.0,Bpos:50.0,Bstd:27.3,StrandBias:0.0,Multiplicity:1.04
0.194	0.001	0.738	0.067
0.080	0.001	0.078	0.841
0.001	0.001	0.052	0.946
0.016	0.163	0.820	0.001
0.843	0.155	0.001	0.001
0.876	0.001	0.001	0.122
0.426	0.001	0.001	0.572
0.016	0.011	0.871	0.102
>TGCCAGCT	3-TGCCAGCT	7.408710	-13.679785	0	T:21.0(16.41%),B:7696.0(4.89%),P:1e-5	Tpos:49.7,Tstd:25.2,Bpos:49.9,Bstd:27.5,StrandBias:0.0,Multiplicity:1.05
0.181	0.001	0.201	0.617
0.064	0.100	0.835	0.001
0.038	0.845	0.001	0.116
0.122	0.876	0.001	0.001
0.926	0.001	0.072	0.001
0.001	0.001	0.963	0.035
0.001	0.997	0.001	0.001
0.001	0.029	0.001	0.969
>ACAAAGAT	4-ACAAAGAT	6.950650	-12.875213	0	T:24.0(18.75%),B:10239.0(6.51%),P:1e-5	Tpos:50.6,Tstd:27.6,Bpos:50.2,Bstd:26.6,StrandBias:-0.8,Multiplicity:1.17
0.934	0.001	0.064	0.001
0.046	0.911	0.042	0.001
0.922	0.076	0.001	0.001
0.896	0.001	0.102	0.001
0.714	0.149	0.069	0.068
0.001	0.001	0.997	0.001
0.899	0.001	0.054	0.046
0.126	0.038	0.068	0.768
>TCGACCAT	5-TCGACCAT	7.743629	-11.770491	0	T:9.0(7.03%),B:1607.0(1.02%),P:1e-5	Tpos:55.4,Tstd:28.3,Bpos:49.8,Bstd:27.9,StrandBias:0.2,Multiplicity:1.44
0.001	0.001	0.001	0.997
0.001	0.733	0.175	0.091
0.001	0.245	0.676	0.078
0.912	0.001	0.086	0.001
0.001	0.836	0.001	0.162
0.001	0.997	0.001	0.001
0.997	0.001	0.001	0.001
0.001	0.001	0.001	0.997
