>TTTCTCTTTATT	1-TTTCTCTTTATT	10.294753	-18.515771	0	T:4.0(3.12%),B:27.0(0.02%),P:1e-8	Tpos:52.5,Tstd:24.8,Bpos:51.4,Bstd:25.0,StrandBias:-10.0,Multiplicity:1.50
0.001	0.001	0.001	0.997
0.161	0.001	0.001	0.837
0.075	0.001	0.075	0.849
0.001	0.997	0.001	0.001
0.001	0.001	0.001	0.997
0.001	0.997	0.001	0.001
0.001	0.150	0.001	0.848
0.001	0.001	0.001	0.997
0.001	0.001	0.001	0.997
0.997	0.001	0.001	0.001
0.001	0.001	0.001	0.997
0.001	0.001	0.001	0.997
>CACCCTRGCTKT	2-CACCCTRGCTKT	9.094440	-17.476721	0	T:5.0(3.91%),B:100.0(0.06%),P:1e-7	Tpos:48.1,Tstd:29.6,Bpos:49.0,Bstd:25.1,StrandBias:-0.4,Multiplicity:1.40
0.001	0.973	0.025	0.001
0.997	0.001	0.001	0.001
0.001	0.997	0.001	0.001
0.001	0.997	0.001	0.001
0.001	0.997	0.001	0.001
0.410	0.001	0.026	0.563
0.509	0.001	0.489	0.001
0.001	0.001	0.997	0.001
0.001	0.997	0.001	0.001
0.001	0.001	0.001	0.997
0.079	0.001	0.410	0.510
0.001	0.001	0.001	0.997
>TTGSTCACMCTG	3-TTGSTCACMCTG	11.018146	-16.327882	0	T:6.0(4.69%),B:254.0(0.16%),P:1e-7	Tpos:52.7,Tstd:29.5,Bpos:49.4,Bstd:24.7,StrandBias:0.4,Multiplicity:1.17
0.001	0.009	0.001	0.989
0.001	0.001	0.179	0.819
0.001	0.001	0.997	0.001
0.001	0.531	0.467	0.001
0.001	0.110	0.001	0.888
0.111	0.530	0.196	0.163
0.683	0.175	0.001	0.141
0.001	0.997	0.001	0.001
0.478	0.337	0.183	0.001
0.001	0.512	0.200	0.287
0.001	0.001	0.001	0.997
0.001	0.174	0.824	0.001
>CCACTAGGCCAC	4-CCACTAGGCCAC	12.943881	-14.849670	0	T:3.0(2.34%),B:16.0(0.01%),P:1e-6	Tpos:40.0,Tstd:20.9,Bpos:55.9,Bstd:25.4,StrandBias:2.0,Multiplicity:1.67
0.001	0.997	0.001	0.001
0.001	0.997	0.001	0.001
0.772	0.001	0.001	0.226
0.001	0.791	0.207	0.001
0.001	0.001	0.207	0.791
0.997	0.001	0.001	0.001
0.001	0.001	0.997	0.001
0.001	0.001	0.772	0.226
0.001	0.997	0.001	0.001
0.001	0.997	0.001	0.001
0.997	0.001	0.001	0.001
0.001	0.997	0.001	0.001
>AATAAAAAAACV	5-AATAAAAAAACV	12.136873	-12.480125	0	T:5.0(3.91%),B:278.0(0.18%),P:1e-5	Tpos:52.4,Tstd:24.7,Bpos:52.4,Bstd:25.6,StrandBias:0.6,Multiplicity:1.00
0.992	0.001	0.001	0.006
0.609	0.001	0.389	0.001
0.318	0.001	0.010	0.671
0.704	0.001	0.294	0.001
0.975	0.001	0.023	0.001
0.690	0.001	0.308	0.001
0.997	0.001	0.001	0.001
0.997	0.001	0.001	0.001
0.997	0.001	0.001	0.001
0.997	0.001	0.001	0.001
0.026	0.962	0.011	0.001
0.327	0.376	0.296	0.001
>CAGWCCCYACCC	6-CAGWCCCYACCC	11.260199	-9.005024	0	T:4.0(3.12%),B:304.0(0.19%),P:1e-3	Tpos:70.8,Tstd:16.0,Bpos:48.6,Bstd:25.5,StrandBias:1.0,Multiplicity:1.50
0.001	0.997	0.001	0.001
0.997	0.001	0.001	0.001
0.001	0.001	0.997	0.001
0.450	0.001	0.026	0.523
0.001	0.997	0.001	0.001
0.001	0.619	0.001	0.379
0.001	0.997	0.001	0.001
0.001	0.476	0.001	0.522
0.619	0.001	0.379	0.001
0.001	0.997	0.001	0.001
0.001	0.997	0.001	0.001
0.001	0.997	0.001	0.001
>GAAAAAAAAAAA	7-GAAAAAAAAAAA	12.109484	-7.122464	0	T:4.0(3.12%),B:502.0(0.32%),P:1e-3	Tpos:66.8,Tstd:10.3,Bpos:54.6,Bstd:24.5,StrandBias:-0.8,Multiplicity:1.00
0.358	0.001	0.637	0.004
0.896	0.001	0.095	0.008
0.907	0.001	0.091	0.001
0.678	0.001	0.320	0.001
0.537	0.001	0.234	0.228
0.997	0.001	0.001	0.001
0.609	0.001	0.001	0.389
0.997	0.001	0.001	0.001
0.997	0.001	0.001	0.001
0.997	0.001	0.001	0.001
0.837	0.001	0.001	0.161
0.928	0.001	0.070	0.001
