>CCAATTAAAA	1-CCAATTAAAA	10.758251	-19.358878	0	T:7.0(5.47%),B:275.0(0.17%),P:1e-8	Tpos:38.9,Tstd:20.7,Bpos:50.5,Bstd:25.1,StrandBias:1.3,Multiplicity:1.00
0.111	0.887	0.001	0.001
0.001	0.748	0.250	0.001
0.846	0.001	0.001	0.152
0.997	0.001	0.001	0.001
0.001	0.001	0.001	0.997
0.001	0.097	0.102	0.800
0.997	0.001	0.001	0.001
0.997	0.001	0.001	0.001
0.836	0.162	0.001	0.001
0.997	0.001	0.001	0.001
>ACGCCCTCAG	2-ACGCCCTCAG	8.556534	-18.709864	0	T:13.0(10.16%),B:1917.0(1.22%),P:1e-8	Tpos:51.9,Tstd:27.6,Bpos:50.2,Bstd:27.5,StrandBias:0.4,Multiplicity:1.17
0.997	0.001	0.001	0.001
0.106	0.714	0.179	0.001
0.198	0.208	0.501	0.093
0.185	0.590	0.224	0.001
0.131	0.705	0.163	0.001
0.001	0.997	0.001	0.001
0.108	0.001	0.001	0.890
0.001	0.997	0.001	0.001
0.997	0.001	0.001	0.001
0.001	0.096	0.615	0.288
>CCTTTTCTCT	3-CCTTTTCTCT	10.306842	-15.365827	0	T:9.0(7.03%),B:1032.0(0.66%),P:1e-6	Tpos:54.8,Tstd:28.7,Bpos:49.6,Bstd:27.0,StrandBias:-1.8,Multiplicity:1.00
0.001	0.997	0.001	0.001
0.001	0.997	0.001	0.001
0.001	0.070	0.001	0.928
0.001	0.001	0.001	0.997
0.001	0.070	0.001	0.928
0.001	0.067	0.087	0.845
0.001	0.890	0.001	0.108
0.001	0.064	0.164	0.771
0.121	0.804	0.001	0.074
0.093	0.001	0.001	0.905
>CTGGCTGGAT	4-CTGGCTGGAT	11.003561	-13.128594	0	T:6.0(4.69%),B:442.0(0.28%),P:1e-5	Tpos:67.6,Tstd:17.9,Bpos:51.2,Bstd:26.9,StrandBias:-0.4,Multiplicity:1.17
0.001	0.821	0.177	0.001
0.146	0.001	0.001	0.852
0.001	0.001	0.997	0.001
0.168	0.001	0.830	0.001
0.001	0.997	0.001	0.001
0.146	0.001	0.001	0.852
0.001	0.001	0.997	0.001
0.001	0.001	0.997	0.001
0.916	0.082	0.001	0.001
0.128	0.001	0.001	0.870
>GCTTCAGAGA	5-GCTTCAGAGA	9.563502	-10.542916	0	T:5.0(3.91%),B:417.0(0.27%),P:1e-4	Tpos:45.1,Tstd:28.0,Bpos:48.8,Bstd:26.9,StrandBias:-1.6,Multiplicity:1.60
0.001	0.422	0.576	0.001
0.001	0.992	0.001	0.006
0.001	0.042	0.001	0.956
0.001	0.001	0.001	0.997
0.001	0.997	0.001	0.001
0.997	0.001	0.001	0.001
0.001	0.001	0.997	0.001
0.997	0.001	0.001	0.001
0.422	0.001	0.576	0.001
0.997	0.001	0.001	0.001
>ATGCGCCCAG	6-ATGCGCCCAG	8.945018	-9.186186	0	T:7.0(5.47%),B:1297.0(0.82%),P:1e-3	Tpos:57.9,Tstd:25.8,Bpos:49.9,Bstd:26.7,StrandBias:0.3,Multiplicity:1.29
0.829	0.169	0.001	0.001
0.001	0.001	0.175	0.823
0.001	0.001	0.997	0.001
0.001	0.565	0.225	0.209
0.209	0.165	0.625	0.001
0.225	0.423	0.187	0.165
0.001	0.997	0.001	0.001
0.001	0.997	0.001	0.001
0.806	0.001	0.001	0.192
0.001	0.001	0.997	0.001
>GCGTCTACGG	7-GCGTCTACGG	10.296193	-6.421845	0	T:1.0(0.78%),B:2.0(0.00%),P:1e-2	Tpos:50.3,Tstd:31.9,Bpos:58.0,Bstd:31.0,StrandBias:10.0,Multiplicity:3.00
0.100	0.100	0.700	0.100
0.100	0.700	0.100	0.100
0.100	0.100	0.700	0.100
0.100	0.100	0.100	0.700
0.100	0.700	0.100	0.100
0.100	0.100	0.100	0.700
0.700	0.100	0.100	0.100
0.100	0.700	0.100	0.100
0.100	0.100	0.700	0.100
0.100	0.100	0.700	0.100
