>GACCGCAC	1-GACCGCAC	7.092242	-18.942291	0	T:11.0(22.92%),B:45.7(2.22%),P:1e-8,FDR:0.4	Tpos:65.7,Tstd:20.8,Bpos:57.7,Bstd:39.5,StrandBias:1.6,Multiplicity:1.09
0.130	0.076	0.664	0.130
0.869	0.001	0.001	0.129
0.001	0.869	0.001	0.129
0.076	0.831	0.001	0.092
0.048	0.001	0.909	0.042
0.001	0.997	0.001	0.001
0.923	0.075	0.001	0.001
0.001	0.997	0.001	0.001
>CCAAGCTS	2-CCAAGCTS	6.267471	-15.128281	0	T:18.0(37.50%),B:201.8(9.81%),P:1e-6,FDR:0.4	Tpos:58.7,Tstd:27.1,Bpos:51.4,Bstd:28.0,StrandBias:0.9,Multiplicity:1.17
0.362	0.524	0.001	0.113
0.070	0.839	0.001	0.090
0.861	0.137	0.001	0.001
0.903	0.001	0.095	0.001
0.150	0.244	0.495	0.110
0.001	0.928	0.070	0.001
0.001	0.001	0.001	0.997
0.064	0.365	0.479	0.092
>AAAACTGA	3-AAAACTGA	8.112042	-10.570352	0	T:6.0(12.50%),B:25.1(1.22%),P:1e-4,FDR:0.866666666666667	Tpos:61.1,Tstd:21.7,Bpos:55.1,Bstd:33.2,StrandBias:0.4,Multiplicity:1.17
0.997	0.001	0.001	0.001
0.997	0.001	0.001	0.001
0.658	0.142	0.001	0.199
0.906	0.001	0.001	0.092
0.001	0.800	0.001	0.198
0.070	0.001	0.001	0.928
0.001	0.001	0.997	0.001
0.776	0.107	0.116	0.001
>GCGCGCGT	4-GCGCGCGT	8.909662	-7.777762	0	T:5.0(10.42%),B:27.7(1.35%),P:1e-3,FDR:0.9	Tpos:69.6,Tstd:13.0,Bpos:67.0,Bstd:49.4,StrandBias:-0.3,Multiplicity:1.20
0.001	0.001	0.997	0.001
0.001	0.997	0.001	0.001
0.001	0.001	0.997	0.001
0.001	0.997	0.001	0.001
0.001	0.001	0.997	0.001
0.001	0.705	0.001	0.293
0.022	0.001	0.976	0.001
0.001	0.401	0.001	0.597
>GACTTGAC	5-GACTTGAC	8.236954	-6.871367	0	T:2.0(4.17%),B:3.0(0.14%),P:1e-2,FDR:0.9	Tpos:39.0,Tstd:20.0,Bpos:43.0,Bstd:0.0,StrandBias:1.0,Multiplicity:1.50
0.100	0.100	0.700	0.100
0.700	0.100	0.100	0.100
0.100	0.700	0.100	0.100
0.100	0.100	0.100	0.700
0.100	0.100	0.100	0.700
0.100	0.100	0.700	0.100
0.700	0.100	0.100	0.100
0.100	0.700	0.100	0.100
