>AAACTCAG	1-AAACTCAG	8.176440	-30.054021	0	T:28.0(8.36%),B:37.6(1.42%),P:1e-13,FDR:0.2	Tpos:47.1,Tstd:24.7,Bpos:61.8,Bstd:32.1,StrandBias:0.1,Multiplicity:1.04
0.997	0.001	0.001	0.001
0.997	0.001	0.001	0.001
0.850	0.001	0.148	0.001
0.001	0.997	0.001	0.001
0.001	0.001	0.001	0.997
0.001	0.933	0.001	0.065
0.997	0.001	0.001	0.001
0.001	0.001	0.997	0.001
>GKTGWTTA	2-GKTGWTTA	5.940420	-30.022967	0	T:62.0(18.51%),B:172.1(6.48%),P:1e-13,FDR:0.2	Tpos:51.7,Tstd:27.7,Bpos:51.2,Bstd:35.8,StrandBias:0.0,Multiplicity:1.15
0.089	0.101	0.739	0.071
0.080	0.111	0.389	0.420
0.055	0.001	0.124	0.820
0.084	0.032	0.558	0.326
0.459	0.108	0.001	0.432
0.097	0.126	0.018	0.759
0.155	0.098	0.038	0.709
0.689	0.001	0.027	0.283
>TCAACCGG	3-TCAACCGG	6.450976	-25.636808	0	T:11.0(3.28%),B:4.2(0.16%),P:1e-11,FDR:0.2	Tpos:45.7,Tstd:24.6,Bpos:30.3,Bstd:20.2,StrandBias:0.0,Multiplicity:1.00
0.001	0.001	0.001	0.997
0.001	0.956	0.001	0.042
0.997	0.001	0.001	0.001
0.997	0.001	0.001	0.001
0.001	0.680	0.001	0.318
0.001	0.766	0.001	0.232
0.001	0.001	0.997	0.001
0.001	0.001	0.956	0.042
>GGTGGGTG	4-GGTGGGTG	7.761547	-21.458364	0	T:21.0(6.27%),B:30.8(1.16%),P:1e-9,FDR:0.2	Tpos:47.9,Tstd:26.2,Bpos:45.2,Bstd:29.0,StrandBias:-0.6,Multiplicity:1.19
0.001	0.001	0.997	0.001
0.001	0.001	0.997	0.001
0.001	0.103	0.062	0.834
0.175	0.001	0.823	0.001
0.001	0.001	0.997	0.001
0.001	0.001	0.997	0.001
0.001	0.001	0.001	0.997
0.053	0.001	0.945	0.001
>GTTTCCAC	5-GTTTCCAC	9.599646	-20.889986	0	T:13.0(3.88%),B:10.4(0.39%),P:1e-9,FDR:0.2	Tpos:49.5,Tstd:28.7,Bpos:55.7,Bstd:30.3,StrandBias:0.7,Multiplicity:1.00
0.001	0.001	0.997	0.001
0.001	0.001	0.001	0.997
0.001	0.001	0.001	0.997
0.001	0.001	0.001	0.997
0.001	0.997	0.001	0.001
0.230	0.768	0.001	0.001
0.997	0.001	0.001	0.001
0.001	0.997	0.001	0.001
>TTGTTGAT	6-TTGTTGAT	7.435812	-20.013254	0	T:37.0(11.04%),B:96.0(3.61%),P:1e-8,FDR:0.2	Tpos:50.6,Tstd:27.4,Bpos:54.6,Bstd:38.4,StrandBias:0.2,Multiplicity:1.27
0.027	0.084	0.139	0.750
0.248	0.001	0.197	0.554
0.020	0.206	0.715	0.059
0.057	0.088	0.026	0.829
0.064	0.001	0.001	0.934
0.091	0.001	0.782	0.126
0.502	0.152	0.192	0.154
0.001	0.001	0.064	0.934
>AGAAAATA	7-AGAAAATA	7.984819	-19.695309	0	T:34.0(10.15%),B:83.4(3.14%),P:1e-8,FDR:0.2	Tpos:56.3,Tstd:23.9,Bpos:48.4,Bstd:34.0,StrandBias:-0.7,Multiplicity:1.06
0.997	0.001	0.001	0.001
0.072	0.001	0.926	0.001
0.861	0.001	0.137	0.001
0.724	0.001	0.274	0.001
0.744	0.115	0.140	0.001
0.997	0.001	0.001	0.001
0.001	0.001	0.001	0.997
0.681	0.001	0.317	0.001
>TCCTCTYG	8-TCCTCTYG	6.409302	-18.825374	0	T:34.0(10.15%),B:86.1(3.24%),P:1e-8,FDR:0.2	Tpos:43.9,Tstd:29.3,Bpos:48.3,Bstd:24.8,StrandBias:-0.5,Multiplicity:1.10
0.001	0.001	0.001	0.997
0.001	0.657	0.001	0.341
0.001	0.997	0.001	0.001
0.001	0.001	0.001	0.997
0.001	0.997	0.001	0.001
0.001	0.001	0.001	0.997
0.001	0.536	0.001	0.462
0.001	0.031	0.967	0.001
