>CAAACTCAGG	1-CAAACTCAGG	10.716718	-49.097128	0	T:15.0(4.48%),B:2.4(0.09%),P:1e-21,FDR:0.2	Tpos:54.5,Tstd:23.7,Bpos:82.8,Bstd:15.6,StrandBias:-0.2,Multiplicity:1.00
0.053	0.893	0.001	0.053
0.997	0.001	0.001	0.001
0.946	0.001	0.001	0.052
0.997	0.001	0.001	0.001
0.001	0.997	0.001	0.001
0.001	0.001	0.001	0.997
0.001	0.946	0.001	0.052
0.997	0.001	0.001	0.001
0.001	0.001	0.997	0.001
0.001	0.001	0.997	0.001
>TTTGTTTGYA	2-TTTGTTTGYA	10.764250	-38.925842	0	T:15.0(4.48%),B:4.7(0.18%),P:1e-16,FDR:0.2	Tpos:47.7,Tstd:22.5,Bpos:47.3,Bstd:17.4,StrandBias:0.2,Multiplicity:1.00
0.001	0.042	0.275	0.682
0.002	0.001	0.001	0.996
0.014	0.001	0.001	0.984
0.001	0.003	0.993	0.003
0.001	0.003	0.010	0.986
0.001	0.223	0.001	0.775
0.001	0.001	0.001	0.997
0.007	0.224	0.726	0.043
0.001	0.551	0.001	0.447
0.775	0.223	0.001	0.001
>GCAGGAAATA	3-GCAGGAAATA	10.715606	-34.663493	0	T:17.0(5.07%),B:8.9(0.33%),P:1e-15,FDR:0.2	Tpos:50.1,Tstd:23.7,Bpos:64.4,Bstd:20.4,StrandBias:-0.9,Multiplicity:1.00
0.001	0.001	0.934	0.064
0.064	0.934	0.001	0.001
0.997	0.001	0.001	0.001
0.001	0.001	0.997	0.001
0.001	0.001	0.934	0.064
0.997	0.001	0.001	0.001
0.997	0.001	0.001	0.001
0.869	0.065	0.065	0.001
0.001	0.001	0.001	0.997
0.899	0.001	0.035	0.065
>ACTGACTGGC	4-ACTGACTGGC	9.138158	-28.840721	0	T:12.0(3.58%),B:4.7(0.18%),P:1e-12,FDR:0.2	Tpos:54.1,Tstd:22.9,Bpos:52.7,Bstd:21.1,StrandBias:1.3,Multiplicity:1.17
0.736	0.088	0.088	0.088
0.001	0.911	0.001	0.087
0.087	0.001	0.001	0.911
0.001	0.203	0.795	0.001
0.997	0.001	0.001	0.001
0.001	0.911	0.001	0.087
0.001	0.001	0.001	0.997
0.001	0.001	0.911	0.087
0.001	0.087	0.911	0.001
0.001	0.997	0.001	0.001
>TTCCGTGACC	5-TTCCGTGACC	6.545489	-27.358793	0	T:8.0(2.39%),B:1.8(0.07%),P:1e-11,FDR:0.2	Tpos:55.3,Tstd:18.0,Bpos:57.0,Bstd:4.5,StrandBias:0.3,Multiplicity:1.12
0.001	0.001	0.001	0.997
0.001	0.001	0.001	0.997
0.001	0.997	0.001	0.001
0.001	0.997	0.001	0.001
0.001	0.268	0.730	0.001
0.001	0.001	0.001	0.997
0.001	0.001	0.997	0.001
0.680	0.001	0.001	0.318
0.001	0.997	0.001	0.001
0.001	0.997	0.001	0.001
>GTTGGTTGAT	6-GTTGGTTGAT	7.775179	-26.725904	0	T:22.0(6.57%),B:25.9(0.98%),P:1e-11,FDR:0.2	Tpos:57.0,Tstd:29.9,Bpos:43.1,Bstd:34.6,StrandBias:0.9,Multiplicity:1.18
0.001	0.007	0.826	0.166
0.001	0.001	0.001	0.997
0.001	0.001	0.001	0.997
0.001	0.001	0.594	0.404
0.001	0.001	0.997	0.001
0.001	0.001	0.001	0.997
0.001	0.001	0.001	0.997
0.001	0.404	0.594	0.001
0.936	0.001	0.062	0.001
0.001	0.001	0.001	0.997
>AGGAAGTGTG	7-AGGAAGTGTG	7.564225	-19.065506	0	T:36.0(10.75%),B:94.9(3.57%),P:1e-8,FDR:0.342857142857143	Tpos:49.2,Tstd:24.7,Bpos:48.7,Bstd:31.6,StrandBias:0.5,Multiplicity:1.25
0.735	0.028	0.155	0.082
0.001	0.026	0.972	0.001
0.082	0.027	0.861	0.030
0.809	0.109	0.055	0.027
0.785	0.001	0.106	0.108
0.091	0.029	0.852	0.028
0.109	0.027	0.054	0.810
0.027	0.109	0.825	0.039
0.074	0.082	0.150	0.694
0.112	0.109	0.670	0.109
>GTTGTTGTTG	8-GTTGTTGTTG	10.137770	-5.749995	0	T:8.0(2.39%),B:19.3(0.73%),P:1e-2,FDR:0.95	Tpos:58.4,Tstd:25.9,Bpos:48.0,Bstd:38.7,StrandBias:0.1,Multiplicity:1.50
0.177	0.001	0.821	0.001
0.001	0.092	0.046	0.861
0.001	0.001	0.001	0.997
0.046	0.001	0.907	0.046
0.001	0.062	0.001	0.936
0.001	0.001	0.001	0.997
0.046	0.001	0.952	0.001
0.001	0.092	0.001	0.906
0.001	0.001	0.001	0.997
0.047	0.047	0.810	0.096
>AGTGTAAACAAA	1-AGTGTAAACAAA	11.242214	-59.381357	0	T:15.0(4.48%),B:0.9(0.03%),P:1e-25,FDR:0.2	Tpos:46.7,Tstd:26.4,Bpos:47.7,Bstd:11.8,StrandBias:1.0,Multiplicity:1.00
0.726	0.001	0.001	0.272
0.001	0.001	0.731	0.267
0.133	0.001	0.001	0.865
0.001	0.001	0.865	0.133
0.134	0.134	0.047	0.685
0.865	0.001	0.133	0.001
0.597	0.001	0.134	0.268
0.997	0.001	0.001	0.001
0.001	0.860	0.001	0.138
0.997	0.001	0.001	0.001
0.865	0.001	0.001	0.133
0.997	0.001	0.001	0.001
>GGAAATAGTAGA	2-GGAAATAGTAGA	10.458601	-40.913123	0	T:13.0(3.88%),B:2.5(0.09%),P:1e-17,FDR:0.2	Tpos:52.5,Tstd:23.0,Bpos:62.0,Bstd:0.0,StrandBias:-0.2,Multiplicity:1.00
0.001	0.001	0.997	0.001
0.001	0.001	0.971	0.027
0.997	0.001	0.001	0.001
0.997	0.001	0.001	0.001
0.997	0.001	0.001	0.001
0.001	0.001	0.001	0.997
0.971	0.001	0.001	0.027
0.198	0.001	0.800	0.001
0.001	0.001	0.001	0.997
0.680	0.318	0.001	0.001
0.318	0.001	0.680	0.001
0.997	0.001	0.001	0.001
>STCASAAAGWWA	3-STCASAAAGWWA	9.837081	-40.913123	0	T:13.0(3.88%),B:2.1(0.08%),P:1e-17,FDR:0.2	Tpos:50.0,Tstd:23.9,Bpos:78.8,Bstd:13.2,StrandBias:0.8,Multiplicity:1.00
0.001	0.459	0.535	0.005
0.001	0.001	0.405	0.593
0.001	0.997	0.001	0.001
0.997	0.001	0.001	0.001
0.041	0.405	0.553	0.001
0.575	0.001	0.423	0.001
0.869	0.129	0.001	0.001
0.993	0.001	0.005	0.001
0.005	0.001	0.993	0.001
0.539	0.001	0.001	0.459
0.552	0.001	0.001	0.446
0.997	0.001	0.001	0.001
>AGGTTGATTCTT	4-AGGTTGATTCTT	11.723171	-39.405438	0	T:14.0(4.18%),B:3.7(0.14%),P:1e-17,FDR:0.2	Tpos:43.7,Tstd:25.7,Bpos:35.6,Bstd:8.8,StrandBias:-0.6,Multiplicity:1.07
0.576	0.001	0.001	0.422
0.289	0.001	0.610	0.100
0.301	0.001	0.697	0.001
0.001	0.001	0.001	0.997
0.001	0.001	0.001	0.997
0.001	0.002	0.981	0.016
0.692	0.002	0.001	0.305
0.001	0.001	0.001	0.997
0.001	0.001	0.288	0.710
0.001	0.997	0.001	0.001
0.001	0.013	0.001	0.985
0.001	0.001	0.288	0.710
>CTCAGGGCTGGA	5-CTCAGGGCTGGA	8.998100	-33.038004	0	T:11.0(3.28%),B:2.5(0.10%),P:1e-14,FDR:0.2	Tpos:42.5,Tstd:19.5,Bpos:53.0,Bstd:23.4,StrandBias:-0.3,Multiplicity:1.00
0.076	0.696	0.134	0.094
0.106	0.158	0.082	0.654
0.117	0.630	0.171	0.082
0.664	0.088	0.071	0.177
0.159	0.077	0.682	0.082
0.118	0.082	0.711	0.089
0.076	0.118	0.700	0.106
0.182	0.566	0.111	0.141
0.136	0.047	0.130	0.687
0.100	0.076	0.730	0.094
0.118	0.129	0.659	0.094
0.623	0.124	0.153	0.100
>TGGACAGGGAAA	6-TGGACAGGGAAA	7.833401	-27.358793	0	T:8.0(2.39%),B:1.7(0.06%),P:1e-11,FDR:0.2	Tpos:38.1,Tstd:25.6,Bpos:49.4,Bstd:6.9,StrandBias:-0.3,Multiplicity:1.38
0.001	0.001	0.001	0.997
0.001	0.001	0.997	0.001
0.001	0.001	0.997	0.001
0.997	0.001	0.001	0.001
0.001	0.843	0.001	0.155
0.997	0.001	0.001	0.001
0.001	0.001	0.997	0.001
0.001	0.001	0.997	0.001
0.155	0.001	0.843	0.001
0.997	0.001	0.001	0.001
0.997	0.001	0.001	0.001
0.997	0.001	0.001	0.001
>TTGKCTGGTTGG	7-TTGKCTGGTTGG	9.234438	-16.553137	0	T:12.0(3.58%),B:12.0(0.45%),P:1e-7,FDR:0.342857142857143	Tpos:69.3,Tstd:20.9,Bpos:33.2,Bstd:25.4,StrandBias:0.9,Multiplicity:1.25
0.001	0.169	0.148	0.682
0.074	0.001	0.224	0.701
0.155	0.149	0.541	0.155
0.006	0.001	0.473	0.520
0.001	0.689	0.148	0.162
0.149	0.001	0.006	0.844
0.001	0.001	0.925	0.073
0.154	0.001	0.844	0.001
0.155	0.155	0.229	0.460
0.297	0.001	0.087	0.615
0.001	0.001	0.682	0.316
0.001	0.155	0.843	0.001
>GTTGTTGCTGYT	8-GTTGTTGCTGYT	9.668637	-11.917988	0	T:9.0(2.69%),B:10.6(0.40%),P:1e-5,FDR:0.575	Tpos:50.0,Tstd:25.0,Bpos:47.9,Bstd:30.0,StrandBias:-0.1,Multiplicity:1.44
0.117	0.001	0.881	0.001
0.001	0.265	0.001	0.733
0.001	0.001	0.001	0.997
0.001	0.001	0.997	0.001
0.001	0.415	0.001	0.583
0.001	0.001	0.001	0.997
0.001	0.001	0.870	0.128
0.001	0.603	0.001	0.395
0.001	0.001	0.001	0.997
0.001	0.001	0.754	0.244
0.001	0.496	0.001	0.502
0.001	0.001	0.001	0.997
>AAACTCAG	1-AAACTCAG	8.176440	-30.054021	0	T:28.0(8.36%),B:37.6(1.42%),P:1e-13,FDR:0.2	Tpos:47.1,Tstd:24.7,Bpos:61.8,Bstd:32.1,StrandBias:0.1,Multiplicity:1.04
0.997	0.001	0.001	0.001
0.997	0.001	0.001	0.001
0.850	0.001	0.148	0.001
0.001	0.997	0.001	0.001
0.001	0.001	0.001	0.997
0.001	0.933	0.001	0.065
0.997	0.001	0.001	0.001
0.001	0.001	0.997	0.001
>GKTGWTTA	2-GKTGWTTA	5.940420	-30.022967	0	T:62.0(18.51%),B:172.1(6.48%),P:1e-13,FDR:0.2	Tpos:51.7,Tstd:27.7,Bpos:51.2,Bstd:35.8,StrandBias:0.0,Multiplicity:1.15
0.089	0.101	0.739	0.071
0.080	0.111	0.389	0.420
0.055	0.001	0.124	0.820
0.084	0.032	0.558	0.326
0.459	0.108	0.001	0.432
0.097	0.126	0.018	0.759
0.155	0.098	0.038	0.709
0.689	0.001	0.027	0.283
>TCAACCGG	3-TCAACCGG	6.450976	-25.636808	0	T:11.0(3.28%),B:4.2(0.16%),P:1e-11,FDR:0.2	Tpos:45.7,Tstd:24.6,Bpos:30.3,Bstd:20.2,StrandBias:0.0,Multiplicity:1.00
0.001	0.001	0.001	0.997
0.001	0.956	0.001	0.042
0.997	0.001	0.001	0.001
0.997	0.001	0.001	0.001
0.001	0.680	0.001	0.318
0.001	0.766	0.001	0.232
0.001	0.001	0.997	0.001
0.001	0.001	0.956	0.042
>GGTGGGTG	4-GGTGGGTG	7.761547	-21.458364	0	T:21.0(6.27%),B:30.8(1.16%),P:1e-9,FDR:0.2	Tpos:47.9,Tstd:26.2,Bpos:45.2,Bstd:29.0,StrandBias:-0.6,Multiplicity:1.19
0.001	0.001	0.997	0.001
0.001	0.001	0.997	0.001
0.001	0.103	0.062	0.834
0.175	0.001	0.823	0.001
0.001	0.001	0.997	0.001
0.001	0.001	0.997	0.001
0.001	0.001	0.001	0.997
0.053	0.001	0.945	0.001
>GTTTCCAC	5-GTTTCCAC	9.599646	-20.889986	0	T:13.0(3.88%),B:10.4(0.39%),P:1e-9,FDR:0.2	Tpos:49.5,Tstd:28.7,Bpos:55.7,Bstd:30.3,StrandBias:0.7,Multiplicity:1.00
0.001	0.001	0.997	0.001
0.001	0.001	0.001	0.997
0.001	0.001	0.001	0.997
0.001	0.001	0.001	0.997
0.001	0.997	0.001	0.001
0.230	0.768	0.001	0.001
0.997	0.001	0.001	0.001
0.001	0.997	0.001	0.001
>TTGTTGAT	6-TTGTTGAT	7.435812	-20.013254	0	T:37.0(11.04%),B:96.0(3.61%),P:1e-8,FDR:0.2	Tpos:50.6,Tstd:27.4,Bpos:54.6,Bstd:38.4,StrandBias:0.2,Multiplicity:1.27
0.027	0.084	0.139	0.750
0.248	0.001	0.197	0.554
0.020	0.206	0.715	0.059
0.057	0.088	0.026	0.829
0.064	0.001	0.001	0.934
0.091	0.001	0.782	0.126
0.502	0.152	0.192	0.154
0.001	0.001	0.064	0.934
>AGAAAATA	7-AGAAAATA	7.984819	-19.695309	0	T:34.0(10.15%),B:83.4(3.14%),P:1e-8,FDR:0.2	Tpos:56.3,Tstd:23.9,Bpos:48.4,Bstd:34.0,StrandBias:-0.7,Multiplicity:1.06
0.997	0.001	0.001	0.001
0.072	0.001	0.926	0.001
0.861	0.001	0.137	0.001
0.724	0.001	0.274	0.001
0.744	0.115	0.140	0.001
0.997	0.001	0.001	0.001
0.001	0.001	0.001	0.997
0.681	0.001	0.317	0.001
>TCCTCTYG	8-TCCTCTYG	6.409302	-18.825374	0	T:34.0(10.15%),B:86.1(3.24%),P:1e-8,FDR:0.2	Tpos:43.9,Tstd:29.3,Bpos:48.3,Bstd:24.8,StrandBias:-0.5,Multiplicity:1.10
0.001	0.001	0.001	0.997
0.001	0.657	0.001	0.341
0.001	0.997	0.001	0.001
0.001	0.001	0.001	0.997
0.001	0.997	0.001	0.001
0.001	0.001	0.001	0.997
0.001	0.536	0.001	0.462
0.001	0.031	0.967	0.001
