>AGAGCAAGADCA	1-AGAGCAAGADCA	11.094187	-21.145796	0	T:4.0(25.00%),B:2.0(0.08%),P:1e-9	Tpos:40.7,Tstd:30.9,Bpos:11.0,Bstd:6.0,StrandBias:2.3,Multiplicity:1.50
0.997	0.001	0.001	0.001
0.313	0.061	0.625	0.001
0.997	0.001	0.001	0.001
0.001	0.001	0.686	0.312
0.001	0.997	0.001	0.001
0.997	0.001	0.001	0.001
0.625	0.001	0.373	0.001
0.001	0.001	0.686	0.312
0.997	0.001	0.001	0.001
0.313	0.001	0.313	0.374
0.001	0.997	0.001	0.001
0.997	0.001	0.001	0.001
>GAABCACATGCT	2-GAABCACATGCT	6.189002	-17.450760	0	T:10.0(62.50%),B:191.0(7.41%),P:1e-7	Tpos:35.8,Tstd:20.9,Bpos:51.2,Bstd:26.2,StrandBias:-2.0,Multiplicity:1.00
0.217	0.108	0.674	0.001
0.997	0.001	0.001	0.001
0.673	0.109	0.109	0.109
0.109	0.326	0.326	0.239
0.108	0.783	0.108	0.001
0.565	0.326	0.001	0.108
0.108	0.674	0.001	0.217
0.783	0.108	0.108	0.001
0.108	0.001	0.217	0.674
0.217	0.001	0.781	0.001
0.325	0.673	0.001	0.001
0.217	0.217	0.001	0.565
>ACASWCCAGSAY	3-ACASWCCAGSAY	11.687856	-15.163333	0	T:3.0(18.75%),B:2.0(0.08%),P:1e-6	Tpos:28.3,Tstd:15.3,Bpos:30.0,Bstd:10.0,StrandBias:1.0,Multiplicity:1.00
0.938	0.001	0.060	0.001
0.001	0.997	0.001	0.001
0.997	0.001	0.001	0.001
0.001	0.544	0.454	0.001
0.544	0.001	0.001	0.454
0.001	0.910	0.088	0.001
0.001	0.997	0.001	0.001
0.997	0.001	0.001	0.001
0.001	0.001	0.997	0.001
0.001	0.454	0.544	0.001
0.997	0.001	0.001	0.001
0.001	0.454	0.001	0.544
>MATGCCCARAGC	4-MATGCCCARAGC	7.151130	-10.963570	0	T:5.0(31.25%),B:56.0(2.17%),P:1e-4	Tpos:62.4,Tstd:28.3,Bpos:49.5,Bstd:27.7,StrandBias:2.6,Multiplicity:1.40
0.476	0.522	0.001	0.001
0.997	0.001	0.001	0.001
0.001	0.001	0.276	0.722
0.238	0.001	0.722	0.039
0.001	0.761	0.237	0.001
0.238	0.476	0.001	0.285
0.001	0.722	0.001	0.276
0.761	0.237	0.001	0.001
0.476	0.007	0.516	0.001
0.761	0.001	0.001	0.237
0.237	0.001	0.761	0.001
0.001	0.997	0.001	0.001
>YGTGCTCWCAGC	5-YGTGCTCWCAGC	10.723809	-10.924892	0	T:2.0(12.50%),B:1.0(0.04%),P:1e-4	Tpos:44.5,Tstd:12.5,Bpos:44.0,Bstd:0.0,StrandBias:0.0,Multiplicity:1.00
0.001	0.502	0.001	0.496
0.127	0.001	0.625	0.247
0.001	0.001	0.119	0.879
0.001	0.120	0.759	0.120
0.001	0.879	0.119	0.001
0.239	0.001	0.001	0.759
0.001	0.622	0.257	0.120
0.502	0.001	0.001	0.496
0.120	0.622	0.257	0.001
0.759	0.120	0.001	0.120
0.120	0.240	0.520	0.120
0.001	0.640	0.120	0.239
