>GCTCCCACAGCC	1-GCTCCCACAGCC	10.383531	-17.238990	0	T:3.0(18.75%),B:0.0(0.00%),P:1e-7	Tpos:46.0,Tstd:25.5,Bpos:0.0,Bstd:0.0,StrandBias:10.0,Multiplicity:1.00
0.001	0.001	0.997	0.001
0.001	0.997	0.001	0.001
0.001	0.001	0.163	0.835
0.001	0.997	0.001	0.001
0.001	0.917	0.081	0.001
0.001	0.917	0.001	0.081
0.997	0.001	0.001	0.001
0.001	0.997	0.001	0.001
0.997	0.001	0.001	0.001
0.001	0.001	0.997	0.001
0.001	0.835	0.001	0.163
0.001	0.997	0.001	0.001
>CTGSASAATGTT	2-CTGSASAATGTT	9.420843	-14.360368	0	T:4.0(25.00%),B:11.0(0.43%),P:1e-6	Tpos:73.0,Tstd:15.2,Bpos:55.6,Bstd:25.6,StrandBias:0.0,Multiplicity:1.00
0.192	0.423	0.192	0.192
0.001	0.001	0.001	0.997
0.037	0.192	0.770	0.001
0.001	0.385	0.422	0.192
0.806	0.001	0.001	0.192
0.001	0.422	0.385	0.192
0.806	0.001	0.001	0.192
0.615	0.192	0.192	0.001
0.001	0.001	0.001	0.997
0.001	0.192	0.806	0.001
0.001	0.001	0.001	0.997
0.192	0.001	0.001	0.806
>CCATGGTCACAA	3-CCATGGTCACAA	10.481064	-13.091459	0	T:3.0(18.75%),B:4.0(0.16%),P:1e-5	Tpos:48.7,Tstd:22.1,Bpos:52.8,Bstd:26.1,StrandBias:-0.4,Multiplicity:2.33
0.312	0.686	0.001	0.001
0.001	0.997	0.001	0.001
0.686	0.312	0.001	0.001
0.001	0.001	0.001	0.997
0.312	0.001	0.686	0.001
0.001	0.001	0.686	0.312
0.001	0.001	0.363	0.635
0.001	0.625	0.001	0.373
0.997	0.001	0.001	0.001
0.001	0.686	0.312	0.001
0.997	0.001	0.001	0.001
0.635	0.363	0.001	0.001
>TGKKYACMCAGT	4-TGKKYACMCAGT	13.694461	-9.542219	0	T:2.0(12.50%),B:2.0(0.08%),P:1e-4	Tpos:74.0,Tstd:18.8,Bpos:38.5,Bstd:30.5,StrandBias:-1.0,Multiplicity:1.50
0.001	0.001	0.001	0.997
0.001	0.001	0.997	0.001
0.001	0.001	0.498	0.500
0.001	0.001	0.544	0.454
0.001	0.454	0.001	0.544
0.958	0.001	0.040	0.001
0.001	0.997	0.001	0.001
0.498	0.500	0.001	0.001
0.001	0.997	0.001	0.001
0.997	0.001	0.001	0.001
0.002	0.001	0.951	0.046
0.001	0.001	0.045	0.953
>AGACAAAACAAA	5-AGACAAAACAAA	12.355432	-4.394462	0	T:1.0(6.25%),B:2.0(0.08%),P:1e-1	Tpos:12.0,Tstd:0.0,Bpos:47.0,Bstd:9.0,StrandBias:10.0,Multiplicity:1.00
0.700	0.100	0.100	0.100
0.100	0.100	0.700	0.100
0.700	0.100	0.100	0.100
0.100	0.700	0.100	0.100
0.700	0.100	0.100	0.100
0.700	0.100	0.100	0.100
0.700	0.100	0.100	0.100
0.700	0.100	0.100	0.100
0.100	0.700	0.100	0.100
0.700	0.100	0.100	0.100
0.700	0.100	0.100	0.100
0.700	0.100	0.100	0.100
