>GCCGCTAG	1-GCCGCTAG	6.358495	-16.642459	0	T:13.0(25.49%),B:5650.4(3.91%),P:1e-7,FDR:0.4	Tpos:48.0,Tstd:26.9,Bpos:49.3,Bstd:30.0,StrandBias:-1.5,Multiplicity:1.15
0.001	0.001	0.836	0.162
0.001	0.997	0.001	0.001
0.076	0.699	0.138	0.087
0.001	0.082	0.844	0.073
0.180	0.818	0.001	0.001
0.001	0.077	0.001	0.921
0.997	0.001	0.001	0.001
0.001	0.001	0.997	0.001
>TGTGACGT	2-TGTGACGT	7.963318	-15.830092	0	T:7.0(13.73%),B:1106.4(0.77%),P:1e-6,FDR:0.4	Tpos:52.1,Tstd:21.6,Bpos:49.6,Bstd:29.5,StrandBias:-0.4,Multiplicity:1.00
0.177	0.001	0.001	0.821
0.001	0.001	0.997	0.001
0.001	0.336	0.122	0.541
0.001	0.001	0.997	0.001
0.997	0.001	0.001	0.001
0.001	0.715	0.001	0.283
0.215	0.138	0.646	0.001
0.131	0.220	0.001	0.648
>ATTAGCTA	3-ATTAGCTA	9.519874	-8.699368	0	T:3.0(5.88%),B:296.3(0.21%),P:1e-3,FDR:1	Tpos:56.8,Tstd:21.7,Bpos:49.2,Bstd:27.6,StrandBias:0.0,Multiplicity:1.00
0.802	0.001	0.001	0.196
0.001	0.001	0.001	0.997
0.001	0.001	0.001	0.997
0.997	0.001	0.001	0.001
0.001	0.001	0.734	0.264
0.001	0.997	0.001	0.001
0.001	0.001	0.001	0.997
0.997	0.001	0.001	0.001
>AAGGTTCC	4-AAGGTTCC	8.183594	-7.624254	0	T:5.0(9.80%),B:1843.6(1.28%),P:1e-3,FDR:1	Tpos:43.6,Tstd:23.8,Bpos:50.9,Bstd:29.7,StrandBias:-1.6,Multiplicity:1.60
0.587	0.001	0.001	0.411
0.841	0.001	0.001	0.157
0.001	0.001	0.997	0.001
0.001	0.001	0.997	0.001
0.001	0.001	0.001	0.997
0.001	0.001	0.396	0.602
0.001	0.997	0.001	0.001
0.001	0.997	0.001	0.001
>CCCCCCCC	5-CCCCCCCC	10.696442	-3.816073	0	T:2.0(3.92%),B:645.6(0.45%),P:1e-1,FDR:1	Tpos:12.0,Tstd:9.3,Bpos:48.5,Bstd:29.8,StrandBias:-10.0,Multiplicity:1.00
0.100	0.795	0.104	0.001
0.065	0.933	0.001	0.001
0.001	0.997	0.001	0.001
0.001	0.997	0.001	0.001
0.001	0.997	0.001	0.001
0.001	0.997	0.001	0.001
0.001	0.997	0.001	0.001
0.075	0.923	0.001	0.001
