>CACCCTTGTC	1-CACCCTTGTC	9.543106	-22.611320	0	T:9.0(6.34%),B:400.0(0.25%),P:1e-9	Tpos:53.0,Tstd:33.9,Bpos:51.0,Bstd:27.2,StrandBias:0.3,Multiplicity:1.00
0.001	0.997	0.001	0.001
0.711	0.001	0.159	0.129
0.001	0.881	0.117	0.001
0.001	0.997	0.001	0.001
0.001	0.997	0.001	0.001
0.001	0.001	0.001	0.997
0.162	0.001	0.001	0.836
0.001	0.001	0.869	0.129
0.154	0.001	0.001	0.844
0.001	0.997	0.001	0.001
>GTCACATCTC	2-GTCACATCTC	8.634769	-21.817058	0	T:8.0(5.63%),B:290.0(0.18%),P:1e-9	Tpos:52.4,Tstd:21.5,Bpos:49.3,Bstd:28.7,StrandBias:0.0,Multiplicity:1.00
0.001	0.170	0.828	0.001
0.001	0.001	0.001	0.997
0.001	0.997	0.001	0.001
0.997	0.001	0.001	0.001
0.001	0.953	0.001	0.045
0.911	0.087	0.001	0.001
0.001	0.001	0.001	0.997
0.001	0.961	0.037	0.001
0.001	0.001	0.001	0.997
0.001	0.997	0.001	0.001
>TACTTATAAG	3-TACTTATAAG	11.029590	-18.554638	0	T:5.0(3.52%),B:73.0(0.05%),P:1e-8	Tpos:57.7,Tstd:26.4,Bpos:49.3,Bstd:26.9,StrandBias:0.0,Multiplicity:1.00
0.001	0.001	0.234	0.764
0.856	0.001	0.001	0.142
0.001	0.997	0.001	0.001
0.001	0.001	0.001	0.997
0.001	0.001	0.001	0.997
0.868	0.130	0.001	0.001
0.001	0.001	0.131	0.867
0.997	0.001	0.001	0.001
0.810	0.001	0.001	0.188
0.001	0.001	0.997	0.001
>GGCCAATCAG	4-GGCCAATCAG	8.925531	-17.960355	0	T:11.0(7.75%),B:1208.0(0.76%),P:1e-7	Tpos:51.2,Tstd:29.7,Bpos:51.4,Bstd:26.6,StrandBias:-0.5,Multiplicity:1.09
0.021	0.001	0.829	0.149
0.001	0.001	0.997	0.001
0.001	0.590	0.408	0.001
0.001	0.774	0.001	0.224
0.611	0.001	0.001	0.387
0.835	0.001	0.001	0.163
0.001	0.178	0.050	0.771
0.001	0.973	0.025	0.001
0.997	0.001	0.001	0.001
0.001	0.001	0.768	0.230
>AACAGATCTG	5-AACAGATCTG	10.569814	-15.281228	0	T:6.0(4.23%),B:276.0(0.17%),P:1e-6	Tpos:34.4,Tstd:26.3,Bpos:48.3,Bstd:25.3,StrandBias:-1.2,Multiplicity:1.33
0.858	0.001	0.001	0.140
0.565	0.309	0.125	0.001
0.001	0.997	0.001	0.001
0.835	0.001	0.001	0.163
0.001	0.001	0.997	0.001
0.997	0.001	0.001	0.001
0.123	0.001	0.001	0.875
0.001	0.997	0.001	0.001
0.001	0.001	0.001	0.997
0.001	0.001	0.997	0.001
