>GGASAGGCCTTT	1-GGASAGGCCTTT	12.445391	-31.027662	0	T:8.0(5.63%),B:90.0(0.06%),P:1e-13	Tpos:51.8,Tstd:20.5,Bpos:46.9,Bstd:27.1,StrandBias:0.7,Multiplicity:1.00
0.001	0.001	0.997	0.001
0.001	0.001	0.997	0.001
0.716	0.123	0.160	0.001
0.001	0.562	0.436	0.001
0.839	0.001	0.001	0.159
0.001	0.001	0.997	0.001
0.159	0.001	0.839	0.001
0.001	0.997	0.001	0.001
0.001	0.997	0.001	0.001
0.278	0.001	0.001	0.720
0.001	0.001	0.253	0.745
0.001	0.001	0.409	0.589
>GAGGWGGRGGSB	2-GAGGWGGRGGSB	8.270888	-21.654378	0	T:21.0(14.79%),B:4336.0(2.73%),P:1e-9	Tpos:44.8,Tstd:24.8,Bpos:50.1,Bstd:26.0,StrandBias:0.5,Multiplicity:1.05
0.062	0.076	0.751	0.111
0.715	0.056	0.228	0.001
0.345	0.001	0.530	0.124
0.382	0.001	0.602	0.015
0.530	0.001	0.039	0.430
0.029	0.039	0.727	0.205
0.183	0.043	0.773	0.001
0.412	0.058	0.322	0.208
0.040	0.034	0.807	0.119
0.001	0.262	0.736	0.001
0.087	0.343	0.400	0.170
0.157	0.247	0.227	0.368
>TCTAGAGGTGGG	3-TCTAGAGGTGGG	8.546205	-15.979898	0	T:13.0(9.15%),B:2200.0(1.39%),P:1e-6	Tpos:54.5,Tstd:23.2,Bpos:51.5,Bstd:25.7,StrandBias:1.0,Multiplicity:1.15
0.160	0.216	0.161	0.463
0.080	0.847	0.072	0.001
0.125	0.134	0.001	0.740
0.797	0.001	0.201	0.001
0.001	0.215	0.783	0.001
0.877	0.001	0.121	0.001
0.001	0.001	0.997	0.001
0.160	0.189	0.571	0.080
0.001	0.001	0.214	0.784
0.001	0.223	0.574	0.202
0.066	0.001	0.932	0.001
0.122	0.080	0.638	0.160
>TACACAACAAAT	4-TACACAACAAAT	9.399333	-13.965254	0	T:7.0(4.93%),B:557.0(0.35%),P:1e-6	Tpos:48.3,Tstd:19.5,Bpos:49.0,Bstd:26.9,StrandBias:2.6,Multiplicity:1.00
0.012	0.178	0.001	0.809
0.986	0.001	0.001	0.012
0.012	0.861	0.001	0.126
0.986	0.001	0.012	0.001
0.001	0.760	0.238	0.001
0.760	0.001	0.238	0.001
0.629	0.001	0.369	0.001
0.366	0.632	0.001	0.001
0.706	0.178	0.115	0.001
0.784	0.013	0.202	0.001
0.807	0.191	0.001	0.001
0.001	0.238	0.010	0.751
>NNNNNNNNNNNN	5-NNNNNNNNNNNN	-nan	0.000000	0	T:0.0(0.00%),B:0.0(0.00%),P:1e0	Tpos:0.0,Tstd:0.0,Bpos:0.0,Bstd:0.0,StrandBias:0.0,Multiplicity:1.00
-nan	-nan	-nan	-nan
-nan	-nan	-nan	-nan
-nan	-nan	-nan	-nan
-nan	-nan	-nan	-nan
-nan	-nan	-nan	-nan
-nan	-nan	-nan	-nan
-nan	-nan	-nan	-nan
-nan	-nan	-nan	-nan
-nan	-nan	-nan	-nan
-nan	-nan	-nan	-nan
-nan	-nan	-nan	-nan
-nan	-nan	-nan	-nan
