>WRSCTCCTGGCC	1-WRSCTCCTGGCC	10.596528	-19.388090	0	T:9.0(6.34%),B:581.0(0.37%),P:1e-8	Tpos:47.5,Tstd:25.3,Bpos:49.4,Bstd:26.1,StrandBias:1.2,Multiplicity:1.44
0.473	0.075	0.103	0.350
0.429	0.001	0.569	0.001
0.001	0.435	0.563	0.001
0.001	0.997	0.001	0.001
0.243	0.001	0.001	0.755
0.001	0.639	0.001	0.359
0.001	0.997	0.001	0.001
0.001	0.001	0.001	0.997
0.001	0.143	0.855	0.001
0.001	0.233	0.638	0.128
0.244	0.580	0.175	0.001
0.001	0.870	0.001	0.128
>TCCCCACCGCCT	2-TCCCCACCGCCT	14.002636	-17.253353	0	T:5.0(3.52%),B:95.0(0.06%),P:1e-7	Tpos:59.8,Tstd:29.0,Bpos:46.6,Bstd:25.5,StrandBias:-2.0,Multiplicity:1.00
0.001	0.001	0.001	0.997
0.001	0.997	0.001	0.001
0.001	0.997	0.001	0.001
0.001	0.997	0.001	0.001
0.001	0.997	0.001	0.001
0.997	0.001	0.001	0.001
0.001	0.800	0.198	0.001
0.001	0.710	0.288	0.001
0.001	0.130	0.720	0.149
0.001	0.997	0.001	0.001
0.001	0.997	0.001	0.001
0.001	0.001	0.001	0.997
>TGGTCDGCCCCA	3-TGGTCDGCCCCA	7.966656	-16.896800	0	T:17.0(11.97%),B:3707.0(2.34%),P:1e-7	Tpos:45.6,Tstd:24.1,Bpos:49.9,Bstd:25.4,StrandBias:-0.2,Multiplicity:1.00
0.297	0.117	0.001	0.585
0.112	0.001	0.886	0.001
0.001	0.279	0.719	0.001
0.001	0.001	0.410	0.588
0.002	0.724	0.179	0.095
0.330	0.001	0.382	0.287
0.001	0.174	0.824	0.001
0.209	0.789	0.001	0.001
0.219	0.589	0.097	0.095
0.225	0.573	0.201	0.001
0.001	0.997	0.001	0.001
0.794	0.104	0.101	0.001
>ACACTRAACTMA	4-ACACTRAACTMA	10.656397	-13.494104	0	T:4.0(2.82%),B:87.0(0.05%),P:1e-5	Tpos:63.2,Tstd:20.3,Bpos:55.1,Bstd:28.0,StrandBias:2.3,Multiplicity:1.00
0.997	0.001	0.001	0.001
0.041	0.926	0.001	0.032
0.997	0.001	0.001	0.001
0.001	0.586	0.412	0.001
0.001	0.001	0.001	0.997
0.485	0.001	0.513	0.001
0.997	0.001	0.001	0.001
0.997	0.001	0.001	0.001
0.001	0.997	0.001	0.001
0.412	0.001	0.001	0.586
0.485	0.513	0.001	0.001
0.997	0.001	0.001	0.001
>TCGTGGAGGGTT	5-TCGTGGAGGGTT	12.352277	-11.158539	0	T:2.0(1.41%),B:6.0(0.00%),P:1e-4	Tpos:65.0,Tstd:25.4,Bpos:60.7,Bstd:21.6,StrandBias:10.0,Multiplicity:1.50
0.061	0.001	0.001	0.937
0.001	0.997	0.001	0.001
0.001	0.001	0.997	0.001
0.001	0.001	0.001	0.997
0.001	0.001	0.997	0.001
0.001	0.001	0.997	0.001
0.997	0.001	0.001	0.001
0.001	0.123	0.875	0.001
0.001	0.001	0.997	0.001
0.001	0.001	0.997	0.001
0.001	0.001	0.001	0.997
0.001	0.001	0.123	0.875
