>TTCAAKTG	1-TTCAAKTG	5.075871	-18.627977	0	T:24.0(16.90%),B:6735.0(4.24%),P:1e-8	Tpos:44.8,Tstd:27.7,Bpos:50.3,Bstd:27.1,StrandBias:-0.1,Multiplicity:1.08
0.001	0.263	0.155	0.581
0.171	0.145	0.027	0.657
0.282	0.658	0.046	0.014
0.560	0.133	0.158	0.149
0.563	0.186	0.120	0.131
0.050	0.108	0.356	0.486
0.227	0.249	0.080	0.444
0.058	0.070	0.602	0.270
>GTGTAGCG	2-GTGTAGCG	6.361206	-14.520794	0	T:24.0(16.90%),B:8417.0(5.30%),P:1e-6	Tpos:38.7,Tstd:24.7,Bpos:49.9,Bstd:27.1,StrandBias:0.2,Multiplicity:1.04
0.012	0.060	0.927	0.001
0.001	0.001	0.089	0.909
0.001	0.001	0.891	0.107
0.244	0.001	0.001	0.754
0.713	0.001	0.001	0.285
0.127	0.224	0.648	0.001
0.275	0.534	0.121	0.070
0.001	0.077	0.646	0.276
>GCAGTGCT	3-GCAGTGCT	7.129691	-13.060195	0	T:23.0(16.20%),B:8499.0(5.35%),P:1e-5	Tpos:47.6,Tstd:26.1,Bpos:49.6,Bstd:27.1,StrandBias:0.1,Multiplicity:1.04
0.029	0.001	0.774	0.196
0.034	0.861	0.036	0.069
0.903	0.001	0.001	0.095
0.001	0.080	0.870	0.049
0.001	0.001	0.079	0.919
0.051	0.028	0.892	0.029
0.050	0.834	0.087	0.029
0.001	0.053	0.001	0.945
>ACAGTAAC	4-ACAGTAAC	8.057729	-8.255001	0	T:13.0(9.15%),B:4578.0(2.88%),P:1e-3	Tpos:51.0,Tstd:27.1,Bpos:49.9,Bstd:26.4,StrandBias:-2.2,Multiplicity:2.15
0.997	0.001	0.001	0.001
0.001	0.997	0.001	0.001
0.997	0.001	0.001	0.001
0.395	0.001	0.603	0.001
0.001	0.275	0.001	0.723
0.997	0.001	0.001	0.001
0.703	0.001	0.001	0.295
0.001	0.997	0.001	0.001
>CACTCACT	5-CACTCACT	8.236954	-2.915363	0	T:3.0(2.11%),B:949.0(0.60%),P:1e-1	Tpos:38.8,Tstd:13.7,Bpos:50.9,Bstd:27.3,StrandBias:2.0,Multiplicity:3.33
0.100	0.700	0.100	0.100
0.700	0.100	0.100	0.100
0.100	0.700	0.100	0.100
0.100	0.100	0.100	0.700
0.100	0.700	0.100	0.100
0.700	0.100	0.100	0.100
0.100	0.700	0.100	0.100
0.100	0.100	0.100	0.700
