>ACATTGBAGCTC	1-ACATTGBAGCTC	7.191749	-13.854750	0	T:6.0(16.67%),B:28.0(0.93%),P:1e-6	Tpos:40.0,Tstd:15.6,Bpos:45.4,Bstd:28.9,StrandBias:-1.3,Multiplicity:1.17
0.997	0.001	0.001	0.001
0.001	0.979	0.019	0.001
0.621	0.299	0.079	0.001
0.001	0.318	0.001	0.680
0.001	0.001	0.353	0.645
0.001	0.001	0.997	0.001
0.001	0.373	0.299	0.327
0.997	0.001	0.001	0.001
0.019	0.001	0.979	0.001
0.393	0.605	0.001	0.001
0.001	0.001	0.001	0.997
0.001	0.732	0.266	0.001
>CCTGGATCCATA	2-CCTGGATCCATA	10.337541	-11.901196	0	T:3.0(8.33%),B:3.0(0.10%),P:1e-5	Tpos:46.2,Tstd:26.4,Bpos:46.0,Bstd:9.4,StrandBias:10.0,Multiplicity:1.33
0.183	0.815	0.001	0.001
0.001	0.997	0.001	0.001
0.001	0.001	0.001	0.997
0.001	0.001	0.997	0.001
0.001	0.001	0.815	0.183
0.997	0.001	0.001	0.001
0.001	0.001	0.001	0.997
0.001	0.997	0.001	0.001
0.001	0.997	0.001	0.001
0.997	0.001	0.001	0.001
0.001	0.060	0.001	0.938
0.938	0.001	0.001	0.060
>AATGTARTWATT	3-AATGTARTWATT	6.094106	-10.839100	0	T:13.0(36.11%),B:296.0(9.78%),P:1e-4	Tpos:39.2,Tstd:23.6,Bpos:51.4,Bstd:25.8,StrandBias:-0.4,Multiplicity:1.17
0.566	0.001	0.325	0.108
0.782	0.001	0.001	0.216
0.011	0.001	0.001	0.987
0.001	0.001	0.782	0.216
0.108	0.001	0.108	0.783
0.567	0.108	0.108	0.217
0.458	0.001	0.325	0.216
0.217	0.108	0.108	0.567
0.325	0.216	0.001	0.458
0.554	0.216	0.229	0.001
0.216	0.108	0.001	0.675
0.001	0.001	0.107	0.891
>GAADHAACTAAT	4-GAADHAACTAAT	5.951003	-10.676165	0	T:6.0(16.67%),B:49.0(1.62%),P:1e-4	Tpos:56.2,Tstd:28.4,Bpos:48.9,Bstd:24.8,StrandBias:-0.3,Multiplicity:1.50
0.379	0.001	0.619	0.001
0.997	0.001	0.001	0.001
0.929	0.001	0.069	0.001
0.310	0.001	0.310	0.379
0.310	0.310	0.001	0.379
0.997	0.001	0.001	0.001
0.997	0.001	0.001	0.001
0.309	0.689	0.001	0.001
0.001	0.379	0.001	0.619
0.997	0.001	0.001	0.001
0.997	0.001	0.001	0.001
0.001	0.001	0.001	0.997
>TCACCAGGKGSC	5-TCACCAGGKGSC	6.593108	-6.850774	0	T:9.0(25.00%),B:226.0(7.47%),P:1e-2	Tpos:58.8,Tstd:21.6,Bpos:46.9,Bstd:25.1,StrandBias:0.0,Multiplicity:1.11
0.195	0.111	0.001	0.693
0.097	0.901	0.001	0.001
0.805	0.097	0.097	0.001
0.001	0.707	0.097	0.195
0.105	0.503	0.196	0.196
0.693	0.007	0.098	0.202
0.001	0.001	0.803	0.195
0.097	0.097	0.805	0.001
0.196	0.105	0.293	0.406
0.196	0.105	0.601	0.098
0.007	0.489	0.400	0.105
0.195	0.707	0.001	0.097
