>CCACTCCTCC	1-CCACTCCTCC	11.377603	-17.566855	0	T:5.0(13.89%),B:7.0(0.23%),P:1e-7	Tpos:63.5,Tstd:19.6,Bpos:39.7,Bstd:24.4,StrandBias:0.0,Multiplicity:1.20
0.001	0.811	0.001	0.187
0.001	0.997	0.001	0.001
0.751	0.089	0.001	0.159
0.001	0.997	0.001	0.001
0.001	0.001	0.001	0.997
0.001	0.997	0.001	0.001
0.001	0.997	0.001	0.001
0.001	0.001	0.001	0.997
0.001	0.811	0.001	0.187
0.001	0.811	0.001	0.187
>TAGGCACAGG	2-TAGGCACAGG	7.663506	-16.327356	0	T:5.0(13.89%),B:9.0(0.30%),P:1e-7	Tpos:47.0,Tstd:23.1,Bpos:39.2,Bstd:16.2,StrandBias:0.6,Multiplicity:1.00
0.001	0.001	0.001	0.997
0.997	0.001	0.001	0.001
0.001	0.001	0.997	0.001
0.001	0.001	0.863	0.135
0.001	0.997	0.001	0.001
0.951	0.047	0.001	0.001
0.001	0.997	0.001	0.001
0.864	0.047	0.001	0.088
0.001	0.001	0.997	0.001
0.001	0.183	0.815	0.001
>TTCCAATGGC	3-TTCCAATGGC	10.034109	-15.180689	0	T:3.0(8.33%),B:1.0(0.03%),P:1e-6	Tpos:46.5,Tstd:14.9,Bpos:83.0,Bstd:0.0,StrandBias:0.0,Multiplicity:1.33
0.001	0.001	0.087	0.911
0.001	0.001	0.183	0.815
0.001	0.997	0.001	0.001
0.001	0.997	0.001	0.001
0.997	0.001	0.001	0.001
0.859	0.001	0.001	0.139
0.001	0.001	0.001	0.997
0.001	0.001	0.997	0.001
0.001	0.001	0.997	0.001
0.043	0.955	0.001	0.001
>GAGCCGCTCM	4-GAGCCGCTCM	9.659022	-15.180689	0	T:3.0(8.33%),B:1.0(0.03%),P:1e-6	Tpos:69.2,Tstd:31.4,Bpos:70.0,Bstd:0.0,StrandBias:1.6,Multiplicity:1.00
0.001	0.001	0.997	0.001
0.997	0.001	0.001	0.001
0.001	0.001	0.962	0.036
0.001	0.962	0.001	0.036
0.001	0.898	0.100	0.001
0.005	0.001	0.993	0.001
0.001	0.997	0.001	0.001
0.001	0.001	0.001	0.997
0.001	0.997	0.001	0.001
0.455	0.491	0.001	0.053
>GKSTTMCTRT	5-GKSTTMCTRT	11.041975	-8.654333	0	T:3.0(8.33%),B:9.0(0.30%),P:1e-3	Tpos:46.0,Tstd:32.7,Bpos:48.2,Bstd:19.1,StrandBias:-0.6,Multiplicity:1.67
0.001	0.001	0.997	0.001
0.004	0.001	0.449	0.546
0.001	0.449	0.546	0.004
0.001	0.001	0.001	0.997
0.001	0.001	0.001	0.997
0.540	0.458	0.001	0.001
0.001	0.997	0.001	0.001
0.001	0.001	0.001	0.997
0.540	0.001	0.458	0.001
0.001	0.001	0.001	0.997
>CCCCCCCCCC	6-CCCCCCCCCC	-1.696826	-3.442757	0	T:23.0(63.89%),B:1426.0(47.11%),P:1e-1	Tpos:56.4,Tstd:25.1,Bpos:49.1,Bstd:27.0,StrandBias:-0.6,Multiplicity:1.32
0.132	0.866	0.001	0.001
0.149	0.832	0.018	0.001
0.148	0.850	0.001	0.001
0.267	0.730	0.002	0.001
0.062	0.936	0.001	0.001
0.077	0.904	0.018	0.001
0.017	0.981	0.001	0.001
0.093	0.905	0.001	0.001
0.018	0.980	0.001	0.001
0.121	0.877	0.001	0.001
