>CTTCTGAG	1-CTTCTGAG	8.493356	-12.014708	0	T:7.0(19.44%),B:60.0(1.98%),P:1e-5	Tpos:41.9,Tstd:23.7,Bpos:55.3,Bstd:26.1,StrandBias:-0.6,Multiplicity:1.43
0.001	0.997	0.001	0.001
0.001	0.001	0.001	0.997
0.001	0.001	0.001	0.997
0.001	0.997	0.001	0.001
0.001	0.001	0.001	0.997
0.001	0.116	0.882	0.001
0.912	0.001	0.086	0.001
0.001	0.001	0.997	0.001
>GACTCATA	2-GACTCATA	5.694898	-7.048633	0	T:10.0(27.78%),B:268.0(8.85%),P:1e-3	Tpos:52.4,Tstd:24.4,Bpos:47.6,Bstd:26.9,StrandBias:0.2,Multiplicity:2.80
0.001	0.036	0.919	0.044
0.784	0.084	0.020	0.112
0.120	0.584	0.295	0.001
0.051	0.090	0.001	0.858
0.001	0.712	0.237	0.050
0.726	0.082	0.135	0.057
0.001	0.225	0.095	0.679
0.753	0.182	0.001	0.064
>TTKTTCTT	3-TTKTTCTT	9.320400	-6.659786	0	T:4.0(11.11%),B:40.0(1.32%),P:1e-2	Tpos:52.8,Tstd:23.0,Bpos:44.3,Bstd:30.0,StrandBias:-0.6,Multiplicity:1.25
0.001	0.065	0.001	0.933
0.001	0.001	0.001	0.997
0.001	0.001	0.479	0.519
0.001	0.001	0.220	0.778
0.001	0.001	0.178	0.820
0.001	0.733	0.001	0.265
0.001	0.178	0.001	0.820
0.001	0.001	0.001	0.997
>AAAAAAAA	4-AAAAAAAA	5.366509	-3.408187	0	T:7.0(19.44%),B:263.0(8.69%),P:1e-1	Tpos:35.8,Tstd:13.1,Bpos:50.9,Bstd:27.7,StrandBias:2.6,Multiplicity:1.20
0.997	0.001	0.001	0.001
0.896	0.035	0.001	0.068
0.982	0.016	0.001	0.001
0.894	0.001	0.041	0.064
0.997	0.001	0.001	0.001
0.997	0.001	0.001	0.001
0.740	0.001	0.258	0.001
0.997	0.001	0.001	0.001
>TTTTTTWT	5-TTTTTTWT	8.693651	-2.526125	0	T:1.0(2.78%),B:7.0(0.23%),P:1e-1	Tpos:12.0,Tstd:0.0,Bpos:81.1,Bstd:13.3,StrandBias:10.0,Multiplicity:1.00
0.001	0.001	0.001	0.997
0.001	0.001	0.001	0.997
0.001	0.001	0.001	0.997
0.001	0.147	0.191	0.661
0.001	0.001	0.255	0.743
0.001	0.001	0.230	0.768
0.422	0.256	0.001	0.321
0.001	0.191	0.231	0.577
