>TCTGGGGAGY	1-TCTGGGGAGY	7.435743	-19.879243	0	T:6.0(16.67%),B:10.0(0.33%),P:1e-8	Tpos:41.0,Tstd:24.0,Bpos:50.3,Bstd:28.7,StrandBias:-2.3,Multiplicity:1.00
0.001	0.033	0.001	0.965
0.001	0.997	0.001	0.001
0.001	0.001	0.001	0.997
0.001	0.001	0.965	0.033
0.001	0.001	0.997	0.001
0.001	0.001	0.997	0.001
0.001	0.001	0.997	0.001
0.997	0.001	0.001	0.001
0.001	0.001	0.898	0.100
0.001	0.449	0.033	0.517
>TGTTTATCCC	2-TGTTTATCCC	12.329821	-18.321952	0	T:4.0(11.11%),B:2.0(0.07%),P:1e-7	Tpos:55.8,Tstd:17.8,Bpos:73.0,Bstd:17.0,StrandBias:10.0,Multiplicity:1.00
0.001	0.001	0.001	0.997
0.001	0.001	0.997	0.001
0.001	0.001	0.001	0.997
0.001	0.001	0.001	0.997
0.001	0.001	0.001	0.997
0.666	0.001	0.332	0.001
0.001	0.332	0.001	0.666
0.001	0.997	0.001	0.001
0.001	0.997	0.001	0.001
0.001	0.997	0.001	0.001
>GAGTCTTCTT	3-GAGTCTTCTT	11.873576	-18.321952	0	T:4.0(11.11%),B:2.0(0.07%),P:1e-7	Tpos:55.8,Tstd:24.6,Bpos:42.5,Bstd:30.5,StrandBias:1.6,Multiplicity:1.00
0.001	0.001	0.997	0.001
0.997	0.001	0.001	0.001
0.001	0.001	0.997	0.001
0.001	0.001	0.001	0.997
0.249	0.749	0.001	0.001
0.249	0.001	0.001	0.749
0.001	0.001	0.001	0.997
0.001	0.749	0.249	0.001
0.001	0.001	0.001	0.997
0.001	0.001	0.001	0.997
>TSTTATAYTT	4-TSTTATAYTT	6.899146	-14.160881	0	T:5.0(13.89%),B:14.0(0.46%),P:1e-6	Tpos:60.6,Tstd:31.1,Bpos:52.8,Bstd:23.5,StrandBias:2.6,Multiplicity:1.40
0.001	0.001	0.001	0.997
0.001	0.449	0.549	0.001
0.001	0.001	0.001	0.997
0.001	0.001	0.100	0.898
0.997	0.001	0.001	0.001
0.033	0.001	0.001	0.965
0.997	0.001	0.001	0.001
0.001	0.549	0.001	0.449
0.001	0.033	0.001	0.965
0.001	0.001	0.001	0.997
>AGCAACAGCA	5-AGCAACAGCA	9.073796	-5.956293	0	T:5.0(13.89%),B:81.0(2.68%),P:1e-2	Tpos:48.2,Tstd:27.5,Bpos:48.7,Bstd:24.9,StrandBias:-2.5,Multiplicity:2.20
0.911	0.001	0.087	0.001
0.317	0.001	0.681	0.001
0.116	0.798	0.085	0.001
0.997	0.001	0.001	0.001
0.942	0.001	0.056	0.001
0.006	0.582	0.093	0.319
0.970	0.028	0.001	0.001
0.268	0.116	0.500	0.116
0.116	0.638	0.070	0.176
0.997	0.001	0.001	0.001
