>CGTGAGGT	1-CGTGAGGT	7.916313	-14.496117	0	T:11.0(13.41%),B:53.4(1.93%),P:1e-6,FDR:1	Tpos:54.7,Tstd:24.6,Bpos:56.2,Bstd:32.0,StrandBias:0.3,Multiplicity:1.00
0.001	0.852	0.105	0.042
0.001	0.034	0.907	0.058
0.001	0.001	0.105	0.893
0.001	0.001	0.997	0.001
0.847	0.151	0.001	0.001
0.001	0.275	0.723	0.001
0.001	0.001	0.847	0.151
0.001	0.001	0.001	0.997
>CGGCTGGA	2-CGGCTGGA	7.525408	-12.799312	0	T:6.0(7.32%),B:13.6(0.49%),P:1e-5,FDR:1	Tpos:43.6,Tstd:30.2,Bpos:55.3,Bstd:27.3,StrandBias:1.3,Multiplicity:1.17
0.001	0.997	0.001	0.001
0.001	0.001	0.997	0.001
0.001	0.001	0.997	0.001
0.001	0.831	0.001	0.167
0.001	0.001	0.001	0.997
0.001	0.001	0.791	0.207
0.167	0.001	0.831	0.001
0.997	0.001	0.001	0.001
>GGCGTGAC	3-GGCGTGAC	8.659662	-12.408674	0	T:3.0(3.66%),B:2.0(0.07%),P:1e-5,FDR:1	Tpos:60.0,Tstd:12.8,Bpos:55.4,Bstd:12.5,StrandBias:1.0,Multiplicity:1.00
0.001	0.001	0.870	0.128
0.128	0.001	0.638	0.233
0.001	0.783	0.215	0.001
0.001	0.001	0.997	0.001
0.001	0.001	0.128	0.870
0.129	0.233	0.509	0.129
0.870	0.001	0.001	0.128
0.128	0.527	0.001	0.344
>CCTGATAT	4-CCTGATAT	9.335629	-11.731442	0	T:5.0(6.10%),B:10.0(0.36%),P:1e-5,FDR:1	Tpos:60.5,Tstd:16.1,Bpos:46.0,Bstd:27.9,StrandBias:0.0,Multiplicity:1.00
0.001	0.769	0.001	0.229
0.001	0.769	0.001	0.229
0.001	0.001	0.001	0.997
0.001	0.001	0.997	0.001
0.997	0.001	0.001	0.001
0.001	0.001	0.001	0.997
0.997	0.001	0.001	0.001
0.001	0.001	0.001	0.997
>GAGAGAGA	5-GAGAGAGA	8.584924	-1.278215	0	T:3.0(3.66%),B:62.6(2.26%),P:1e0,FDR:1	Tpos:34.0,Tstd:30.8,Bpos:47.2,Bstd:24.5,StrandBias:10.0,Multiplicity:2.00
0.036	0.082	0.835	0.047
0.997	0.001	0.001	0.001
0.026	0.174	0.740	0.060
0.997	0.001	0.001	0.001
0.001	0.119	0.774	0.106
0.955	0.001	0.020	0.024
0.001	0.139	0.786	0.074
0.973	0.025	0.001	0.001
