>TCCAGGCCCC	1-TCCAGGCCCC	8.191882	-10.247598	0	T:3.0(13.64%),B:9.0(0.29%),P:1e-4	Tpos:24.8,Tstd:15.6,Bpos:37.9,Bstd:27.2,StrandBias:2.0,Multiplicity:1.67
0.001	0.001	0.001	0.997
0.001	0.997	0.001	0.001
0.001	0.997	0.001	0.001
0.997	0.001	0.001	0.001
0.001	0.001	0.997	0.001
0.084	0.001	0.873	0.042
0.001	0.997	0.001	0.001
0.001	0.997	0.001	0.001
0.001	0.997	0.001	0.001
0.042	0.832	0.001	0.125
>TGATDMATGT	2-TGATDMATGT	9.053847	-9.654713	0	T:3.0(13.64%),B:11.0(0.35%),P:1e-4	Tpos:54.3,Tstd:32.1,Bpos:43.6,Bstd:24.9,StrandBias:1.0,Multiplicity:1.00
0.001	0.001	0.001	0.997
0.182	0.001	0.816	0.001
0.661	0.001	0.001	0.337
0.182	0.001	0.001	0.816
0.244	0.001	0.365	0.390
0.519	0.479	0.001	0.001
0.997	0.001	0.001	0.001
0.361	0.001	0.001	0.637
0.090	0.183	0.544	0.183
0.142	0.001	0.001	0.856
>TTTGTTTGTK	3-TTTGTTTGTK	9.920291	-6.314563	0	T:4.0(18.18%),B:76.0(2.44%),P:1e-2	Tpos:40.0,Tstd:10.0,Bpos:47.9,Bstd:26.0,StrandBias:1.0,Multiplicity:1.00
0.001	0.001	0.001	0.997
0.001	0.001	0.111	0.887
0.001	0.001	0.001	0.997
0.001	0.268	0.619	0.112
0.268	0.001	0.268	0.463
0.001	0.001	0.193	0.805
0.001	0.001	0.001	0.997
0.001	0.015	0.882	0.102
0.001	0.001	0.001	0.997
0.268	0.001	0.296	0.434
>GATGGTAATG	4-GATGGTAATG	10.296193	-4.268442	0	T:1.0(4.55%),B:2.0(0.06%),P:1e-1	Tpos:56.0,Tstd:0.0,Bpos:68.0,Bstd:4.0,StrandBias:-10.0,Multiplicity:1.00
0.100	0.100	0.700	0.100
0.700	0.100	0.100	0.100
0.100	0.100	0.100	0.700
0.100	0.100	0.700	0.100
0.100	0.100	0.700	0.100
0.100	0.100	0.100	0.700
0.700	0.100	0.100	0.100
0.700	0.100	0.100	0.100
0.100	0.100	0.100	0.700
0.100	0.100	0.700	0.100
>CAGTTAGTTG	5-CAGTTAGTTG	10.296193	-4.268442	0	T:1.0(4.55%),B:2.0(0.06%),P:1e-1	Tpos:29.0,Tstd:0.0,Bpos:76.5,Bstd:1.5,StrandBias:-10.0,Multiplicity:1.00
0.100	0.700	0.100	0.100
0.700	0.100	0.100	0.100
0.100	0.100	0.700	0.100
0.100	0.100	0.100	0.700
0.100	0.100	0.100	0.700
0.700	0.100	0.100	0.100
0.100	0.100	0.700	0.100
0.100	0.100	0.100	0.700
0.100	0.100	0.100	0.700
0.100	0.100	0.700	0.100
