>GAACTTCTAA	1-GAACTTCTAA	11.873576	-13.516048	0	T:3.0(13.64%),B:3.0(0.10%),P:1e-5	Tpos:51.5,Tstd:20.4,Bpos:60.3,Bstd:14.3,StrandBias:0.0,Multiplicity:1.00
0.001	0.249	0.749	0.001
0.749	0.249	0.001	0.001
0.997	0.001	0.001	0.001
0.001	0.749	0.249	0.001
0.001	0.001	0.001	0.997
0.001	0.001	0.001	0.997
0.001	0.997	0.001	0.001
0.001	0.001	0.001	0.997
0.997	0.001	0.001	0.001
0.997	0.001	0.001	0.001
>TATCAGAGKC	2-TATCAGAGKC	8.937211	-12.794351	0	T:4.0(18.18%),B:14.0(0.45%),P:1e-5	Tpos:60.5,Tstd:29.7,Bpos:40.3,Bstd:15.4,StrandBias:10.0,Multiplicity:1.50
0.193	0.194	0.192	0.421
0.614	0.384	0.001	0.001
0.384	0.001	0.001	0.614
0.192	0.806	0.001	0.001
0.997	0.001	0.001	0.001
0.001	0.209	0.789	0.001
0.598	0.192	0.209	0.001
0.001	0.001	0.997	0.001
0.018	0.194	0.402	0.386
0.001	0.997	0.001	0.001
>CCTACCWCAG	3-CCTACCWCAG	7.790357	-12.529606	0	T:7.0(31.82%),B:99.0(3.17%),P:1e-5	Tpos:46.9,Tstd:28.4,Bpos:46.4,Bstd:27.4,StrandBias:-1.0,Multiplicity:1.71
0.001	0.997	0.001	0.001
0.250	0.748	0.001	0.001
0.001	0.250	0.001	0.748
0.775	0.196	0.028	0.001
0.001	0.497	0.251	0.251
0.001	0.803	0.001	0.195
0.501	0.001	0.001	0.497
0.001	0.997	0.001	0.001
0.997	0.001	0.001	0.001
0.001	0.001	0.997	0.001
>ATAGATTCTA	4-ATAGATTCTA	7.294269	-11.992701	0	T:3.0(13.64%),B:5.0(0.16%),P:1e-5	Tpos:26.6,Tstd:9.8,Bpos:43.0,Bstd:22.4,StrandBias:0.6,Multiplicity:1.00
0.943	0.055	0.001	0.001
0.001	0.001	0.001	0.997
0.997	0.001	0.001	0.001
0.001	0.001	0.997	0.001
0.832	0.001	0.001	0.166
0.055	0.001	0.001	0.943
0.166	0.001	0.001	0.832
0.001	0.997	0.001	0.001
0.001	0.001	0.001	0.997
0.997	0.001	0.001	0.001
>GATGCAKCWC	5-GATGCAKCWC	7.606927	-8.944916	0	T:3.0(13.64%),B:14.0(0.45%),P:1e-3	Tpos:52.0,Tstd:17.4,Bpos:52.1,Bstd:28.5,StrandBias:-0.6,Multiplicity:1.00
0.001	0.001	0.997	0.001
0.909	0.089	0.001	0.001
0.001	0.001	0.001	0.997
0.001	0.001	0.997	0.001
0.001	0.997	0.001	0.001
0.922	0.076	0.001	0.001
0.001	0.001	0.453	0.545
0.001	0.997	0.001	0.001
0.468	0.001	0.001	0.530
0.001	0.997	0.001	0.001
>GGGGGGGGGG	6-GGGGGGGGGG	13.055637	-7.451869	0	T:2.0(9.09%),B:5.0(0.16%),P:1e-3	Tpos:54.5,Tstd:35.0,Bpos:50.4,Bstd:26.8,StrandBias:10.0,Multiplicity:1.00
0.103	0.001	0.822	0.074
0.001	0.001	0.997	0.001
0.001	0.001	0.997	0.001
0.001	0.001	0.997	0.001
0.001	0.001	0.947	0.051
0.001	0.001	0.955	0.043
0.001	0.001	0.896	0.102
0.001	0.001	0.910	0.088
0.001	0.001	0.910	0.088
0.103	0.001	0.816	0.080
