>TGAACAGACACT	1-TGAACAGACACT	11.461429	-26.594271	0	T:5.0(22.73%),B:2.0(0.06%),P:1e-11	Tpos:69.0,Tstd:16.8,Bpos:40.0,Bstd:5.0,StrandBias:2.0,Multiplicity:1.00
0.249	0.001	0.001	0.749
0.250	0.250	0.500	0.001
0.749	0.001	0.001	0.249
0.997	0.001	0.001	0.001
0.249	0.749	0.001	0.001
0.997	0.001	0.001	0.001
0.001	0.001	0.997	0.001
0.997	0.001	0.001	0.001
0.001	0.997	0.001	0.001
0.997	0.001	0.001	0.001
0.001	0.749	0.001	0.249
0.001	0.001	0.001	0.997
>ASKTCCYRAGTT	2-ASKTCCYRAGTT	10.889784	-17.852241	0	T:6.0(27.27%),B:25.0(0.80%),P:1e-7	Tpos:59.8,Tstd:28.5,Bpos:45.7,Bstd:29.4,StrandBias:-10.0,Multiplicity:1.00
0.997	0.001	0.001	0.001
0.001	0.453	0.545	0.001
0.001	0.001	0.545	0.453
0.037	0.037	0.001	0.925
0.001	0.997	0.001	0.001
0.001	0.997	0.001	0.001
0.001	0.453	0.001	0.545
0.453	0.001	0.545	0.001
0.997	0.001	0.001	0.001
0.001	0.001	0.997	0.001
0.001	0.001	0.001	0.997
0.001	0.001	0.001	0.997
>AGAGTCTTAACC	3-AGAGTCTTAACC	11.587362	-17.759234	0	T:4.0(18.18%),B:4.0(0.13%),P:1e-7	Tpos:59.8,Tstd:27.1,Bpos:70.0,Bstd:23.1,StrandBias:1.0,Multiplicity:1.50
0.687	0.001	0.001	0.311
0.001	0.312	0.625	0.062
0.997	0.001	0.001	0.001
0.001	0.001	0.997	0.001
0.001	0.001	0.001	0.997
0.001	0.997	0.001	0.001
0.001	0.311	0.001	0.687
0.001	0.001	0.001	0.997
0.687	0.001	0.311	0.001
0.687	0.311	0.001	0.001
0.311	0.687	0.001	0.001
0.311	0.687	0.001	0.001
>TCCCGCCTCTTT	4-TCCCGCCTCTTT	12.680834	-14.727878	0	T:3.0(13.64%),B:2.0(0.06%),P:1e-6	Tpos:26.0,Tstd:11.6,Bpos:35.5,Bstd:3.5,StrandBias:1.6,Multiplicity:1.33
0.001	0.249	0.001	0.749
0.001	0.997	0.001	0.001
0.001	0.749	0.001	0.249
0.249	0.749	0.001	0.001
0.001	0.001	0.749	0.249
0.001	0.997	0.001	0.001
0.001	0.997	0.001	0.001
0.001	0.001	0.001	0.997
0.001	0.997	0.001	0.001
0.001	0.249	0.001	0.749
0.001	0.001	0.001	0.997
0.001	0.001	0.249	0.749
>BTGTTTTCTDTT	5-BTGTTTTCTDTT	6.525644	-9.061422	0	T:5.0(22.73%),B:71.0(2.27%),P:1e-3	Tpos:58.7,Tstd:13.8,Bpos:46.5,Bstd:22.8,StrandBias:1.4,Multiplicity:1.00
0.001	0.312	0.312	0.375
0.001	0.001	0.001	0.997
0.001	0.001	0.997	0.001
0.001	0.001	0.001	0.997
0.001	0.001	0.001	0.997
0.001	0.001	0.001	0.997
0.001	0.311	0.001	0.687
0.001	0.624	0.374	0.001
0.001	0.001	0.001	0.997
0.312	0.001	0.312	0.375
0.311	0.001	0.001	0.687
0.311	0.001	0.001	0.687
