>TCACTCCTGC	1-TCACTCCTGC	11.235617	-19.616336	0	T:7.0(5.65%),B:276.0(0.17%),P:1e-8	Tpos:53.8,Tstd:31.1,Bpos:48.4,Bstd:26.5,StrandBias:1.6,Multiplicity:1.14
0.001	0.001	0.136	0.862
0.159	0.839	0.001	0.001
0.908	0.001	0.001	0.090
0.001	0.844	0.001	0.154
0.001	0.001	0.001	0.997
0.001	0.997	0.001	0.001
0.001	0.997	0.001	0.001
0.001	0.001	0.001	0.997
0.001	0.001	0.839	0.159
0.001	0.997	0.001	0.001
>TTASACWGTG	2-TTASACWGTG	8.452065	-15.893152	0	T:13.0(10.48%),B:2553.0(1.61%),P:1e-6	Tpos:46.4,Tstd:24.6,Bpos:50.1,Bstd:25.8,StrandBias:0.7,Multiplicity:1.23
0.137	0.140	0.141	0.582
0.001	0.107	0.001	0.891
0.884	0.001	0.114	0.001
0.001	0.501	0.389	0.109
0.884	0.001	0.114	0.001
0.001	0.869	0.129	0.001
0.496	0.001	0.001	0.502
0.102	0.001	0.896	0.001
0.001	0.001	0.001	0.997
0.001	0.001	0.692	0.306
>TTTAGTGAAG	3-TTTAGTGAAG	11.117961	-15.336662	0	T:5.0(4.03%),B:161.0(0.10%),P:1e-6	Tpos:52.5,Tstd:21.4,Bpos:51.0,Bstd:27.2,StrandBias:2.3,Multiplicity:1.20
0.001	0.156	0.001	0.842
0.001	0.001	0.001	0.997
0.001	0.001	0.001	0.997
0.997	0.001	0.001	0.001
0.001	0.001	0.997	0.001
0.001	0.001	0.140	0.858
0.189	0.001	0.809	0.001
0.997	0.001	0.001	0.001
0.824	0.001	0.174	0.001
0.168	0.001	0.830	0.001
>CCTGAATGSG	4-CCTGAATGSG	11.180318	-10.493350	0	T:4.0(3.23%),B:215.0(0.14%),P:1e-4	Tpos:50.5,Tstd:31.2,Bpos:51.5,Bstd:26.4,StrandBias:-1.0,Multiplicity:1.50
0.001	0.997	0.001	0.001
0.001	0.997	0.001	0.001
0.001	0.001	0.001	0.997
0.001	0.001	0.997	0.001
0.997	0.001	0.001	0.001
0.997	0.001	0.001	0.001
0.001	0.001	0.001	0.997
0.001	0.001	0.997	0.001
0.001	0.387	0.434	0.179
0.181	0.205	0.613	0.001
>ATTCTSAGAA	5-ATTCTSAGAA	9.669498	-4.544805	0	T:2.0(1.61%),B:197.0(0.12%),P:1e-1	Tpos:50.4,Tstd:26.2,Bpos:47.4,Bstd:26.2,StrandBias:0.3,Multiplicity:3.00
0.544	0.249	0.001	0.206
0.001	0.001	0.267	0.731
0.001	0.010	0.213	0.776
0.001	0.723	0.275	0.001
0.001	0.001	0.276	0.722
0.001	0.525	0.473	0.001
0.987	0.001	0.001	0.011
0.001	0.201	0.786	0.012
0.515	0.206	0.001	0.278
0.976	0.001	0.022	0.001
