>AGCCACCCTG	1-AGCCACCCTG	10.842823	-22.517128	0	T:9.0(7.26%),B:465.0(0.29%),P:1e-9	Tpos:66.9,Tstd:22.9,Bpos:49.4,Bstd:26.4,StrandBias:1.0,Multiplicity:1.00
0.997	0.001	0.001	0.001
0.001	0.001	0.997	0.001
0.135	0.863	0.001	0.001
0.001	0.997	0.001	0.001
0.997	0.001	0.001	0.001
0.001	0.879	0.001	0.119
0.001	0.738	0.154	0.107
0.063	0.935	0.001	0.001
0.001	0.001	0.001	0.997
0.160	0.140	0.699	0.001
>CCCTCCATTG	2-CCCTCCATTG	10.511985	-21.463978	0	T:9.0(7.26%),B:525.0(0.33%),P:1e-9	Tpos:52.3,Tstd:29.3,Bpos:50.7,Bstd:26.6,StrandBias:-1.4,Multiplicity:1.22
0.122	0.692	0.120	0.066
0.001	0.894	0.001	0.104
0.001	0.894	0.001	0.104
0.001	0.001	0.147	0.851
0.001	0.997	0.001	0.001
0.001	0.881	0.001	0.117
0.997	0.001	0.001	0.001
0.001	0.001	0.001	0.997
0.001	0.001	0.001	0.997
0.001	0.101	0.897	0.001
>ACGAGACGGA	3-ACGAGACGGA	10.967689	-21.421828	0	T:5.0(4.03%),B:47.0(0.03%),P:1e-9	Tpos:50.6,Tstd:12.3,Bpos:49.1,Bstd:25.5,StrandBias:2.0,Multiplicity:1.00
0.997	0.001	0.001	0.001
0.001	0.874	0.124	0.001
0.001	0.001	0.997	0.001
0.997	0.001	0.001	0.001
0.001	0.001	0.997	0.001
0.583	0.175	0.001	0.241
0.001	0.997	0.001	0.001
0.001	0.001	0.997	0.001
0.001	0.001	0.997	0.001
0.781	0.001	0.217	0.001
>CTGGACTTAG	4-CTGGACTTAG	8.572954	-18.957056	0	T:11.0(8.87%),B:1260.0(0.79%),P:1e-8	Tpos:74.5,Tstd:14.1,Bpos:50.0,Bstd:26.6,StrandBias:0.3,Multiplicity:1.00
0.001	0.694	0.001	0.304
0.001	0.001	0.001	0.997
0.304	0.001	0.694	0.001
0.101	0.001	0.897	0.001
0.874	0.060	0.065	0.001
0.001	0.997	0.001	0.001
0.172	0.001	0.001	0.826
0.142	0.126	0.005	0.727
0.499	0.142	0.102	0.257
0.001	0.001	0.821	0.177
>WTAGAATTCT	5-WTAGAATTCT	9.793206	-15.599160	0	T:6.0(4.84%),B:300.0(0.19%),P:1e-6	Tpos:41.2,Tstd:32.5,Bpos:49.0,Bstd:27.0,StrandBias:0.7,Multiplicity:1.17
0.457	0.156	0.008	0.378
0.298	0.100	0.129	0.473
0.826	0.001	0.172	0.001
0.001	0.001	0.841	0.157
0.864	0.134	0.001	0.001
0.864	0.001	0.001	0.134
0.001	0.001	0.001	0.997
0.001	0.001	0.001	0.997
0.001	0.997	0.001	0.001
0.001	0.283	0.001	0.715
