>GCCATAGCAC	1-GCCATAGCAC	9.356804	-25.896681	0	T:9.0(7.26%),B:316.0(0.20%),P:1e-11	Tpos:53.3,Tstd:27.6,Bpos:49.2,Bstd:27.5,StrandBias:1.0,Multiplicity:1.00
0.001	0.241	0.757	0.001
0.001	0.997	0.001	0.001
0.251	0.747	0.001	0.001
0.776	0.222	0.001	0.001
0.001	0.001	0.001	0.997
0.997	0.001	0.001	0.001
0.001	0.001	0.997	0.001
0.033	0.965	0.001	0.001
0.997	0.001	0.001	0.001
0.001	0.774	0.224	0.001
>AACACACTGC	2-AACACACTGC	8.211469	-21.790588	0	T:17.0(13.71%),B:3062.0(1.93%),P:1e-9	Tpos:51.9,Tstd:28.7,Bpos:49.0,Bstd:27.0,StrandBias:1.3,Multiplicity:1.00
0.806	0.192	0.001	0.001
0.788	0.126	0.001	0.085
0.070	0.714	0.215	0.001
0.799	0.081	0.119	0.001
0.136	0.740	0.123	0.001
0.746	0.249	0.001	0.004
0.001	0.938	0.001	0.060
0.203	0.001	0.001	0.795
0.001	0.001	0.997	0.001
0.079	0.698	0.083	0.140
>AGAGTCAGAG	3-AGAGTCAGAG	9.700385	-14.821146	0	T:9.0(7.26%),B:1149.0(0.72%),P:1e-6	Tpos:39.5,Tstd:28.4,Bpos:48.0,Bstd:27.0,StrandBias:-0.8,Multiplicity:1.22
0.781	0.001	0.118	0.100
0.001	0.001	0.997	0.001
0.846	0.001	0.001	0.152
0.001	0.001	0.997	0.001
0.001	0.001	0.152	0.846
0.001	0.997	0.001	0.001
0.810	0.001	0.188	0.001
0.001	0.001	0.997	0.001
0.837	0.001	0.001	0.161
0.001	0.001	0.997	0.001
>GACGTCATCG	4-GACGTCATCG	12.560655	-7.807978	0	T:2.0(1.61%),B:37.0(0.02%),P:1e-3	Tpos:39.3,Tstd:16.7,Bpos:49.6,Bstd:23.1,StrandBias:-1.0,Multiplicity:1.50
0.001	0.001	0.997	0.001
0.997	0.001	0.001	0.001
0.001	0.609	0.001	0.389
0.001	0.001	0.997	0.001
0.001	0.001	0.001	0.997
0.001	0.997	0.001	0.001
0.997	0.001	0.001	0.001
0.001	0.282	0.001	0.716
0.001	0.997	0.001	0.001
0.001	0.001	0.997	0.001
>TTTTTTTTTT	5-TTTTTTTTTT	9.843408	-3.542469	0	T:8.0(6.45%),B:4617.0(2.91%),P:1e-1	Tpos:62.8,Tstd:23.0,Bpos:50.8,Bstd:25.6,StrandBias:-0.1,Multiplicity:1.12
0.001	0.002	0.256	0.741
0.001	0.001	0.341	0.657
0.001	0.001	0.355	0.643
0.001	0.001	0.035	0.963
0.001	0.001	0.012	0.986
0.001	0.001	0.408	0.590
0.001	0.001	0.333	0.665
0.001	0.001	0.034	0.964
0.001	0.001	0.401	0.597
0.001	0.001	0.030	0.968
