>CCCCAGACCCGG	1-CCCCAGACCCGG	14.621718	-19.680777	0	T:4.0(3.23%),B:21.0(0.01%),P:1e-8	Tpos:74.0,Tstd:13.3,Bpos:44.0,Bstd:25.3,StrandBias:0.0,Multiplicity:1.00
0.001	0.997	0.001	0.001
0.001	0.997	0.001	0.001
0.001	0.997	0.001	0.001
0.001	0.997	0.001	0.001
0.997	0.001	0.001	0.001
0.001	0.001	0.997	0.001
0.997	0.001	0.001	0.001
0.001	0.736	0.262	0.001
0.001	0.997	0.001	0.001
0.001	0.997	0.001	0.001
0.241	0.001	0.525	0.233
0.001	0.001	0.997	0.001
>TGCBCGCSCAGC	2-TGCBCGCSCAGC	11.750885	-16.731832	0	T:6.0(4.84%),B:247.0(0.16%),P:1e-7	Tpos:46.6,Tstd:19.0,Bpos:50.1,Bstd:25.3,StrandBias:-1.0,Multiplicity:1.00
0.001	0.001	0.001	0.997
0.001	0.001	0.997	0.001
0.001	0.689	0.309	0.001
0.001	0.278	0.317	0.404
0.001	0.997	0.001	0.001
0.001	0.001	0.689	0.309
0.277	0.721	0.001	0.001
0.001	0.435	0.563	0.001
0.001	0.997	0.001	0.001
0.997	0.001	0.001	0.001
0.001	0.001	0.870	0.128
0.001	0.997	0.001	0.001
>AGCVCTGTGTGG	3-AGCVCTGTGTGG	9.261382	-15.063938	0	T:6.0(4.84%),B:329.0(0.21%),P:1e-6	Tpos:46.6,Tstd:26.7,Bpos:48.5,Bstd:25.8,StrandBias:-1.0,Multiplicity:1.50
0.987	0.001	0.011	0.001
0.001	0.001	0.985	0.013
0.001	0.601	0.397	0.001
0.278	0.345	0.376	0.001
0.001	0.997	0.001	0.001
0.322	0.001	0.001	0.676
0.001	0.001	0.983	0.015
0.001	0.001	0.001	0.997
0.001	0.001	0.997	0.001
0.001	0.001	0.001	0.997
0.344	0.001	0.654	0.001
0.001	0.001	0.997	0.001
>TTTGTTTCTCWC	4-TTTGTTTCTCWC	13.311504	-14.845363	0	T:5.0(4.03%),B:178.0(0.11%),P:1e-6	Tpos:50.5,Tstd:21.4,Bpos:51.4,Bstd:24.0,StrandBias:0.0,Multiplicity:1.60
0.001	0.001	0.001	0.997
0.001	0.001	0.001	0.997
0.001	0.001	0.001	0.997
0.001	0.001	0.997	0.001
0.001	0.001	0.001	0.997
0.001	0.001	0.001	0.997
0.001	0.001	0.323	0.675
0.001	0.997	0.001	0.001
0.001	0.001	0.001	0.997
0.220	0.580	0.199	0.001
0.535	0.001	0.001	0.463
0.001	0.630	0.001	0.368
>CCGGCCCGGCCC	5-CCGGCCCGGCCC	9.510060	-6.509990	0	T:8.0(6.45%),B:2744.0(1.73%),P:1e-2	Tpos:41.5,Tstd:30.8,Bpos:50.1,Bstd:25.8,StrandBias:1.0,Multiplicity:1.62
0.001	0.905	0.093	0.001
0.113	0.819	0.067	0.001
0.042	0.074	0.883	0.001
0.001	0.234	0.691	0.074
0.001	0.822	0.176	0.001
0.111	0.821	0.067	0.001
0.001	0.820	0.178	0.001
0.129	0.108	0.762	0.001
0.001	0.205	0.793	0.001
0.001	0.865	0.133	0.001
0.001	0.918	0.080	0.001
0.001	0.913	0.085	0.001
>CAGGCGCAACAG	6-CAGGCGCAACAG	16.416152	-6.462444	0	T:1.0(0.81%),B:2.0(0.00%),P:1e-2	Tpos:54.0,Tstd:22.0,Bpos:77.0,Bstd:3.0,StrandBias:10.0,Multiplicity:5.00
0.001	0.997	0.001	0.001
0.997	0.001	0.001	0.001
0.001	0.001	0.997	0.001
0.001	0.001	0.997	0.001
0.001	0.997	0.001	0.001
0.168	0.001	0.830	0.001
0.001	0.997	0.001	0.001
0.997	0.001	0.001	0.001
0.997	0.001	0.001	0.001
0.001	0.997	0.001	0.001
0.997	0.001	0.001	0.001
0.001	0.001	0.997	0.001
>CCTAATAGCCAC	7-CCTAATAGCCAC	15.753832	-6.462444	0	T:1.0(0.81%),B:2.0(0.00%),P:1e-2	Tpos:17.0,Tstd:0.0,Bpos:43.0,Bstd:14.0,StrandBias:10.0,Multiplicity:1.00
0.001	0.997	0.001	0.001
0.001	0.997	0.001	0.001
0.001	0.001	0.001	0.997
0.779	0.001	0.219	0.001
0.739	0.001	0.001	0.259
0.001	0.001	0.001	0.997
0.739	0.001	0.259	0.001
0.001	0.001	0.997	0.001
0.001	0.997	0.001	0.001
0.001	0.997	0.001	0.001
0.997	0.001	0.001	0.001
0.001	0.997	0.001	0.001
