>AGATTCTC	1-AGATTCTC	6.667431	-15.288153	0	T:17.0(13.71%),B:4794.0(3.02%),P:1e-6	Tpos:53.1,Tstd:26.2,Bpos:50.0,Bstd:27.5,StrandBias:-0.8,Multiplicity:1.12
0.747	0.001	0.251	0.001
0.063	0.001	0.935	0.001
0.911	0.001	0.087	0.001
0.001	0.001	0.001	0.997
0.045	0.001	0.001	0.953
0.001	0.997	0.001	0.001
0.284	0.008	0.001	0.707
0.001	0.734	0.001	0.264
>TGCCAATC	2-TGCCAATC	7.157469	-12.855890	0	T:18.0(14.52%),B:6386.0(4.02%),P:1e-5	Tpos:57.3,Tstd:23.5,Bpos:49.8,Bstd:26.6,StrandBias:-0.2,Multiplicity:1.06
0.152	0.123	0.050	0.675
0.001	0.001	0.997	0.001
0.129	0.777	0.093	0.001
0.001	0.997	0.001	0.001
0.950	0.048	0.001	0.001
0.820	0.049	0.062	0.069
0.001	0.001	0.053	0.945
0.001	0.910	0.088	0.001
>TGAAGCTG	3-TGAAGCTG	7.679962	-9.839498	0	T:16.0(12.90%),B:6530.0(4.11%),P:1e-4	Tpos:45.7,Tstd:27.2,Bpos:50.6,Bstd:27.5,StrandBias:0.0,Multiplicity:1.12
0.001	0.001	0.001	0.997
0.070	0.061	0.868	0.001
0.772	0.184	0.043	0.001
0.814	0.001	0.140	0.045
0.042	0.001	0.956	0.001
0.001	0.997	0.001	0.001
0.001	0.001	0.113	0.885
0.075	0.151	0.702	0.072
>GTATCAGT	4-GTATCAGT	8.393692	-7.518790	0	T:8.0(6.45%),B:2342.0(1.48%),P:1e-3	Tpos:50.1,Tstd:22.7,Bpos:50.6,Bstd:26.2,StrandBias:-0.3,Multiplicity:1.38
0.001	0.298	0.700	0.001
0.001	0.239	0.001	0.759
0.997	0.001	0.001	0.001
0.001	0.001	0.001	0.997
0.001	0.997	0.001	0.001
0.823	0.001	0.001	0.175
0.001	0.001	0.997	0.001
0.001	0.001	0.264	0.734
>TCCTCTTC	5-TCCTCTTC	5.877408	-5.598583	0	T:36.0(29.03%),B:29809.0(18.78%),P:1e-2	Tpos:46.4,Tstd:26.5,Bpos:50.2,Bstd:26.9,StrandBias:-1.1,Multiplicity:1.33
0.033	0.078	0.054	0.835
0.046	0.952	0.001	0.001
0.038	0.960	0.001	0.001
0.022	0.097	0.001	0.880
0.001	0.957	0.023	0.019
0.030	0.228	0.001	0.741
0.038	0.269	0.001	0.692
0.001	0.978	0.001	0.020
