>CTTGAATG	1-CTTGAATG	8.433925	-12.239844	0	T:9.0(7.26%),B:1579.0(0.99%),P:1e-5	Tpos:53.0,Tstd:29.2,Bpos:50.2,Bstd:27.6,StrandBias:1.4,Multiplicity:1.22
0.001	0.978	0.020	0.001
0.001	0.001	0.001	0.997
0.001	0.001	0.001	0.997
0.001	0.001	0.814	0.184
0.997	0.001	0.001	0.001
0.997	0.001	0.001	0.001
0.001	0.001	0.001	0.997
0.001	0.001	0.602	0.396
>GTTCTACT	2-GTTCTACT	7.095119	-10.529289	0	T:12.0(9.68%),B:3582.0(2.26%),P:1e-4	Tpos:43.0,Tstd:28.5,Bpos:49.1,Bstd:27.3,StrandBias:-1.3,Multiplicity:1.17
0.001	0.001	0.997	0.001
0.001	0.001	0.304	0.694
0.001	0.001	0.001	0.997
0.001	0.721	0.277	0.001
0.001	0.001	0.001	0.997
0.854	0.075	0.070	0.001
0.001	0.739	0.259	0.001
0.001	0.001	0.001	0.997
>GCTGTTGC	3-GCTGTTGC	7.234725	-10.197769	0	T:20.0(16.13%),B:9312.0(5.87%),P:1e-4	Tpos:50.9,Tstd:24.6,Bpos:50.5,Bstd:26.6,StrandBias:1.5,Multiplicity:1.30
0.020	0.033	0.920	0.027
0.001	0.849	0.056	0.094
0.001	0.093	0.001	0.905
0.001	0.093	0.905	0.001
0.043	0.109	0.030	0.818
0.001	0.001	0.001	0.997
0.049	0.030	0.893	0.028
0.046	0.864	0.001	0.089
>GCTTCACC	4-GCTTCACC	8.551564	-8.899039	0	T:12.0(9.68%),B:4257.0(2.68%),P:1e-3	Tpos:54.9,Tstd:25.8,Bpos:50.3,Bstd:26.7,StrandBias:-1.5,Multiplicity:1.25
0.236	0.001	0.580	0.183
0.001	0.997	0.001	0.001
0.085	0.001	0.001	0.913
0.219	0.169	0.001	0.611
0.001	0.893	0.001	0.105
0.997	0.001	0.001	0.001
0.001	0.997	0.001	0.001
0.001	0.997	0.001	0.001
>CGCATGTC	5-CGCATGTC	9.122565	-8.037603	0	T:4.0(3.23%),B:409.0(0.26%),P:1e-3	Tpos:50.3,Tstd:19.0,Bpos:49.1,Bstd:25.5,StrandBias:-2.3,Multiplicity:1.50
0.001	0.997	0.001	0.001
0.001	0.001	0.997	0.001
0.001	0.997	0.001	0.001
0.997	0.001	0.001	0.001
0.177	0.001	0.001	0.821
0.001	0.001	0.997	0.001
0.194	0.001	0.001	0.804
0.001	0.997	0.001	0.001
