>TACTTACTTT	1-TACTTACTTT	11.289852	-18.861013	0	T:6.0(3.00%),B:2.0(0.07%),P:1e-8	Tpos:55.7,Tstd:17.3,Bpos:21.0,Bstd:14.0,StrandBias:1.0,Multiplicity:1.00
0.001	0.186	0.001	0.812
0.955	0.001	0.022	0.022
0.001	0.997	0.001	0.001
0.001	0.001	0.001	0.997
0.001	0.186	0.001	0.812
0.812	0.001	0.001	0.186
0.001	0.812	0.186	0.001
0.001	0.001	0.001	0.997
0.001	0.001	0.001	0.997
0.186	0.001	0.001	0.812
>TTGSTTGGTC	2-TTGSTTGGTC	6.294244	-17.768278	0	T:13.0(6.50%),B:25.0(0.83%),P:1e-7	Tpos:39.6,Tstd:30.3,Bpos:52.4,Bstd:30.0,StrandBias:-0.2,Multiplicity:1.00
0.001	0.138	0.001	0.860
0.422	0.001	0.001	0.576
0.001	0.001	0.997	0.001
0.001	0.468	0.530	0.001
0.001	0.001	0.045	0.953
0.001	0.001	0.001	0.997
0.001	0.001	0.997	0.001
0.001	0.001	0.997	0.001
0.001	0.001	0.045	0.953
0.001	0.983	0.001	0.015
>GTGTATGTTG	3-GTGTATGTTG	7.987269	-16.032846	0	T:16.0(8.00%),B:46.0(1.53%),P:1e-6	Tpos:54.0,Tstd:30.3,Bpos:49.3,Bstd:22.3,StrandBias:1.2,Multiplicity:1.25
0.001	0.220	0.500	0.279
0.165	0.001	0.001	0.833
0.055	0.055	0.889	0.001
0.055	0.055	0.055	0.835
0.735	0.110	0.045	0.110
0.001	0.054	0.001	0.944
0.001	0.055	0.779	0.165
0.001	0.113	0.058	0.828
0.001	0.001	0.096	0.902
0.058	0.001	0.776	0.165
>TGATGGCTGT	4-TGATGGCTGT	8.433492	-13.528872	0	T:6.0(3.00%),B:5.0(0.17%),P:1e-5	Tpos:40.7,Tstd:21.0,Bpos:57.0,Bstd:16.6,StrandBias:0.0,Multiplicity:1.00
0.340	0.021	0.001	0.638
0.001	0.021	0.638	0.340
0.997	0.001	0.001	0.001
0.001	0.001	0.001	0.997
0.001	0.001	0.997	0.001
0.107	0.001	0.891	0.001
0.001	0.997	0.001	0.001
0.001	0.001	0.001	0.997
0.001	0.361	0.637	0.001
0.001	0.001	0.001	0.997
>GACACTGTTG	5-GACACTGTTG	9.972243	-13.487336	0	T:7.0(3.50%),B:8.0(0.27%),P:1e-5	Tpos:43.7,Tstd:23.6,Bpos:45.0,Bstd:22.4,StrandBias:1.8,Multiplicity:1.29
0.001	0.059	0.932	0.008
0.997	0.001	0.001	0.001
0.001	0.997	0.001	0.001
0.770	0.228	0.001	0.001
0.001	0.770	0.228	0.001
0.228	0.001	0.001	0.770
0.001	0.001	0.997	0.001
0.001	0.001	0.001	0.997
0.001	0.001	0.001	0.997
0.228	0.001	0.770	0.001
>DTACCTCTTC	6-DTACCTCTTC	11.401936	-9.983098	0	T:3.0(1.50%),B:1.0(0.03%),P:1e-4	Tpos:69.3,Tstd:22.3,Bpos:50.0,Bstd:0.0,StrandBias:1.0,Multiplicity:1.00
0.395	0.001	0.297	0.307
0.001	0.400	0.001	0.598
0.997	0.001	0.001	0.001
0.001	0.997	0.001	0.001
0.001	0.697	0.301	0.001
0.001	0.001	0.001	0.997
0.001	0.702	0.296	0.001
0.001	0.001	0.001	0.997
0.001	0.001	0.001	0.997
0.001	0.997	0.001	0.001
>AGTCCACACC	7-AGTCCACACC	11.905620	-6.785061	0	T:3.0(1.50%),B:3.0(0.10%),P:1e-2	Tpos:38.0,Tstd:20.0,Bpos:54.0,Bstd:10.7,StrandBias:2.3,Multiplicity:2.00
0.822	0.001	0.001	0.176
0.176	0.001	0.822	0.001
0.001	0.001	0.001	0.997
0.001	0.997	0.001	0.001
0.001	0.997	0.001	0.001
0.997	0.001	0.001	0.001
0.001	0.997	0.001	0.001
0.997	0.001	0.001	0.001
0.001	0.997	0.001	0.001
0.001	0.997	0.001	0.001
>CATCAGCCAG	8-CATCAGCCAG	12.294123	-4.817413	0	T:2.0(1.00%),B:2.0(0.07%),P:1e-2	Tpos:40.6,Tstd:27.7,Bpos:34.0,Bstd:5.0,StrandBias:-2.0,Multiplicity:2.50
0.001	0.997	0.001	0.001
0.997	0.001	0.001	0.001
0.001	0.001	0.001	0.997
0.001	0.997	0.001	0.001
0.784	0.001	0.001	0.214
0.001	0.001	0.997	0.001
0.001	0.997	0.001	0.001
0.001	0.997	0.001	0.001
0.997	0.001	0.001	0.001
0.001	0.001	0.997	0.001
