>AGTCCTRCCTAC	1-AGTCCTRCCTAC	11.210776	-20.072932	0	T:7.0(3.50%),B:3.0(0.10%),P:1e-8	Tpos:39.9,Tstd:24.1,Bpos:39.7,Bstd:4.1,StrandBias:1.6,Multiplicity:1.14
0.789	0.001	0.001	0.209
0.001	0.001	0.997	0.001
0.001	0.001	0.001	0.997
0.001	0.792	0.206	0.001
0.001	0.997	0.001	0.001
0.001	0.233	0.001	0.765
0.400	0.226	0.373	0.001
0.001	0.997	0.001	0.001
0.226	0.772	0.001	0.001
0.001	0.186	0.001	0.812
0.769	0.001	0.206	0.024
0.001	0.627	0.186	0.186
>TKTTCTSYYGAK	2-TKTTCTSYYGAK	10.018248	-19.187561	0	T:12.0(6.00%),B:18.0(0.60%),P:1e-8	Tpos:51.4,Tstd:24.4,Bpos:46.3,Bstd:28.1,StrandBias:2.5,Multiplicity:1.08
0.001	0.001	0.186	0.812
0.001	0.001	0.426	0.572
0.001	0.186	0.001	0.812
0.001	0.001	0.001	0.997
0.001	0.758	0.001	0.240
0.001	0.001	0.001	0.997
0.001	0.572	0.426	0.001
0.001	0.426	0.001	0.572
0.001	0.386	0.186	0.427
0.001	0.372	0.626	0.001
0.997	0.001	0.001	0.001
0.001	0.001	0.426	0.572
>GGTBCAGGCTCC	3-GGTBCAGGCTCC	8.941628	-19.003393	0	T:14.0(7.00%),B:27.0(0.90%),P:1e-8	Tpos:52.1,Tstd:23.1,Bpos:51.3,Bstd:25.4,StrandBias:-0.2,Multiplicity:1.07
0.005	0.006	0.733	0.256
0.001	0.251	0.733	0.015
0.125	0.135	0.120	0.620
0.001	0.384	0.369	0.246
0.001	0.879	0.001	0.119
0.737	0.001	0.001	0.261
0.001	0.001	0.874	0.124
0.120	0.005	0.755	0.120
0.369	0.625	0.005	0.001
0.119	0.239	0.001	0.641
0.001	0.874	0.001	0.124
0.001	0.994	0.001	0.004
>TCTCYTTTCTCT	4-TCTCYTTTCTCT	8.499658	-11.438250	0	T:20.0(10.00%),B:98.0(3.26%),P:1e-4	Tpos:45.9,Tstd:19.5,Bpos:48.0,Bstd:26.2,StrandBias:-1.1,Multiplicity:1.10
0.001	0.065	0.121	0.813
0.001	0.735	0.001	0.263
0.001	0.092	0.001	0.906
0.060	0.560	0.001	0.379
0.121	0.365	0.001	0.513
0.061	0.310	0.121	0.508
0.001	0.309	0.061	0.629
0.001	0.065	0.063	0.871
0.061	0.610	0.002	0.327
0.001	0.039	0.001	0.959
0.063	0.617	0.001	0.319
0.060	0.004	0.001	0.935
>TCTAGCCTGTCC	5-TCTAGCCTGTCC	13.759361	-9.983098	0	T:3.0(1.50%),B:1.0(0.03%),P:1e-4	Tpos:51.1,Tstd:34.2,Bpos:15.0,Bstd:0.0,StrandBias:1.3,Multiplicity:2.33
0.001	0.001	0.001	0.997
0.001	0.997	0.001	0.001
0.001	0.422	0.001	0.576
0.576	0.001	0.422	0.001
0.001	0.422	0.576	0.001
0.001	0.974	0.001	0.024
0.001	0.997	0.001	0.001
0.001	0.001	0.001	0.997
0.001	0.001	0.997	0.001
0.001	0.001	0.001	0.997
0.001	0.576	0.001	0.422
0.001	0.997	0.001	0.001
>TGATGACTCATG	6-TGATGACTCATG	14.246010	-9.983098	0	T:3.0(1.50%),B:0.0(0.00%),P:1e-4	Tpos:46.6,Tstd:24.1,Bpos:0.0,Bstd:0.0,StrandBias:2.6,Multiplicity:2.33
0.001	0.001	0.159	0.839
0.001	0.001	0.997	0.001
0.839	0.001	0.001	0.159
0.001	0.001	0.001	0.997
0.001	0.001	0.997	0.001
0.997	0.001	0.001	0.001
0.001	0.997	0.001	0.001
0.001	0.001	0.001	0.997
0.001	0.997	0.001	0.001
0.997	0.001	0.001	0.001
0.001	0.001	0.159	0.839
0.159	0.001	0.839	0.001
>CCTTCCTTCCTT	7-CCTTCCTTCCTT	12.189969	-9.806171	0	T:4.0(2.00%),B:3.0(0.10%),P:1e-4	Tpos:47.9,Tstd:20.4,Bpos:55.3,Bstd:8.2,StrandBias:10.0,Multiplicity:1.50
0.001	0.997	0.001	0.001
0.001	0.861	0.001	0.137
0.001	0.001	0.001	0.997
0.001	0.137	0.001	0.861
0.001	0.997	0.001	0.001
0.001	0.861	0.001	0.137
0.001	0.001	0.001	0.997
0.001	0.137	0.001	0.861
0.001	0.997	0.001	0.001
0.001	0.861	0.001	0.137
0.001	0.001	0.001	0.997
0.001	0.001	0.001	0.997
>GGTTAGGGTTGG	8-GGTTAGGGTTGG	12.393797	-2.792242	0	T:2.0(1.00%),B:6.0(0.20%),P:1e-1	Tpos:52.0,Tstd:26.6,Bpos:46.8,Bstd:28.0,StrandBias:10.0,Multiplicity:7.00
0.001	0.001	0.997	0.001
0.001	0.001	0.997	0.001
0.001	0.001	0.001	0.997
0.001	0.001	0.001	0.997
0.662	0.001	0.336	0.001
0.001	0.001	0.997	0.001
0.001	0.001	0.997	0.001
0.001	0.001	0.846	0.152
0.001	0.001	0.103	0.895
0.152	0.001	0.001	0.846
0.405	0.001	0.593	0.001
0.001	0.001	0.997	0.001
