>GGAGTGACAC	1-GGAGTGACAC	10.636375	-19.108315	0	T:9.0(4.50%),B:8.0(0.27%),P:1e-8	Tpos:57.5,Tstd:27.1,Bpos:50.4,Bstd:27.6,StrandBias:-0.6,Multiplicity:1.11
0.001	0.001	0.997	0.001
0.001	0.001	0.997	0.001
0.866	0.001	0.132	0.001
0.001	0.001	0.997	0.001
0.001	0.001	0.001	0.997
0.100	0.001	0.898	0.001
0.733	0.001	0.133	0.133
0.001	0.997	0.001	0.001
0.733	0.001	0.133	0.133
0.001	0.866	0.001	0.132
>TAAMRAGTGA	2-TAAMRAGTGA	8.214777	-18.154880	0	T:19.0(9.50%),B:57.0(1.90%),P:1e-7	Tpos:49.7,Tstd:28.0,Bpos:50.2,Bstd:28.0,StrandBias:0.5,Multiplicity:1.22
0.162	0.001	0.001	0.836
0.997	0.001	0.001	0.001
0.536	0.137	0.326	0.001
0.465	0.371	0.163	0.001
0.340	0.178	0.330	0.151
0.836	0.001	0.001	0.162
0.001	0.013	0.809	0.177
0.001	0.001	0.001	0.997
0.001	0.001	0.997	0.001
0.997	0.001	0.001	0.001
>AGGCCTGCGT	3-AGGCCTGCGT	9.032523	-16.837138	0	T:10.0(5.00%),B:14.0(0.47%),P:1e-7	Tpos:47.9,Tstd:24.0,Bpos:47.4,Bstd:27.8,StrandBias:-1.4,Multiplicity:1.10
0.997	0.001	0.001	0.001
0.001	0.069	0.856	0.074
0.068	0.001	0.930	0.001
0.069	0.740	0.190	0.001
0.069	0.861	0.069	0.001
0.111	0.001	0.001	0.887
0.001	0.001	0.861	0.137
0.069	0.629	0.259	0.043
0.069	0.281	0.524	0.126
0.001	0.195	0.069	0.735
>ACAGTACWCM	4-ACAGTACWCM	8.472847	-16.287877	0	T:11.0(5.50%),B:19.0(0.63%),P:1e-7	Tpos:55.1,Tstd:26.5,Bpos:48.8,Bstd:26.7,StrandBias:0.7,Multiplicity:1.64
0.679	0.319	0.001	0.001
0.001	0.994	0.004	0.001
0.571	0.107	0.001	0.321
0.001	0.010	0.988	0.001
0.010	0.001	0.107	0.882
0.876	0.016	0.001	0.107
0.107	0.535	0.005	0.353
0.567	0.001	0.001	0.431
0.107	0.781	0.005	0.107
0.326	0.449	0.001	0.224
>CTTGCACTGC	5-CTTGCACTGC	10.570105	-14.096594	0	T:4.0(2.00%),B:1.0(0.03%),P:1e-6	Tpos:51.6,Tstd:24.5,Bpos:5.0,Bstd:0.0,StrandBias:-1.9,Multiplicity:3.50
0.001	0.997	0.001	0.001
0.063	0.001	0.001	0.935
0.001	0.001	0.001	0.997
0.331	0.001	0.604	0.064
0.001	0.997	0.001	0.001
0.997	0.001	0.001	0.001
0.001	0.997	0.001	0.001
0.001	0.001	0.001	0.997
0.001	0.001	0.997	0.001
0.001	0.997	0.001	0.001
>GGAGGAATCA	6-GGAGGAATCA	9.322249	-14.096594	0	T:4.0(2.00%),B:1.0(0.03%),P:1e-6	Tpos:38.8,Tstd:28.8,Bpos:37.0,Bstd:0.0,StrandBias:0.0,Multiplicity:1.00
0.001	0.001	0.997	0.001
0.001	0.001	0.997	0.001
0.997	0.001	0.001	0.001
0.010	0.001	0.744	0.245
0.001	0.001	0.997	0.001
0.803	0.195	0.001	0.001
0.732	0.039	0.001	0.228
0.001	0.001	0.001	0.997
0.001	0.997	0.001	0.001
0.997	0.001	0.001	0.001
>GTATCAAWCT	7-GTATCAAWCT	10.586248	-7.881120	0	T:5.0(2.50%),B:9.0(0.30%),P:1e-3	Tpos:55.8,Tstd:25.6,Bpos:47.3,Bstd:26.5,StrandBias:2.3,Multiplicity:2.40
0.001	0.001	0.997	0.001
0.001	0.001	0.001	0.997
0.895	0.103	0.001	0.001
0.103	0.001	0.001	0.895
0.001	0.997	0.001	0.001
0.997	0.001	0.001	0.001
0.895	0.001	0.103	0.001
0.519	0.001	0.103	0.377
0.001	0.997	0.001	0.001
0.103	0.001	0.001	0.895
>GGATGACTCA	8-GGATGACTCA	10.296193	-2.081452	0	T:1.0(0.50%),B:2.0(0.07%),P:1e0	Tpos:51.8,Tstd:27.8,Bpos:66.0,Bstd:12.0,StrandBias:10.0,Multiplicity:4.00
0.100	0.100	0.700	0.100
0.100	0.100	0.700	0.100
0.700	0.100	0.100	0.100
0.100	0.100	0.100	0.700
0.100	0.100	0.700	0.100
0.700	0.100	0.100	0.100
0.100	0.700	0.100	0.100
0.100	0.100	0.100	0.700
0.100	0.700	0.100	0.100
0.700	0.100	0.100	0.100
