>CGTGCCCC	1-CGTGCCCC	6.917849	-16.550205	0	T:21.0(10.50%),B:77.0(2.56%),P:1e-7	Tpos:45.9,Tstd:25.7,Bpos:49.3,Bstd:26.0,StrandBias:0.0,Multiplicity:1.05
0.033	0.897	0.037	0.033
0.116	0.065	0.794	0.025
0.064	0.001	0.064	0.871
0.103	0.001	0.895	0.001
0.055	0.791	0.153	0.001
0.079	0.856	0.064	0.001
0.001	0.997	0.001	0.001
0.001	0.997	0.001	0.001
>CATSATGK	2-CATSATGK	6.400371	-16.338757	0	T:29.0(14.50%),B:141.0(4.70%),P:1e-7	Tpos:50.2,Tstd:27.6,Bpos:45.4,Bstd:27.4,StrandBias:0.3,Multiplicity:1.18
0.001	0.597	0.392	0.010
0.974	0.001	0.024	0.001
0.391	0.001	0.001	0.607
0.100	0.336	0.375	0.190
0.997	0.001	0.001	0.001
0.001	0.147	0.001	0.851
0.001	0.309	0.517	0.173
0.001	0.197	0.391	0.411
>CTCCTGTT	3-CTCCTGTT	7.927929	-16.032846	0	T:16.0(8.00%),B:46.0(1.53%),P:1e-6	Tpos:38.1,Tstd:19.9,Bpos:47.8,Bstd:27.2,StrandBias:0.4,Multiplicity:1.00
0.001	0.997	0.001	0.001
0.001	0.056	0.001	0.942
0.001	0.997	0.001	0.001
0.001	0.997	0.001	0.001
0.135	0.001	0.001	0.863
0.001	0.001	0.997	0.001
0.001	0.001	0.001	0.997
0.109	0.001	0.001	0.889
>GGTCGTTA	4-GGTCGTTA	7.696503	-12.539955	0	T:11.0(5.50%),B:28.0(0.93%),P:1e-5	Tpos:42.8,Tstd:27.6,Bpos:45.9,Bstd:26.1,StrandBias:0.0,Multiplicity:1.09
0.001	0.001	0.997	0.001
0.137	0.001	0.861	0.001
0.001	0.001	0.001	0.997
0.086	0.785	0.073	0.056
0.001	0.063	0.628	0.308
0.001	0.001	0.001	0.997
0.001	0.001	0.137	0.861
0.997	0.001	0.001	0.001
>CATTGCAA	5-CATTGCAA	7.378362	-10.597198	0	T:20.0(10.00%),B:104.0(3.46%),P:1e-4	Tpos:57.6,Tstd:26.2,Bpos:48.7,Bstd:27.2,StrandBias:0.4,Multiplicity:1.30
0.157	0.841	0.001	0.001
0.997	0.001	0.001	0.001
0.109	0.001	0.173	0.717
0.001	0.001	0.183	0.815
0.198	0.001	0.800	0.001
0.001	0.893	0.001	0.105
0.997	0.001	0.001	0.001
0.928	0.001	0.070	0.001
>GCATRCTA	6-GCATRCTA	9.182493	-9.030626	0	T:5.0(2.50%),B:7.0(0.23%),P:1e-3	Tpos:55.7,Tstd:27.7,Bpos:44.9,Bstd:32.5,StrandBias:0.0,Multiplicity:1.20
0.001	0.351	0.647	0.001
0.102	0.896	0.001	0.001
0.997	0.001	0.001	0.001
0.001	0.001	0.001	0.997
0.479	0.001	0.519	0.001
0.001	0.997	0.001	0.001
0.001	0.001	0.001	0.997
0.997	0.001	0.001	0.001
>CAAGTGAC	7-CAAGTGAC	8.362948	-7.576552	0	T:8.0(4.00%),B:27.0(0.90%),P:1e-3	Tpos:58.8,Tstd:29.3,Bpos:50.8,Bstd:21.7,StrandBias:1.6,Multiplicity:1.50
0.292	0.706	0.001	0.001
0.997	0.001	0.001	0.001
0.804	0.001	0.001	0.194
0.001	0.001	0.654	0.344
0.001	0.001	0.001	0.997
0.160	0.001	0.838	0.001
0.997	0.001	0.001	0.001
0.119	0.879	0.001	0.001
>AAAAAAAA	8-AAAAAAAA	7.181526	-4.758258	0	T:19.0(9.50%),B:156.0(5.19%),P:1e-2	Tpos:44.0,Tstd:24.2,Bpos:52.3,Bstd:27.2,StrandBias:-0.0,Multiplicity:1.00
0.946	0.052	0.001	0.001
0.968	0.001	0.001	0.030
0.997	0.001	0.001	0.001
0.947	0.001	0.001	0.051
0.997	0.001	0.001	0.001
0.915	0.001	0.083	0.001
0.937	0.001	0.061	0.001
0.876	0.001	0.122	0.001
