>AGAGACTGGC	1-AGAGACTGGC	6.757944	-22.148334	0	T:6.0(17.65%),B:7.0(0.24%),P:1e-9,FDR:0.4	Tpos:49.8,Tstd:22.9,Bpos:68.6,Bstd:27.6,StrandBias:1.0,Multiplicity:1.00
0.953	0.045	0.001	0.001
0.136	0.001	0.862	0.001
0.997	0.001	0.001	0.001
0.001	0.001	0.997	0.001
0.817	0.001	0.137	0.045
0.001	0.997	0.001	0.001
0.001	0.001	0.001	0.997
0.001	0.001	0.997	0.001
0.001	0.001	0.997	0.001
0.001	0.997	0.001	0.001
>TATGRGATSY	2-TATGRGATSY	8.463445	-21.182404	0	T:4.0(11.76%),B:1.0(0.03%),P:1e-9,FDR:0.4	Tpos:81.5,Tstd:8.1,Bpos:42.9,Bstd:23.5,StrandBias:1.6,Multiplicity:1.00
0.001	0.001	0.001	0.997
0.997	0.001	0.001	0.001
0.001	0.001	0.001	0.997
0.001	0.001	0.997	0.001
0.467	0.001	0.531	0.001
0.001	0.001	0.997	0.001
0.997	0.001	0.001	0.001
0.001	0.001	0.001	0.997
0.001	0.549	0.449	0.001
0.001	0.449	0.018	0.532
>TAGGTAGGCT	3-TAGGTAGGCT	9.359336	-14.777512	0	T:4.0(11.76%),B:5.8(0.20%),P:1e-6,FDR:0.733333333333333	Tpos:46.2,Tstd:17.4,Bpos:65.1,Bstd:14.0,StrandBias:0.0,Multiplicity:1.00
0.001	0.062	0.001	0.936
0.997	0.001	0.001	0.001
0.001	0.005	0.993	0.001
0.001	0.006	0.992	0.001
0.026	0.001	0.311	0.662
0.654	0.001	0.344	0.001
0.001	0.001	0.964	0.034
0.001	0.001	0.956	0.042
0.001	0.689	0.309	0.001
0.001	0.001	0.001	0.997
>ARGCMMRGCC	4-ARGCMMRGCC	7.757323	-14.658731	0	T:6.0(17.65%),B:25.5(0.87%),P:1e-6,FDR:0.733333333333333	Tpos:57.3,Tstd:26.6,Bpos:59.1,Bstd:26.6,StrandBias:0.4,Multiplicity:1.17
0.997	0.001	0.001	0.001
0.449	0.001	0.549	0.001
0.001	0.001	0.997	0.001
0.001	0.997	0.001	0.001
0.449	0.549	0.001	0.001
0.477	0.521	0.001	0.001
0.534	0.001	0.449	0.016
0.001	0.001	0.997	0.001
0.001	0.997	0.001	0.001
0.027	0.971	0.001	0.001
>TACATTGTGA	5-TACATTGTGA	11.145864	-10.932910	0	T:5.0(14.71%),B:28.2(0.96%),P:1e-4,FDR:0.733333333333333	Tpos:45.2,Tstd:22.4,Bpos:54.4,Bstd:20.1,StrandBias:-0.6,Multiplicity:1.00
0.001	0.014	0.001	0.984
0.997	0.001	0.001	0.001
0.001	0.997	0.001	0.001
0.997	0.001	0.001	0.001
0.202	0.031	0.284	0.484
0.001	0.001	0.001	0.997
0.001	0.001	0.997	0.001
0.001	0.001	0.001	0.997
0.413	0.001	0.585	0.001
0.656	0.001	0.001	0.342
>CTGGCCTCWAAC	1-CTGGCCTCWAAC	8.874376	-17.199131	0	T:8.0(23.53%),B:44.8(1.53%),P:1e-7,FDR:1	Tpos:57.5,Tstd:25.4,Bpos:48.8,Bstd:25.8,StrandBias:0.7,Multiplicity:1.00
0.191	0.807	0.001	0.001
0.001	0.001	0.001	0.997
0.001	0.001	0.997	0.001
0.001	0.191	0.807	0.001
0.001	0.807	0.191	0.001
0.001	0.997	0.001	0.001
0.191	0.001	0.191	0.617
0.191	0.602	0.206	0.001
0.425	0.001	0.191	0.383
0.601	0.015	0.383	0.001
0.616	0.382	0.001	0.001
0.001	0.807	0.191	0.001
>TTACACTGTAAC	2-TTACACTGTAAC	14.074745	-15.250158	0	T:3.0(8.82%),B:0.7(0.02%),P:1e-6,FDR:1	Tpos:44.8,Tstd:4.1,Bpos:54.0,Bstd:0.8,StrandBias:0.6,Multiplicity:1.00
0.001	0.001	0.001	0.997
0.001	0.199	0.001	0.799
0.997	0.001	0.001	0.001
0.001	0.997	0.001	0.001
0.997	0.001	0.001	0.001
0.200	0.400	0.200	0.200
0.001	0.001	0.001	0.997
0.001	0.001	0.997	0.001
0.001	0.001	0.001	0.997
0.997	0.001	0.001	0.001
0.997	0.001	0.001	0.001
0.001	0.997	0.001	0.001
>TATCAATDGAVG	3-TATCAATDGAVG	9.830592	-10.453658	0	T:3.0(8.82%),B:5.3(0.18%),P:1e-4,FDR:1	Tpos:50.2,Tstd:16.6,Bpos:42.8,Bstd:34.9,StrandBias:1.6,Multiplicity:1.33
0.001	0.001	0.309	0.689
0.997	0.001	0.001	0.001
0.023	0.001	0.355	0.621
0.001	0.976	0.022	0.001
0.997	0.001	0.001	0.001
0.666	0.310	0.002	0.022
0.311	0.021	0.001	0.667
0.310	0.001	0.310	0.378
0.021	0.358	0.620	0.001
0.642	0.026	0.310	0.022
0.336	0.331	0.331	0.001
0.310	0.023	0.645	0.022
>TCCCCCCACCCC	4-TCCCCCCACCCC	9.374967	-9.172756	0	T:6.0(17.65%),B:66.1(2.26%),P:1e-3,FDR:1	Tpos:50.8,Tstd:26.8,Bpos:46.0,Bstd:28.0,StrandBias:-0.3,Multiplicity:1.33
0.001	0.001	0.001	0.997
0.010	0.703	0.010	0.277
0.286	0.565	0.001	0.148
0.001	0.997	0.001	0.001
0.001	0.861	0.001	0.137
0.001	0.861	0.137	0.001
0.138	0.575	0.001	0.286
0.575	0.286	0.001	0.138
0.138	0.576	0.138	0.148
0.138	0.723	0.001	0.138
0.001	0.713	0.001	0.285
0.009	0.989	0.001	0.001
>GAACTCACTCTG	5-GAACTCACTCTG	12.355432	-3.771452	0	T:1.0(2.94%),B:3.0(0.10%),P:1e-1,FDR:1	Tpos:44.0,Tstd:0.0,Bpos:52.1,Bstd:15.3,StrandBias:10.0,Multiplicity:1.00
0.100	0.100	0.700	0.100
0.700	0.100	0.100	0.100
0.700	0.100	0.100	0.100
0.100	0.700	0.100	0.100
0.100	0.100	0.100	0.700
0.100	0.700	0.100	0.100
0.700	0.100	0.100	0.100
0.100	0.700	0.100	0.100
0.100	0.100	0.100	0.700
0.100	0.700	0.100	0.100
0.100	0.100	0.100	0.700
0.100	0.100	0.700	0.100
>AGGCTGGC	1-AGGCTGGC	5.959327	-17.891461	0	T:12.0(35.29%),B:134.0(4.59%),P:1e-7,FDR:0.2	Tpos:50.6,Tstd:25.0,Bpos:52.1,Bstd:34.8,StrandBias:-0.5,Multiplicity:1.00
0.939	0.001	0.001	0.059
0.001	0.001	0.997	0.001
0.121	0.001	0.776	0.102
0.001	0.997	0.001	0.001
0.001	0.001	0.001	0.997
0.001	0.001	0.997	0.001
0.001	0.001	0.997	0.001
0.001	0.997	0.001	0.001
>AGCCTTAG	2-AGCCTTAG	6.495644	-14.448353	0	T:10.0(29.41%),B:116.9(4.00%),P:1e-6,FDR:0.2	Tpos:43.5,Tstd:30.9,Bpos:45.2,Bstd:36.1,StrandBias:-1.0,Multiplicity:1.20
0.776	0.150	0.073	0.001
0.113	0.001	0.885	0.001
0.001	0.928	0.070	0.001
0.177	0.821	0.001	0.001
0.001	0.095	0.001	0.903
0.001	0.001	0.001	0.997
0.863	0.001	0.066	0.070
0.001	0.001	0.903	0.095
>CCAGTGCG	3-CCAGTGCG	8.475851	-14.213450	0	T:6.0(17.65%),B:27.1(0.93%),P:1e-6,FDR:0.2	Tpos:67.2,Tstd:16.4,Bpos:39.8,Bstd:26.4,StrandBias:10.0,Multiplicity:1.00
0.282	0.716	0.001	0.001
0.001	0.997	0.001	0.001
0.997	0.001	0.001	0.001
0.001	0.001	0.997	0.001
0.001	0.001	0.001	0.997
0.001	0.001	0.997	0.001
0.057	0.727	0.124	0.092
0.161	0.001	0.837	0.001
>ATTGCTAA	4-ATTGCTAA	8.145695	-13.235287	0	T:6.0(17.65%),B:32.5(1.11%),P:1e-5,FDR:0.2	Tpos:45.0,Tstd:23.4,Bpos:45.6,Bstd:30.4,StrandBias:1.0,Multiplicity:1.00
0.871	0.127	0.001	0.001
0.001	0.001	0.001	0.997
0.001	0.001	0.001	0.997
0.001	0.150	0.848	0.001
0.199	0.555	0.138	0.108
0.001	0.001	0.001	0.997
0.997	0.001	0.001	0.001
0.891	0.107	0.001	0.001
>GAKCCMAT	5-GAKCCMAT	5.703853	-8.939057	0	T:7.0(20.59%),B:100.1(3.43%),P:1e-3,FDR:0.6	Tpos:66.2,Tstd:26.1,Bpos:47.3,Bstd:28.5,StrandBias:0.0,Multiplicity:1.14
0.001	0.001	0.997	0.001
0.981	0.001	0.001	0.017
0.089	0.001	0.384	0.526
0.001	0.997	0.001	0.001
0.001	0.956	0.001	0.042
0.456	0.542	0.001	0.001
0.997	0.001	0.001	0.001
0.001	0.001	0.001	0.997
