>AGGCTGGC	1-AGGCTGGC	5.959327	-17.891461	0	T:12.0(35.29%),B:134.0(4.59%),P:1e-7,FDR:0.2	Tpos:50.6,Tstd:25.0,Bpos:52.1,Bstd:34.8,StrandBias:-0.5,Multiplicity:1.00
0.939	0.001	0.001	0.059
0.001	0.001	0.997	0.001
0.121	0.001	0.776	0.102
0.001	0.997	0.001	0.001
0.001	0.001	0.001	0.997
0.001	0.001	0.997	0.001
0.001	0.001	0.997	0.001
0.001	0.997	0.001	0.001
>AGCCTTAG	2-AGCCTTAG	6.495644	-14.448353	0	T:10.0(29.41%),B:116.9(4.00%),P:1e-6,FDR:0.2	Tpos:43.5,Tstd:30.9,Bpos:45.2,Bstd:36.1,StrandBias:-1.0,Multiplicity:1.20
0.776	0.150	0.073	0.001
0.113	0.001	0.885	0.001
0.001	0.928	0.070	0.001
0.177	0.821	0.001	0.001
0.001	0.095	0.001	0.903
0.001	0.001	0.001	0.997
0.863	0.001	0.066	0.070
0.001	0.001	0.903	0.095
>CCAGTGCG	3-CCAGTGCG	8.475851	-14.213450	0	T:6.0(17.65%),B:27.1(0.93%),P:1e-6,FDR:0.2	Tpos:67.2,Tstd:16.4,Bpos:39.8,Bstd:26.4,StrandBias:10.0,Multiplicity:1.00
0.282	0.716	0.001	0.001
0.001	0.997	0.001	0.001
0.997	0.001	0.001	0.001
0.001	0.001	0.997	0.001
0.001	0.001	0.001	0.997
0.001	0.001	0.997	0.001
0.057	0.727	0.124	0.092
0.161	0.001	0.837	0.001
>ATTGCTAA	4-ATTGCTAA	8.145695	-13.235287	0	T:6.0(17.65%),B:32.5(1.11%),P:1e-5,FDR:0.2	Tpos:45.0,Tstd:23.4,Bpos:45.6,Bstd:30.4,StrandBias:1.0,Multiplicity:1.00
0.871	0.127	0.001	0.001
0.001	0.001	0.001	0.997
0.001	0.001	0.001	0.997
0.001	0.150	0.848	0.001
0.199	0.555	0.138	0.108
0.001	0.001	0.001	0.997
0.997	0.001	0.001	0.001
0.891	0.107	0.001	0.001
>GAKCCMAT	5-GAKCCMAT	5.703853	-8.939057	0	T:7.0(20.59%),B:100.1(3.43%),P:1e-3,FDR:0.6	Tpos:66.2,Tstd:26.1,Bpos:47.3,Bstd:28.5,StrandBias:0.0,Multiplicity:1.14
0.001	0.001	0.997	0.001
0.981	0.001	0.001	0.017
0.089	0.001	0.384	0.526
0.001	0.997	0.001	0.001
0.001	0.956	0.001	0.042
0.456	0.542	0.001	0.001
0.997	0.001	0.001	0.001
0.001	0.001	0.001	0.997
