>ACTAGTTCTG	1-ACTAGTTCTG	7.759218	-20.864457	0	T:19.0(5.67%),B:27.0(0.94%),P:1e-9	Tpos:59.6,Tstd:28.5,Bpos:57.8,Bstd:29.2,StrandBias:0.6,Multiplicity:1.11
0.785	0.043	0.086	0.086
0.086	0.828	0.043	0.043
0.130	0.089	0.043	0.738
0.753	0.043	0.074	0.130
0.043	0.046	0.910	0.001
0.129	0.133	0.001	0.737
0.001	0.001	0.202	0.796
0.086	0.784	0.001	0.129
0.089	0.001	0.001	0.909
0.043	0.043	0.781	0.133
>ATTGTTGTTC	2-ATTGTTGTTC	7.486135	-20.510213	0	T:36.0(10.75%),B:96.0(3.35%),P:1e-8	Tpos:46.0,Tstd:24.1,Bpos:50.3,Bstd:27.4,StrandBias:0.2,Multiplicity:1.08
0.519	0.183	0.170	0.128
0.001	0.113	0.123	0.763
0.001	0.001	0.001	0.997
0.001	0.001	0.818	0.180
0.001	0.163	0.001	0.835
0.060	0.001	0.240	0.699
0.001	0.110	0.888	0.001
0.001	0.044	0.001	0.954
0.001	0.185	0.001	0.813
0.121	0.714	0.045	0.120
>GGAGCTGGTC	3-GGAGCTGGTC	9.894945	-19.381434	0	T:8.0(2.39%),B:3.0(0.10%),P:1e-8	Tpos:45.6,Tstd:34.9,Bpos:30.0,Bstd:14.4,StrandBias:1.2,Multiplicity:1.25
0.015	0.001	0.785	0.199
0.183	0.001	0.815	0.001
0.997	0.001	0.001	0.001
0.183	0.001	0.815	0.001
0.001	0.997	0.001	0.001
0.218	0.001	0.001	0.780
0.001	0.001	0.815	0.183
0.001	0.001	0.997	0.001
0.001	0.001	0.183	0.815
0.001	0.997	0.001	0.001
>TGCATGCACA	4-TGCATGCACA	6.693894	-12.758730	0	T:24.0(7.16%),B:69.0(2.41%),P:1e-5	Tpos:47.5,Tstd:28.4,Bpos:42.8,Bstd:25.2,StrandBias:-0.1,Multiplicity:1.12
0.065	0.058	0.040	0.837
0.057	0.001	0.941	0.001
0.058	0.826	0.058	0.058
0.828	0.001	0.115	0.056
0.001	0.057	0.064	0.878
0.058	0.058	0.826	0.058
0.058	0.826	0.058	0.058
0.707	0.177	0.058	0.058
0.038	0.653	0.056	0.253
0.696	0.058	0.190	0.056
>GAGAGACAGG	5-GAGAGACAGG	10.302214	-10.708356	0	T:12.0(3.58%),B:23.0(0.80%),P:1e-4	Tpos:44.4,Tstd:29.8,Bpos:44.5,Bstd:25.6,StrandBias:1.0,Multiplicity:1.50
0.001	0.068	0.835	0.096
0.902	0.001	0.096	0.001
0.001	0.096	0.807	0.096
0.997	0.001	0.001	0.001
0.001	0.001	0.997	0.001
0.946	0.001	0.001	0.052
0.001	0.997	0.001	0.001
0.902	0.001	0.001	0.096
0.139	0.001	0.817	0.043
0.167	0.001	0.831	0.001
>AGGGTTAGAG	6-AGGGTTAGAG	9.092076	-9.388122	0	T:9.0(2.69%),B:15.0(0.52%),P:1e-4	Tpos:55.4,Tstd:26.1,Bpos:46.0,Bstd:30.1,StrandBias:2.7,Multiplicity:2.44
0.797	0.035	0.096	0.072
0.141	0.001	0.823	0.035
0.107	0.001	0.857	0.035
0.035	0.167	0.738	0.060
0.035	0.061	0.177	0.727
0.060	0.035	0.071	0.834
0.859	0.070	0.001	0.070
0.035	0.237	0.693	0.035
0.797	0.035	0.142	0.026
0.035	0.071	0.893	0.001
>TGCTATGCTC	7-TGCTATGCTC	11.016197	-6.335684	0	T:3.0(0.90%),B:2.0(0.07%),P:1e-2	Tpos:40.7,Tstd:24.5,Bpos:39.0,Bstd:7.0,StrandBias:-1.7,Multiplicity:4.33
0.001	0.001	0.007	0.991
0.001	0.053	0.945	0.001
0.001	0.834	0.164	0.001
0.007	0.001	0.001	0.991
0.585	0.413	0.001	0.001
0.007	0.001	0.001	0.991
0.030	0.017	0.952	0.001
0.001	0.588	0.001	0.410
0.008	0.015	0.380	0.597
0.001	0.611	0.387	0.001
>GTGACAGAAT	8-GTGACAGAAT	10.296193	-3.757660	0	T:2.0(0.60%),B:2.0(0.07%),P:1e-1	Tpos:52.0,Tstd:26.1,Bpos:5.5,Bstd:0.5,StrandBias:10.0,Multiplicity:3.00
0.100	0.100	0.700	0.100
0.100	0.100	0.100	0.700
0.100	0.100	0.700	0.100
0.700	0.100	0.100	0.100
0.100	0.700	0.100	0.100
0.700	0.100	0.100	0.100
0.100	0.100	0.700	0.100
0.700	0.100	0.100	0.100
0.700	0.100	0.100	0.100
0.100	0.100	0.100	0.700
