>CCACGCCCAGCT	1-CCACGCCCAGCT	13.088956	-23.718940	0	T:7.0(2.09%),B:1.0(0.03%),P:1e-10	Tpos:52.6,Tstd:25.0,Bpos:82.0,Bstd:0.0,StrandBias:-0.4,Multiplicity:1.00
0.001	0.997	0.001	0.001
0.001	0.997	0.001	0.001
0.725	0.273	0.001	0.001
0.137	0.725	0.001	0.137
0.410	0.001	0.588	0.001
0.001	0.997	0.001	0.001
0.001	0.997	0.001	0.001
0.001	0.997	0.001	0.001
0.997	0.001	0.001	0.001
0.001	0.273	0.725	0.001
0.001	0.997	0.001	0.001
0.001	0.001	0.001	0.997
>ATCTCTGCAGCT	2-ATCTCTGCAGCT	10.333846	-23.261093	0	T:10.0(2.99%),B:4.0(0.14%),P:1e-10	Tpos:49.6,Tstd:27.3,Bpos:41.0,Bstd:15.8,StrandBias:0.0,Multiplicity:1.00
0.633	0.183	0.001	0.183
0.001	0.001	0.183	0.815
0.183	0.789	0.014	0.014
0.001	0.001	0.001	0.997
0.183	0.815	0.001	0.001
0.001	0.001	0.001	0.997
0.183	0.013	0.803	0.001
0.001	0.802	0.196	0.001
0.815	0.001	0.001	0.183
0.001	0.183	0.815	0.001
0.001	0.815	0.001	0.183
0.001	0.013	0.001	0.985
>TCCTCCAGTAAG	3-TCCTCCAGTAAG	10.430180	-22.654423	0	T:9.0(2.69%),B:3.0(0.10%),P:1e-9	Tpos:33.1,Tstd:16.5,Bpos:52.7,Bstd:23.7,StrandBias:1.2,Multiplicity:1.11
0.001	0.016	0.001	0.982
0.183	0.633	0.001	0.183
0.001	0.815	0.001	0.183
0.001	0.001	0.001	0.997
0.183	0.815	0.001	0.001
0.001	0.997	0.001	0.001
0.815	0.183	0.001	0.001
0.016	0.367	0.616	0.001
0.001	0.382	0.001	0.616
0.800	0.016	0.183	0.001
0.997	0.001	0.001	0.001
0.001	0.001	0.997	0.001
>TGTKTGTDCACT	4-TGTKTGTDCACT	10.010253	-19.704265	0	T:15.0(4.48%),B:17.0(0.59%),P:1e-8	Tpos:48.3,Tstd:27.6,Bpos:51.1,Bstd:25.8,StrandBias:0.5,Multiplicity:1.27
0.001	0.001	0.001	0.997
0.001	0.001	0.912	0.086
0.001	0.001	0.001	0.997
0.001	0.001	0.526	0.472
0.001	0.001	0.086	0.912
0.379	0.087	0.533	0.001
0.262	0.001	0.087	0.650
0.263	0.001	0.378	0.359
0.001	0.725	0.001	0.273
0.728	0.001	0.097	0.174
0.174	0.729	0.096	0.001
0.114	0.087	0.001	0.798
>AGGGTCAGGGTC	5-AGGGTCAGGGTC	12.743290	-8.329035	0	T:3.0(0.90%),B:0.0(0.00%),P:1e-3	Tpos:54.2,Tstd:26.6,Bpos:0.0,Bstd:0.0,StrandBias:3.7,Multiplicity:4.67
0.709	0.001	0.289	0.001
0.001	0.001	0.997	0.001
0.001	0.001	0.709	0.289
0.001	0.001	0.709	0.289
0.001	0.289	0.001	0.709
0.001	0.702	0.001	0.296
0.997	0.001	0.001	0.001
0.001	0.001	0.997	0.001
0.001	0.001	0.997	0.001
0.001	0.001	0.997	0.001
0.001	0.289	0.001	0.709
0.001	0.991	0.001	0.007
>AGCAGTGTAAGC	6-AGCAGTGTAAGC	13.667124	-8.329035	0	T:3.0(0.90%),B:0.0(0.00%),P:1e-3	Tpos:38.0,Tstd:21.8,Bpos:0.0,Bstd:0.0,StrandBias:10.0,Multiplicity:2.33
0.997	0.001	0.001	0.001
0.407	0.001	0.591	0.001
0.001	0.997	0.001	0.001
0.997	0.001	0.001	0.001
0.001	0.001	0.997	0.001
0.407	0.001	0.001	0.591
0.001	0.001	0.997	0.001
0.001	0.091	0.001	0.907
0.591	0.001	0.001	0.407
0.997	0.001	0.001	0.001
0.001	0.407	0.591	0.001
0.001	0.997	0.001	0.001
>CCCTGACAACAG	7-CCCTGACAACAG	12.870395	-8.329035	0	T:3.0(0.90%),B:1.0(0.03%),P:1e-3	Tpos:46.9,Tstd:22.6,Bpos:81.0,Bstd:0.0,StrandBias:10.0,Multiplicity:2.67
0.001	0.997	0.001	0.001
0.001	0.997	0.001	0.001
0.001	0.997	0.001	0.001
0.001	0.001	0.001	0.997
0.001	0.001	0.997	0.001
0.997	0.001	0.001	0.001
0.001	0.997	0.001	0.001
0.997	0.001	0.001	0.001
0.889	0.001	0.109	0.001
0.001	0.779	0.219	0.001
0.997	0.001	0.001	0.001
0.001	0.001	0.997	0.001
>TTTCTTTTTTTT	8-TTTCTTTTTTTT	14.549978	-6.489270	0	T:5.0(1.49%),B:7.0(0.24%),P:1e-2	Tpos:52.0,Tstd:28.0,Bpos:44.7,Bstd:24.6,StrandBias:0.6,Multiplicity:1.00
0.001	0.289	0.001	0.709
0.001	0.001	0.001	0.997
0.001	0.001	0.289	0.709
0.001	0.876	0.001	0.122
0.001	0.001	0.001	0.997
0.001	0.001	0.001	0.997
0.001	0.001	0.289	0.709
0.001	0.001	0.001	0.997
0.001	0.001	0.001	0.997
0.001	0.001	0.001	0.997
0.001	0.001	0.001	0.997
0.001	0.001	0.001	0.997
