>TCACTGCTTT	1-TCACTGCTTT	10.550102	-24.101287	0	T:11.0(3.28%),B:5.0(0.17%),P:1e-10	Tpos:43.3,Tstd:25.3,Bpos:33.0,Bstd:29.1,StrandBias:0.0,Multiplicity:1.09
0.001	0.001	0.001	0.997
0.001	0.908	0.090	0.001
0.908	0.090	0.001	0.001
0.091	0.817	0.001	0.091
0.001	0.001	0.001	0.997
0.001	0.091	0.817	0.091
0.001	0.908	0.090	0.001
0.001	0.001	0.001	0.997
0.001	0.001	0.090	0.908
0.001	0.091	0.091	0.817
>CCATCCAGAG	2-CCATCCAGAG	9.386996	-23.310587	0	T:15.0(4.48%),B:13.0(0.45%),P:1e-10	Tpos:47.5,Tstd:29.0,Bpos:51.7,Bstd:23.3,StrandBias:-1.0,Multiplicity:1.00
0.001	0.903	0.001	0.095
0.001	0.903	0.001	0.095
0.808	0.190	0.001	0.001
0.095	0.001	0.001	0.903
0.095	0.903	0.001	0.001
0.008	0.887	0.001	0.104
0.997	0.001	0.001	0.001
0.001	0.001	0.712	0.286
0.903	0.001	0.095	0.001
0.001	0.104	0.791	0.104
>GTCYCTTCTG	3-GTCYCTTCTG	8.252184	-22.587332	0	T:25.0(7.46%),B:44.0(1.53%),P:1e-9	Tpos:51.9,Tstd:24.7,Bpos:49.5,Bstd:27.5,StrandBias:-0.6,Multiplicity:1.20
0.158	0.001	0.648	0.193
0.001	0.103	0.001	0.895
0.001	0.619	0.104	0.276
0.001	0.460	0.001	0.538
0.001	0.997	0.001	0.001
0.001	0.001	0.001	0.997
0.001	0.156	0.001	0.842
0.052	0.696	0.104	0.148
0.105	0.001	0.001	0.893
0.001	0.315	0.570	0.114
>TCTCGWTGCW	4-TCTCGWTGCW	10.192142	-19.605952	0	T:6.0(1.79%),B:1.0(0.03%),P:1e-8	Tpos:50.2,Tstd:24.8,Bpos:17.0,Bstd:0.0,StrandBias:-2.3,Multiplicity:1.00
0.001	0.001	0.224	0.774
0.001	0.997	0.001	0.001
0.019	0.001	0.001	0.979
0.001	0.997	0.001	0.001
0.020	0.020	0.715	0.245
0.449	0.001	0.224	0.326
0.001	0.001	0.001	0.997
0.001	0.001	0.774	0.224
0.001	0.997	0.001	0.001
0.550	0.001	0.001	0.448
>KCCKTTAGGA	5-KCCKTTAGGA	8.689119	-18.048575	0	T:11.0(3.28%),B:9.0(0.31%),P:1e-7	Tpos:46.0,Tstd:31.3,Bpos:61.9,Bstd:23.1,StrandBias:-1.2,Multiplicity:1.18
0.223	0.001	0.323	0.453
0.010	0.988	0.001	0.001
0.111	0.554	0.006	0.329
0.007	0.001	0.551	0.441
0.001	0.117	0.323	0.559
0.106	0.001	0.217	0.676
0.887	0.001	0.111	0.001
0.001	0.001	0.997	0.001
0.001	0.001	0.997	0.001
0.564	0.218	0.001	0.217
>AGCCAGGCCC	6-AGCCAGGCCC	7.431468	-16.826856	0	T:34.0(10.15%),B:101.0(3.52%),P:1e-7	Tpos:45.2,Tstd:24.6,Bpos:50.1,Bstd:25.6,StrandBias:-0.1,Multiplicity:1.35
0.424	0.195	0.236	0.144
0.319	0.001	0.679	0.001
0.047	0.730	0.222	0.001
0.382	0.616	0.001	0.001
0.663	0.147	0.189	0.001
0.047	0.372	0.534	0.047
0.237	0.047	0.715	0.001
0.371	0.576	0.001	0.052
0.097	0.845	0.057	0.001
0.381	0.571	0.047	0.001
>TCACAACAAC	7-TCACAACAAC	8.628185	-14.314098	0	T:7.0(2.09%),B:4.0(0.14%),P:1e-6	Tpos:42.7,Tstd:25.7,Bpos:71.2,Bstd:21.2,StrandBias:1.6,Multiplicity:1.71
0.001	0.001	0.001	0.997
0.001	0.910	0.088	0.001
0.997	0.001	0.001	0.001
0.001	0.997	0.001	0.001
0.997	0.001	0.001	0.001
0.997	0.001	0.001	0.001
0.230	0.768	0.001	0.001
0.991	0.001	0.007	0.001
0.688	0.223	0.081	0.008
0.001	0.997	0.001	0.001
>ATCAGCTAGC	8-ATCAGCTAGC	11.504841	-8.329035	0	T:3.0(0.90%),B:1.0(0.03%),P:1e-3	Tpos:42.4,Tstd:24.6,Bpos:28.0,Bstd:0.0,StrandBias:2.8,Multiplicity:2.67
0.889	0.109	0.001	0.001
0.001	0.001	0.001	0.997
0.001	0.997	0.001	0.001
0.997	0.001	0.001	0.001
0.001	0.001	0.997	0.001
0.001	0.997	0.001	0.001
0.001	0.001	0.001	0.997
0.889	0.001	0.109	0.001
0.001	0.001	0.997	0.001
0.001	0.997	0.001	0.001
