>CCCGCGGTGC	1-CCCGCGGTGC	9.923514	-32.337632	0	T:9.0(2.69%),B:1.0(0.03%),P:1e-14	Tpos:32.3,Tstd:22.6,Bpos:23.0,Bstd:0.0,StrandBias:0.3,Multiplicity:1.00
0.001	0.997	0.001	0.001
0.001	0.997	0.001	0.001
0.136	0.627	0.001	0.236
0.001	0.001	0.997	0.001
0.001	0.745	0.118	0.136
0.118	0.118	0.763	0.001
0.001	0.390	0.608	0.001
0.117	0.001	0.001	0.881
0.001	0.001	0.881	0.117
0.001	0.997	0.001	0.001
>CAACGAAGGG	2-CAACGAAGGG	11.276337	-18.966784	0	T:7.0(2.09%),B:2.0(0.07%),P:1e-8	Tpos:50.6,Tstd:16.7,Bpos:21.5,Bstd:0.5,StrandBias:-1.3,Multiplicity:1.00
0.001	0.997	0.001	0.001
0.997	0.001	0.001	0.001
0.997	0.001	0.001	0.001
0.166	0.667	0.166	0.001
0.166	0.001	0.832	0.001
0.832	0.166	0.001	0.001
0.997	0.001	0.001	0.001
0.166	0.001	0.832	0.001
0.001	0.001	0.997	0.001
0.001	0.001	0.997	0.001
>AGCTCTGCTC	3-AGCTCTGCTC	11.450168	-15.545134	0	T:6.0(1.79%),B:2.0(0.07%),P:1e-6	Tpos:60.3,Tstd:21.9,Bpos:81.0,Bstd:9.0,StrandBias:1.0,Multiplicity:1.00
0.866	0.001	0.001	0.132
0.001	0.127	0.871	0.001
0.407	0.591	0.001	0.001
0.001	0.001	0.001	0.997
0.001	0.997	0.001	0.001
0.126	0.001	0.001	0.872
0.001	0.001	0.997	0.001
0.166	0.832	0.001	0.001
0.001	0.001	0.001	0.997
0.001	0.591	0.407	0.001
>ACTGCAGTGG	4-ACTGCAGTGG	9.893339	-10.694742	0	T:7.0(2.09%),B:7.0(0.24%),P:1e-4	Tpos:56.4,Tstd:23.5,Bpos:54.1,Bstd:29.9,StrandBias:0.4,Multiplicity:1.43
0.911	0.001	0.001	0.087
0.001	0.997	0.001	0.001
0.087	0.001	0.001	0.911
0.001	0.001	0.997	0.001
0.001	0.911	0.001	0.087
0.997	0.001	0.001	0.001
0.001	0.001	0.911	0.087
0.088	0.001	0.048	0.863
0.001	0.001	0.997	0.001
0.333	0.088	0.578	0.001
>TGATGTTTCC	5-TGATGTTTCC	10.641659	-10.347193	0	T:5.0(1.49%),B:3.0(0.10%),P:1e-4	Tpos:49.1,Tstd:27.2,Bpos:35.0,Bstd:25.7,StrandBias:0.6,Multiplicity:2.00
0.001	0.001	0.001	0.997
0.001	0.001	0.709	0.289
0.997	0.001	0.001	0.001
0.001	0.001	0.001	0.997
0.001	0.001	0.997	0.001
0.001	0.001	0.001	0.997
0.001	0.001	0.001	0.997
0.114	0.001	0.001	0.884
0.001	0.709	0.289	0.001
0.289	0.709	0.001	0.001
>CTCTCTCTCT	6-CTCTCTCTCT	8.477110	-8.200892	0	T:26.0(7.76%),B:104.0(3.63%),P:1e-3	Tpos:45.0,Tstd:23.9,Bpos:46.3,Bstd:26.6,StrandBias:-1.8,Multiplicity:1.36
0.001	0.842	0.156	0.001
0.001	0.001	0.001	0.997
0.001	0.664	0.334	0.001
0.001	0.001	0.001	0.997
0.001	0.630	0.354	0.015
0.001	0.127	0.015	0.857
0.315	0.683	0.001	0.001
0.001	0.001	0.001	0.997
0.001	0.652	0.346	0.001
0.001	0.177	0.001	0.821
>CTCTGCTCTG	7-CTCTGCTCTG	11.258880	-5.804615	0	T:4.0(1.19%),B:5.0(0.17%),P:1e-2	Tpos:44.8,Tstd:28.4,Bpos:54.0,Bstd:25.2,StrandBias:-3.6,Multiplicity:4.33
0.001	0.997	0.001	0.001
0.001	0.001	0.001	0.997
0.001	0.997	0.001	0.001
0.001	0.001	0.001	0.997
0.001	0.001	0.997	0.001
0.001	0.997	0.001	0.001
0.001	0.001	0.001	0.997
0.001	0.997	0.001	0.001
0.001	0.001	0.001	0.997
0.001	0.001	0.922	0.076
>CTGTCTGTCT	8-CTGTCTGTCT	13.146776	-5.804615	0	T:4.0(1.19%),B:5.0(0.17%),P:1e-2	Tpos:38.5,Tstd:27.3,Bpos:42.6,Bstd:24.1,StrandBias:-2.0,Multiplicity:1.75
0.001	0.883	0.115	0.001
0.001	0.001	0.001	0.997
0.050	0.042	0.907	0.001
0.001	0.001	0.001	0.997
0.001	0.997	0.001	0.001
0.001	0.001	0.001	0.997
0.050	0.183	0.766	0.001
0.115	0.001	0.001	0.883
0.001	0.948	0.050	0.001
0.001	0.035	0.001	0.963
