>GGGGCAGG	1-GGGGCAGG	6.660344	-18.384465	0	T:65.0(19.40%),B:266.0(9.27%),P:1e-7	Tpos:53.7,Tstd:26.4,Bpos:48.6,Bstd:27.4,StrandBias:-0.6,Multiplicity:1.29
0.222	0.001	0.776	0.001
0.001	0.116	0.868	0.015
0.033	0.018	0.948	0.001
0.047	0.001	0.951	0.001
0.062	0.817	0.102	0.019
0.893	0.001	0.001	0.105
0.063	0.001	0.889	0.047
0.001	0.026	0.869	0.104
>ATCCCATA	2-ATCCCATA	10.897347	-15.649443	0	T:5.0(1.49%),B:1.0(0.03%),P:1e-6	Tpos:60.4,Tstd:25.1,Bpos:19.0,Bstd:0.0,StrandBias:-2.0,Multiplicity:1.00
0.997	0.001	0.001	0.001
0.001	0.001	0.156	0.842
0.001	0.997	0.001	0.001
0.001	0.997	0.001	0.001
0.001	0.997	0.001	0.001
0.997	0.001	0.001	0.001
0.001	0.001	0.001	0.997
0.997	0.001	0.001	0.001
>TTAATGCC	3-TTAATGCC	8.999265	-15.436385	0	T:9.0(2.69%),B:7.0(0.24%),P:1e-6	Tpos:52.4,Tstd:33.2,Bpos:50.4,Bstd:31.9,StrandBias:1.8,Multiplicity:1.00
0.001	0.001	0.001	0.997
0.001	0.001	0.001	0.997
0.997	0.001	0.001	0.001
0.997	0.001	0.001	0.001
0.001	0.001	0.001	0.997
0.001	0.001	0.997	0.001
0.001	0.850	0.001	0.148
0.001	0.850	0.001	0.148
>GCASATTG	4-GCASATTG	9.212247	-10.694742	0	T:7.0(2.09%),B:7.0(0.24%),P:1e-4	Tpos:61.3,Tstd:21.6,Bpos:51.7,Bstd:26.4,StrandBias:-0.4,Multiplicity:1.00
0.141	0.001	0.857	0.001
0.001	0.645	0.001	0.353
0.997	0.001	0.001	0.001
0.001	0.485	0.513	0.001
0.997	0.001	0.001	0.001
0.001	0.001	0.001	0.997
0.001	0.001	0.001	0.997
0.001	0.001	0.997	0.001
>AACTGTAT	5-AACTGTAT	7.797829	-10.257459	0	T:16.0(4.78%),B:41.0(1.43%),P:1e-4	Tpos:56.8,Tstd:32.7,Bpos:51.8,Bstd:28.3,StrandBias:0.8,Multiplicity:1.27
0.727	0.001	0.001	0.271
0.997	0.001	0.001	0.001
0.001	0.997	0.001	0.001
0.109	0.001	0.001	0.889
0.001	0.199	0.799	0.001
0.229	0.176	0.001	0.594
0.997	0.001	0.001	0.001
0.001	0.001	0.001	0.997
>CTATATTA	6-CTATATTA	6.687361	-8.861976	0	T:12.0(3.58%),B:28.0(0.98%),P:1e-3	Tpos:55.7,Tstd:26.7,Bpos:51.2,Bstd:24.3,StrandBias:1.5,Multiplicity:1.50
0.001	0.997	0.001	0.001
0.001	0.001	0.001	0.997
0.580	0.001	0.418	0.001
0.001	0.001	0.001	0.997
0.997	0.001	0.001	0.001
0.001	0.015	0.103	0.881
0.001	0.208	0.001	0.790
0.997	0.001	0.001	0.001
>ATATATGG	7-ATATATGG	8.236954	-6.335684	0	T:3.0(0.90%),B:2.0(0.07%),P:1e-2	Tpos:73.2,Tstd:22.2,Bpos:54.5,Bstd:23.5,StrandBias:0.6,Multiplicity:1.00
0.700	0.100	0.100	0.100
0.100	0.100	0.100	0.700
0.700	0.100	0.100	0.100
0.100	0.100	0.100	0.700
0.700	0.100	0.100	0.100
0.100	0.100	0.100	0.700
0.100	0.100	0.700	0.100
0.100	0.100	0.700	0.100
>CGCGCGCG	8-CGCGCGCG	8.236954	-1.568316	0	T:1.0(0.30%),B:2.0(0.07%),P:1e0	Tpos:72.5,Tstd:4.6,Bpos:83.0,Bstd:18.2,StrandBias:0.0,Multiplicity:1.00
0.100	0.700	0.100	0.100
0.100	0.100	0.700	0.100
0.100	0.700	0.100	0.100
0.100	0.100	0.700	0.100
0.100	0.700	0.100	0.100
0.100	0.100	0.700	0.100
0.100	0.700	0.100	0.100
0.100	0.100	0.700	0.100
