>GTGTACTA	1-GTGTACTA	6.278535	-19.605952	0	T:6.0(1.79%),B:1.0(0.03%),P:1e-8	Tpos:52.0,Tstd:27.5,Bpos:25.0,Bstd:0.0,StrandBias:1.2,Multiplicity:1.67
0.001	0.001	0.907	0.091
0.001	0.091	0.001	0.907
0.001	0.001	0.997	0.001
0.001	0.001	0.001	0.997
0.997	0.001	0.001	0.001
0.001	0.997	0.001	0.001
0.001	0.001	0.001	0.997
0.997	0.001	0.001	0.001
>GGCAATGC	2-GGCAATGC	4.627738	-15.431167	0	T:101.0(30.15%),B:532.0(18.55%),P:1e-6	Tpos:51.6,Tstd:27.6,Bpos:49.8,Bstd:27.6,StrandBias:-0.2,Multiplicity:1.31
0.098	0.055	0.764	0.083
0.146	0.047	0.747	0.060
0.136	0.755	0.055	0.054
0.767	0.044	0.137	0.052
0.722	0.094	0.066	0.118
0.053	0.066	0.113	0.768
0.095	0.035	0.762	0.108
0.015	0.722	0.021	0.242
>AGGGGAGC	3-AGGGGAGC	8.711763	-14.109084	0	T:16.0(4.78%),B:30.0(1.05%),P:1e-6	Tpos:50.5,Tstd:26.4,Bpos:42.2,Bstd:24.9,StrandBias:0.5,Multiplicity:1.06
0.997	0.001	0.001	0.001
0.001	0.001	0.997	0.001
0.001	0.001	0.793	0.205
0.001	0.001	0.997	0.001
0.001	0.001	0.997	0.001
0.997	0.001	0.001	0.001
0.001	0.119	0.879	0.001
0.001	0.997	0.001	0.001
>AACACGTC	4-AACACGTC	7.325381	-10.691605	0	T:17.0(5.07%),B:44.0(1.53%),P:1e-4	Tpos:56.6,Tstd:28.6,Bpos:47.6,Bstd:26.6,StrandBias:0.8,Multiplicity:1.29
0.997	0.001	0.001	0.001
0.903	0.001	0.095	0.001
0.001	0.997	0.001	0.001
0.997	0.001	0.001	0.001
0.091	0.729	0.001	0.179
0.001	0.229	0.769	0.001
0.134	0.001	0.001	0.864
0.001	0.731	0.134	0.134
>TCTGTCTG	5-TCTGTCTG	9.145174	-5.359555	0	T:11.0(3.28%),B:37.0(1.29%),P:1e-2	Tpos:53.8,Tstd:25.5,Bpos:50.0,Bstd:27.3,StrandBias:-1.3,Multiplicity:1.91
0.001	0.001	0.001	0.997
0.001	0.852	0.001	0.146
0.001	0.001	0.001	0.997
0.001	0.001	0.997	0.001
0.001	0.001	0.001	0.997
0.001	0.997	0.001	0.001
0.001	0.001	0.001	0.997
0.001	0.001	0.997	0.001
