>AGTGTTTA	1-AGTGTTTA	7.038433	-23.219842	0	T:34.0(10.15%),B:78.0(2.72%),P:1e-10	Tpos:45.4,Tstd:24.9,Bpos:54.6,Bstd:25.5,StrandBias:0.9,Multiplicity:1.12
0.997	0.001	0.001	0.001
0.001	0.176	0.668	0.155
0.001	0.001	0.001	0.997
0.001	0.001	0.864	0.134
0.001	0.034	0.001	0.964
0.042	0.001	0.001	0.956
0.154	0.001	0.001	0.844
0.887	0.001	0.111	0.001
>ATAGGGAY	2-ATAGGGAY	6.024917	-17.476738	0	T:25.0(7.46%),B:57.0(1.99%),P:1e-7	Tpos:55.6,Tstd:24.1,Bpos:50.8,Bstd:27.7,StrandBias:-0.4,Multiplicity:1.28
0.997	0.001	0.001	0.001
0.001	0.001	0.001	0.997
0.643	0.355	0.001	0.001
0.001	0.001	0.997	0.001
0.001	0.144	0.854	0.001
0.135	0.001	0.863	0.001
0.997	0.001	0.001	0.001
0.001	0.511	0.001	0.487
>TGTCTCGG	3-TGTCTCGG	10.897347	-15.649443	0	T:5.0(1.49%),B:1.0(0.03%),P:1e-6	Tpos:50.4,Tstd:24.2,Bpos:10.0,Bstd:0.0,StrandBias:0.6,Multiplicity:1.00
0.001	0.001	0.156	0.842
0.001	0.001	0.997	0.001
0.001	0.001	0.001	0.997
0.001	0.997	0.001	0.001
0.001	0.001	0.001	0.997
0.001	0.997	0.001	0.001
0.001	0.001	0.997	0.001
0.001	0.001	0.997	0.001
>GGGCCCCA	4-GGGCCCCA	5.779627	-14.558532	0	T:49.0(14.63%),B:196.0(6.83%),P:1e-6	Tpos:47.5,Tstd:25.6,Bpos:49.0,Bstd:25.8,StrandBias:0.1,Multiplicity:1.08
0.066	0.001	0.820	0.113
0.001	0.001	0.997	0.001
0.001	0.133	0.795	0.071
0.037	0.889	0.001	0.073
0.121	0.877	0.001	0.001
0.144	0.800	0.055	0.001
0.037	0.925	0.001	0.037
0.891	0.064	0.044	0.001
>GCCTACAC	5-GCCTACAC	9.827994	-14.138924	0	T:8.0(2.39%),B:6.0(0.21%),P:1e-6	Tpos:64.0,Tstd:26.3,Bpos:47.0,Bstd:26.7,StrandBias:-0.7,Multiplicity:1.00
0.001	0.001	0.997	0.001
0.001	0.997	0.001	0.001
0.001	0.997	0.001	0.001
0.289	0.001	0.001	0.709
0.997	0.001	0.001	0.001
0.001	0.997	0.001	0.001
0.997	0.001	0.001	0.001
0.001	0.997	0.001	0.001
>GTCTTAGA	6-GTCTTAGA	7.211022	-13.884150	0	T:21.0(6.27%),B:51.0(1.78%),P:1e-6	Tpos:50.0,Tstd:26.5,Bpos:51.5,Bstd:28.6,StrandBias:0.0,Multiplicity:1.00
0.013	0.120	0.728	0.139
0.027	0.001	0.057	0.915
0.031	0.967	0.001	0.001
0.031	0.001	0.001	0.967
0.150	0.040	0.127	0.683
0.949	0.001	0.049	0.001
0.014	0.001	0.984	0.001
0.835	0.032	0.101	0.032
>MACTGCAT	7-MACTGCAT	7.697413	-8.820232	0	T:23.0(6.87%),B:83.0(2.89%),P:1e-3	Tpos:46.6,Tstd:27.9,Bpos:48.1,Bstd:29.1,StrandBias:-1.2,Multiplicity:1.43
0.444	0.334	0.001	0.220
0.783	0.187	0.029	0.001
0.001	0.997	0.001	0.001
0.001	0.001	0.028	0.970
0.001	0.001	0.997	0.001
0.001	0.922	0.001	0.076
0.853	0.001	0.001	0.145
0.001	0.001	0.001	0.997
>TGATGTTA	8-TGATGTTA	8.892809	-6.666199	0	T:6.0(1.79%),B:10.0(0.35%),P:1e-2	Tpos:42.7,Tstd:27.8,Bpos:56.2,Bstd:26.7,StrandBias:2.2,Multiplicity:1.83
0.001	0.001	0.154	0.844
0.001	0.001	0.997	0.001
0.997	0.001	0.001	0.001
0.001	0.134	0.001	0.864
0.001	0.001	0.997	0.001
0.001	0.001	0.001	0.997
0.001	0.001	0.001	0.997
0.997	0.001	0.001	0.001
