>KAGGGAGGRGCC	1-KAGGGAGGRGCC	11.150127	-24.354952	0	T:9.0(5.14%),B:5.0(0.17%),P:1e-10	Tpos:52.4,Tstd:22.8,Bpos:62.0,Bstd:19.4,StrandBias:-0.5,Multiplicity:1.33
0.001	0.035	0.556	0.408
0.591	0.001	0.001	0.407
0.001	0.001	0.997	0.001
0.001	0.001	0.997	0.001
0.136	0.142	0.721	0.001
0.997	0.001	0.001	0.001
0.001	0.001	0.997	0.001
0.001	0.135	0.863	0.001
0.455	0.001	0.408	0.136
0.142	0.136	0.721	0.001
0.001	0.997	0.001	0.001
0.001	0.997	0.001	0.001
>CTATACTGTGTG	2-CTATACTGTGTG	12.088366	-19.103536	0	T:5.0(2.86%),B:1.0(0.03%),P:1e-8	Tpos:40.1,Tstd:24.4,Bpos:29.0,Bstd:0.0,StrandBias:3.0,Multiplicity:1.80
0.001	0.769	0.229	0.001
0.001	0.001	0.001	0.997
0.769	0.001	0.001	0.229
0.001	0.012	0.001	0.986
0.769	0.229	0.001	0.001
0.001	0.769	0.229	0.001
0.229	0.001	0.001	0.769
0.001	0.001	0.997	0.001
0.001	0.229	0.001	0.769
0.001	0.001	0.997	0.001
0.229	0.001	0.001	0.769
0.229	0.001	0.769	0.001
>GTTTTGTTGTCW	3-GTTTTGTTGTCW	7.957040	-17.645456	0	T:26.0(14.86%),B:125.0(4.16%),P:1e-7	Tpos:57.3,Tstd:20.5,Bpos:48.0,Bstd:25.3,StrandBias:1.4,Multiplicity:1.08
0.309	0.075	0.615	0.001
0.225	0.309	0.001	0.465
0.001	0.149	0.001	0.849
0.150	0.083	0.150	0.617
0.001	0.001	0.382	0.616
0.299	0.001	0.543	0.157
0.001	0.001	0.001	0.997
0.149	0.001	0.001	0.849
0.075	0.001	0.541	0.383
0.082	0.157	0.001	0.760
0.001	0.765	0.233	0.001
0.450	0.001	0.001	0.548
>GGCCAGCVVTGG	4-GGCCAGCVVTGG	8.621292	-16.823449	0	T:9.0(5.14%),B:12.0(0.40%),P:1e-7	Tpos:55.4,Tstd:21.0,Bpos:56.1,Bstd:31.0,StrandBias:1.0,Multiplicity:1.00
0.001	0.001	0.997	0.001
0.001	0.001	0.997	0.001
0.303	0.695	0.001	0.001
0.001	0.700	0.001	0.298
0.997	0.001	0.001	0.001
0.001	0.001	0.618	0.380
0.001	0.997	0.001	0.001
0.376	0.320	0.299	0.005
0.299	0.320	0.299	0.082
0.001	0.001	0.001	0.997
0.001	0.001	0.997	0.001
0.298	0.001	0.700	0.001
>CCTCCTCCAGTA	5-CCTCCTCCAGTA	10.075236	-15.684915	0	T:5.0(2.86%),B:2.0(0.07%),P:1e-6	Tpos:47.7,Tstd:23.5,Bpos:16.5,Bstd:6.5,StrandBias:2.6,Multiplicity:1.40
0.001	0.997	0.001	0.001
0.001	0.997	0.001	0.001
0.001	0.001	0.001	0.997
0.001	0.997	0.001	0.001
0.001	0.947	0.001	0.051
0.001	0.051	0.001	0.947
0.001	0.792	0.001	0.206
0.001	0.997	0.001	0.001
0.997	0.001	0.001	0.001
0.257	0.001	0.741	0.001
0.001	0.001	0.001	0.997
0.947	0.051	0.001	0.001
>GGGAGGGCCARG	6-GGGAGGGCCARG	9.866700	-15.168847	0	T:12.0(6.86%),B:30.0(1.00%),P:1e-6	Tpos:42.1,Tstd:29.3,Bpos:39.8,Bstd:25.2,StrandBias:2.5,Multiplicity:1.18
0.325	0.001	0.544	0.130
0.001	0.001	0.997	0.001
0.065	0.195	0.675	0.065
0.997	0.001	0.001	0.001
0.130	0.001	0.804	0.065
0.001	0.065	0.869	0.065
0.065	0.001	0.609	0.325
0.065	0.543	0.391	0.001
0.325	0.673	0.001	0.001
0.922	0.001	0.076	0.001
0.413	0.001	0.456	0.130
0.001	0.001	0.997	0.001
>GAGAGAGAGAGA	7-GAGAGAGAGAGA	9.365003	-10.288185	0	T:11.0(6.29%),B:41.0(1.37%),P:1e-4	Tpos:58.2,Tstd:19.3,Bpos:43.3,Bstd:25.5,StrandBias:2.8,Multiplicity:1.27
0.034	0.125	0.781	0.060
0.911	0.044	0.044	0.001
0.044	0.132	0.780	0.044
0.910	0.088	0.001	0.001
0.044	0.181	0.642	0.133
0.955	0.001	0.043	0.001
0.089	0.170	0.736	0.005
0.955	0.001	0.043	0.001
0.044	0.178	0.734	0.044
0.926	0.001	0.001	0.072
0.028	0.117	0.854	0.001
0.831	0.044	0.123	0.002
