>AGGTTGCCCC	1-AGGTTGCCCC	11.276337	-28.591367	0	T:7.0(4.00%),B:1.0(0.03%),P:1e-12	Tpos:53.1,Tstd:26.5,Bpos:71.0,Bstd:0.0,StrandBias:-1.3,Multiplicity:1.00
0.667	0.001	0.166	0.166
0.001	0.001	0.997	0.001
0.001	0.166	0.832	0.001
0.001	0.001	0.001	0.997
0.001	0.001	0.001	0.997
0.001	0.001	0.997	0.001
0.001	0.997	0.001	0.001
0.001	0.997	0.001	0.001
0.166	0.832	0.001	0.001
0.001	0.832	0.001	0.166
>GAGAGGDGCA	2-GAGAGGDGCA	8.597839	-23.533592	0	T:19.0(10.86%),B:47.0(1.57%),P:1e-10	Tpos:45.1,Tstd:22.8,Bpos:49.3,Bstd:27.0,StrandBias:-0.2,Multiplicity:1.00
0.001	0.317	0.681	0.001
0.656	0.001	0.342	0.001
0.001	0.001	0.640	0.358
0.700	0.001	0.001	0.298
0.001	0.018	0.980	0.001
0.018	0.001	0.980	0.001
0.318	0.001	0.363	0.318
0.383	0.019	0.597	0.001
0.001	0.979	0.001	0.019
0.997	0.001	0.001	0.001
>TGGCASCAGC	3-TGGCASCAGC	8.623152	-20.059021	0	T:21.0(12.00%),B:72.0(2.40%),P:1e-8	Tpos:53.0,Tstd:26.1,Bpos:51.0,Bstd:25.2,StrandBias:0.8,Multiplicity:1.05
0.077	0.001	0.077	0.845
0.057	0.001	0.791	0.151
0.001	0.059	0.939	0.001
0.001	0.851	0.001	0.147
0.743	0.134	0.074	0.049
0.036	0.553	0.410	0.001
0.057	0.795	0.074	0.074
0.895	0.001	0.001	0.103
0.001	0.001	0.925	0.073
0.076	0.687	0.148	0.089
>CAAYGCCCAW	4-CAAYGCCCAW	8.574941	-13.083068	0	T:8.0(4.57%),B:14.0(0.47%),P:1e-5	Tpos:54.8,Tstd:28.0,Bpos:42.1,Bstd:26.6,StrandBias:2.6,Multiplicity:1.75
0.106	0.892	0.001	0.001
0.776	0.222	0.001	0.001
0.997	0.001	0.001	0.001
0.001	0.437	0.107	0.455
0.107	0.107	0.572	0.214
0.001	0.883	0.115	0.001
0.001	0.892	0.001	0.106
0.001	0.997	0.001	0.001
0.997	0.001	0.001	0.001
0.464	0.001	0.001	0.534
>TATGATAGCA	5-TATGATAGCA	8.350283	-11.899964	0	T:4.0(2.29%),B:2.0(0.07%),P:1e-5	Tpos:52.8,Tstd:26.5,Bpos:67.5,Bstd:24.5,StrandBias:-0.6,Multiplicity:1.25
0.100	0.100	0.100	0.700
0.700	0.100	0.100	0.100
0.100	0.100	0.100	0.700
0.100	0.100	0.700	0.100
0.700	0.100	0.100	0.100
0.100	0.100	0.100	0.700
0.700	0.100	0.100	0.100
0.100	0.100	0.700	0.100
0.100	0.700	0.100	0.100
0.700	0.100	0.100	0.100
>CATCAGAGTC	6-CATCAGAGTC	11.910069	-11.899964	0	T:4.0(2.29%),B:2.0(0.07%),P:1e-5	Tpos:42.3,Tstd:28.9,Bpos:34.0,Bstd:25.0,StrandBias:1.0,Multiplicity:1.50
0.001	0.997	0.001	0.001
0.997	0.001	0.001	0.001
0.001	0.001	0.001	0.997
0.001	0.997	0.001	0.001
0.997	0.001	0.001	0.001
0.001	0.001	0.997	0.001
0.997	0.001	0.001	0.001
0.001	0.001	0.821	0.177
0.001	0.001	0.001	0.997
0.001	0.821	0.001	0.177
>GCTRGCTGAT	7-GCTRGCTGAT	10.302513	-10.379790	0	T:5.0(2.86%),B:6.0(0.20%),P:1e-4	Tpos:49.8,Tstd:28.6,Bpos:55.3,Bstd:25.3,StrandBias:-1.2,Multiplicity:2.60
0.077	0.001	0.845	0.077
0.001	0.997	0.001	0.001
0.077	0.001	0.001	0.921
0.515	0.001	0.483	0.001
0.001	0.001	0.997	0.001
0.001	0.997	0.001	0.001
0.001	0.001	0.001	0.997
0.001	0.001	0.997	0.001
0.997	0.001	0.001	0.001
0.077	0.001	0.001	0.921
>ACTGAGTGCT	8-ACTGAGTGCT	12.303425	-10.378644	0	T:3.0(1.71%),B:1.0(0.03%),P:1e-4	Tpos:44.2,Tstd:26.6,Bpos:88.0,Bstd:0.0,StrandBias:2.0,Multiplicity:1.67
0.997	0.001	0.001	0.001
0.001	0.997	0.001	0.001
0.216	0.001	0.001	0.782
0.001	0.001	0.997	0.001
0.997	0.001	0.001	0.001
0.001	0.001	0.997	0.001
0.001	0.001	0.001	0.997
0.001	0.001	0.997	0.001
0.001	0.997	0.001	0.001
0.001	0.001	0.001	0.997
