>GCTATTAGGA	1-GCTATTAGGA	11.091263	-20.998920	0	T:7.0(4.00%),B:3.0(0.10%),P:1e-9	Tpos:56.6,Tstd:29.1,Bpos:70.3,Bstd:8.2,StrandBias:-1.3,Multiplicity:1.00
0.142	0.001	0.856	0.001
0.001	0.997	0.001	0.001
0.001	0.001	0.001	0.997
0.856	0.001	0.001	0.142
0.143	0.143	0.001	0.713
0.001	0.001	0.001	0.997
0.997	0.001	0.001	0.001
0.001	0.001	0.997	0.001
0.001	0.142	0.856	0.001
0.856	0.142	0.001	0.001
>TGTAAGCCCA	2-TGTAAGCCCA	9.317698	-18.365056	0	T:9.0(5.14%),B:10.0(0.33%),P:1e-7	Tpos:38.2,Tstd:27.2,Bpos:53.4,Bstd:21.4,StrandBias:1.0,Multiplicity:1.00
0.001	0.001	0.001	0.997
0.001	0.125	0.749	0.125
0.001	0.001	0.079	0.919
0.742	0.001	0.132	0.125
0.874	0.001	0.001	0.124
0.001	0.001	0.992	0.006
0.001	0.997	0.001	0.001
0.124	0.874	0.001	0.001
0.087	0.663	0.125	0.125
0.508	0.007	0.234	0.251
>AGRGACTCTY	3-AGRGACTCTY	7.070500	-16.722429	0	T:24.0(13.71%),B:113.0(3.76%),P:1e-7	Tpos:49.3,Tstd:24.7,Bpos:47.8,Bstd:25.4,StrandBias:0.2,Multiplicity:1.08
0.932	0.001	0.003	0.064
0.001	0.001	0.935	0.063
0.444	0.001	0.428	0.127
0.191	0.162	0.646	0.001
0.573	0.135	0.001	0.291
0.131	0.753	0.052	0.064
0.001	0.187	0.001	0.811
0.001	0.935	0.001	0.063
0.127	0.001	0.001	0.871
0.192	0.361	0.001	0.447
>ATGGTGTATG	4-ATGGTGTATG	11.615042	-14.627095	0	T:4.0(2.29%),B:1.0(0.03%),P:1e-6	Tpos:49.4,Tstd:26.5,Bpos:31.0,Bstd:0.0,StrandBias:1.3,Multiplicity:1.75
0.997	0.001	0.001	0.001
0.001	0.001	0.150	0.848
0.001	0.001	0.997	0.001
0.001	0.001	0.997	0.001
0.001	0.001	0.150	0.848
0.001	0.001	0.997	0.001
0.150	0.001	0.001	0.848
0.997	0.001	0.001	0.001
0.001	0.001	0.001	0.997
0.001	0.001	0.997	0.001
>CCAATCTCAG	5-CCAATCTCAG	10.363148	-12.580314	0	T:8.0(4.57%),B:15.0(0.50%),P:1e-5	Tpos:56.7,Tstd:26.1,Bpos:56.8,Bstd:27.5,StrandBias:-0.6,Multiplicity:1.25
0.001	0.863	0.135	0.001
0.001	0.997	0.001	0.001
0.997	0.001	0.001	0.001
0.558	0.305	0.001	0.136
0.135	0.001	0.001	0.863
0.001	0.997	0.001	0.001
0.074	0.074	0.001	0.851
0.001	0.997	0.001	0.001
0.997	0.001	0.001	0.001
0.001	0.001	0.997	0.001
>CATGTAGAGG	6-CATGTAGAGG	8.485069	-12.313254	0	T:5.0(2.86%),B:4.0(0.13%),P:1e-5	Tpos:41.7,Tstd:20.0,Bpos:42.7,Bstd:18.8,StrandBias:1.3,Multiplicity:1.40
0.001	0.997	0.001	0.001
0.997	0.001	0.001	0.001
0.001	0.001	0.001	0.997
0.001	0.001	0.997	0.001
0.001	0.001	0.001	0.997
0.997	0.001	0.001	0.001
0.208	0.001	0.790	0.001
0.742	0.208	0.049	0.001
0.001	0.001	0.997	0.001
0.109	0.001	0.889	0.001
>GACAGATAGA	7-GACAGATAGA	7.257234	-3.619234	0	T:12.0(6.86%),B:109.0(3.63%),P:1e-1	Tpos:53.0,Tstd:27.2,Bpos:46.5,Bstd:25.1,StrandBias:-0.8,Multiplicity:1.33
0.051	0.167	0.680	0.102
0.893	0.001	0.051	0.055
0.102	0.428	0.202	0.268
0.948	0.001	0.050	0.001
0.051	0.150	0.795	0.004
0.948	0.050	0.001	0.001
0.001	0.108	0.151	0.740
0.944	0.001	0.004	0.051
0.102	0.155	0.742	0.001
0.897	0.101	0.001	0.001
>CTATCTATCT	8-CTATCTATCT	8.693589	-2.871092	0	T:1.0(0.57%),B:1.0(0.03%),P:1e-1	Tpos:89.0,Tstd:0.0,Bpos:67.0,Bstd:11.5,StrandBias:-10.0,Multiplicity:1.00
0.112	0.590	0.164	0.134
0.118	0.165	0.059	0.658
0.486	0.198	0.145	0.172
0.128	0.136	0.113	0.623
0.087	0.605	0.157	0.151
0.133	0.157	0.039	0.671
0.487	0.199	0.172	0.142
0.141	0.158	0.121	0.580
0.104	0.617	0.141	0.138
0.122	0.148	0.046	0.684
