>CAAAGGGC	1-CAAAGGGC	7.324526	-18.409354	0	T:22.0(12.57%),B:87.0(2.90%),P:1e-7	Tpos:43.0,Tstd:28.9,Bpos:49.2,Bstd:25.6,StrandBias:0.1,Multiplicity:1.14
0.028	0.820	0.151	0.001
0.945	0.013	0.001	0.041
0.853	0.001	0.145	0.001
0.884	0.001	0.001	0.114
0.037	0.001	0.821	0.141
0.072	0.001	0.876	0.051
0.001	0.001	0.997	0.001
0.001	0.949	0.049	0.001
>CTCCCTGG	2-CTCCCTGG	6.452789	-13.232930	0	T:38.0(21.71%),B:291.0(9.69%),P:1e-5	Tpos:46.2,Tstd:28.2,Bpos:49.2,Bstd:27.9,StrandBias:-0.5,Multiplicity:1.13
0.137	0.686	0.081	0.096
0.057	0.050	0.001	0.892
0.087	0.673	0.135	0.105
0.127	0.793	0.016	0.064
0.022	0.889	0.046	0.043
0.072	0.202	0.025	0.701
0.001	0.018	0.833	0.148
0.205	0.201	0.556	0.038
>CCCTATAG	3-CCCTATAG	7.798714	-11.499573	0	T:12.0(6.86%),B:43.0(1.43%),P:1e-4	Tpos:56.6,Tstd:23.2,Bpos:42.7,Bstd:28.5,StrandBias:-0.4,Multiplicity:1.08
0.081	0.660	0.091	0.168
0.001	0.997	0.001	0.001
0.001	0.997	0.001	0.001
0.146	0.132	0.001	0.721
0.904	0.094	0.001	0.001
0.285	0.001	0.001	0.713
0.997	0.001	0.001	0.001
0.001	0.001	0.997	0.001
>CACAATGG	4-CACAATGG	7.580362	-10.885754	0	T:8.0(4.57%),B:19.0(0.63%),P:1e-4	Tpos:56.1,Tstd:25.4,Bpos:44.5,Bstd:26.1,StrandBias:1.6,Multiplicity:1.00
0.001	0.997	0.001	0.001
0.779	0.001	0.219	0.001
0.001	0.997	0.001	0.001
0.859	0.001	0.001	0.139
0.997	0.001	0.001	0.001
0.001	0.001	0.001	0.997
0.001	0.001	0.997	0.001
0.001	0.001	0.997	0.001
>TAGGGTTA	5-TAGGGTTA	1.851936	-3.266635	0	T:19.0(10.86%),B:210.0(7.00%),P:1e-1	Tpos:56.3,Tstd:27.4,Bpos:47.6,Bstd:27.5,StrandBias:2.5,Multiplicity:1.74
0.001	0.001	0.001	0.997
0.899	0.099	0.001	0.001
0.001	0.001	0.997	0.001
0.001	0.001	0.997	0.001
0.001	0.001	0.997	0.001
0.001	0.001	0.001	0.997
0.001	0.001	0.001	0.997
0.997	0.001	0.001	0.001
