>VTGACAACAG	1-VTGACAACAG	9.721379	-17.611827	0	T:7.0(10.94%),B:699.7(0.46%),P:1e-7,FDR:0.8	Tpos:44.5,Tstd:26.8,Bpos:50.7,Bstd:34.9,StrandBias:1.6,Multiplicity:1.71
0.412	0.324	0.264	0.001
0.001	0.119	0.001	0.879
0.001	0.119	0.879	0.001
0.872	0.001	0.001	0.126
0.001	0.997	0.001	0.001
0.997	0.001	0.001	0.001
0.589	0.001	0.276	0.134
0.001	0.830	0.001	0.168
0.830	0.001	0.001	0.168
0.001	0.001	0.856	0.142
>CTGGCCCAGG	2-CTGGCCCAGG	10.888382	-13.807892	0	T:6.0(9.38%),B:768.7(0.51%),P:1e-5,FDR:0.8	Tpos:55.6,Tstd:23.2,Bpos:49.2,Bstd:37.2,StrandBias:1.0,Multiplicity:1.17
0.001	0.997	0.001	0.001
0.001	0.001	0.001	0.997
0.147	0.001	0.851	0.001
0.001	0.001	0.997	0.001
0.169	0.543	0.134	0.154
0.001	0.867	0.001	0.131
0.001	0.997	0.001	0.001
0.997	0.001	0.001	0.001
0.001	0.001	0.997	0.001
0.139	0.001	0.859	0.001
>GGTCCAACGG	3-GGTCCAACGG	10.296193	-7.766420	0	T:1.0(1.56%),B:1.6(0.00%),P:1e-3,FDR:0.8	Tpos:19.0,Tstd:0.0,Bpos:75.7,Bstd:12.4,StrandBias:10.0,Multiplicity:1.00
0.100	0.100	0.700	0.100
0.100	0.100	0.700	0.100
0.100	0.100	0.100	0.700
0.100	0.700	0.100	0.100
0.100	0.700	0.100	0.100
0.700	0.100	0.100	0.100
0.700	0.100	0.100	0.100
0.100	0.700	0.100	0.100
0.100	0.100	0.700	0.100
0.100	0.100	0.700	0.100
>CTTTTTTTGT	4-CTTTTTTTGT	10.226761	-7.472155	0	T:4.0(6.25%),B:886.6(0.59%),P:1e-3,FDR:0.85	Tpos:80.4,Tstd:27.6,Bpos:54.3,Bstd:47.8,StrandBias:2.7,Multiplicity:1.00
0.001	0.741	0.001	0.257
0.001	0.011	0.001	0.987
0.001	0.001	0.001	0.997
0.001	0.001	0.001	0.997
0.001	0.001	0.001	0.997
0.001	0.001	0.001	0.997
0.001	0.001	0.130	0.868
0.001	0.010	0.001	0.988
0.093	0.010	0.739	0.158
0.222	0.001	0.001	0.776
>GCGACTCTTC	5-GCGACTCTTC	10.296193	-7.073482	0	T:1.0(1.56%),B:2.8(0.00%),P:1e-3,FDR:0.85	Tpos:47.0,Tstd:0.0,Bpos:32.1,Bstd:13.6,StrandBias:10.0,Multiplicity:1.00
0.100	0.100	0.700	0.100
0.100	0.700	0.100	0.100
0.100	0.100	0.700	0.100
0.700	0.100	0.100	0.100
0.100	0.700	0.100	0.100
0.100	0.100	0.100	0.700
0.100	0.700	0.100	0.100
0.100	0.100	0.100	0.700
0.100	0.100	0.100	0.700
0.100	0.700	0.100	0.100
>GGCCTGGGCCAG	1-GGCCTGGGCCAG	8.209607	-15.299588	0	T:11.0(17.19%),B:3468.3(2.30%),P:1e-6,FDR:1	Tpos:52.5,Tstd:21.9,Bpos:49.5,Bstd:36.7,StrandBias:0.4,Multiplicity:1.00
0.137	0.172	0.638	0.053
0.001	0.235	0.647	0.117
0.001	0.729	0.204	0.066
0.001	0.863	0.078	0.058
0.181	0.194	0.001	0.624
0.116	0.001	0.821	0.062
0.057	0.001	0.940	0.002
0.124	0.299	0.511	0.066
0.137	0.745	0.117	0.001
0.071	0.799	0.071	0.059
0.876	0.064	0.059	0.001
0.001	0.121	0.814	0.064
>AAAAAAAAAAAA	2-AAAAAAAAAAAA	10.838461	-10.048689	0	T:5.0(7.81%),B:902.1(0.60%),P:1e-4,FDR:1	Tpos:88.9,Tstd:5.2,Bpos:51.4,Bstd:60.2,StrandBias:-0.7,Multiplicity:1.25
0.853	0.084	0.001	0.062
0.655	0.100	0.001	0.244
0.509	0.239	0.103	0.149
0.840	0.001	0.084	0.075
0.791	0.108	0.100	0.001
0.833	0.001	0.105	0.061
0.997	0.001	0.001	0.001
0.997	0.001	0.001	0.001
0.935	0.001	0.063	0.001
0.938	0.001	0.001	0.060
0.854	0.001	0.144	0.001
0.819	0.103	0.003	0.075
>GAGGGAACCTCA	3-GAGGGAACCTCA	14.692137	-9.891778	0	T:2.0(3.12%),B:24.5(0.02%),P:1e-4,FDR:1	Tpos:56.5,Tstd:24.5,Bpos:64.2,Bstd:32.7,StrandBias:10.0,Multiplicity:1.00
0.001	0.001	0.997	0.001
0.997	0.001	0.001	0.001
0.001	0.001	0.997	0.001
0.001	0.001	0.997	0.001
0.001	0.001	0.823	0.175
0.886	0.001	0.001	0.112
0.949	0.049	0.001	0.001
0.001	0.997	0.001	0.001
0.001	0.997	0.001	0.001
0.001	0.001	0.001	0.997
0.001	0.997	0.001	0.001
0.997	0.001	0.001	0.001
>TGTTGTCAGGGG	4-TGTTGTCAGGGG	12.355432	-7.073482	0	T:1.0(1.56%),B:2.6(0.00%),P:1e-3,FDR:1	Tpos:44.5,Tstd:25.6,Bpos:33.9,Bstd:19.5,StrandBias:-10.0,Multiplicity:6.00
0.100	0.100	0.100	0.700
0.100	0.100	0.700	0.100
0.100	0.100	0.100	0.700
0.100	0.100	0.100	0.700
0.100	0.100	0.700	0.100
0.100	0.100	0.100	0.700
0.100	0.700	0.100	0.100
0.700	0.100	0.100	0.100
0.100	0.100	0.700	0.100
0.100	0.100	0.700	0.100
0.100	0.100	0.700	0.100
0.100	0.100	0.700	0.100
>AAAARAAAAAGA	5-AAAARAAAAAGA	13.384735	-7.000011	0	T:2.0(3.12%),B:103.2(0.07%),P:1e-3,FDR:1	Tpos:30.0,Tstd:21.0,Bpos:48.6,Bstd:48.4,StrandBias:0.0,Multiplicity:1.00
0.816	0.182	0.001	0.001
0.997	0.001	0.001	0.001
0.626	0.006	0.001	0.367
0.997	0.001	0.001	0.001
0.449	0.183	0.367	0.001
0.997	0.001	0.001	0.001
0.997	0.001	0.001	0.001
0.997	0.001	0.001	0.001
0.760	0.001	0.238	0.001
0.997	0.001	0.001	0.001
0.191	0.001	0.569	0.239
0.830	0.001	0.163	0.006
>TGACAACA	1-TGACAACA	7.984633	-14.815991	0	T:9.0(14.06%),B:2181.9(1.44%),P:1e-6,FDR:1	Tpos:47.9,Tstd:26.1,Bpos:50.9,Bstd:56.2,StrandBias:1.9,Multiplicity:1.56
0.001	0.001	0.001	0.997
0.001	0.001	0.939	0.059
0.997	0.001	0.001	0.001
0.001	0.997	0.001	0.001
0.997	0.001	0.001	0.001
0.773	0.001	0.225	0.001
0.001	0.997	0.001	0.001
0.997	0.001	0.001	0.001
>TTARGTTC	2-TTARGTTC	7.961899	-13.859688	0	T:11.0(17.19%),B:4019.0(2.66%),P:1e-6,FDR:1	Tpos:53.9,Tstd:26.8,Bpos:49.6,Bstd:36.9,StrandBias:0.3,Multiplicity:1.00
0.001	0.227	0.001	0.771
0.001	0.289	0.200	0.510
0.753	0.001	0.001	0.245
0.460	0.001	0.538	0.001
0.001	0.001	0.997	0.001
0.001	0.001	0.001	0.997
0.001	0.001	0.001	0.997
0.001	0.997	0.001	0.001
>GGMTASGG	3-GGMTASGG	7.136473	-10.310387	0	T:12.0(18.75%),B:6988.7(4.63%),P:1e-4,FDR:1	Tpos:44.6,Tstd:24.9,Bpos:49.8,Bstd:36.7,StrandBias:1.3,Multiplicity:1.17
0.001	0.001	0.997	0.001
0.001	0.001	0.997	0.001
0.543	0.455	0.001	0.001
0.001	0.212	0.001	0.786
0.997	0.001	0.001	0.001
0.001	0.483	0.511	0.005
0.001	0.001	0.668	0.330
0.001	0.001	0.997	0.001
>AAAAAAAA	4-AAAAAAAA	7.395675	-5.295975	0	T:5.0(7.81%),B:2605.0(1.73%),P:1e-2,FDR:1	Tpos:71.3,Tstd:34.1,Bpos:50.9,Bstd:67.2,StrandBias:-1.4,Multiplicity:1.20
0.939	0.001	0.028	0.032
0.997	0.001	0.001	0.001
0.997	0.001	0.001	0.001
0.997	0.001	0.001	0.001
0.997	0.001	0.001	0.001
0.997	0.001	0.001	0.001
0.970	0.001	0.028	0.001
0.929	0.001	0.069	0.001
>TCATCATG	5-TCATCATG	7.955299	-4.979921	0	T:4.0(6.25%),B:1771.3(1.17%),P:1e-2,FDR:1	Tpos:37.3,Tstd:16.7,Bpos:47.8,Bstd:48.2,StrandBias:1.3,Multiplicity:1.25
0.001	0.001	0.001	0.997
0.139	0.848	0.012	0.001
0.709	0.035	0.001	0.255
0.001	0.001	0.001	0.997
0.048	0.670	0.281	0.001
0.849	0.001	0.001	0.149
0.001	0.001	0.001	0.997
0.053	0.001	0.640	0.306
