>TGACAACA	1-TGACAACA	7.984633	-14.815991	0	T:9.0(14.06%),B:2181.9(1.44%),P:1e-6,FDR:1	Tpos:47.9,Tstd:26.1,Bpos:50.9,Bstd:56.2,StrandBias:1.9,Multiplicity:1.56
0.001	0.001	0.001	0.997
0.001	0.001	0.939	0.059
0.997	0.001	0.001	0.001
0.001	0.997	0.001	0.001
0.997	0.001	0.001	0.001
0.773	0.001	0.225	0.001
0.001	0.997	0.001	0.001
0.997	0.001	0.001	0.001
>TTARGTTC	2-TTARGTTC	7.961899	-13.859688	0	T:11.0(17.19%),B:4019.0(2.66%),P:1e-6,FDR:1	Tpos:53.9,Tstd:26.8,Bpos:49.6,Bstd:36.9,StrandBias:0.3,Multiplicity:1.00
0.001	0.227	0.001	0.771
0.001	0.289	0.200	0.510
0.753	0.001	0.001	0.245
0.460	0.001	0.538	0.001
0.001	0.001	0.997	0.001
0.001	0.001	0.001	0.997
0.001	0.001	0.001	0.997
0.001	0.997	0.001	0.001
>GGMTASGG	3-GGMTASGG	7.136473	-10.310387	0	T:12.0(18.75%),B:6988.7(4.63%),P:1e-4,FDR:1	Tpos:44.6,Tstd:24.9,Bpos:49.8,Bstd:36.7,StrandBias:1.3,Multiplicity:1.17
0.001	0.001	0.997	0.001
0.001	0.001	0.997	0.001
0.543	0.455	0.001	0.001
0.001	0.212	0.001	0.786
0.997	0.001	0.001	0.001
0.001	0.483	0.511	0.005
0.001	0.001	0.668	0.330
0.001	0.001	0.997	0.001
>AAAAAAAA	4-AAAAAAAA	7.395675	-5.295975	0	T:5.0(7.81%),B:2605.0(1.73%),P:1e-2,FDR:1	Tpos:71.3,Tstd:34.1,Bpos:50.9,Bstd:67.2,StrandBias:-1.4,Multiplicity:1.20
0.939	0.001	0.028	0.032
0.997	0.001	0.001	0.001
0.997	0.001	0.001	0.001
0.997	0.001	0.001	0.001
0.997	0.001	0.001	0.001
0.997	0.001	0.001	0.001
0.970	0.001	0.028	0.001
0.929	0.001	0.069	0.001
>TCATCATG	5-TCATCATG	7.955299	-4.979921	0	T:4.0(6.25%),B:1771.3(1.17%),P:1e-2,FDR:1	Tpos:37.3,Tstd:16.7,Bpos:47.8,Bstd:48.2,StrandBias:1.3,Multiplicity:1.25
0.001	0.001	0.001	0.997
0.139	0.848	0.012	0.001
0.709	0.035	0.001	0.255
0.001	0.001	0.001	0.997
0.048	0.670	0.281	0.001
0.849	0.001	0.001	0.149
0.001	0.001	0.001	0.997
0.053	0.001	0.640	0.306
