>VTGACAACAG	1-VTGACAACAG	9.721379	-17.611827	0	T:7.0(10.94%),B:699.7(0.46%),P:1e-7,FDR:0.8	Tpos:44.5,Tstd:26.8,Bpos:50.7,Bstd:34.9,StrandBias:1.6,Multiplicity:1.71
0.412	0.324	0.264	0.001
0.001	0.119	0.001	0.879
0.001	0.119	0.879	0.001
0.872	0.001	0.001	0.126
0.001	0.997	0.001	0.001
0.997	0.001	0.001	0.001
0.589	0.001	0.276	0.134
0.001	0.830	0.001	0.168
0.830	0.001	0.001	0.168
0.001	0.001	0.856	0.142
>CTGGCCCAGG	2-CTGGCCCAGG	10.888382	-13.807892	0	T:6.0(9.38%),B:768.7(0.51%),P:1e-5,FDR:0.8	Tpos:55.6,Tstd:23.2,Bpos:49.2,Bstd:37.2,StrandBias:1.0,Multiplicity:1.17
0.001	0.997	0.001	0.001
0.001	0.001	0.001	0.997
0.147	0.001	0.851	0.001
0.001	0.001	0.997	0.001
0.169	0.543	0.134	0.154
0.001	0.867	0.001	0.131
0.001	0.997	0.001	0.001
0.997	0.001	0.001	0.001
0.001	0.001	0.997	0.001
0.139	0.001	0.859	0.001
>GGTCCAACGG	3-GGTCCAACGG	10.296193	-7.766420	0	T:1.0(1.56%),B:1.6(0.00%),P:1e-3,FDR:0.8	Tpos:19.0,Tstd:0.0,Bpos:75.7,Bstd:12.4,StrandBias:10.0,Multiplicity:1.00
0.100	0.100	0.700	0.100
0.100	0.100	0.700	0.100
0.100	0.100	0.100	0.700
0.100	0.700	0.100	0.100
0.100	0.700	0.100	0.100
0.700	0.100	0.100	0.100
0.700	0.100	0.100	0.100
0.100	0.700	0.100	0.100
0.100	0.100	0.700	0.100
0.100	0.100	0.700	0.100
>CTTTTTTTGT	4-CTTTTTTTGT	10.226761	-7.472155	0	T:4.0(6.25%),B:886.6(0.59%),P:1e-3,FDR:0.85	Tpos:80.4,Tstd:27.6,Bpos:54.3,Bstd:47.8,StrandBias:2.7,Multiplicity:1.00
0.001	0.741	0.001	0.257
0.001	0.011	0.001	0.987
0.001	0.001	0.001	0.997
0.001	0.001	0.001	0.997
0.001	0.001	0.001	0.997
0.001	0.001	0.001	0.997
0.001	0.001	0.130	0.868
0.001	0.010	0.001	0.988
0.093	0.010	0.739	0.158
0.222	0.001	0.001	0.776
>GCGACTCTTC	5-GCGACTCTTC	10.296193	-7.073482	0	T:1.0(1.56%),B:2.8(0.00%),P:1e-3,FDR:0.85	Tpos:47.0,Tstd:0.0,Bpos:32.1,Bstd:13.6,StrandBias:10.0,Multiplicity:1.00
0.100	0.100	0.700	0.100
0.100	0.700	0.100	0.100
0.100	0.100	0.700	0.100
0.700	0.100	0.100	0.100
0.100	0.700	0.100	0.100
0.100	0.100	0.100	0.700
0.100	0.700	0.100	0.100
0.100	0.100	0.100	0.700
0.100	0.100	0.100	0.700
0.100	0.700	0.100	0.100
