>TGTCCCCDATAT	1-TGTCCCCDATAT	9.663531	-16.208215	0	T:3.0(18.75%),B:55.0(0.05%),P:1e-7	Tpos:48.7,Tstd:15.1,Bpos:46.1,Bstd:25.4,StrandBias:1.0,Multiplicity:1.00
0.001	0.163	0.001	0.835
0.001	0.001	0.835	0.163
0.001	0.001	0.001	0.997
0.164	0.655	0.164	0.017
0.163	0.835	0.001	0.001
0.163	0.835	0.001	0.001
0.001	0.656	0.163	0.180
0.327	0.001	0.327	0.345
0.509	0.001	0.327	0.163
0.164	0.329	0.017	0.491
0.509	0.163	0.327	0.001
0.001	0.163	0.163	0.673
>CCAACTYGAAKM	2-CCAACTYGAAKM	8.732620	-14.490402	0	T:4.0(25.00%),B:415.0(0.41%),P:1e-6	Tpos:56.6,Tstd:31.5,Bpos:51.9,Bstd:26.7,StrandBias:-10.0,Multiplicity:1.25
0.202	0.587	0.001	0.210
0.391	0.601	0.001	0.007
0.992	0.006	0.001	0.001
0.992	0.006	0.001	0.001
0.001	0.997	0.001	0.001
0.196	0.007	0.007	0.790
0.196	0.391	0.022	0.391
0.001	0.001	0.601	0.397
0.586	0.015	0.203	0.196
0.992	0.001	0.001	0.006
0.196	0.007	0.399	0.398
0.398	0.406	0.001	0.195
>AGTGAAASATKG	3-AGTGAAASATKG	9.710336	-12.552115	0	T:4.0(25.00%),B:678.0(0.67%),P:1e-5	Tpos:46.8,Tstd:19.7,Bpos:49.1,Bstd:24.7,StrandBias:0.0,Multiplicity:1.00
0.986	0.001	0.012	0.001
0.001	0.001	0.997	0.001
0.243	0.001	0.243	0.513
0.001	0.243	0.513	0.243
0.743	0.001	0.243	0.013
0.486	0.001	0.257	0.256
0.743	0.013	0.001	0.243
0.001	0.498	0.500	0.001
0.997	0.001	0.001	0.001
0.256	0.243	0.001	0.500
0.001	0.001	0.485	0.513
0.001	0.242	0.756	0.001
>CGAGGCTTTCTT	4-CGAGGCTTTCTT	12.355432	-8.745090	0	T:1.0(6.25%),B:1.0(0.00%),P:1e-3	Tpos:72.0,Tstd:0.0,Bpos:84.0,Bstd:0.0,StrandBias:-10.0,Multiplicity:1.00
0.100	0.700	0.100	0.100
0.100	0.100	0.700	0.100
0.700	0.100	0.100	0.100
0.100	0.100	0.700	0.100
0.100	0.100	0.700	0.100
0.100	0.700	0.100	0.100
0.100	0.100	0.100	0.700
0.100	0.100	0.100	0.700
0.100	0.100	0.100	0.700
0.100	0.700	0.100	0.100
0.100	0.100	0.100	0.700
0.100	0.100	0.100	0.700
>GTATATCTGTGC	5-GTATATCTGTGC	12.355432	-8.052018	0	T:1.0(6.25%),B:2.0(0.00%),P:1e-3	Tpos:11.0,Tstd:0.0,Bpos:37.0,Bstd:19.0,StrandBias:-10.0,Multiplicity:1.00
0.100	0.100	0.700	0.100
0.100	0.100	0.100	0.700
0.700	0.100	0.100	0.100
0.100	0.100	0.100	0.700
0.700	0.100	0.100	0.100
0.100	0.100	0.100	0.700
0.100	0.700	0.100	0.100
0.100	0.100	0.100	0.700
0.100	0.100	0.700	0.100
0.100	0.100	0.100	0.700
0.100	0.100	0.700	0.100
0.100	0.700	0.100	0.100
>TGCAGGATGCAA	6-TGCAGGATGCAA	12.355432	-8.052018	0	T:1.0(6.25%),B:2.0(0.00%),P:1e-3	Tpos:50.0,Tstd:0.0,Bpos:56.5,Bstd:16.5,StrandBias:-10.0,Multiplicity:1.00
0.100	0.100	0.100	0.700
0.100	0.100	0.700	0.100
0.100	0.700	0.100	0.100
0.700	0.100	0.100	0.100
0.100	0.100	0.700	0.100
0.100	0.100	0.700	0.100
0.700	0.100	0.100	0.100
0.100	0.100	0.100	0.700
0.100	0.100	0.700	0.100
0.100	0.700	0.100	0.100
0.700	0.100	0.100	0.100
0.700	0.100	0.100	0.100
>ACCAATGTGGTG	7-ACCAATGTGGTG	12.355432	-8.052018	0	T:1.0(6.25%),B:2.0(0.00%),P:1e-3	Tpos:66.0,Tstd:0.0,Bpos:70.0,Bstd:23.0,StrandBias:-10.0,Multiplicity:1.00
0.700	0.100	0.100	0.100
0.100	0.700	0.100	0.100
0.100	0.700	0.100	0.100
0.700	0.100	0.100	0.100
0.700	0.100	0.100	0.100
0.100	0.100	0.100	0.700
0.100	0.100	0.700	0.100
0.100	0.100	0.100	0.700
0.100	0.100	0.700	0.100
0.100	0.100	0.700	0.100
0.100	0.100	0.100	0.700
0.100	0.100	0.700	0.100
>CACDCWCACACA	8-CACDCWCACACA	10.651130	-5.155998	0	T:2.0(12.50%),B:720.0(0.72%),P:1e-2	Tpos:57.8,Tstd:8.3,Bpos:49.3,Bstd:26.9,StrandBias:2.3,Multiplicity:1.00
0.001	0.995	0.001	0.003
0.524	0.001	0.279	0.196
0.001	0.995	0.001	0.003
0.386	0.001	0.238	0.375
0.001	0.995	0.001	0.003
0.393	0.001	0.235	0.371
0.001	0.806	0.001	0.192
0.667	0.001	0.136	0.196
0.003	0.803	0.001	0.193
0.643	0.001	0.178	0.178
0.008	0.813	0.001	0.178
0.995	0.001	0.001	0.003
