>GTTAGACAGT	1-GTTAGACAGT	11.276337	-26.699312	0	T:7.0(3.18%),B:0.7(0.03%),P:1e-11,FDR:0.6	Tpos:33.3,Tstd:24.2,Bpos:40.0,Bstd:0.0,StrandBias:0.4,Multiplicity:1.00
0.001	0.001	0.997	0.001
0.001	0.001	0.001	0.997
0.001	0.001	0.001	0.997
0.997	0.001	0.001	0.001
0.001	0.166	0.832	0.001
0.832	0.001	0.001	0.166
0.001	0.997	0.001	0.001
0.832	0.001	0.001	0.166
0.001	0.166	0.667	0.166
0.001	0.001	0.001	0.997
>TGGTTCAGCA	2-TGGTTCAGCA	10.997725	-22.726769	0	T:8.0(3.64%),B:3.8(0.13%),P:1e-9,FDR:0.6	Tpos:46.5,Tstd:29.8,Bpos:55.5,Bstd:35.3,StrandBias:0.0,Multiplicity:1.00
0.001	0.001	0.001	0.997
0.001	0.001	0.997	0.001
0.142	0.322	0.535	0.001
0.001	0.142	0.001	0.856
0.001	0.001	0.106	0.892
0.001	0.997	0.001	0.001
0.856	0.001	0.001	0.142
0.001	0.001	0.997	0.001
0.001	0.997	0.001	0.001
0.997	0.001	0.001	0.001
>CATGGAACGT	3-CATGGAACGT	6.762860	-18.056034	0	T:6.0(2.73%),B:3.0(0.10%),P:1e-7,FDR:0.866666666666667	Tpos:52.6,Tstd:23.1,Bpos:39.8,Bstd:16.6,StrandBias:0.7,Multiplicity:1.33
0.001	0.997	0.001	0.001
0.799	0.001	0.001	0.199
0.001	0.001	0.001	0.997
0.001	0.001	0.997	0.001
0.001	0.015	0.778	0.206
0.997	0.001	0.001	0.001
0.944	0.001	0.001	0.054
0.270	0.728	0.001	0.001
0.001	0.004	0.994	0.001
0.275	0.001	0.001	0.723
>GCGAGGATGT	4-GCGAGGATGT	11.316461	-17.188766	0	T:7.0(3.18%),B:4.4(0.15%),P:1e-7,FDR:0.866666666666667	Tpos:58.4,Tstd:31.6,Bpos:53.1,Bstd:16.5,StrandBias:1.3,Multiplicity:1.00
0.001	0.001	0.997	0.001
0.166	0.832	0.001	0.001
0.001	0.001	0.997	0.001
0.997	0.001	0.001	0.001
0.001	0.001	0.997	0.001
0.001	0.001	0.832	0.166
0.832	0.001	0.001	0.166
0.001	0.001	0.001	0.997
0.166	0.001	0.832	0.001
0.001	0.001	0.166	0.832
>ATAGAGGHCG	5-ATAGAGGHCG	9.713769	-10.845674	0	T:4.0(1.82%),B:2.0(0.07%),P:1e-4,FDR:1	Tpos:54.2,Tstd:25.4,Bpos:64.9,Bstd:17.5,StrandBias:1.6,Multiplicity:1.00
0.910	0.001	0.001	0.088
0.295	0.001	0.001	0.703
0.703	0.295	0.001	0.001
0.001	0.001	0.997	0.001
0.703	0.001	0.295	0.001
0.001	0.001	0.997	0.001
0.001	0.001	0.997	0.001
0.295	0.295	0.001	0.408
0.001	0.703	0.295	0.001
0.001	0.001	0.997	0.001
>CATCAGCCAG	6-CATCAGCCAG	10.296193	-5.894555	0	T:2.0(0.91%),B:0.9(0.03%),P:1e-2,FDR:1	Tpos:44.8,Tstd:25.5,Bpos:29.0,Bstd:0.0,StrandBias:-2.0,Multiplicity:2.50
0.100	0.700	0.100	0.100
0.700	0.100	0.100	0.100
0.100	0.100	0.100	0.700
0.100	0.700	0.100	0.100
0.700	0.100	0.100	0.100
0.100	0.100	0.700	0.100
0.100	0.700	0.100	0.100
0.100	0.700	0.100	0.100
0.700	0.100	0.100	0.100
0.100	0.100	0.700	0.100
>GCGCGCGTGT	7-GCGCGCGTGT	4.948173	-5.364517	0	T:5.0(2.27%),B:14.9(0.52%),P:1e-2,FDR:1	Tpos:68.4,Tstd:15.2,Bpos:68.3,Bstd:35.9,StrandBias:-0.2,Multiplicity:1.80
0.001	0.001	0.997	0.001
0.001	0.997	0.001	0.001
0.001	0.001	0.997	0.001
0.001	0.997	0.001	0.001
0.028	0.001	0.970	0.001
0.001	0.997	0.001	0.001
0.245	0.001	0.753	0.001
0.001	0.275	0.001	0.723
0.239	0.001	0.759	0.001
0.001	0.031	0.237	0.731
>CTCTCTCTCT	8-CTCTCTCTCT	10.979871	-3.709683	0	T:7.0(3.18%),B:38.0(1.32%),P:1e-1,FDR:1	Tpos:62.6,Tstd:27.7,Bpos:40.9,Bstd:21.6,StrandBias:2.4,Multiplicity:1.14
0.001	0.997	0.001	0.001
0.155	0.001	0.001	0.843
0.001	0.997	0.001	0.001
0.001	0.001	0.001	0.997
0.001	0.997	0.001	0.001
0.001	0.001	0.001	0.997
0.001	0.997	0.001	0.001
0.001	0.001	0.001	0.997
0.001	0.997	0.001	0.001
0.074	0.068	0.001	0.857
>GTGCTCTTACCT	1-GTGCTCTTACCT	10.348300	-30.257420	0	T:10.0(4.55%),B:3.3(0.11%),P:1e-13,FDR:0.8	Tpos:40.8,Tstd:22.5,Bpos:69.5,Bstd:22.5,StrandBias:0.6,Multiplicity:1.00
0.371	0.001	0.627	0.001
0.001	0.001	0.185	0.813
0.001	0.186	0.627	0.186
0.001	0.813	0.001	0.185
0.001	0.018	0.001	0.980
0.001	0.997	0.001	0.001
0.185	0.001	0.001	0.813
0.001	0.186	0.186	0.627
0.813	0.001	0.001	0.185
0.018	0.980	0.001	0.001
0.001	0.997	0.001	0.001
0.001	0.013	0.001	0.985
>CACTGAAAAGAA	2-CACTGAAAAGAA	9.814094	-28.287216	0	T:12.0(5.45%),B:7.6(0.26%),P:1e-12,FDR:0.8	Tpos:56.7,Tstd:29.3,Bpos:63.2,Bstd:16.5,StrandBias:-0.7,Multiplicity:1.08
0.001	0.997	0.001	0.001
0.997	0.001	0.001	0.001
0.289	0.614	0.001	0.096
0.001	0.001	0.095	0.903
0.095	0.001	0.903	0.001
0.807	0.096	0.096	0.001
0.711	0.192	0.001	0.096
0.712	0.096	0.096	0.096
0.997	0.001	0.001	0.001
0.192	0.001	0.615	0.192
0.795	0.001	0.096	0.108
0.987	0.001	0.001	0.011
>GCCCTCCTGCCC	3-GCCCTCCTGCCC	9.173757	-20.459596	0	T:16.0(7.27%),B:29.4(1.02%),P:1e-8,FDR:1	Tpos:45.2,Tstd:26.2,Bpos:51.1,Bstd:34.2,StrandBias:0.2,Multiplicity:1.19
0.192	0.192	0.615	0.001
0.009	0.798	0.192	0.001
0.001	0.807	0.096	0.096
0.001	0.903	0.001	0.095
0.096	0.096	0.001	0.807
0.001	0.990	0.008	0.001
0.096	0.807	0.001	0.096
0.105	0.096	0.096	0.703
0.096	0.096	0.712	0.096
0.001	0.997	0.001	0.001
0.095	0.903	0.001	0.001
0.001	0.997	0.001	0.001
>CRCCATGTAACG	4-CRCCATGTAACG	9.572354	-18.056034	0	T:6.0(2.73%),B:2.8(0.10%),P:1e-7,FDR:1	Tpos:62.8,Tstd:22.2,Bpos:57.0,Bstd:17.1,StrandBias:0.3,Multiplicity:1.50
0.013	0.616	0.252	0.119
0.374	0.119	0.506	0.001
0.119	0.749	0.013	0.119
0.238	0.642	0.001	0.119
0.760	0.238	0.001	0.001
0.001	0.001	0.118	0.880
0.001	0.119	0.761	0.119
0.001	0.001	0.238	0.760
0.880	0.001	0.001	0.118
0.997	0.001	0.001	0.001
0.001	0.760	0.238	0.001
0.013	0.133	0.735	0.119
>CGAGCCTCCTGG	5-CGAGCCTCCTGG	7.708740	-18.056034	0	T:6.0(2.73%),B:2.3(0.08%),P:1e-7,FDR:1	Tpos:42.6,Tstd:16.3,Bpos:61.2,Bstd:4.2,StrandBias:-0.4,Multiplicity:1.17
0.001	0.723	0.092	0.184
0.092	0.001	0.815	0.092
0.997	0.001	0.001	0.001
0.001	0.001	0.997	0.001
0.001	0.997	0.001	0.001
0.091	0.907	0.001	0.001
0.001	0.001	0.001	0.997
0.001	0.997	0.001	0.001
0.001	0.997	0.001	0.001
0.001	0.001	0.001	0.997
0.001	0.001	0.997	0.001
0.001	0.001	0.997	0.001
>GGTGTATGTTGC	6-GGTGTATGTTGC	11.945223	-13.558546	0	T:4.0(1.82%),B:1.8(0.06%),P:1e-5,FDR:1	Tpos:56.0,Tstd:26.9,Bpos:36.3,Bstd:1.6,StrandBias:10.0,Multiplicity:1.75
0.001	0.001	0.997	0.001
0.001	0.227	0.771	0.001
0.001	0.001	0.001	0.997
0.001	0.227	0.771	0.001
0.001	0.001	0.001	0.997
0.543	0.228	0.228	0.001
0.001	0.001	0.001	0.997
0.001	0.001	0.997	0.001
0.001	0.271	0.001	0.727
0.227	0.001	0.001	0.771
0.227	0.001	0.771	0.001
0.227	0.771	0.001	0.001
>GCGCRCRYRCRW	7-GCGCRCRYRCRW	12.041378	-9.581699	0	T:3.0(1.36%),B:1.9(0.07%),P:1e-4,FDR:1	Tpos:53.3,Tstd:25.3,Bpos:92.0,Bstd:0.0,StrandBias:-10.0,Multiplicity:1.00
0.001	0.001	0.997	0.001
0.001	0.997	0.001	0.001
0.001	0.001	0.997	0.001
0.001	0.997	0.001	0.001
0.437	0.001	0.561	0.001
0.001	0.997	0.001	0.001
0.437	0.001	0.561	0.001
0.001	0.445	0.001	0.553
0.440	0.001	0.558	0.001
0.001	0.843	0.001	0.155
0.554	0.001	0.444	0.001
0.420	0.019	0.116	0.445
>ATACAGAGAGAG	8-ATACAGAGAGAG	15.956794	-2.611038	0	T:1.0(0.45%),B:0.7(0.02%),P:1e-1,FDR:1	Tpos:12.0,Tstd:0.0,Bpos:12.0,Bstd:0.0,StrandBias:-10.0,Multiplicity:1.00
0.997	0.001	0.001	0.001
0.001	0.016	0.260	0.723
0.997	0.001	0.001	0.001
0.001	0.723	0.275	0.001
0.997	0.001	0.001	0.001
0.001	0.001	0.997	0.001
0.997	0.001	0.001	0.001
0.001	0.001	0.997	0.001
0.997	0.001	0.001	0.001
0.001	0.001	0.997	0.001
0.997	0.001	0.001	0.001
0.001	0.001	0.997	0.001
>GGCGAGGA	1-GGCGAGGA	10.892585	-14.358116	0	T:5.0(2.27%),B:2.7(0.09%),P:1e-6,FDR:1	Tpos:34.0,Tstd:26.3,Bpos:62.3,Bstd:22.5,StrandBias:-0.6,Multiplicity:1.00
0.001	0.001	0.997	0.001
0.001	0.001	0.997	0.001
0.001	0.997	0.001	0.001
0.001	0.001	0.997	0.001
0.997	0.001	0.001	0.001
0.001	0.001	0.997	0.001
0.160	0.001	0.838	0.001
0.997	0.001	0.001	0.001
>GGACCTCR	2-GGACCTCR	6.865770	-14.044703	0	T:26.0(11.82%),B:114.3(3.96%),P:1e-6,FDR:1	Tpos:52.9,Tstd:27.4,Bpos:48.8,Bstd:34.9,StrandBias:0.2,Multiplicity:1.23
0.001	0.322	0.676	0.001
0.184	0.001	0.814	0.001
0.982	0.001	0.001	0.016
0.001	0.997	0.001	0.001
0.001	0.997	0.001	0.001
0.060	0.239	0.001	0.700
0.001	0.997	0.001	0.001
0.365	0.001	0.395	0.240
>TCACTGAA	3-TCACTGAA	9.063008	-13.464522	0	T:7.0(3.18%),B:7.8(0.27%),P:1e-5,FDR:1	Tpos:54.4,Tstd:24.4,Bpos:47.2,Bstd:23.0,StrandBias:0.7,Multiplicity:1.14
0.001	0.001	0.001	0.997
0.001	0.997	0.001	0.001
0.838	0.001	0.160	0.001
0.001	0.838	0.001	0.160
0.001	0.001	0.001	0.997
0.001	0.001	0.997	0.001
0.997	0.001	0.001	0.001
0.997	0.001	0.001	0.001
>CTCTTACC	4-CTCTTACC	9.855299	-12.855098	0	T:10.0(4.55%),B:19.9(0.69%),P:1e-5,FDR:1	Tpos:36.9,Tstd:17.8,Bpos:58.3,Bstd:26.5,StrandBias:1.6,Multiplicity:1.20
0.001	0.701	0.001	0.297
0.001	0.001	0.001	0.997
0.001	0.997	0.001	0.001
0.001	0.001	0.001	0.997
0.001	0.001	0.001	0.997
0.997	0.001	0.001	0.001
0.001	0.997	0.001	0.001
0.001	0.997	0.001	0.001
>TCTAGGAG	5-TCTAGGAG	8.236954	-11.833772	0	T:7.0(3.18%),B:9.5(0.33%),P:1e-5,FDR:1	Tpos:60.3,Tstd:26.2,Bpos:56.1,Bstd:26.8,StrandBias:-0.4,Multiplicity:1.00
0.100	0.100	0.100	0.700
0.100	0.700	0.100	0.100
0.100	0.100	0.100	0.700
0.700	0.100	0.100	0.100
0.100	0.100	0.700	0.100
0.100	0.100	0.700	0.100
0.700	0.100	0.100	0.100
0.100	0.100	0.700	0.100
>CATGTAAC	6-CATGTAAC	8.625594	-10.631429	0	T:8.0(3.64%),B:15.0(0.52%),P:1e-4,FDR:1	Tpos:51.9,Tstd:26.7,Bpos:39.5,Bstd:26.6,StrandBias:1.6,Multiplicity:1.50
0.001	0.997	0.001	0.001
0.997	0.001	0.001	0.001
0.001	0.112	0.001	0.886
0.113	0.113	0.773	0.001
0.001	0.001	0.001	0.997
0.997	0.001	0.001	0.001
0.997	0.001	0.001	0.001
0.001	0.997	0.001	0.001
>GCGCGCGC	7-GCGCGCGC	7.900823	-7.268876	0	T:5.0(2.27%),B:9.9(0.34%),P:1e-3,FDR:1	Tpos:69.9,Tstd:15.6,Bpos:75.0,Bstd:35.9,StrandBias:0.1,Multiplicity:1.20
0.001	0.001	0.997	0.001
0.001	0.955	0.043	0.001
0.001	0.001	0.997	0.001
0.001	0.997	0.001	0.001
0.001	0.001	0.997	0.001
0.001	0.935	0.001	0.063
0.303	0.001	0.695	0.001
0.001	0.997	0.001	0.001
>CTCTCTCT	8-CTCTCTCT	8.236954	-1.675985	0	T:7.0(3.18%),B:61.1(2.12%),P:1e0,FDR:1	Tpos:61.0,Tstd:29.4,Bpos:41.8,Bstd:25.1,StrandBias:2.6,Multiplicity:1.14
0.100	0.700	0.100	0.100
0.100	0.100	0.100	0.700
0.100	0.700	0.100	0.100
0.100	0.100	0.100	0.700
0.100	0.700	0.100	0.100
0.100	0.100	0.100	0.700
0.100	0.700	0.100	0.100
0.100	0.100	0.100	0.700
