>TCTAGVCAACAG	1-TCTAGVCAACAG	13.999792	-22.353725	0	T:3.0(100.00%),B:0.0(0.00%),P:1e-9	Tpos:58.7,Tstd:17.6,Bpos:0.0,Bstd:0.0,StrandBias:10.0,Multiplicity:1.00
0.001	0.001	0.001	0.997
0.332	0.666	0.001	0.001
0.001	0.001	0.001	0.997
0.997	0.001	0.001	0.001
0.001	0.001	0.997	0.001
0.333	0.333	0.333	0.001
0.001	0.997	0.001	0.001
0.997	0.001	0.001	0.001
0.666	0.001	0.332	0.001
0.001	0.997	0.001	0.001
0.997	0.001	0.001	0.001
0.001	0.001	0.997	0.001
>GAACYYMACAGM	2-GAACYYMACAGM	13.746585	-13.804258	0	T:2.0(66.67%),B:0.0(0.00%),P:1e-5	Tpos:23.5,Tstd:5.5,Bpos:0.0,Bstd:0.0,StrandBias:0.0,Multiplicity:1.00
0.001	0.072	0.926	0.001
0.997	0.001	0.001	0.001
0.997	0.001	0.001	0.001
0.001	0.997	0.001	0.001
0.001	0.535	0.001	0.463
0.001	0.463	0.001	0.535
0.535	0.463	0.001	0.001
0.997	0.001	0.001	0.001
0.001	0.997	0.001	0.001
0.997	0.001	0.001	0.001
0.001	0.001	0.997	0.001
0.535	0.463	0.001	0.001
>YWGARSAATSAG	3-YWGARSAATSAG	8.541777	-10.586933	0	T:2.0(66.67%),B:5.0(0.29%),P:1e-4	Tpos:21.3,Tstd:18.9,Bpos:52.0,Bstd:28.9,StrandBias:1.0,Multiplicity:1.50
0.001	0.473	0.063	0.463
0.535	0.001	0.001	0.463
0.001	0.001	0.997	0.001
0.997	0.001	0.001	0.001
0.472	0.001	0.526	0.001
0.001	0.463	0.535	0.001
0.997	0.001	0.001	0.001
0.926	0.001	0.072	0.001
0.001	0.001	0.062	0.936
0.072	0.463	0.463	0.001
0.997	0.001	0.001	0.001
0.001	0.001	0.997	0.001
>TCAGGBDCTGGA	4-TCAGGBDCTGGA	8.802327	-7.541827	0	T:2.0(66.67%),B:23.0(1.34%),P:1e-3	Tpos:77.3,Tstd:13.0,Bpos:53.7,Bstd:23.1,StrandBias:1.0,Multiplicity:1.50
0.001	0.001	0.316	0.682
0.316	0.640	0.043	0.001
0.682	0.001	0.001	0.316
0.001	0.001	0.997	0.001
0.001	0.316	0.682	0.001
0.001	0.316	0.323	0.359
0.316	0.001	0.316	0.366
0.316	0.682	0.001	0.001
0.001	0.001	0.316	0.682
0.001	0.316	0.682	0.001
0.316	0.001	0.640	0.043
0.950	0.006	0.001	0.043
>AAGCCTTCGTAG	5-AAGCCTTCGTAG	16.252352	-6.353210	0	T:1.0(33.33%),B:0.0(0.00%),P:1e-2	Tpos:88.0,Tstd:0.0,Bpos:0.0,Bstd:0.0,StrandBias:10.0,Multiplicity:1.00
0.990	0.008	0.001	0.001
0.997	0.001	0.001	0.001
0.001	0.008	0.990	0.001
0.001	0.990	0.008	0.001
0.001	0.990	0.001	0.008
0.001	0.008	0.001	0.990
0.001	0.001	0.001	0.997
0.135	0.863	0.001	0.001
0.001	0.017	0.981	0.001
0.001	0.001	0.008	0.990
0.997	0.001	0.001	0.001
0.135	0.001	0.863	0.001
