>CTTATGTTTTAC	1-CTTATGTTTTAC	9.003804	-23.976867	0	T:4.0(25.00%),B:49.0(0.04%),P:1e-10	Tpos:56.8,Tstd:36.6,Bpos:51.4,Bstd:25.1,StrandBias:1.6,Multiplicity:1.00
0.001	0.963	0.001	0.035
0.001	0.001	0.001	0.997
0.001	0.356	0.001	0.642
0.678	0.001	0.320	0.001
0.001	0.001	0.001	0.997
0.001	0.320	0.678	0.001
0.001	0.001	0.356	0.642
0.001	0.001	0.001	0.997
0.001	0.356	0.001	0.642
0.001	0.001	0.320	0.678
0.997	0.001	0.001	0.001
0.001	0.997	0.001	0.001
>AGCATCAGVAAA	2-AGCATCAGVAAA	9.523835	-14.759331	0	T:4.0(25.00%),B:495.0(0.39%),P:1e-6	Tpos:29.2,Tstd:20.0,Bpos:51.0,Bstd:26.4,StrandBias:0.0,Multiplicity:1.00
0.963	0.001	0.001	0.035
0.001	0.001	0.678	0.320
0.320	0.678	0.001	0.001
0.678	0.320	0.001	0.001
0.001	0.001	0.001	0.997
0.001	0.678	0.001	0.320
0.678	0.320	0.001	0.001
0.001	0.320	0.678	0.001
0.321	0.321	0.357	0.001
0.997	0.001	0.001	0.001
0.997	0.001	0.001	0.001
0.678	0.001	0.320	0.001
>SAGKWTKCAATC	3-SAGKWTKCAATC	6.574016	-14.053043	0	T:8.0(50.00%),B:7136.0(5.56%),P:1e-6	Tpos:45.8,Tstd:32.5,Bpos:49.6,Bstd:26.1,StrandBias:0.3,Multiplicity:1.12
0.195	0.413	0.391	0.001
0.803	0.001	0.001	0.195
0.390	0.001	0.608	0.001
0.195	0.001	0.413	0.391
0.391	0.001	0.195	0.413
0.001	0.001	0.195	0.803
0.215	0.001	0.391	0.393
0.001	0.589	0.391	0.019
0.997	0.001	0.001	0.001
0.608	0.001	0.001	0.390
0.214	0.001	0.001	0.784
0.196	0.411	0.198	0.196
>GTCAGCAAGGGA	4-GTCAGCAAGGGA	12.355432	-8.296149	0	T:1.0(6.25%),B:2.0(0.00%),P:1e-3	Tpos:5.0,Tstd:0.0,Bpos:55.0,Bstd:30.0,StrandBias:-10.0,Multiplicity:1.00
0.100	0.100	0.700	0.100
0.100	0.100	0.100	0.700
0.100	0.700	0.100	0.100
0.700	0.100	0.100	0.100
0.100	0.100	0.700	0.100
0.100	0.700	0.100	0.100
0.700	0.100	0.100	0.100
0.700	0.100	0.100	0.100
0.100	0.100	0.700	0.100
0.100	0.100	0.700	0.100
0.100	0.100	0.700	0.100
0.700	0.100	0.100	0.100
>TTCACACAGGTT	5-TTCACACAGGTT	12.355432	-8.296149	0	T:1.0(6.25%),B:2.0(0.00%),P:1e-3	Tpos:61.0,Tstd:0.0,Bpos:51.0,Bstd:8.0,StrandBias:10.0,Multiplicity:1.00
0.100	0.100	0.100	0.700
0.100	0.100	0.100	0.700
0.100	0.700	0.100	0.100
0.700	0.100	0.100	0.100
0.100	0.700	0.100	0.100
0.700	0.100	0.100	0.100
0.100	0.700	0.100	0.100
0.700	0.100	0.100	0.100
0.100	0.100	0.700	0.100
0.100	0.100	0.700	0.100
0.100	0.100	0.100	0.700
0.100	0.100	0.100	0.700
>TTGTTAGCCCAC	6-TTGTTAGCCCAC	12.355432	-8.296149	0	T:1.0(6.25%),B:2.0(0.00%),P:1e-3	Tpos:7.0,Tstd:0.0,Bpos:18.0,Bstd:8.0,StrandBias:-10.0,Multiplicity:1.00
0.100	0.100	0.100	0.700
0.100	0.100	0.100	0.700
0.100	0.100	0.700	0.100
0.100	0.100	0.100	0.700
0.100	0.100	0.100	0.700
0.700	0.100	0.100	0.100
0.100	0.100	0.700	0.100
0.100	0.700	0.100	0.100
0.100	0.700	0.100	0.100
0.100	0.700	0.100	0.100
0.700	0.100	0.100	0.100
0.100	0.700	0.100	0.100
>CCCGGGGGTTGG	7-CCCGGGGGTTGG	12.355432	-8.296149	0	T:1.0(6.25%),B:2.0(0.00%),P:1e-3	Tpos:86.0,Tstd:0.0,Bpos:58.0,Bstd:29.0,StrandBias:10.0,Multiplicity:1.00
0.100	0.700	0.100	0.100
0.100	0.700	0.100	0.100
0.100	0.700	0.100	0.100
0.100	0.100	0.700	0.100
0.100	0.100	0.700	0.100
0.100	0.100	0.700	0.100
0.100	0.100	0.700	0.100
0.100	0.100	0.700	0.100
0.100	0.100	0.100	0.700
0.100	0.100	0.100	0.700
0.100	0.100	0.700	0.100
0.100	0.100	0.700	0.100
>TACAAACTAAGG	8-TACAAACTAAGG	12.355432	-8.296149	0	T:1.0(6.25%),B:2.0(0.00%),P:1e-3	Tpos:45.0,Tstd:0.0,Bpos:64.5,Bstd:3.5,StrandBias:-10.0,Multiplicity:1.00
0.100	0.100	0.100	0.700
0.700	0.100	0.100	0.100
0.100	0.700	0.100	0.100
0.700	0.100	0.100	0.100
0.700	0.100	0.100	0.100
0.700	0.100	0.100	0.100
0.100	0.700	0.100	0.100
0.100	0.100	0.100	0.700
0.700	0.100	0.100	0.100
0.700	0.100	0.100	0.100
0.100	0.100	0.700	0.100
0.100	0.100	0.700	0.100
