>CATCACTKWKRG	1-CATCACTKWKRG	8.341932	-22.101041	0	T:5.0(33.33%),B:5.0(0.24%),P:1e-9	Tpos:58.4,Tstd:27.5,Bpos:44.2,Bstd:25.8,StrandBias:2.0,Multiplicity:1.00
0.001	0.997	0.001	0.001
0.997	0.001	0.001	0.001
0.001	0.001	0.001	0.997
0.001	0.997	0.001	0.001
0.997	0.001	0.001	0.001
0.001	0.968	0.030	0.001
0.030	0.001	0.001	0.968
0.001	0.001	0.545	0.453
0.453	0.001	0.001	0.545
0.061	0.001	0.454	0.484
0.454	0.001	0.484	0.061
0.001	0.001	0.997	0.001
>AGAGACCAGTAA	2-AGAGACCAGTAA	9.627239	-16.989581	0	T:5.0(33.33%),B:14.0(0.68%),P:1e-7	Tpos:42.0,Tstd:20.0,Bpos:60.2,Bstd:23.6,StrandBias:-1.6,Multiplicity:1.00
0.749	0.249	0.001	0.001
0.001	0.249	0.749	0.001
0.997	0.001	0.001	0.001
0.001	0.249	0.749	0.001
0.500	0.250	0.250	0.001
0.249	0.749	0.001	0.001
0.250	0.500	0.001	0.250
0.997	0.001	0.001	0.001
0.001	0.249	0.749	0.001
0.001	0.001	0.249	0.749
0.749	0.001	0.249	0.001
0.749	0.001	0.249	0.001
>TTCCCRRCAGAC	3-TTCCCRRCAGAC	5.627652	-15.742896	0	T:10.0(66.67%),B:200.0(9.74%),P:1e-6	Tpos:52.0,Tstd:28.5,Bpos:49.9,Bstd:26.3,StrandBias:1.2,Multiplicity:1.00
0.202	0.001	0.001	0.796
0.405	0.001	0.001	0.593
0.001	0.997	0.001	0.001
0.203	0.593	0.001	0.203
0.013	0.985	0.001	0.001
0.363	0.203	0.231	0.203
0.447	0.001	0.349	0.203
0.203	0.391	0.203	0.203
0.997	0.001	0.001	0.001
0.001	0.159	0.839	0.001
0.637	0.146	0.001	0.216
0.203	0.593	0.001	0.203
>CTCCHTCACACT	4-CTCCHTCACACT	12.496715	-14.690202	0	T:3.0(20.00%),B:2.0(0.10%),P:1e-6	Tpos:19.3,Tstd:13.6,Bpos:46.5,Bstd:5.5,StrandBias:1.0,Multiplicity:1.00
0.001	0.997	0.001	0.001
0.001	0.001	0.001	0.997
0.001	0.997	0.001	0.001
0.001	0.997	0.001	0.001
0.333	0.333	0.001	0.333
0.001	0.332	0.001	0.666
0.001	0.997	0.001	0.001
0.666	0.001	0.001	0.332
0.001	0.997	0.001	0.001
0.997	0.001	0.001	0.001
0.001	0.666	0.332	0.001
0.001	0.001	0.332	0.666
>GTAGAGRCCASW	5-GTAGAGRCCASW	8.115340	-8.706028	0	T:4.0(26.67%),B:40.0(1.95%),P:1e-3	Tpos:63.2,Tstd:29.9,Bpos:48.6,Bstd:22.8,StrandBias:1.6,Multiplicity:1.00
0.001	0.160	0.838	0.001
0.032	0.161	0.161	0.646
0.516	0.322	0.161	0.001
0.001	0.031	0.967	0.001
0.997	0.001	0.001	0.001
0.161	0.161	0.677	0.001
0.489	0.161	0.349	0.001
0.001	0.838	0.160	0.001
0.001	0.677	0.321	0.001
0.677	0.001	0.161	0.161
0.161	0.483	0.355	0.001
0.322	0.161	0.161	0.355
