>GGTCTGGG	1-GGTCTGGG	8.174068	-13.943388	0	T:5.0(33.33%),B:26.0(1.27%),P:1e-6	Tpos:46.6,Tstd:20.4,Bpos:54.9,Bstd:27.3,StrandBias:-0.6,Multiplicity:1.00
0.111	0.001	0.887	0.001
0.173	0.086	0.740	0.001
0.001	0.001	0.091	0.907
0.001	0.897	0.101	0.001
0.001	0.001	0.001	0.997
0.001	0.001	0.997	0.001
0.001	0.001	0.879	0.119
0.001	0.141	0.857	0.001
>TCAGTGGA	2-TCAGTGGA	8.252763	-12.224355	0	T:5.0(33.33%),B:37.0(1.80%),P:1e-5	Tpos:49.2,Tstd:24.1,Bpos:44.8,Bstd:29.0,StrandBias:-0.6,Multiplicity:1.00
0.001	0.155	0.001	0.843
0.001	0.997	0.001	0.001
0.843	0.001	0.001	0.155
0.001	0.126	0.872	0.001
0.118	0.001	0.001	0.880
0.001	0.001	0.997	0.001
0.155	0.001	0.843	0.001
0.887	0.001	0.111	0.001
>MTTCAGGT	3-MTTCAGGT	7.852053	-10.772290	0	T:5.0(33.33%),B:50.0(2.44%),P:1e-4	Tpos:59.0,Tstd:33.2,Bpos:49.1,Bstd:26.4,StrandBias:2.0,Multiplicity:1.00
0.487	0.511	0.001	0.001
0.318	0.001	0.168	0.513
0.001	0.001	0.001	0.997
0.129	0.869	0.001	0.001
0.836	0.001	0.148	0.015
0.001	0.001	0.997	0.001
0.001	0.001	0.997	0.001
0.001	0.001	0.332	0.666
>ATAGGCCT	4-ATAGGCCT	8.527347	-9.896979	0	T:3.0(20.00%),B:10.0(0.49%),P:1e-4	Tpos:51.0,Tstd:27.1,Bpos:52.2,Bstd:30.2,StrandBias:-10.0,Multiplicity:1.00
0.868	0.130	0.001	0.001
0.112	0.112	0.001	0.775
0.831	0.001	0.001	0.167
0.001	0.001	0.997	0.001
0.001	0.115	0.883	0.001
0.001	0.997	0.001	0.001
0.001	0.997	0.001	0.001
0.001	0.214	0.001	0.784
>TAGVTAGC	5-TAGVTAGC	4.765806	-8.969965	0	T:10.0(66.67%),B:416.0(20.26%),P:1e-3	Tpos:54.1,Tstd:22.8,Bpos:49.5,Bstd:27.3,StrandBias:0.5,Multiplicity:1.70
0.263	0.093	0.092	0.552
0.710	0.288	0.001	0.001
0.001	0.288	0.710	0.001
0.263	0.381	0.263	0.093
0.001	0.001	0.262	0.736
0.710	0.001	0.001	0.288
0.263	0.093	0.643	0.001
0.001	0.736	0.262	0.001
