>STGGCCTK	1-STGGCCTK	2.239463	-11.594426	0	T:12.0(75.00%),B:28781.0(21.95%),P:1e-5	Tpos:52.9,Tstd:26.4,Bpos:49.8,Bstd:27.1,StrandBias:0.4,Multiplicity:1.33
0.001	0.512	0.486	0.001
0.001	0.001	0.001	0.997
0.001	0.001	0.621	0.377
0.001	0.001	0.997	0.001
0.377	0.621	0.001	0.001
0.001	0.997	0.001	0.001
0.001	0.001	0.001	0.997
0.001	0.056	0.456	0.487
>GCATGCAT	2-GCATGCAT	5.123578	-11.004819	0	T:8.0(50.00%),B:10965.0(8.36%),P:1e-4	Tpos:65.7,Tstd:20.5,Bpos:49.4,Bstd:28.2,StrandBias:-0.6,Multiplicity:1.38
0.339	0.001	0.659	0.001
0.001	0.997	0.001	0.001
0.892	0.017	0.001	0.090
0.317	0.001	0.001	0.681
0.001	0.001	0.997	0.001
0.085	0.913	0.001	0.001
0.979	0.001	0.001	0.019
0.001	0.001	0.231	0.767
>TGTCGTAC	3-TGTCGTAC	8.236954	-6.016775	0	T:1.0(6.25%),B:20.0(0.02%),P:1e-2	Tpos:68.0,Tstd:0.0,Bpos:53.7,Bstd:19.0,StrandBias:-10.0,Multiplicity:1.00
0.100	0.100	0.100	0.700
0.100	0.100	0.700	0.100
0.100	0.100	0.100	0.700
0.100	0.700	0.100	0.100
0.100	0.100	0.700	0.100
0.100	0.100	0.100	0.700
0.700	0.100	0.100	0.100
0.100	0.700	0.100	0.100
>CGTCGAAG	4-CGTCGAAG	8.236954	-5.645726	0	T:1.0(6.25%),B:29.0(0.02%),P:1e-2	Tpos:6.0,Tstd:0.0,Bpos:52.0,Bstd:23.3,StrandBias:10.0,Multiplicity:1.00
0.100	0.700	0.100	0.100
0.100	0.100	0.700	0.100
0.100	0.100	0.100	0.700
0.100	0.700	0.100	0.100
0.100	0.100	0.700	0.100
0.700	0.100	0.100	0.100
0.700	0.100	0.100	0.100
0.100	0.100	0.700	0.100
>TTATTTAT	5-TTATTTAT	8.857259	-5.396557	0	T:2.0(12.50%),B:830.0(0.63%),P:1e-2	Tpos:56.0,Tstd:6.6,Bpos:50.5,Bstd:27.1,StrandBias:-1.6,Multiplicity:2.00
0.173	0.154	0.001	0.672
0.001	0.001	0.001	0.997
0.904	0.001	0.094	0.001
0.001	0.001	0.001	0.997
0.001	0.178	0.001	0.820
0.001	0.001	0.001	0.997
0.997	0.001	0.001	0.001
0.001	0.001	0.152	0.846
