>CWGKGARGWACT	1-CWGKGARGWACT	9.926288	-19.940325	0	T:9.0(4.31%),B:362.1(0.23%),P:1e-8,FDR:1	Tpos:55.5,Tstd:27.8,Bpos:50.5,Bstd:30.9,StrandBias:-0.3,Multiplicity:1.22
0.001	0.997	0.001	0.001
0.464	0.001	0.001	0.534
0.001	0.001	0.997	0.001
0.001	0.001	0.464	0.534
0.020	0.001	0.978	0.001
0.982	0.001	0.016	0.001
0.464	0.001	0.534	0.001
0.001	0.001	0.997	0.001
0.464	0.001	0.001	0.534
0.997	0.001	0.001	0.001
0.001	0.997	0.001	0.001
0.025	0.001	0.001	0.973
>TAACCAATCAGA	2-TAACCAATCAGA	10.723095	-19.551052	0	T:11.0(5.26%),B:685.8(0.44%),P:1e-8,FDR:1	Tpos:49.5,Tstd:27.1,Bpos:50.3,Bstd:35.2,StrandBias:0.5,Multiplicity:1.73
0.001	0.010	0.001	0.988
0.823	0.175	0.001	0.001
0.803	0.001	0.195	0.001
0.001	0.997	0.001	0.001
0.001	0.803	0.001	0.195
0.997	0.001	0.001	0.001
0.997	0.001	0.001	0.001
0.001	0.001	0.001	0.997
0.001	0.997	0.001	0.001
0.599	0.225	0.001	0.175
0.011	0.001	0.987	0.001
0.598	0.001	0.400	0.001
>ATGTTAATGAGG	3-ATGTTAATGAGG	13.125246	-16.638677	0	T:9.0(4.31%),B:534.1(0.34%),P:1e-7,FDR:1	Tpos:47.8,Tstd:8.9,Bpos:50.5,Bstd:36.4,StrandBias:0.7,Multiplicity:1.44
0.997	0.001	0.001	0.001
0.001	0.001	0.001	0.997
0.001	0.001	0.997	0.001
0.273	0.176	0.001	0.550
0.175	0.001	0.001	0.823
0.997	0.001	0.001	0.001
0.997	0.001	0.001	0.001
0.001	0.001	0.001	0.997
0.001	0.001	0.997	0.001
0.997	0.001	0.001	0.001
0.001	0.001	0.997	0.001
0.001	0.001	0.997	0.001
>TCATCCACTAGT	4-TCATCCACTAGT	15.466168	-13.937286	0	T:2.0(0.96%),B:0.0(0.00%),P:1e-6,FDR:1	Tpos:58.8,Tstd:29.5,Bpos:0.0,Bstd:0.0,StrandBias:10.0,Multiplicity:2.50
0.001	0.001	0.001	0.997
0.001	0.997	0.001	0.001
0.997	0.001	0.001	0.001
0.001	0.001	0.001	0.997
0.001	0.677	0.001	0.321
0.001	0.997	0.001	0.001
0.997	0.001	0.001	0.001
0.001	0.997	0.001	0.001
0.001	0.001	0.001	0.997
0.997	0.001	0.001	0.001
0.001	0.001	0.997	0.001
0.001	0.001	0.001	0.997
>GCAGAAGCAATC	5-GCAGAAGCAATC	15.466168	-11.741823	0	T:2.0(0.96%),B:3.1(0.00%),P:1e-5,FDR:1	Tpos:57.8,Tstd:24.8,Bpos:55.7,Bstd:11.0,StrandBias:1.6,Multiplicity:2.00
0.001	0.001	0.997	0.001
0.001	0.997	0.001	0.001
0.997	0.001	0.001	0.001
0.001	0.001	0.997	0.001
0.997	0.001	0.001	0.001
0.997	0.001	0.001	0.001
0.001	0.001	0.997	0.001
0.001	0.677	0.321	0.001
0.997	0.001	0.001	0.001
0.997	0.001	0.001	0.001
0.001	0.001	0.001	0.997
0.001	0.997	0.001	0.001
>AAAAAAAAAAAA	6-AAAAAAAAAAAA	10.056423	-7.612843	0	T:9.0(4.31%),B:1684.5(1.08%),P:1e-3,FDR:1	Tpos:47.6,Tstd:17.4,Bpos:50.8,Bstd:23.9,StrandBias:-0.9,Multiplicity:1.22
0.689	0.161	0.086	0.064
0.724	0.139	0.088	0.049
0.770	0.084	0.125	0.021
0.840	0.068	0.091	0.001
0.823	0.096	0.044	0.037
0.810	0.129	0.032	0.029
0.773	0.139	0.050	0.038
0.682	0.137	0.155	0.026
0.755	0.128	0.078	0.039
0.768	0.129	0.077	0.026
0.698	0.198	0.081	0.023
0.670	0.197	0.057	0.076
>CCACCACCATTC	7-CCACCACCATTC	12.355432	-6.619895	0	T:1.0(0.48%),B:1.1(0.00%),P:1e-2,FDR:1	Tpos:37.0,Tstd:25.3,Bpos:35.0,Bstd:0.0,StrandBias:10.0,Multiplicity:3.00
0.100	0.700	0.100	0.100
0.100	0.700	0.100	0.100
0.700	0.100	0.100	0.100
0.100	0.700	0.100	0.100
0.100	0.700	0.100	0.100
0.700	0.100	0.100	0.100
0.100	0.700	0.100	0.100
0.100	0.700	0.100	0.100
0.700	0.100	0.100	0.100
0.100	0.100	0.100	0.700
0.100	0.100	0.100	0.700
0.100	0.700	0.100	0.100
>TGACCCTGACCC	8-TGACCCTGACCC	16.513651	-5.927411	0	T:1.0(0.48%),B:2.2(0.00%),P:1e-2,FDR:1	Tpos:59.0,Tstd:25.2,Bpos:58.6,Bstd:24.6,StrandBias:-10.0,Multiplicity:10.00
0.001	0.001	0.001	0.997
0.001	0.001	0.997	0.001
0.997	0.001	0.001	0.001
0.001	0.997	0.001	0.001
0.001	0.997	0.001	0.001
0.001	0.997	0.001	0.001
0.001	0.001	0.001	0.997
0.083	0.001	0.915	0.001
0.997	0.001	0.001	0.001
0.001	0.997	0.001	0.001
0.001	0.997	0.001	0.001
0.001	0.997	0.001	0.001
