>RYTTYCARGT	1-RYTTYCARGT	11.047987	-17.403044	0	T:5.0(31.25%),B:15.0(0.58%),P:1e-7	Tpos:38.4,Tstd:24.8,Bpos:35.1,Bstd:22.5,StrandBias:-0.6,Multiplicity:1.00
0.544	0.001	0.454	0.001
0.001	0.544	0.001	0.454
0.001	0.001	0.001	0.997
0.001	0.001	0.001	0.997
0.001	0.544	0.001	0.454
0.001	0.997	0.001	0.001
0.997	0.001	0.001	0.001
0.454	0.001	0.544	0.001
0.001	0.001	0.997	0.001
0.001	0.001	0.001	0.997
>TGGCCTTGTC	2-TGGCCTTGTC	11.725259	-17.238990	0	T:3.0(18.75%),B:1.0(0.04%),P:1e-7	Tpos:55.8,Tstd:26.6,Bpos:79.0,Bstd:0.0,StrandBias:10.0,Multiplicity:1.33
0.001	0.001	0.001	0.997
0.228	0.001	0.770	0.001
0.001	0.001	0.997	0.001
0.001	0.997	0.001	0.001
0.001	0.997	0.001	0.001
0.001	0.001	0.001	0.997
0.001	0.001	0.001	0.997
0.001	0.001	0.997	0.001
0.001	0.001	0.228	0.770
0.001	0.686	0.228	0.085
>ACACACAAAA	3-ACACACAAAA	9.014025	-8.449874	0	T:4.0(25.00%),B:50.0(1.94%),P:1e-3	Tpos:33.3,Tstd:25.2,Bpos:45.0,Bstd:24.8,StrandBias:1.0,Multiplicity:1.50
0.759	0.001	0.239	0.001
0.001	0.632	0.128	0.239
0.997	0.001	0.001	0.001
0.240	0.520	0.239	0.001
0.997	0.001	0.001	0.001
0.001	0.985	0.001	0.013
0.759	0.001	0.001	0.239
0.508	0.012	0.240	0.240
0.997	0.001	0.001	0.001
0.893	0.105	0.001	0.001
>CACCCACTCC	4-CACCCACTCC	10.017821	-5.693802	0	T:2.0(12.50%),B:14.0(0.54%),P:1e-2	Tpos:49.5,Tstd:26.1,Bpos:47.6,Bstd:23.9,StrandBias:0.0,Multiplicity:3.00
0.001	0.997	0.001	0.001
0.997	0.001	0.001	0.001
0.001	0.997	0.001	0.001
0.001	0.997	0.001	0.001
0.001	0.997	0.001	0.001
0.850	0.001	0.001	0.148
0.001	0.997	0.001	0.001
0.001	0.001	0.001	0.997
0.148	0.850	0.001	0.001
0.001	0.997	0.001	0.001
>KCTCTCTTCC	5-KCTCTCTTCC	7.131725	-5.506972	0	T:5.0(31.25%),B:183.0(7.10%),P:1e-2	Tpos:46.0,Tstd:19.4,Bpos:47.6,Bstd:26.4,StrandBias:0.0,Multiplicity:1.00
0.089	0.089	0.357	0.464
0.089	0.733	0.089	0.089
0.001	0.268	0.089	0.642
0.001	0.731	0.267	0.001
0.089	0.179	0.089	0.643
0.089	0.732	0.001	0.178
0.001	0.088	0.001	0.910
0.001	0.190	0.001	0.808
0.001	0.540	0.268	0.191
0.089	0.821	0.089	0.001
