>TGWGARAGGT	1-TGWGARAGGT	7.647570	-19.665229	0	T:6.0(37.50%),B:22.0(0.85%),P:1e-8	Tpos:34.0,Tstd:21.3,Bpos:54.6,Bstd:27.8,StrandBias:-2.3,Multiplicity:1.00
0.419	0.001	0.001	0.579
0.001	0.001	0.997	0.001
0.514	0.001	0.001	0.484
0.001	0.001	0.997	0.001
0.997	0.001	0.001	0.001
0.484	0.001	0.514	0.001
0.974	0.001	0.001	0.024
0.001	0.001	0.974	0.024
0.001	0.001	0.974	0.024
0.001	0.001	0.419	0.579
>ATGTASAAAT	2-ATGTASAAAT	6.759392	-18.068924	0	T:8.0(50.00%),B:85.0(3.30%),P:1e-7	Tpos:43.5,Tstd:23.2,Bpos:51.4,Bstd:26.2,StrandBias:0.7,Multiplicity:1.14
0.811	0.187	0.001	0.001
0.001	0.001	0.001	0.997
0.001	0.161	0.677	0.161
0.163	0.001	0.001	0.835
0.489	0.001	0.188	0.322
0.161	0.323	0.354	0.161
0.516	0.001	0.322	0.161
0.838	0.001	0.001	0.160
0.838	0.001	0.001	0.160
0.161	0.001	0.161	0.677
>TTTCTGTATT	3-TTTCTGTATT	10.210896	-17.238990	0	T:3.0(18.75%),B:0.0(0.00%),P:1e-7	Tpos:50.7,Tstd:25.0,Bpos:0.0,Bstd:0.0,StrandBias:10.0,Multiplicity:1.00
0.001	0.001	0.001	0.997
0.163	0.001	0.001	0.835
0.001	0.001	0.001	0.997
0.001	0.997	0.001	0.001
0.001	0.001	0.001	0.997
0.001	0.001	0.997	0.001
0.001	0.001	0.001	0.997
0.997	0.001	0.001	0.001
0.001	0.001	0.001	0.997
0.001	0.163	0.001	0.835
>ACAGTGTGTG	4-ACAGTGTGTG	7.345154	-12.334051	0	T:6.0(37.50%),B:77.0(2.99%),P:1e-5	Tpos:42.2,Tstd:21.0,Bpos:47.3,Bstd:28.3,StrandBias:10.0,Multiplicity:1.00
0.731	0.091	0.163	0.015
0.272	0.726	0.001	0.001
0.564	0.182	0.001	0.253
0.182	0.091	0.636	0.091
0.181	0.001	0.001	0.817
0.091	0.091	0.725	0.093
0.015	0.091	0.001	0.893
0.001	0.091	0.564	0.344
0.091	0.091	0.182	0.636
0.091	0.001	0.726	0.182
>GTATAGTACA	5-GTATAGTACA	-1.928655	-8.719906	0	T:7.0(43.75%),B:215.0(8.34%),P:1e-3	Tpos:46.0,Tstd:25.3,Bpos:52.8,Bstd:25.7,StrandBias:0.3,Multiplicity:2.00
0.001	0.001	0.997	0.001
0.001	0.001	0.001	0.997
0.738	0.001	0.260	0.001
0.001	0.001	0.001	0.997
0.781	0.001	0.217	0.001
0.001	0.259	0.739	0.001
0.001	0.001	0.001	0.997
0.997	0.001	0.001	0.001
0.001	0.740	0.001	0.258
0.997	0.001	0.001	0.001
