>TTAVCTGCCT	1-TTAVCTGCCT	7.486984	-14.527079	0	T:6.0(42.86%),B:62.0(2.40%),P:1e-6	Tpos:43.2,Tstd:24.1,Bpos:44.8,Bstd:26.0,StrandBias:0.0,Multiplicity:1.00
0.001	0.023	0.270	0.706
0.001	0.001	0.001	0.997
0.631	0.367	0.001	0.001
0.291	0.368	0.341	0.001
0.001	0.997	0.001	0.001
0.001	0.001	0.001	0.997
0.001	0.001	0.708	0.290
0.001	0.728	0.001	0.270
0.001	0.997	0.001	0.001
0.022	0.001	0.001	0.976
>AGTAAGTGTT	2-AGTAAGTGTT	4.927784	-11.377954	0	T:5.0(35.71%),B:60.0(2.33%),P:1e-4	Tpos:65.2,Tstd:22.3,Bpos:49.2,Bstd:27.4,StrandBias:-1.6,Multiplicity:1.60
0.997	0.001	0.001	0.001
0.001	0.001	0.997	0.001
0.001	0.001	0.059	0.939
0.997	0.001	0.001	0.001
0.898	0.001	0.100	0.001
0.001	0.001	0.997	0.001
0.001	0.001	0.001	0.997
0.001	0.001	0.997	0.001
0.001	0.001	0.001	0.997
0.001	0.001	0.159	0.839
>GBCTTGTTGG	3-GBCTTGTTGG	8.227133	-9.512180	0	T:4.0(28.57%),B:44.0(1.71%),P:1e-4	Tpos:61.7,Tstd:13.7,Bpos:46.6,Bstd:22.8,StrandBias:-2.3,Multiplicity:1.50
0.001	0.231	0.767	0.001
0.124	0.249	0.248	0.378
0.124	0.619	0.001	0.256
0.107	0.001	0.124	0.768
0.247	0.001	0.001	0.751
0.013	0.124	0.862	0.001
0.001	0.001	0.123	0.875
0.001	0.001	0.371	0.627
0.248	0.001	0.619	0.132
0.124	0.001	0.754	0.121
>TTTTTTTTTT	4-TTTTTTTTTT	5.058781	-4.095088	0	T:3.0(21.43%),B:103.0(3.99%),P:1e-1	Tpos:62.0,Tstd:24.9,Bpos:49.8,Bstd:26.0,StrandBias:1.0,Multiplicity:1.00
0.001	0.001	0.001	0.997
0.312	0.001	0.001	0.686
0.312	0.001	0.001	0.686
0.312	0.001	0.001	0.686
0.001	0.001	0.001	0.997
0.001	0.312	0.001	0.686
0.001	0.312	0.001	0.686
0.001	0.312	0.001	0.686
0.001	0.001	0.001	0.997
0.001	0.001	0.001	0.997
>AAAAAAAAGA	5-AAAAAAAAGA	4.458463	-1.166559	0	T:8.0(57.14%),B:1213.0(47.03%),P:1e0	Tpos:58.6,Tstd:28.1,Bpos:49.1,Bstd:26.5,StrandBias:-2.9,Multiplicity:1.43
0.700	0.100	0.100	0.100
0.700	0.100	0.100	0.100
0.700	0.100	0.100	0.100
0.700	0.100	0.100	0.100
0.700	0.100	0.100	0.100
0.700	0.100	0.100	0.100
0.700	0.100	0.100	0.100
0.700	0.100	0.100	0.100
0.100	0.100	0.700	0.100
0.700	0.100	0.100	0.100
