>TGATGTGGSA	1-TGATGTGGSA	7.818989	-13.999371	0	T:5.0(35.71%),B:35.0(1.36%),P:1e-6	Tpos:52.0,Tstd:30.5,Bpos:46.6,Bstd:29.2,StrandBias:-1.0,Multiplicity:1.20
0.001	0.001	0.036	0.962
0.246	0.246	0.507	0.001
0.753	0.001	0.001	0.245
0.005	0.246	0.042	0.707
0.001	0.001	0.997	0.001
0.036	0.001	0.001	0.962
0.246	0.213	0.540	0.001
0.213	0.001	0.785	0.001
0.001	0.492	0.506	0.001
0.997	0.001	0.001	0.001
>CTGTAATCAC	2-CTGTAATCAC	12.210795	-13.522232	0	T:3.0(21.43%),B:4.0(0.16%),P:1e-5	Tpos:57.7,Tstd:27.3,Bpos:55.8,Bstd:25.3,StrandBias:-1.0,Multiplicity:1.00
0.001	0.997	0.001	0.001
0.001	0.001	0.001	0.997
0.001	0.001	0.997	0.001
0.001	0.001	0.001	0.997
0.997	0.001	0.001	0.001
0.997	0.001	0.001	0.001
0.001	0.348	0.001	0.650
0.001	0.997	0.001	0.001
0.696	0.302	0.001	0.001
0.001	0.997	0.001	0.001
>TGGAGTCCAG	3-TGGAGTCCAG	11.062237	-10.792566	0	T:3.0(21.43%),B:10.0(0.39%),P:1e-4	Tpos:31.8,Tstd:16.0,Bpos:44.5,Bstd:23.3,StrandBias:1.6,Multiplicity:1.00
0.001	0.001	0.001	0.997
0.001	0.001	0.686	0.312
0.312	0.001	0.686	0.001
0.670	0.001	0.016	0.313
0.001	0.362	0.636	0.001
0.001	0.312	0.001	0.686
0.001	0.997	0.001	0.001
0.015	0.983	0.001	0.001
0.997	0.001	0.001	0.001
0.001	0.001	0.997	0.001
>CAMTGGTGTT	4-CAMTGGTGTT	8.843791	-9.223103	0	T:3.0(21.43%),B:17.0(0.66%),P:1e-4	Tpos:65.8,Tstd:17.6,Bpos:64.3,Bstd:27.6,StrandBias:0.0,Multiplicity:1.33
0.001	0.489	0.187	0.323
0.646	0.001	0.161	0.192
0.514	0.484	0.001	0.001
0.001	0.001	0.161	0.837
0.161	0.001	0.837	0.001
0.001	0.161	0.677	0.161
0.001	0.161	0.026	0.812
0.001	0.161	0.677	0.161
0.001	0.001	0.001	0.997
0.001	0.001	0.001	0.997
>GACAGCCTCT	5-GACAGCCTCT	10.296193	-4.527990	0	T:1.0(7.14%),B:2.0(0.08%),P:1e-1	Tpos:8.0,Tstd:0.0,Bpos:48.0,Bstd:32.0,StrandBias:-10.0,Multiplicity:1.00
0.100	0.100	0.700	0.100
0.700	0.100	0.100	0.100
0.100	0.700	0.100	0.100
0.700	0.100	0.100	0.100
0.100	0.100	0.700	0.100
0.100	0.700	0.100	0.100
0.100	0.700	0.100	0.100
0.100	0.100	0.100	0.700
0.100	0.700	0.100	0.100
0.100	0.100	0.100	0.700
