>GTGTGAVTBTGA	1-GTGTGAVTBTGA	12.129673	-17.671516	0	T:3.0(21.43%),B:0.0(0.00%),P:1e-7	Tpos:63.3,Tstd:40.5,Bpos:0.0,Bstd:0.0,StrandBias:1.0,Multiplicity:1.00
0.001	0.001	0.997	0.001
0.001	0.001	0.001	0.997
0.001	0.001	0.997	0.001
0.001	0.001	0.001	0.997
0.001	0.001	0.656	0.342
0.997	0.001	0.001	0.001
0.343	0.313	0.313	0.030
0.001	0.312	0.001	0.686
0.001	0.373	0.313	0.313
0.001	0.001	0.312	0.686
0.001	0.001	0.686	0.312
0.997	0.001	0.001	0.001
>AGAAMWAGTTMT	2-AGAAMWAGTTMT	10.494948	-17.671516	0	T:3.0(21.43%),B:1.0(0.04%),P:1e-7	Tpos:46.2,Tstd:17.5,Bpos:12.0,Bstd:0.0,StrandBias:0.0,Multiplicity:1.00
0.997	0.001	0.001	0.001
0.001	0.001	0.997	0.001
0.997	0.001	0.001	0.001
0.997	0.001	0.001	0.001
0.543	0.455	0.001	0.001
0.456	0.087	0.001	0.456
0.997	0.001	0.001	0.001
0.001	0.001	0.997	0.001
0.001	0.001	0.001	0.997
0.001	0.001	0.001	0.997
0.455	0.543	0.001	0.001
0.001	0.086	0.001	0.912
>GTAGGCTWTSWK	3-GTAGGCTWTSWK	11.553826	-15.595274	0	T:3.0(21.43%),B:2.0(0.08%),P:1e-6	Tpos:50.0,Tstd:31.1,Bpos:20.0,Bstd:15.0,StrandBias:1.0,Multiplicity:1.00
0.086	0.001	0.912	0.001
0.001	0.028	0.001	0.970
0.997	0.001	0.001	0.001
0.001	0.001	0.997	0.001
0.001	0.028	0.970	0.001
0.001	0.997	0.001	0.001
0.001	0.001	0.001	0.997
0.514	0.029	0.001	0.456
0.001	0.001	0.001	0.997
0.001	0.543	0.455	0.001
0.514	0.001	0.001	0.484
0.001	0.001	0.543	0.455
>CATCAGTGCTGG	4-CATCAGTGCTGG	8.185574	-9.425417	0	T:4.0(28.57%),B:45.0(1.74%),P:1e-4	Tpos:67.2,Tstd:19.0,Bpos:47.5,Bstd:27.4,StrandBias:1.6,Multiplicity:1.00
0.001	0.547	0.235	0.217
0.674	0.001	0.108	0.217
0.001	0.217	0.217	0.565
0.001	0.781	0.217	0.001
0.673	0.001	0.001	0.325
0.001	0.108	0.565	0.326
0.218	0.109	0.109	0.564
0.001	0.217	0.674	0.108
0.217	0.674	0.108	0.001
0.125	0.001	0.001	0.873
0.001	0.108	0.890	0.001
0.109	0.218	0.564	0.109
>DDGAGTBBCCAH	5-DDGAGTBBCCAH	9.621869	-8.335490	0	T:3.0(21.43%),B:23.0(0.89%),P:1e-3	Tpos:54.0,Tstd:21.2,Bpos:57.1,Bstd:26.5,StrandBias:10.0,Multiplicity:1.33
0.373	0.001	0.313	0.313
0.313	0.001	0.313	0.373
0.001	0.001	0.997	0.001
0.997	0.001	0.001	0.001
0.001	0.001	0.997	0.001
0.001	0.001	0.001	0.997
0.001	0.313	0.313	0.373
0.001	0.313	0.313	0.373
0.312	0.686	0.001	0.001
0.001	0.997	0.001	0.001
0.686	0.001	0.001	0.312
0.313	0.373	0.001	0.313
