>TAGGAAGGAG	1-TAGGAAGGAG	7.215923	-17.083921	0	T:5.0(31.25%),B:16.0(0.62%),P:1e-7	Tpos:60.4,Tstd:16.8,Bpos:44.0,Bstd:20.9,StrandBias:-0.6,Multiplicity:1.00
0.001	0.001	0.001	0.997
0.814	0.001	0.184	0.001
0.001	0.001	0.946	0.052
0.052	0.001	0.946	0.001
0.997	0.001	0.001	0.001
0.997	0.001	0.001	0.001
0.001	0.001	0.997	0.001
0.001	0.001	0.997	0.001
0.997	0.001	0.001	0.001
0.146	0.001	0.852	0.001
>GTTTTTTTTT	2-GTTTTTTTTT	6.805342	-16.502148	0	T:5.0(31.25%),B:18.0(0.70%),P:1e-7	Tpos:59.0,Tstd:26.6,Bpos:47.7,Bstd:23.5,StrandBias:2.3,Multiplicity:1.00
0.001	0.001	0.997	0.001
0.018	0.001	0.186	0.795
0.001	0.001	0.001	0.997
0.221	0.001	0.001	0.777
0.001	0.001	0.001	0.997
0.001	0.001	0.001	0.997
0.001	0.001	0.001	0.997
0.001	0.001	0.001	0.997
0.001	0.001	0.221	0.777
0.001	0.001	0.001	0.997
>AKAATMAACC	3-AKAATMAACC	7.754786	-11.134897	0	T:6.0(37.50%),B:95.0(3.69%),P:1e-4	Tpos:54.3,Tstd:23.6,Bpos:52.1,Bstd:26.5,StrandBias:-0.4,Multiplicity:1.40
0.761	0.237	0.001	0.001
0.001	0.001	0.493	0.505
0.761	0.237	0.001	0.001
0.997	0.001	0.001	0.001
0.238	0.238	0.001	0.523
0.476	0.522	0.001	0.001
0.997	0.001	0.001	0.001
0.523	0.238	0.238	0.001
0.248	0.750	0.001	0.001
0.001	0.761	0.001	0.237
>GACAGAGGAT	4-GACAGAGGAT	10.296193	-4.394462	0	T:1.0(6.25%),B:2.0(0.08%),P:1e-1	Tpos:60.0,Tstd:0.0,Bpos:74.0,Bstd:17.0,StrandBias:-10.0,Multiplicity:1.00
0.100	0.100	0.700	0.100
0.700	0.100	0.100	0.100
0.100	0.700	0.100	0.100
0.700	0.100	0.100	0.100
0.100	0.100	0.700	0.100
0.700	0.100	0.100	0.100
0.100	0.100	0.700	0.100
0.100	0.100	0.700	0.100
0.700	0.100	0.100	0.100
0.100	0.100	0.100	0.700
>AGCCTTGGGA	5-AGCCTTGGGA	10.296193	-4.394462	0	T:1.0(6.25%),B:2.0(0.08%),P:1e-1	Tpos:74.0,Tstd:0.0,Bpos:74.0,Bstd:9.0,StrandBias:10.0,Multiplicity:1.00
0.700	0.100	0.100	0.100
0.100	0.100	0.700	0.100
0.100	0.700	0.100	0.100
0.100	0.700	0.100	0.100
0.100	0.100	0.100	0.700
0.100	0.100	0.100	0.700
0.100	0.100	0.700	0.100
0.100	0.100	0.700	0.100
0.100	0.100	0.700	0.100
0.700	0.100	0.100	0.100
