>TTAGGRCATTKT	1-TTAGGRCATTKT	9.433654	-19.205092	0	T:6.0(42.86%),B:28.0(1.09%),P:1e-8	Tpos:33.8,Tstd:24.2,Bpos:41.6,Bstd:28.4,StrandBias:-1.0,Multiplicity:1.00
0.192	0.001	0.001	0.806
0.192	0.001	0.001	0.806
0.578	0.001	0.229	0.192
0.192	0.001	0.806	0.001
0.001	0.001	0.806	0.192
0.398	0.216	0.385	0.001
0.192	0.806	0.001	0.001
0.614	0.001	0.001	0.384
0.001	0.001	0.192	0.806
0.001	0.001	0.192	0.806
0.192	0.001	0.422	0.385
0.001	0.001	0.001	0.997
>CTGGAAGAGCAG	2-CTGGAAGAGCAG	9.049272	-8.895835	0	T:3.0(21.43%),B:19.0(0.74%),P:1e-3	Tpos:49.5,Tstd:27.6,Bpos:59.1,Bstd:27.0,StrandBias:1.6,Multiplicity:1.33
0.001	0.997	0.001	0.001
0.001	0.001	0.001	0.997
0.001	0.001	0.997	0.001
0.001	0.001	0.997	0.001
0.804	0.001	0.001	0.194
0.997	0.001	0.001	0.001
0.001	0.001	0.997	0.001
0.804	0.194	0.001	0.001
0.001	0.194	0.804	0.001
0.001	0.997	0.001	0.001
0.997	0.001	0.001	0.001
0.001	0.001	0.997	0.001
>CBATGCTBCTBC	3-CBATGCTBCTBC	9.551169	-8.451018	0	T:4.0(28.57%),B:58.0(2.25%),P:1e-3	Tpos:50.5,Tstd:17.2,Bpos:52.2,Bstd:25.0,StrandBias:-10.0,Multiplicity:1.00
0.001	0.686	0.312	0.001
0.001	0.373	0.313	0.313
0.686	0.001	0.001	0.312
0.001	0.001	0.363	0.635
0.001	0.001	0.686	0.312
0.312	0.686	0.001	0.001
0.001	0.001	0.001	0.997
0.001	0.313	0.313	0.373
0.001	0.997	0.001	0.001
0.001	0.001	0.001	0.997
0.001	0.323	0.313	0.363
0.001	0.686	0.001	0.312
>GGTTAGGGTTGG	4-GGTTAGGGTTGG	16.254397	-5.218619	0	T:1.0(7.14%),B:0.0(0.00%),P:1e-2	Tpos:77.0,Tstd:0.0,Bpos:0.0,Bstd:0.0,StrandBias:10.0,Multiplicity:1.00
0.001	0.001	0.997	0.001
0.001	0.001	0.997	0.001
0.001	0.001	0.001	0.997
0.001	0.001	0.001	0.997
0.997	0.001	0.001	0.001
0.001	0.001	0.997	0.001
0.001	0.001	0.997	0.001
0.001	0.001	0.839	0.159
0.001	0.001	0.001	0.997
0.159	0.001	0.001	0.839
0.001	0.001	0.997	0.001
0.001	0.001	0.997	0.001
>GGKTWRGKTWRG	5-GGKTWRGKTWRG	3.797924	-4.283656	0	T:3.0(21.43%),B:96.0(3.72%),P:1e-1	Tpos:45.4,Tstd:25.2,Bpos:46.0,Bstd:28.5,StrandBias:10.0,Multiplicity:3.33
0.001	0.001	0.997	0.001
0.001	0.001	0.997	0.001
0.001	0.001	0.468	0.530
0.001	0.001	0.001	0.997
0.444	0.001	0.087	0.469
0.468	0.001	0.530	0.001
0.001	0.001	0.997	0.001
0.001	0.001	0.571	0.427
0.001	0.001	0.001	0.997
0.427	0.001	0.001	0.571
0.485	0.001	0.513	0.001
0.001	0.001	0.997	0.001
