>TTCAAYTC	1-TTCAAYTC	6.835500	-14.508117	0	T:14.0(29.79%),B:9296.0(6.11%),P:1e-6	Tpos:44.8,Tstd:23.6,Bpos:50.0,Bstd:27.7,StrandBias:0.7,Multiplicity:1.29
0.001	0.226	0.001	0.772
0.171	0.001	0.268	0.560
0.001	0.668	0.330	0.001
0.886	0.112	0.001	0.001
0.788	0.001	0.210	0.001
0.148	0.286	0.179	0.388
0.001	0.001	0.001	0.997
0.001	0.997	0.001	0.001
>CCATAAGA	2-CCATAAGA	7.803473	-12.448724	0	T:10.0(21.28%),B:5265.0(3.46%),P:1e-5	Tpos:55.1,Tstd:18.3,Bpos:50.7,Bstd:25.1,StrandBias:-1.4,Multiplicity:1.10
0.001	0.997	0.001	0.001
0.001	0.997	0.001	0.001
0.898	0.100	0.001	0.001
0.089	0.066	0.132	0.713
0.906	0.001	0.092	0.001
0.763	0.001	0.098	0.138
0.001	0.001	0.839	0.159
0.997	0.001	0.001	0.001
>GGTAATTA	3-GGTAATTA	8.210352	-11.693617	0	T:6.0(12.77%),B:1549.0(1.02%),P:1e-5	Tpos:59.2,Tstd:20.7,Bpos:49.2,Bstd:26.4,StrandBias:-0.7,Multiplicity:1.00
0.001	0.001	0.869	0.129
0.001	0.125	0.873	0.001
0.001	0.151	0.001	0.847
0.997	0.001	0.001	0.001
0.851	0.001	0.147	0.001
0.129	0.001	0.001	0.869
0.001	0.001	0.001	0.997
0.830	0.168	0.001	0.001
>TGCCTCAC	4-TGCCTCAC	8.655857	-5.661561	0	T:4.0(8.51%),B:2014.0(1.32%),P:1e-2	Tpos:59.1,Tstd:28.9,Bpos:49.5,Bstd:27.8,StrandBias:-1.6,Multiplicity:2.00
0.001	0.001	0.001	0.997
0.001	0.001	0.997	0.001
0.001	0.997	0.001	0.001
0.001	0.997	0.001	0.001
0.001	0.001	0.001	0.997
0.001	0.852	0.001	0.146
0.863	0.001	0.135	0.001
0.121	0.877	0.001	0.001
>AGTGTATC	5-AGTGTATC	9.185448	-5.188865	0	T:3.0(6.38%),B:1159.0(0.76%),P:1e-2	Tpos:46.8,Tstd:25.2,Bpos:50.4,Bstd:25.6,StrandBias:-2.3,Multiplicity:2.00
0.846	0.001	0.001	0.152
0.001	0.001	0.997	0.001
0.001	0.001	0.001	0.997
0.001	0.001	0.997	0.001
0.001	0.001	0.001	0.997
0.997	0.001	0.001	0.001
0.001	0.001	0.001	0.997
0.001	0.997	0.001	0.001
