>AGGAGGGWACCA	1-AGGAGGGWACCA	10.794029	-27.368226	0	T:7.0(3.40%),B:1.0(0.03%),P:1e-11	Tpos:50.4,Tstd:29.3,Bpos:52.0,Bstd:0.0,StrandBias:0.4,Multiplicity:1.00
0.997	0.001	0.001	0.001
0.001	0.001	0.968	0.030
0.001	0.421	0.577	0.001
0.997	0.001	0.001	0.001
0.421	0.001	0.577	0.001
0.001	0.001	0.997	0.001
0.001	0.001	0.968	0.030
0.546	0.031	0.001	0.422
0.997	0.001	0.001	0.001
0.030	0.968	0.001	0.001
0.001	0.577	0.001	0.421
0.997	0.001	0.001	0.001
>AGCTTCTACTGC	2-AGCTTCTACTGC	11.258887	-22.574748	0	T:7.0(3.40%),B:2.0(0.07%),P:1e-9	Tpos:68.9,Tstd:17.9,Bpos:63.5,Bstd:30.5,StrandBias:-0.7,Multiplicity:1.14
0.813	0.001	0.185	0.001
0.001	0.001	0.997	0.001
0.001	0.997	0.001	0.001
0.001	0.186	0.186	0.627
0.001	0.001	0.001	0.997
0.001	0.997	0.001	0.001
0.185	0.001	0.001	0.813
0.407	0.221	0.186	0.186
0.001	0.813	0.001	0.185
0.001	0.001	0.001	0.997
0.001	0.001	0.813	0.185
0.001	0.813	0.001	0.185
>MMAGCATCCTCA	3-MMAGCATCCTCA	10.269369	-14.577998	0	T:6.0(2.91%),B:4.0(0.13%),P:1e-6	Tpos:62.2,Tstd:18.3,Bpos:39.8,Bstd:20.6,StrandBias:2.3,Multiplicity:1.00
0.422	0.422	0.155	0.001
0.422	0.538	0.001	0.039
0.997	0.001	0.001	0.001
0.001	0.001	0.997	0.001
0.001	0.997	0.001	0.001
0.997	0.001	0.001	0.001
0.001	0.001	0.001	0.997
0.001	0.997	0.001	0.001
0.421	0.577	0.001	0.001
0.038	0.001	0.001	0.960
0.001	0.960	0.038	0.001
0.997	0.001	0.001	0.001
>AGGGTCAGGGTC	4-AGGGTCAGGGTC	10.309890	-13.936795	0	T:4.0(1.94%),B:1.0(0.03%),P:1e-6	Tpos:52.1,Tstd:27.1,Bpos:16.0,Bstd:0.0,StrandBias:2.7,Multiplicity:3.75
0.946	0.001	0.052	0.001
0.001	0.001	0.997	0.001
0.052	0.001	0.946	0.001
0.052	0.001	0.946	0.001
0.001	0.052	0.001	0.946
0.001	0.839	0.001	0.159
0.997	0.001	0.001	0.001
0.001	0.001	0.997	0.001
0.001	0.001	0.997	0.001
0.001	0.052	0.946	0.001
0.001	0.001	0.001	0.997
0.001	0.946	0.052	0.001
>CAGTCAGTGCAG	5-CAGTCAGTGCAG	11.907224	-12.856014	0	T:5.0(2.43%),B:3.0(0.10%),P:1e-5	Tpos:41.1,Tstd:25.5,Bpos:21.3,Bstd:10.3,StrandBias:2.6,Multiplicity:2.80
0.001	0.702	0.296	0.001
0.997	0.001	0.001	0.001
0.001	0.296	0.702	0.001
0.001	0.297	0.071	0.631
0.001	0.702	0.296	0.001
0.702	0.001	0.001	0.296
0.001	0.001	0.997	0.001
0.001	0.001	0.001	0.997
0.001	0.001	0.997	0.001
0.001	0.702	0.296	0.001
0.997	0.001	0.001	0.001
0.001	0.001	0.997	0.001
>TMCATACCTCCT	6-TMCATACCTCCT	11.190382	-11.473714	0	T:5.0(2.43%),B:4.0(0.13%),P:1e-4	Tpos:60.3,Tstd:27.0,Bpos:42.8,Bstd:22.7,StrandBias:1.8,Multiplicity:1.80
0.001	0.228	0.001	0.770
0.457	0.313	0.229	0.001
0.001	0.997	0.001	0.001
0.997	0.001	0.001	0.001
0.001	0.294	0.001	0.704
0.770	0.228	0.001	0.001
0.001	0.770	0.228	0.001
0.001	0.997	0.001	0.001
0.001	0.001	0.001	0.997
0.001	0.997	0.001	0.001
0.001	0.686	0.001	0.312
0.229	0.229	0.001	0.541
>CCAGTYATTGGT	7-CCAGTYATTGGT	13.644335	-9.650692	0	T:4.0(1.94%),B:3.0(0.10%),P:1e-4	Tpos:42.0,Tstd:25.0,Bpos:47.0,Bstd:24.9,StrandBias:2.3,Multiplicity:1.50
0.001	0.997	0.001	0.001
0.001	0.997	0.001	0.001
0.997	0.001	0.001	0.001
0.001	0.001	0.997	0.001
0.001	0.421	0.001	0.577
0.001	0.422	0.155	0.422
0.577	0.001	0.001	0.421
0.001	0.001	0.001	0.997
0.001	0.001	0.001	0.997
0.001	0.001	0.997	0.001
0.001	0.001	0.997	0.001
0.001	0.001	0.001	0.997
>GAGASACAGAGA	8-GAGASACAGAGA	14.329367	-4.740322	0	T:2.0(0.97%),B:2.0(0.07%),P:1e-2	Tpos:66.3,Tstd:18.4,Bpos:39.7,Bstd:24.3,StrandBias:10.0,Multiplicity:1.50
0.001	0.090	0.730	0.179
0.997	0.001	0.001	0.001
0.001	0.089	0.909	0.001
0.819	0.090	0.001	0.090
0.001	0.472	0.526	0.001
0.909	0.001	0.001	0.089
0.001	0.627	0.282	0.090
0.904	0.001	0.094	0.001
0.001	0.089	0.909	0.001
0.997	0.001	0.001	0.001
0.001	0.247	0.751	0.001
0.997	0.001	0.001	0.001
