>CTAACAGACT	1-CTAACAGACT	6.868266	-24.080268	0	T:31.0(15.05%),B:109.0(3.67%),P:1e-10	Tpos:54.0,Tstd:26.8,Bpos:49.4,Bstd:25.1,StrandBias:-0.2,Multiplicity:1.13
0.001	0.906	0.062	0.031
0.157	0.094	0.001	0.748
0.576	0.212	0.118	0.094
0.843	0.063	0.063	0.031
0.125	0.717	0.157	0.001
0.881	0.001	0.001	0.117
0.066	0.031	0.872	0.031
0.882	0.031	0.024	0.063
0.034	0.806	0.094	0.066
0.125	0.094	0.001	0.780
>TCAGACCBCC	2-TCAGACCBCC	7.581054	-18.803115	0	T:22.0(10.68%),B:71.0(2.39%),P:1e-8	Tpos:47.8,Tstd:28.4,Bpos:56.6,Bstd:22.5,StrandBias:0.0,Multiplicity:1.00
0.096	0.096	0.107	0.701
0.001	0.997	0.001	0.001
0.806	0.001	0.001	0.192
0.096	0.001	0.902	0.001
0.902	0.001	0.096	0.001
0.001	0.613	0.385	0.001
0.107	0.785	0.107	0.001
0.001	0.289	0.421	0.289
0.001	0.997	0.001	0.001
0.096	0.902	0.001	0.001
>CAATCAGAGC	3-CAATCAGAGC	9.325129	-18.694071	0	T:10.0(4.85%),B:11.0(0.37%),P:1e-8	Tpos:48.9,Tstd:26.1,Bpos:57.2,Bstd:25.3,StrandBias:2.2,Multiplicity:1.22
0.001	0.997	0.001	0.001
0.997	0.001	0.001	0.001
0.856	0.001	0.142	0.001
0.001	0.001	0.142	0.856
0.001	0.856	0.001	0.142
0.856	0.142	0.001	0.001
0.001	0.142	0.856	0.001
0.997	0.001	0.001	0.001
0.142	0.001	0.856	0.001
0.001	0.997	0.001	0.001
>AAGGGCTTAA	4-AAGGGCTTAA	7.308118	-16.714177	0	T:19.0(9.22%),B:60.0(2.02%),P:1e-7	Tpos:58.6,Tstd:29.4,Bpos:53.9,Bstd:24.4,StrandBias:1.1,Multiplicity:1.00
0.781	0.058	0.103	0.058
0.883	0.058	0.058	0.001
0.116	0.001	0.821	0.062
0.178	0.001	0.763	0.058
0.117	0.058	0.767	0.058
0.044	0.836	0.062	0.058
0.001	0.001	0.001	0.997
0.058	0.117	0.062	0.763
0.530	0.237	0.175	0.058
0.883	0.058	0.001	0.058
>TTAGGGTTGT	5-TTAGGGTTGT	6.612858	-14.138861	0	T:23.0(11.17%),B:101.0(3.40%),P:1e-6	Tpos:46.0,Tstd:27.3,Bpos:45.5,Bstd:26.7,StrandBias:0.9,Multiplicity:1.13
0.022	0.167	0.083	0.728
0.125	0.083	0.083	0.709
0.895	0.001	0.031	0.073
0.125	0.042	0.791	0.042
0.115	0.001	0.759	0.125
0.042	0.042	0.871	0.045
0.083	0.045	0.083	0.789
0.041	0.001	0.125	0.833
0.026	0.044	0.929	0.001
0.083	0.064	0.139	0.714
>CATCCATTAG	6-CATCCATTAG	11.103926	-11.473714	0	T:5.0(2.43%),B:4.0(0.13%),P:1e-4	Tpos:50.0,Tstd:26.8,Bpos:57.8,Bstd:28.8,StrandBias:1.8,Multiplicity:1.80
0.001	0.997	0.001	0.001
0.997	0.001	0.001	0.001
0.001	0.001	0.001	0.997
0.001	0.997	0.001	0.001
0.001	0.997	0.001	0.001
0.997	0.001	0.001	0.001
0.001	0.300	0.133	0.566
0.001	0.001	0.132	0.866
0.866	0.001	0.132	0.001
0.001	0.001	0.997	0.001
>ACCAYGTTAA	7-ACCAYGTTAA	7.410599	-10.858349	0	T:13.0(6.31%),B:45.0(1.51%),P:1e-4	Tpos:55.1,Tstd:24.3,Bpos:50.5,Bstd:25.1,StrandBias:0.2,Multiplicity:1.15
0.842	0.001	0.156	0.001
0.156	0.842	0.001	0.001
0.157	0.685	0.001	0.157
0.997	0.001	0.001	0.001
0.157	0.357	0.171	0.314
0.014	0.014	0.971	0.001
0.001	0.156	0.001	0.842
0.001	0.001	0.313	0.685
0.842	0.001	0.156	0.001
0.997	0.001	0.001	0.001
