>AGTGGATC	1-AGTGGATC	7.108562	-17.493055	0	T:18.0(8.74%),B:51.0(1.72%),P:1e-7	Tpos:51.0,Tstd:25.0,Bpos:56.2,Bstd:24.3,StrandBias:0.4,Multiplicity:1.28
0.828	0.001	0.001	0.170
0.139	0.001	0.721	0.139
0.001	0.225	0.001	0.773
0.001	0.001	0.997	0.001
0.001	0.001	0.881	0.117
0.997	0.001	0.001	0.001
0.001	0.001	0.123	0.875
0.058	0.940	0.001	0.001
>TCCTACGG	2-TCCTACGG	7.764183	-16.098325	0	T:12.0(5.83%),B:23.0(0.77%),P:1e-6	Tpos:41.8,Tstd:25.0,Bpos:41.7,Bstd:27.0,StrandBias:0.2,Multiplicity:1.08
0.001	0.001	0.001	0.997
0.001	0.997	0.001	0.001
0.001	0.997	0.001	0.001
0.001	0.001	0.001	0.997
0.862	0.001	0.001	0.136
0.001	0.729	0.269	0.001
0.001	0.001	0.997	0.001
0.001	0.001	0.997	0.001
>CTATCCYT	3-CTATCCYT	4.347688	-12.646089	0	T:125.0(60.68%),B:1330.0(44.77%),P:1e-5	Tpos:53.9,Tstd:29.7,Bpos:49.1,Bstd:27.0,StrandBias:0.3,Multiplicity:1.33
0.146	0.852	0.001	0.001
0.227	0.055	0.173	0.545
0.593	0.405	0.001	0.001
0.097	0.084	0.001	0.818
0.001	0.751	0.003	0.245
0.001	0.694	0.004	0.301
0.001	0.485	0.171	0.342
0.001	0.001	0.001	0.997
>ATCAGCTA	4-ATCAGCTA	8.236954	-7.835439	0	T:3.0(1.46%),B:2.0(0.07%),P:1e-3	Tpos:48.9,Tstd:28.2,Bpos:49.0,Bstd:20.0,StrandBias:2.8,Multiplicity:2.67
0.700	0.100	0.100	0.100
0.100	0.100	0.100	0.700
0.100	0.700	0.100	0.100
0.700	0.100	0.100	0.100
0.100	0.100	0.700	0.100
0.100	0.700	0.100	0.100
0.100	0.100	0.100	0.700
0.700	0.100	0.100	0.100
>GGTTTTGG	5-GGTTTTGG	4.017231	-3.909561	0	T:13.0(6.31%),B:98.0(3.30%),P:1e-1	Tpos:45.4,Tstd:26.9,Bpos:49.7,Bstd:26.0,StrandBias:1.7,Multiplicity:1.92
0.001	0.001	0.997	0.001
0.001	0.001	0.997	0.001
0.001	0.001	0.001	0.997
0.076	0.001	0.001	0.922
0.001	0.135	0.001	0.863
0.001	0.001	0.001	0.997
0.001	0.001	0.997	0.001
0.001	0.001	0.997	0.001
