>GCCTATCC	1-GCCTATCC	7.457655	-25.432343	0	T:15.0(7.28%),B:19.0(0.64%),P:1e-11	Tpos:37.1,Tstd:23.3,Bpos:46.9,Bstd:26.5,StrandBias:0.2,Multiplicity:1.00
0.055	0.042	0.870	0.033
0.001	0.816	0.104	0.079
0.001	0.997	0.001	0.001
0.033	0.079	0.001	0.887
0.946	0.001	0.052	0.001
0.001	0.064	0.033	0.902
0.183	0.737	0.079	0.001
0.054	0.944	0.001	0.001
>RTGAGACA	2-RTGAGACA	4.488316	-15.602668	0	T:121.0(58.74%),B:1213.0(40.83%),P:1e-6	Tpos:51.3,Tstd:24.8,Bpos:49.3,Bstd:27.3,StrandBias:0.1,Multiplicity:1.45
0.368	0.128	0.357	0.147
0.062	0.052	0.278	0.608
0.097	0.264	0.638	0.001
0.556	0.001	0.105	0.338
0.001	0.325	0.648	0.026
0.536	0.125	0.025	0.314
0.065	0.743	0.136	0.056
0.781	0.001	0.073	0.145
>AGTTACAA	3-AGTTACAA	7.050968	-12.717340	0	T:23.0(11.17%),B:110.0(3.70%),P:1e-5	Tpos:61.6,Tstd:26.3,Bpos:47.9,Bstd:26.6,StrandBias:-0.5,Multiplicity:1.04
0.789	0.201	0.001	0.009
0.001	0.065	0.676	0.258
0.012	0.124	0.001	0.863
0.001	0.141	0.091	0.767
0.816	0.005	0.167	0.012
0.001	0.979	0.001	0.019
0.784	0.001	0.152	0.063
0.991	0.001	0.001	0.007
>ACTAATKC	4-ACTAATKC	8.022007	-12.676502	0	T:12.0(5.83%),B:32.0(1.08%),P:1e-5	Tpos:60.7,Tstd:30.5,Bpos:43.8,Bstd:29.6,StrandBias:0.3,Multiplicity:1.00
0.997	0.001	0.001	0.001
0.001	0.735	0.263	0.001
0.132	0.001	0.001	0.866
0.997	0.001	0.001	0.001
0.997	0.001	0.001	0.001
0.001	0.001	0.150	0.848
0.001	0.001	0.572	0.426
0.001	0.997	0.001	0.001
>TAGAACCT	5-TAGAACCT	9.851927	-10.855888	0	T:8.0(3.88%),B:16.0(0.54%),P:1e-4	Tpos:53.0,Tstd:19.2,Bpos:45.3,Bstd:22.6,StrandBias:0.6,Multiplicity:1.25
0.001	0.001	0.001	0.997
0.997	0.001	0.001	0.001
0.001	0.001	0.997	0.001
0.997	0.001	0.001	0.001
0.997	0.001	0.001	0.001
0.001	0.702	0.001	0.296
0.001	0.997	0.001	0.001
0.001	0.001	0.001	0.997
>ATTGGGCC	6-ATTGGGCC	9.419062	-9.999122	0	T:6.0(2.91%),B:9.0(0.30%),P:1e-4	Tpos:56.0,Tstd:14.8,Bpos:41.1,Bstd:34.2,StrandBias:-1.0,Multiplicity:1.00
0.997	0.001	0.001	0.001
0.001	0.001	0.001	0.997
0.001	0.001	0.001	0.997
0.001	0.001	0.997	0.001
0.001	0.001	0.997	0.001
0.001	0.001	0.997	0.001
0.001	0.806	0.001	0.192
0.001	0.997	0.001	0.001
>GCAGCGCT	7-GCAGCGCT	9.546062	-7.715284	0	T:4.0(1.94%),B:5.0(0.17%),P:1e-3	Tpos:62.7,Tstd:25.8,Bpos:46.4,Bstd:25.2,StrandBias:-1.0,Multiplicity:1.00
0.001	0.001	0.997	0.001
0.001	0.997	0.001	0.001
0.997	0.001	0.001	0.001
0.001	0.218	0.780	0.001
0.001	0.997	0.001	0.001
0.001	0.001	0.997	0.001
0.001	0.997	0.001	0.001
0.001	0.001	0.001	0.997
>TGTCAGGG	8-TGTCAGGG	9.348953	-4.312657	0	T:5.0(2.43%),B:20.0(0.67%),P:1e-1	Tpos:52.7,Tstd:27.6,Bpos:39.5,Bstd:27.1,StrandBias:-1.2,Multiplicity:2.50
0.001	0.001	0.001	0.997
0.001	0.001	0.997	0.001
0.001	0.001	0.001	0.997
0.001	0.997	0.001	0.001
0.997	0.001	0.001	0.001
0.001	0.179	0.819	0.001
0.001	0.001	0.997	0.001
0.001	0.001	0.997	0.001
