>AAWARWWMWSAG	1-AAWARWWMWSAG	10.434477	-12.823168	0	T:3.0(30.00%),B:7.0(0.28%),P:1e-5	Tpos:42.0,Tstd:16.1,Bpos:41.0,Bstd:31.8,StrandBias:1.0,Multiplicity:1.00
0.997	0.001	0.001	0.001
0.997	0.001	0.001	0.001
0.458	0.001	0.001	0.540
0.997	0.001	0.001	0.001
0.458	0.001	0.540	0.001
0.540	0.001	0.001	0.458
0.540	0.001	0.001	0.458
0.458	0.540	0.001	0.001
0.458	0.083	0.001	0.458
0.001	0.540	0.458	0.001
0.997	0.001	0.001	0.001
0.001	0.001	0.997	0.001
>TTGGCTNCAGAW	2-TTGGCTNCAGAW	10.016985	-12.073485	0	T:3.0(30.00%),B:9.0(0.36%),P:1e-5	Tpos:43.7,Tstd:37.0,Bpos:50.1,Bstd:17.0,StrandBias:1.0,Multiplicity:1.00
0.238	0.001	0.001	0.760
0.001	0.277	0.001	0.721
0.001	0.036	0.962	0.001
0.001	0.238	0.760	0.001
0.277	0.721	0.001	0.001
0.280	0.002	0.001	0.717
0.241	0.278	0.241	0.239
0.001	0.997	0.001	0.001
0.721	0.277	0.001	0.001
0.038	0.001	0.960	0.001
0.521	0.239	0.001	0.239
0.480	0.001	0.001	0.518
>RGGGGKKGGGGG	3-RGGGGKKGGGGG	9.667991	-8.317060	0	T:3.0(30.00%),B:32.0(1.30%),P:1e-3	Tpos:31.1,Tstd:23.6,Bpos:37.5,Bstd:25.4,StrandBias:1.3,Multiplicity:1.00
0.318	0.080	0.440	0.162
0.040	0.003	0.878	0.079
0.119	0.001	0.761	0.119
0.040	0.001	0.840	0.119
0.001	0.001	0.840	0.158
0.001	0.119	0.483	0.397
0.119	0.083	0.437	0.361
0.079	0.119	0.723	0.079
0.001	0.198	0.722	0.079
0.079	0.119	0.683	0.119
0.079	0.039	0.881	0.001
0.001	0.278	0.602	0.119
>CTCCTTTGTTTT	4-CTCCTTTGTTTT	12.355432	-5.510401	0	T:1.0(10.00%),B:1.0(0.04%),P:1e-2	Tpos:41.0,Tstd:0.0,Bpos:22.0,Bstd:0.0,StrandBias:-10.0,Multiplicity:1.00
0.100	0.700	0.100	0.100
0.100	0.100	0.100	0.700
0.100	0.700	0.100	0.100
0.100	0.700	0.100	0.100
0.100	0.100	0.100	0.700
0.100	0.100	0.100	0.700
0.100	0.100	0.100	0.700
0.100	0.100	0.700	0.100
0.100	0.100	0.100	0.700
0.100	0.100	0.100	0.700
0.100	0.100	0.100	0.700
0.100	0.100	0.100	0.700
>CATGCCTCTGCC	5-CATGCCTCTGCC	12.355432	-4.819077	0	T:1.0(10.00%),B:2.0(0.08%),P:1e-2	Tpos:57.0,Tstd:0.0,Bpos:44.5,Bstd:20.5,StrandBias:-10.0,Multiplicity:1.00
0.100	0.700	0.100	0.100
0.700	0.100	0.100	0.100
0.100	0.100	0.100	0.700
0.100	0.100	0.700	0.100
0.100	0.700	0.100	0.100
0.100	0.700	0.100	0.100
0.100	0.100	0.100	0.700
0.100	0.700	0.100	0.100
0.100	0.100	0.100	0.700
0.100	0.100	0.700	0.100
0.100	0.700	0.100	0.100
0.100	0.700	0.100	0.100
