>MMKTCMAGKTKT	1-MMKTCMAGKTKT	10.422356	-18.648126	0	T:3.0(30.00%),B:1.0(0.04%),P:1e-8	Tpos:47.0,Tstd:17.5,Bpos:30.0,Bstd:0.0,StrandBias:1.0,Multiplicity:1.00
0.540	0.458	0.001	0.001
0.540	0.458	0.001	0.001
0.001	0.001	0.540	0.458
0.001	0.001	0.001	0.997
0.001	0.997	0.001	0.001
0.458	0.540	0.001	0.001
0.997	0.001	0.001	0.001
0.001	0.001	0.997	0.001
0.001	0.001	0.540	0.458
0.001	0.001	0.001	0.997
0.001	0.001	0.458	0.540
0.082	0.001	0.001	0.916
>TKGGAKGAGGCS	2-TKGGAKGAGGCS	8.176716	-17.238559	0	T:6.0(60.00%),B:58.0(2.35%),P:1e-7	Tpos:48.3,Tstd:24.5,Bpos:49.5,Bstd:25.7,StrandBias:1.2,Multiplicity:1.67
0.001	0.001	0.001	0.997
0.001	0.139	0.441	0.419
0.279	0.279	0.431	0.012
0.001	0.001	0.581	0.417
0.997	0.001	0.001	0.001
0.001	0.001	0.442	0.556
0.001	0.139	0.557	0.303
0.708	0.001	0.290	0.001
0.138	0.001	0.860	0.001
0.139	0.001	0.849	0.011
0.012	0.558	0.151	0.279
0.012	0.418	0.431	0.139
>GSYTGCTAGCAK	3-GSYTGCTAGCAK	11.873579	-14.495627	0	T:3.0(30.00%),B:4.0(0.16%),P:1e-6	Tpos:23.3,Tstd:7.5,Bpos:37.7,Bstd:9.8,StrandBias:1.0,Multiplicity:1.00
0.001	0.001	0.997	0.001
0.001	0.499	0.499	0.001
0.001	0.499	0.001	0.499
0.001	0.001	0.001	0.997
0.001	0.001	0.997	0.001
0.001	0.749	0.001	0.249
0.001	0.001	0.001	0.997
0.749	0.249	0.001	0.001
0.001	0.001	0.997	0.001
0.250	0.500	0.250	0.001
0.749	0.001	0.249	0.001
0.001	0.001	0.499	0.499
>GTAACATACATC	4-GTAACATACATC	12.355432	-5.510401	0	T:1.0(10.00%),B:0.0(0.00%),P:1e-2	Tpos:6.0,Tstd:0.0,Bpos:0.0,Bstd:0.0,StrandBias:10.0,Multiplicity:1.00
0.100	0.100	0.700	0.100
0.100	0.100	0.100	0.700
0.700	0.100	0.100	0.100
0.700	0.100	0.100	0.100
0.100	0.700	0.100	0.100
0.700	0.100	0.100	0.100
0.100	0.100	0.100	0.700
0.700	0.100	0.100	0.100
0.100	0.700	0.100	0.100
0.700	0.100	0.100	0.100
0.100	0.100	0.100	0.700
0.100	0.700	0.100	0.100
>TCACTGTGTGTG	5-TCACTGTGTGTG	12.355432	-4.819077	0	T:1.0(10.00%),B:2.0(0.08%),P:1e-2	Tpos:85.0,Tstd:0.0,Bpos:78.0,Bstd:1.0,StrandBias:10.0,Multiplicity:1.00
0.100	0.100	0.100	0.700
0.100	0.700	0.100	0.100
0.700	0.100	0.100	0.100
0.100	0.700	0.100	0.100
0.100	0.100	0.100	0.700
0.100	0.100	0.700	0.100
0.100	0.100	0.100	0.700
0.100	0.100	0.700	0.100
0.100	0.100	0.100	0.700
0.100	0.100	0.700	0.100
0.100	0.100	0.100	0.700
0.100	0.100	0.700	0.100
