>AYMARAWGSC	1-AYMARAWGSC	6.823616	-16.571278	0	T:5.0(50.00%),B:30.0(1.22%),P:1e-7	Tpos:51.4,Tstd:34.5,Bpos:52.2,Bstd:27.2,StrandBias:0.6,Multiplicity:1.00
0.997	0.001	0.001	0.001
0.001	0.458	0.001	0.540
0.540	0.458	0.001	0.001
0.997	0.001	0.001	0.001
0.458	0.070	0.471	0.001
0.997	0.001	0.001	0.001
0.458	0.001	0.012	0.529
0.001	0.001	0.997	0.001
0.001	0.458	0.540	0.001
0.001	0.997	0.001	0.001
>CGCAKTAAGG	2-CGCAKTAAGG	10.080145	-15.356545	0	T:3.0(30.00%),B:3.0(0.12%),P:1e-6	Tpos:75.5,Tstd:12.1,Bpos:44.7,Bstd:15.7,StrandBias:0.0,Multiplicity:1.33
0.001	0.997	0.001	0.001
0.001	0.001	0.997	0.001
0.001	0.749	0.249	0.001
0.749	0.249	0.001	0.001
0.001	0.001	0.499	0.499
0.249	0.001	0.001	0.749
0.997	0.001	0.001	0.001
0.997	0.001	0.001	0.001
0.001	0.001	0.997	0.001
0.001	0.001	0.997	0.001
>GGGTCAAGCA	3-GGGTCAAGCA	12.140473	-13.828326	0	T:3.0(30.00%),B:5.0(0.20%),P:1e-6	Tpos:48.0,Tstd:34.8,Bpos:63.8,Bstd:26.8,StrandBias:1.0,Multiplicity:1.00
0.001	0.001	0.997	0.001
0.001	0.001	0.997	0.001
0.001	0.001	0.997	0.001
0.001	0.285	0.001	0.713
0.001	0.642	0.001	0.356
0.997	0.001	0.001	0.001
0.997	0.001	0.001	0.001
0.001	0.001	0.997	0.001
0.001	0.997	0.001	0.001
0.997	0.001	0.001	0.001
>CABAAACTTV	4-CABAAACTTV	9.214648	-10.936839	0	T:4.0(40.00%),B:43.0(1.74%),P:1e-4	Tpos:59.2,Tstd:29.3,Bpos:50.5,Bstd:27.7,StrandBias:10.0,Multiplicity:1.00
0.001	0.685	0.001	0.313
0.685	0.313	0.001	0.001
0.001	0.371	0.314	0.314
0.951	0.047	0.001	0.001
0.997	0.001	0.001	0.001
0.628	0.001	0.370	0.001
0.001	0.685	0.001	0.313
0.001	0.001	0.001	0.997
0.008	0.048	0.001	0.943
0.314	0.371	0.314	0.001
>TCTCTCTCTC	5-TCTCTCTCTC	10.296193	-3.130702	0	T:1.0(10.00%),B:11.0(0.45%),P:1e-1	Tpos:87.0,Tstd:5.2,Bpos:34.9,Bstd:16.5,StrandBias:10.0,Multiplicity:1.00
0.100	0.100	0.100	0.700
0.100	0.700	0.100	0.100
0.100	0.100	0.100	0.700
0.100	0.700	0.100	0.100
0.100	0.100	0.100	0.700
0.100	0.700	0.100	0.100
0.100	0.100	0.100	0.700
0.100	0.700	0.100	0.100
0.100	0.100	0.100	0.700
0.100	0.700	0.100	0.100
