>MTTGCAGAGTGC	1-MTTGCAGAGTGC	9.533824	-30.288066	0	T:13.0(5.91%),B:8.0(0.27%),P:1e-13	Tpos:57.1,Tstd:20.0,Bpos:42.2,Bstd:18.2,StrandBias:0.0,Multiplicity:1.09
0.486	0.512	0.001	0.001
0.001	0.216	0.157	0.626
0.157	0.001	0.168	0.674
0.001	0.001	0.842	0.156
0.001	0.997	0.001	0.001
0.640	0.001	0.001	0.358
0.156	0.001	0.842	0.001
0.643	0.001	0.157	0.199
0.001	0.001	0.997	0.001
0.001	0.001	0.001	0.997
0.157	0.157	0.685	0.001
0.001	0.997	0.001	0.001
>CTTTCTGTTWCA	2-CTTTCTGTTWCA	12.066583	-26.933428	0	T:7.0(3.18%),B:1.0(0.03%),P:1e-11	Tpos:67.9,Tstd:15.6,Bpos:27.0,Bstd:0.0,StrandBias:-1.3,Multiplicity:1.00
0.001	0.997	0.001	0.001
0.228	0.001	0.001	0.770
0.001	0.001	0.001	0.997
0.001	0.001	0.001	0.997
0.001	0.742	0.001	0.256
0.001	0.001	0.001	0.997
0.001	0.228	0.770	0.001
0.001	0.001	0.001	0.997
0.001	0.228	0.001	0.770
0.513	0.001	0.001	0.485
0.228	0.770	0.001	0.001
0.770	0.001	0.001	0.228
>AAGGATGCTGGG	3-AAGGATGCTGGG	10.765591	-21.099623	0	T:10.0(4.55%),B:8.0(0.27%),P:1e-9	Tpos:50.5,Tstd:34.2,Bpos:44.1,Bstd:26.3,StrandBias:2.0,Multiplicity:1.00
0.697	0.151	0.001	0.151
0.638	0.001	0.340	0.021
0.001	0.001	0.997	0.001
0.001	0.001	0.997	0.001
0.817	0.151	0.021	0.011
0.010	0.151	0.001	0.838
0.001	0.010	0.838	0.151
0.001	0.838	0.001	0.160
0.001	0.001	0.001	0.997
0.001	0.001	0.997	0.001
0.001	0.001	0.838	0.160
0.150	0.001	0.848	0.001
>CKTTAGAGGTCG	4-CKTTAGAGGTCG	11.142146	-17.928565	0	T:5.0(2.27%),B:0.0(0.00%),P:1e-7	Tpos:48.4,Tstd:22.9,Bpos:0.0,Bstd:0.0,StrandBias:0.6,Multiplicity:1.00
0.026	0.767	0.206	0.001
0.207	0.186	0.235	0.372
0.020	0.001	0.001	0.978
0.001	0.001	0.001	0.997
0.997	0.001	0.001	0.001
0.001	0.185	0.813	0.001
0.813	0.185	0.001	0.001
0.371	0.001	0.627	0.001
0.001	0.185	0.813	0.001
0.185	0.001	0.001	0.813
0.186	0.607	0.206	0.001
0.392	0.001	0.606	0.001
>CCAGAYAGAGGT	5-CCAGAYAGAGGT	11.927429	-14.522761	0	T:5.0(2.27%),B:2.0(0.07%),P:1e-6	Tpos:43.6,Tstd:36.1,Bpos:74.0,Bstd:12.0,StrandBias:0.6,Multiplicity:1.00
0.001	0.770	0.001	0.228
0.001	0.997	0.001	0.001
0.997	0.001	0.001	0.001
0.001	0.001	0.997	0.001
0.712	0.228	0.001	0.059
0.001	0.456	0.001	0.542
0.770	0.001	0.001	0.228
0.001	0.001	0.770	0.228
0.770	0.001	0.228	0.001
0.001	0.001	0.997	0.001
0.228	0.001	0.770	0.001
0.001	0.001	0.001	0.997
>CAGTCAGTGCAG	6-CAGTCAGTGCAG	10.409522	-5.960395	0	T:2.0(0.91%),B:1.0(0.03%),P:1e-2	Tpos:45.9,Tstd:25.2,Bpos:69.0,Bstd:0.0,StrandBias:10.0,Multiplicity:5.50
0.100	0.700	0.100	0.100
0.700	0.100	0.100	0.100
0.100	0.100	0.700	0.100
0.100	0.100	0.100	0.700
0.100	0.700	0.100	0.100
0.700	0.100	0.100	0.100
0.100	0.100	0.700	0.100
0.100	0.100	0.100	0.700
0.100	0.100	0.700	0.100
0.100	0.700	0.100	0.100
0.700	0.100	0.100	0.100
0.100	0.100	0.700	0.100
>CTTGTGGGAGGA	7-CTTGTGGGAGGA	13.863424	-5.960395	0	T:2.0(0.91%),B:1.0(0.03%),P:1e-2	Tpos:60.7,Tstd:30.9,Bpos:41.0,Bstd:0.0,StrandBias:10.0,Multiplicity:1.50
0.001	0.862	0.136	0.001
0.001	0.001	0.001	0.997
0.001	0.001	0.001	0.997
0.001	0.001	0.997	0.001
0.001	0.001	0.001	0.997
0.273	0.001	0.725	0.001
0.001	0.001	0.997	0.001
0.001	0.001	0.997	0.001
0.997	0.001	0.001	0.001
0.001	0.001	0.997	0.001
0.001	0.001	0.997	0.001
0.725	0.001	0.001	0.273
>YAYACACAMACA	8-YAYACACAMACA	9.040648	-3.711333	0	T:5.0(2.27%),B:22.0(0.74%),P:1e-1	Tpos:40.0,Tstd:21.4,Bpos:43.9,Bstd:25.8,StrandBias:2.5,Multiplicity:1.20
0.003	0.534	0.001	0.462
0.992	0.006	0.001	0.001
0.007	0.529	0.001	0.463
0.997	0.001	0.001	0.001
0.007	0.757	0.001	0.235
0.992	0.006	0.001	0.001
0.007	0.985	0.001	0.007
0.997	0.001	0.001	0.001
0.458	0.540	0.001	0.001
0.997	0.001	0.001	0.001
0.234	0.752	0.007	0.007
0.997	0.001	0.001	0.001
