>TACCATTTYTAA	1-TACCATTTYTAA	11.891477	-26.933428	0	T:7.0(3.18%),B:0.0(0.00%),P:1e-11	Tpos:50.2,Tstd:24.0,Bpos:0.0,Bstd:0.0,StrandBias:0.7,Multiplicity:1.14
0.001	0.001	0.001	0.997
0.713	0.143	0.001	0.143
0.285	0.713	0.001	0.001
0.001	0.713	0.001	0.285
0.997	0.001	0.001	0.001
0.001	0.143	0.143	0.713
0.001	0.001	0.001	0.997
0.001	0.001	0.001	0.997
0.143	0.429	0.143	0.286
0.001	0.001	0.001	0.997
0.997	0.001	0.001	0.001
0.997	0.001	0.001	0.001
>TGCCGACCTCGC	2-TGCCGACCTCGC	7.139136	-19.367923	0	T:7.0(3.18%),B:3.0(0.10%),P:1e-8	Tpos:39.7,Tstd:22.5,Bpos:55.3,Bstd:16.5,StrandBias:1.3,Multiplicity:1.00
0.001	0.001	0.001	0.997
0.001	0.001	0.883	0.115
0.001	0.754	0.244	0.001
0.001	0.997	0.001	0.001
0.001	0.273	0.725	0.001
0.754	0.001	0.001	0.244
0.001	0.840	0.001	0.158
0.001	0.997	0.001	0.001
0.001	0.001	0.001	0.997
0.001	0.997	0.001	0.001
0.001	0.001	0.997	0.001
0.001	0.739	0.259	0.001
>GCTTCATCCTGT	3-GCTTCATCCTGT	9.493510	-18.672048	0	T:12.0(5.45%),B:17.0(0.57%),P:1e-8	Tpos:65.2,Tstd:23.5,Bpos:44.4,Bstd:27.5,StrandBias:-1.2,Multiplicity:1.08
0.226	0.075	0.624	0.075
0.026	0.899	0.001	0.074
0.224	0.006	0.075	0.695
0.075	0.321	0.075	0.529
0.001	0.997	0.001	0.001
0.755	0.224	0.020	0.001
0.001	0.001	0.149	0.849
0.001	0.997	0.001	0.001
0.149	0.776	0.001	0.074
0.151	0.001	0.074	0.774
0.074	0.224	0.701	0.001
0.374	0.021	0.075	0.530
>AAAGAAATTTTG	4-AAAGAAATTTTG	10.967648	-17.928565	0	T:5.0(2.27%),B:1.0(0.03%),P:1e-7	Tpos:49.8,Tstd:16.2,Bpos:64.0,Bstd:0.0,StrandBias:-0.6,Multiplicity:1.00
0.997	0.001	0.001	0.001
0.930	0.001	0.068	0.001
0.793	0.001	0.001	0.205
0.001	0.068	0.930	0.001
0.997	0.001	0.001	0.001
0.725	0.273	0.001	0.001
0.997	0.001	0.001	0.001
0.001	0.001	0.001	0.997
0.001	0.001	0.001	0.997
0.001	0.001	0.001	0.997
0.001	0.001	0.001	0.997
0.001	0.001	0.997	0.001
>AGTAGKCAGGGG	5-AGTAGKCAGGGG	8.631126	-17.525286	0	T:13.0(5.91%),B:23.0(0.77%),P:1e-7	Tpos:44.1,Tstd:20.6,Bpos:53.6,Bstd:27.8,StrandBias:0.4,Multiplicity:1.08
0.838	0.004	0.157	0.001
0.002	0.001	0.679	0.318
0.157	0.025	0.004	0.814
0.656	0.318	0.001	0.025
0.001	0.161	0.525	0.313
0.002	0.001	0.475	0.522
0.346	0.627	0.025	0.002
0.974	0.024	0.001	0.001
0.002	0.001	0.627	0.370
0.156	0.001	0.842	0.001
0.001	0.156	0.842	0.001
0.316	0.157	0.526	0.001
>ATGWAWCAAAGA	6-ATGWAWCAAAGA	11.039779	-17.416471	0	T:7.0(3.18%),B:4.0(0.13%),P:1e-7	Tpos:37.3,Tstd:27.4,Bpos:93.0,Bstd:0.0,StrandBias:1.3,Multiplicity:1.00
0.575	0.001	0.420	0.004
0.076	0.001	0.001	0.922
0.001	0.001	0.997	0.001
0.469	0.001	0.036	0.494
0.578	0.420	0.001	0.001
0.506	0.001	0.036	0.457
0.001	0.959	0.039	0.001
0.997	0.001	0.001	0.001
0.888	0.001	0.110	0.001
0.997	0.001	0.001	0.001
0.001	0.036	0.962	0.001
0.997	0.001	0.001	0.001
>STTTSTATCTAY	7-STTTSTATCTAY	7.495849	-14.347303	0	T:26.0(11.82%),B:116.0(3.89%),P:1e-6	Tpos:49.2,Tstd:26.5,Bpos:51.8,Bstd:24.7,StrandBias:1.0,Multiplicity:1.12
0.001	0.421	0.535	0.043
0.125	0.043	0.041	0.791
0.213	0.083	0.003	0.701
0.002	0.125	0.001	0.872
0.124	0.460	0.373	0.042
0.124	0.083	0.083	0.710
0.628	0.086	0.044	0.242
0.208	0.001	0.083	0.708
0.041	0.456	0.293	0.209
0.167	0.001	0.042	0.790
0.715	0.167	0.045	0.073
0.041	0.421	0.002	0.536
>GGCAAGKGGTGT	8-GGCAAGKGGTGT	12.460402	-9.681086	0	T:3.0(1.36%),B:1.0(0.03%),P:1e-4	Tpos:58.7,Tstd:25.0,Bpos:38.0,Bstd:0.0,StrandBias:10.0,Multiplicity:2.00
0.001	0.001	0.997	0.001
0.001	0.001	0.997	0.001
0.001	0.997	0.001	0.001
0.884	0.001	0.001	0.114
0.653	0.001	0.231	0.115
0.001	0.001	0.997	0.001
0.001	0.001	0.537	0.461
0.001	0.001	0.997	0.001
0.115	0.115	0.769	0.001
0.001	0.001	0.001	0.997
0.001	0.001	0.884	0.114
0.001	0.001	0.422	0.576
