>TCCCGCAG	1-TCCCGCAG	6.780138	-20.244191	0	T:28.0(12.73%),B:99.0(3.32%),P:1e-8	Tpos:56.9,Tstd:27.5,Bpos:51.1,Bstd:25.9,StrandBias:0.4,Multiplicity:1.00
0.043	0.001	0.001	0.955
0.001	0.900	0.001	0.098
0.001	0.900	0.098	0.001
0.217	0.755	0.001	0.027
0.001	0.107	0.821	0.071
0.001	0.870	0.030	0.099
0.955	0.001	0.001	0.043
0.098	0.001	0.900	0.001
>CTAGAGAT	2-CTAGAGAT	5.043381	-17.060501	0	T:65.0(29.55%),B:450.0(15.09%),P:1e-7	Tpos:51.0,Tstd:26.0,Bpos:49.4,Bstd:28.4,StrandBias:-0.3,Multiplicity:1.19
0.056	0.809	0.031	0.104
0.060	0.099	0.069	0.772
0.713	0.145	0.088	0.054
0.081	0.093	0.762	0.064
0.733	0.037	0.079	0.151
0.103	0.054	0.791	0.052
0.700	0.153	0.057	0.090
0.060	0.176	0.035	0.729
>TDTTTGGA	3-TDTTTGGA	7.351530	-14.219490	0	T:21.0(9.55%),B:80.0(2.68%),P:1e-6	Tpos:52.6,Tstd:26.0,Bpos:48.2,Bstd:26.2,StrandBias:0.2,Multiplicity:1.33
0.001	0.001	0.354	0.644
0.411	0.001	0.262	0.326
0.001	0.001	0.333	0.665
0.143	0.001	0.001	0.855
0.001	0.001	0.001	0.997
0.294	0.001	0.704	0.001
0.001	0.001	0.841	0.157
0.764	0.146	0.089	0.001
>CYTATTAG	4-CYTATTAG	5.631489	-12.101177	0	T:34.0(15.45%),B:201.0(6.74%),P:1e-5	Tpos:44.1,Tstd:25.8,Bpos:51.0,Bstd:28.0,StrandBias:-0.1,Multiplicity:1.21
0.081	0.481	0.218	0.219
0.178	0.442	0.001	0.379
0.030	0.001	0.001	0.968
0.831	0.001	0.167	0.001
0.342	0.001	0.001	0.656
0.060	0.041	0.075	0.824
0.834	0.001	0.164	0.001
0.001	0.081	0.704	0.214
>CTCAGGAA	5-CTCAGGAA	8.950099	-11.909623	0	T:11.0(5.00%),B:27.0(0.91%),P:1e-5	Tpos:45.0,Tstd:23.2,Bpos:61.6,Bstd:24.4,StrandBias:0.8,Multiplicity:1.00
0.001	0.997	0.001	0.001
0.108	0.001	0.001	0.890
0.001	0.907	0.091	0.001
0.916	0.082	0.001	0.001
0.001	0.161	0.837	0.001
0.001	0.001	0.997	0.001
0.997	0.001	0.001	0.001
0.997	0.001	0.001	0.001
>ATCCGCTA	6-ATCCGCTA	8.989060	-11.176623	0	T:5.0(2.27%),B:4.0(0.13%),P:1e-4	Tpos:46.4,Tstd:29.2,Bpos:20.5,Bstd:10.1,StrandBias:-0.6,Multiplicity:1.00
0.703	0.001	0.295	0.001
0.001	0.001	0.048	0.950
0.001	0.997	0.001	0.001
0.063	0.891	0.001	0.045
0.001	0.001	0.997	0.001
0.001	0.997	0.001	0.001
0.295	0.001	0.001	0.703
0.703	0.001	0.001	0.295
>TAMCTAAC	7-TAMCTAAC	8.159376	-4.861512	0	T:8.0(3.64%),B:38.0(1.27%),P:1e-2	Tpos:58.5,Tstd:24.6,Bpos:56.2,Bstd:26.9,StrandBias:-0.5,Multiplicity:1.50
0.158	0.001	0.001	0.840
0.691	0.001	0.307	0.001
0.502	0.496	0.001	0.001
0.001	0.997	0.001	0.001
0.001	0.001	0.001	0.997
0.997	0.001	0.001	0.001
0.997	0.001	0.001	0.001
0.001	0.997	0.001	0.001
>GCTAGCTA	8-GCTAGCTA	7.478006	-3.391657	0	T:5.0(2.27%),B:24.0(0.80%),P:1e-1	Tpos:44.9,Tstd:28.2,Bpos:45.6,Bstd:28.7,StrandBias:0.2,Multiplicity:2.00
0.055	0.001	0.867	0.077
0.067	0.869	0.055	0.009
0.108	0.001	0.001	0.890
0.788	0.134	0.077	0.001
0.039	0.001	0.959	0.001
0.060	0.830	0.021	0.089
0.089	0.314	0.001	0.596
0.721	0.031	0.193	0.055
