>GTTGTAGCTA	1-GTTGTAGCTA	7.854388	-21.264687	0	T:32.0(4.16%),B:1758.0(1.12%),P:1e-9	Tpos:43.8,Tstd:25.3,Bpos:50.1,Bstd:26.2,StrandBias:0.1,Multiplicity:1.00
0.024	0.001	0.923	0.052
0.106	0.074	0.005	0.815
0.001	0.056	0.132	0.811
0.270	0.001	0.728	0.001
0.002	0.166	0.189	0.643
0.774	0.001	0.128	0.097
0.001	0.001	0.782	0.216
0.092	0.697	0.070	0.141
0.001	0.107	0.001	0.891
0.894	0.067	0.038	0.001
>CAGTATTTGT	2-CAGTATTTGT	7.941880	-19.903141	0	T:17.0(2.21%),B:527.0(0.34%),P:1e-8	Tpos:62.4,Tstd:23.1,Bpos:50.1,Bstd:26.3,StrandBias:0.5,Multiplicity:1.00
0.205	0.413	0.144	0.238
0.904	0.029	0.023	0.044
0.042	0.055	0.869	0.034
0.165	0.196	0.185	0.454
0.569	0.048	0.148	0.235
0.190	0.194	0.069	0.547
0.088	0.052	0.196	0.664
0.036	0.016	0.098	0.850
0.019	0.056	0.647	0.278
0.043	0.327	0.014	0.616
>TTATGGGAAA	3-TTATGGGAAA	9.225738	-19.574523	0	T:17.0(2.21%),B:539.0(0.34%),P:1e-8	Tpos:43.5,Tstd:24.9,Bpos:49.4,Bstd:28.1,StrandBias:0.8,Multiplicity:1.12
0.048	0.072	0.090	0.790
0.001	0.001	0.186	0.812
0.997	0.001	0.001	0.001
0.097	0.001	0.098	0.804
0.168	0.001	0.747	0.084
0.125	0.001	0.767	0.107
0.001	0.001	0.997	0.001
0.997	0.001	0.001	0.001
0.997	0.001	0.001	0.001
0.905	0.093	0.001	0.001
>GGTTGGCCAG	4-GGTTGGCCAG	4.582539	-17.843720	0	T:280.0(36.36%),B:42655.0(27.20%),P:1e-7	Tpos:52.1,Tstd:26.4,Bpos:49.7,Bstd:26.5,StrandBias:-0.1,Multiplicity:1.15
0.093	0.097	0.715	0.095
0.127	0.092	0.669	0.112
0.098	0.079	0.102	0.721
0.111	0.139	0.083	0.667
0.096	0.088	0.730	0.086
0.108	0.143	0.633	0.116
0.089	0.723	0.105	0.083
0.065	0.749	0.091	0.095
0.713	0.113	0.071	0.103
0.092	0.114	0.681	0.113
>GTTTTGGTGT	5-GTTTTGGTGT	7.241152	-14.797424	0	T:40.0(5.19%),B:3326.0(2.12%),P:1e-6	Tpos:53.2,Tstd:26.8,Bpos:50.0,Bstd:26.3,StrandBias:0.4,Multiplicity:1.43
0.111	0.110	0.757	0.022
0.072	0.049	0.050	0.829
0.073	0.042	0.049	0.836
0.091	0.049	0.158	0.702
0.001	0.043	0.078	0.878
0.057	0.026	0.828	0.089
0.063	0.082	0.784	0.071
0.095	0.037	0.033	0.835
0.075	0.053	0.785	0.087
0.090	0.062	0.075	0.773
>YTGCTHAGCA	6-YTGCTHAGCA	7.476608	-14.100604	0	T:16.0(2.08%),B:707.0(0.45%),P:1e-6	Tpos:48.8,Tstd:24.3,Bpos:49.1,Bstd:26.5,StrandBias:0.0,Multiplicity:1.00
0.001	0.555	0.027	0.417
0.108	0.079	0.252	0.561
0.078	0.216	0.434	0.273
0.156	0.717	0.126	0.001
0.123	0.130	0.039	0.708
0.251	0.206	0.191	0.353
0.795	0.001	0.001	0.203
0.311	0.077	0.588	0.024
0.342	0.656	0.001	0.001
0.505	0.174	0.065	0.256
>CCCCGGGCAG	7-CCCCGGGCAG	7.002413	-12.934050	0	T:66.0(8.57%),B:7321.0(4.67%),P:1e-5	Tpos:51.2,Tstd:26.7,Bpos:50.2,Bstd:26.6,StrandBias:0.4,Multiplicity:1.05
0.065	0.786	0.055	0.094
0.066	0.804	0.053	0.077
0.063	0.748	0.095	0.094
0.062	0.756	0.097	0.085
0.087	0.085	0.742	0.086
0.037	0.058	0.819	0.086
0.043	0.085	0.830	0.042
0.055	0.848	0.061	0.036
0.816	0.037	0.083	0.064
0.052	0.043	0.857	0.048
>CCCTTCCCTT	8-CCCTTCCCTT	11.990742	-4.317672	0	T:4.0(0.52%),B:183.0(0.12%),P:1e-1	Tpos:31.3,Tstd:24.5,Bpos:47.5,Bstd:27.3,StrandBias:3.2,Multiplicity:2.50
0.001	0.997	0.001	0.001
0.001	0.997	0.001	0.001
0.001	0.997	0.001	0.001
0.001	0.001	0.158	0.840
0.001	0.001	0.001	0.997
0.001	0.997	0.001	0.001
0.001	0.997	0.001	0.001
0.001	0.997	0.001	0.001
0.001	0.001	0.001	0.997
0.001	0.001	0.001	0.997
