>AAGGCGCTGG	1-AAGGCGCTGG	10.426100	-21.180463	0	T:12.0(1.56%),B:200.0(0.13%),P:1e-9	Tpos:47.6,Tstd:28.8,Bpos:48.8,Bstd:27.0,StrandBias:1.0,Multiplicity:1.00
0.909	0.050	0.040	0.001
0.871	0.001	0.067	0.061
0.001	0.001	0.997	0.001
0.001	0.182	0.693	0.124
0.029	0.969	0.001	0.001
0.001	0.001	0.997	0.001
0.001	0.997	0.001	0.001
0.172	0.115	0.001	0.712
0.001	0.001	0.912	0.086
0.001	0.001	0.997	0.001
>CGACTGGAGC	2-CGACTGGAGC	10.448938	-19.807744	0	T:14.0(1.82%),B:336.0(0.21%),P:1e-8	Tpos:52.5,Tstd:18.9,Bpos:49.5,Bstd:25.7,StrandBias:0.0,Multiplicity:1.00
0.138	0.743	0.055	0.064
0.001	0.157	0.746	0.096
0.997	0.001	0.001	0.001
0.001	0.997	0.001	0.001
0.001	0.001	0.001	0.997
0.001	0.001	0.997	0.001
0.001	0.001	0.997	0.001
0.874	0.124	0.001	0.001
0.001	0.001	0.997	0.001
0.100	0.803	0.096	0.001
>GGCTTGTCAC	3-GGCTTGTCAC	10.245037	-19.724623	0	T:13.0(1.69%),B:281.0(0.18%),P:1e-8	Tpos:47.6,Tstd:21.7,Bpos:51.6,Bstd:27.0,StrandBias:-0.2,Multiplicity:1.00
0.001	0.127	0.871	0.001
0.001	0.001	0.997	0.001
0.001	0.864	0.001	0.134
0.001	0.001	0.001	0.997
0.001	0.001	0.048	0.950
0.001	0.001	0.927	0.071
0.001	0.001	0.001	0.997
0.062	0.780	0.096	0.062
0.853	0.084	0.001	0.062
0.001	0.845	0.063	0.091
>TGAAAGCGAT	4-TGAAAGCGAT	7.156769	-16.285702	0	T:38.0(4.94%),B:2890.0(1.84%),P:1e-7	Tpos:49.8,Tstd:31.6,Bpos:50.2,Bstd:27.1,StrandBias:0.7,Multiplicity:1.03
0.054	0.001	0.075	0.870
0.039	0.025	0.862	0.074
0.853	0.072	0.074	0.001
0.710	0.028	0.219	0.043
0.936	0.001	0.028	0.035
0.023	0.053	0.923	0.001
0.056	0.666	0.115	0.163
0.040	0.073	0.817	0.070
0.684	0.074	0.216	0.026
0.154	0.067	0.086	0.693
>TTTAAAAAAA	5-TTTAAAAAAA	7.190476	-13.641590	0	T:43.0(5.58%),B:3886.0(2.48%),P:1e-5	Tpos:53.8,Tstd:22.3,Bpos:51.0,Bstd:26.3,StrandBias:0.4,Multiplicity:1.09
0.001	0.058	0.001	0.940
0.128	0.001	0.001	0.870
0.060	0.080	0.069	0.791
0.970	0.001	0.001	0.028
0.902	0.001	0.001	0.096
0.997	0.001	0.001	0.001
0.956	0.042	0.001	0.001
0.903	0.037	0.001	0.059
0.848	0.001	0.100	0.051
0.997	0.001	0.001	0.001
>CKGCTGCMGC	6-CKGCTGCMGC	5.183974	-7.039385	0	T:150.0(19.48%),B:23893.0(15.24%),P:1e-3	Tpos:48.5,Tstd:23.7,Bpos:50.4,Bstd:26.3,StrandBias:0.0,Multiplicity:1.19
0.086	0.533	0.193	0.188
0.198	0.094	0.292	0.415
0.087	0.125	0.632	0.156
0.051	0.690	0.191	0.068
0.293	0.107	0.149	0.451
0.029	0.134	0.665	0.172
0.094	0.634	0.193	0.079
0.263	0.386	0.123	0.228
0.118	0.283	0.523	0.076
0.110	0.657	0.208	0.025
>TCTGTGACGC	7-TCTGTGACGC	10.296193	-6.567229	0	T:2.0(0.26%),B:11.0(0.01%),P:1e-2	Tpos:46.2,Tstd:22.8,Bpos:50.0,Bstd:25.9,StrandBias:10.0,Multiplicity:2.00
0.100	0.100	0.100	0.700
0.100	0.700	0.100	0.100
0.100	0.100	0.100	0.700
0.100	0.100	0.700	0.100
0.100	0.100	0.100	0.700
0.100	0.100	0.700	0.100
0.700	0.100	0.100	0.100
0.100	0.700	0.100	0.100
0.100	0.100	0.700	0.100
0.100	0.700	0.100	0.100
