>TCTTTCTT	1-TCTTTCTT	6.319517	-17.055853	0	T:112.0(14.55%),B:13476.0(8.59%),P:1e-7	Tpos:47.9,Tstd:25.4,Bpos:50.3,Bstd:27.0,StrandBias:0.3,Multiplicity:1.26
0.001	0.061	0.001	0.937
0.024	0.913	0.062	0.001
0.021	0.112	0.054	0.813
0.020	0.043	0.001	0.936
0.114	0.100	0.001	0.785
0.001	0.836	0.059	0.104
0.001	0.001	0.001	0.997
0.001	0.067	0.001	0.931
>CCTCCCTA	2-CCTCCCTA	5.873044	-16.539579	0	T:153.0(19.87%),B:20400.0(13.01%),P:1e-7	Tpos:50.9,Tstd:27.0,Bpos:50.1,Bstd:27.1,StrandBias:0.2,Multiplicity:1.18
0.001	0.942	0.001	0.056
0.067	0.775	0.026	0.132
0.051	0.045	0.068	0.836
0.001	0.917	0.001	0.081
0.049	0.910	0.040	0.001
0.001	0.985	0.013	0.001
0.001	0.193	0.026	0.780
0.907	0.056	0.036	0.001
>AAATAAAT	3-AAATAAAT	7.255671	-14.829739	0	T:43.0(5.58%),B:3710.0(2.37%),P:1e-6	Tpos:53.3,Tstd:28.6,Bpos:49.5,Bstd:27.0,StrandBias:-0.5,Multiplicity:1.21
0.997	0.001	0.001	0.001
0.965	0.001	0.033	0.001
0.997	0.001	0.001	0.001
0.001	0.001	0.057	0.941
0.961	0.001	0.037	0.001
0.828	0.170	0.001	0.001
0.915	0.001	0.083	0.001
0.001	0.001	0.144	0.854
>CGCGCGCW	4-CGCGCGCW	5.821917	-5.782808	0	T:54.0(7.01%),B:7420.0(4.73%),P:1e-2	Tpos:48.8,Tstd:26.8,Bpos:49.8,Bstd:26.0,StrandBias:-0.2,Multiplicity:1.45
0.183	0.653	0.163	0.001
0.001	0.001	0.997	0.001
0.001	0.744	0.001	0.254
0.189	0.139	0.671	0.001
0.001	0.889	0.002	0.108
0.001	0.215	0.501	0.283
0.285	0.496	0.001	0.217
0.372	0.055	0.164	0.409
>TTTGGTTT	5-TTTGGTTT	8.236954	-3.361074	0	T:14.0(1.82%),B:1638.0(1.04%),P:1e-1	Tpos:51.3,Tstd:22.1,Bpos:51.1,Bstd:26.6,StrandBias:-0.1,Multiplicity:3.43
0.100	0.100	0.100	0.700
0.100	0.100	0.100	0.700
0.100	0.100	0.100	0.700
0.100	0.100	0.700	0.100
0.100	0.100	0.700	0.100
0.100	0.100	0.100	0.700
0.100	0.100	0.100	0.700
0.100	0.100	0.100	0.700
