>AGTATCCT	1-AGTATCCT	4.842445	-19.828696	0	T:163.0(21.17%),B:21061.0(13.43%),P:1e-8	Tpos:46.6,Tstd:26.6,Bpos:50.1,Bstd:27.1,StrandBias:0.1,Multiplicity:1.11
0.698	0.150	0.102	0.050
0.107	0.082	0.711	0.100
0.063	0.069	0.096	0.772
0.840	0.061	0.030	0.069
0.150	0.087	0.032	0.731
0.069	0.742	0.139	0.050
0.077	0.785	0.089	0.049
0.131	0.038	0.096	0.735
>GAATGAST	2-GAATGAST	7.558440	-16.449964	0	T:52.0(6.75%),B:4664.0(2.97%),P:1e-7	Tpos:49.0,Tstd:26.9,Bpos:49.5,Bstd:27.6,StrandBias:0.6,Multiplicity:1.04
0.001	0.001	0.611	0.387
0.698	0.001	0.033	0.268
0.997	0.001	0.001	0.001
0.264	0.020	0.001	0.715
0.001	0.001	0.997	0.001
0.982	0.001	0.001	0.016
0.034	0.492	0.473	0.001
0.328	0.001	0.001	0.670
>ATATGTAH	3-ATATGTAH	8.309613	-15.598849	0	T:29.0(3.77%),B:1910.0(1.22%),P:1e-6	Tpos:61.3,Tstd:26.9,Bpos:50.6,Bstd:27.5,StrandBias:0.3,Multiplicity:1.17
0.997	0.001	0.001	0.001
0.001	0.001	0.042	0.956
0.788	0.001	0.001	0.210
0.001	0.001	0.001	0.997
0.045	0.001	0.953	0.001
0.001	0.001	0.042	0.956
0.997	0.001	0.001	0.001
0.359	0.342	0.061	0.239
>AACGAAAC	4-AACGAAAC	7.156264	-13.413078	0	T:29.0(3.77%),B:2133.0(1.36%),P:1e-5	Tpos:48.2,Tstd:26.6,Bpos:50.3,Bstd:26.0,StrandBias:1.0,Multiplicity:1.14
0.770	0.001	0.061	0.168
0.963	0.035	0.001	0.001
0.001	0.997	0.001	0.001
0.084	0.001	0.630	0.285
0.706	0.001	0.099	0.194
0.827	0.069	0.001	0.103
0.630	0.285	0.084	0.001
0.209	0.558	0.164	0.069
>AAGAATTA	5-AAGAATTA	7.055878	-13.248598	0	T:47.0(6.10%),B:4496.0(2.87%),P:1e-5	Tpos:37.7,Tstd:23.5,Bpos:49.9,Bstd:27.4,StrandBias:-0.2,Multiplicity:1.09
0.997	0.001	0.001	0.001
0.997	0.001	0.001	0.001
0.001	0.059	0.814	0.126
0.802	0.196	0.001	0.001
0.749	0.001	0.001	0.249
0.051	0.100	0.001	0.848
0.001	0.282	0.001	0.716
0.997	0.001	0.001	0.001
