>ACACACACCA	1-ACACACACCA	7.954213	-20.898911	0	T:30.0(3.90%),B:1586.0(1.01%),P:1e-9	Tpos:49.9,Tstd:24.5,Bpos:49.5,Bstd:27.3,StrandBias:0.4,Multiplicity:1.00
0.955	0.043	0.001	0.001
0.068	0.865	0.066	0.001
0.947	0.051	0.001	0.001
0.050	0.862	0.001	0.087
0.894	0.050	0.001	0.055
0.056	0.812	0.048	0.084
0.997	0.001	0.001	0.001
0.001	0.908	0.029	0.062
0.001	0.928	0.001	0.070
0.857	0.058	0.001	0.084
>GCGCWTGSAG	2-GCGCWTGSAG	9.378257	-20.707087	0	T:18.0(2.34%),B:568.0(0.36%),P:1e-8	Tpos:63.1,Tstd:23.0,Bpos:49.9,Bstd:25.8,StrandBias:0.1,Multiplicity:1.17
0.001	0.001	0.997	0.001
0.001	0.997	0.001	0.001
0.044	0.001	0.954	0.001
0.001	0.997	0.001	0.001
0.434	0.001	0.001	0.564
0.312	0.001	0.001	0.686
0.001	0.148	0.850	0.001
0.254	0.336	0.409	0.001
0.683	0.001	0.001	0.315
0.001	0.001	0.997	0.001
>GAAAASTGSG	3-GAAAASTGSG	8.722336	-20.246629	0	T:24.0(3.12%),B:1068.0(0.68%),P:1e-8	Tpos:41.5,Tstd:25.1,Bpos:49.2,Bstd:26.9,StrandBias:0.5,Multiplicity:1.00
0.357	0.001	0.641	0.001
0.997	0.001	0.001	0.001
0.761	0.071	0.167	0.001
0.842	0.001	0.148	0.009
0.927	0.001	0.001	0.071
0.001	0.527	0.471	0.001
0.001	0.067	0.001	0.931
0.001	0.188	0.810	0.001
0.001	0.502	0.392	0.105
0.269	0.001	0.598	0.132
>TACTACGTAC	4-TACTACGTAC	8.224307	-16.691126	0	T:10.0(1.30%),B:190.0(0.12%),P:1e-7	Tpos:49.9,Tstd:23.1,Bpos:48.0,Bstd:26.7,StrandBias:1.9,Multiplicity:1.30
0.001	0.242	0.001	0.756
0.782	0.001	0.103	0.114
0.001	0.719	0.140	0.140
0.001	0.001	0.001	0.997
0.756	0.001	0.140	0.103
0.001	0.997	0.001	0.001
0.001	0.001	0.997	0.001
0.001	0.001	0.001	0.997
0.507	0.249	0.001	0.243
0.001	0.744	0.243	0.012
>TTAAATACCT	5-TTAAATACCT	6.732712	-15.510774	0	T:48.0(6.23%),B:4271.0(2.72%),P:1e-6	Tpos:52.3,Tstd:24.8,Bpos:48.8,Bstd:27.4,StrandBias:0.5,Multiplicity:1.14
0.001	0.075	0.079	0.845
0.113	0.034	0.093	0.760
0.894	0.057	0.020	0.029
0.746	0.082	0.104	0.068
0.863	0.069	0.021	0.047
0.081	0.073	0.092	0.754
0.755	0.042	0.119	0.084
0.101	0.720	0.121	0.058
0.077	0.814	0.040	0.069
0.038	0.067	0.040	0.855
>AGAAGGGACT	6-AGAAGGGACT	7.155757	-10.627912	0	T:39.0(5.06%),B:3835.0(2.45%),P:1e-4	Tpos:47.2,Tstd:27.0,Bpos:50.1,Bstd:27.1,StrandBias:0.8,Multiplicity:1.11
0.674	0.097	0.075	0.154
0.076	0.089	0.793	0.042
0.838	0.142	0.019	0.001
0.876	0.001	0.037	0.086
0.026	0.126	0.847	0.001
0.074	0.123	0.732	0.071
0.035	0.001	0.932	0.032
0.751	0.077	0.042	0.130
0.060	0.835	0.032	0.073
0.041	0.073	0.139	0.747
>ACTAGAGSGT	7-ACTAGAGSGT	10.490102	-10.410156	0	T:6.0(0.78%),B:117.0(0.07%),P:1e-4	Tpos:48.5,Tstd:27.0,Bpos:48.4,Bstd:23.2,StrandBias:-1.2,Multiplicity:1.67
0.997	0.001	0.001	0.001
0.001	0.890	0.108	0.001
0.001	0.001	0.001	0.997
0.997	0.001	0.001	0.001
0.001	0.001	0.997	0.001
0.997	0.001	0.001	0.001
0.372	0.001	0.626	0.001
0.001	0.480	0.518	0.001
0.001	0.001	0.997	0.001
0.001	0.001	0.001	0.997
>TTTTTTTTTT	8-TTTTTTTTTT	-2.039500	-5.066904	0	T:322.0(41.82%),B:58610.0(37.38%),P:1e-2	Tpos:49.4,Tstd:24.6,Bpos:50.2,Bstd:26.3,StrandBias:-0.1,Multiplicity:1.35
0.001	0.006	0.031	0.962
0.001	0.001	0.001	0.997
0.001	0.025	0.001	0.973
0.016	0.001	0.001	0.982
0.015	0.001	0.001	0.983
0.016	0.056	0.001	0.927
0.001	0.070	0.001	0.928
0.033	0.154	0.001	0.812
0.040	0.128	0.013	0.819
0.001	0.041	0.001	0.957
