>CTACTCAA	1-CTACTCAA	6.735107	-14.802054	0	T:18.0(14.52%),B:108.0(3.51%),P:1e-6	Tpos:49.4,Tstd:28.3,Bpos:53.2,Bstd:28.1,StrandBias:0.5,Multiplicity:1.22
0.058	0.883	0.058	0.001
0.037	0.001	0.001	0.961
0.917	0.001	0.041	0.041
0.112	0.582	0.059	0.247
0.044	0.044	0.001	0.911
0.001	0.946	0.052	0.001
0.997	0.001	0.001	0.001
0.857	0.053	0.041	0.049
>TTGACTCC	2-TTGACTCC	8.556350	-13.663251	0	T:7.0(5.65%),B:13.0(0.42%),P:1e-5	Tpos:49.9,Tstd:27.3,Bpos:40.8,Bstd:23.4,StrandBias:0.4,Multiplicity:1.00
0.001	0.001	0.001	0.997
0.001	0.250	0.001	0.748
0.001	0.001	0.890	0.108
0.997	0.001	0.001	0.001
0.001	0.997	0.001	0.001
0.001	0.001	0.001	0.997
0.001	0.997	0.001	0.001
0.001	0.997	0.001	0.001
>CGCGCGCG	3-CGCGCGCG	8.721990	-6.772624	0	T:3.0(2.42%),B:5.0(0.16%),P:1e-2	Tpos:69.7,Tstd:11.1,Bpos:78.6,Bstd:19.9,StrandBias:0.2,Multiplicity:1.00
0.001	0.997	0.001	0.001
0.001	0.001	0.997	0.001
0.001	0.997	0.001	0.001
0.001	0.001	0.997	0.001
0.001	0.997	0.001	0.001
0.001	0.001	0.891	0.107
0.001	0.891	0.001	0.107
0.001	0.001	0.997	0.001
>CTCTGCGC	4-CTCTGCGC	4.121664	-5.678892	0	T:12.0(9.68%),B:120.0(3.89%),P:1e-2	Tpos:41.4,Tstd:23.2,Bpos:48.0,Bstd:27.7,StrandBias:-0.5,Multiplicity:1.83
0.001	0.997	0.001	0.001
0.001	0.001	0.001	0.997
0.001	0.997	0.001	0.001
0.001	0.001	0.040	0.958
0.001	0.001	0.997	0.001
0.001	0.997	0.001	0.001
0.001	0.001	0.630	0.368
0.001	0.997	0.001	0.001
>CCCCCCCC	5-CCCCCCCC	6.026603	-3.603181	0	T:19.0(15.32%),B:295.0(9.57%),P:1e-1	Tpos:37.5,Tstd:23.7,Bpos:47.2,Bstd:27.8,StrandBias:-0.6,Multiplicity:1.26
0.101	0.751	0.079	0.069
0.063	0.794	0.043	0.100
0.081	0.763	0.083	0.073
0.090	0.795	0.049	0.066
0.049	0.773	0.100	0.078
0.073	0.768	0.089	0.070
0.105	0.682	0.128	0.085
0.058	0.681	0.146	0.115
>CGACCTCT	6-CGACCTCT	8.236954	-3.232625	0	T:1.0(0.81%),B:1.0(0.03%),P:1e-1	Tpos:53.2,Tstd:30.0,Bpos:42.0,Bstd:0.0,StrandBias:-10.0,Multiplicity:5.00
0.100	0.700	0.100	0.100
0.100	0.100	0.700	0.100
0.700	0.100	0.100	0.100
0.100	0.700	0.100	0.100
0.100	0.700	0.100	0.100
0.100	0.100	0.100	0.700
0.100	0.700	0.100	0.100
0.100	0.100	0.100	0.700
>AAAAAAAA	7-AAAAAAAA	9.469908	-2.629939	0	T:12.0(9.68%),B:186.0(6.04%),P:1e-1	Tpos:38.8,Tstd:25.8,Bpos:48.6,Bstd:25.5,StrandBias:0.1,Multiplicity:2.25
0.997	0.001	0.001	0.001
0.997	0.001	0.001	0.001
0.893	0.105	0.001	0.001
0.713	0.285	0.001	0.001
0.789	0.209	0.001	0.001
0.997	0.001	0.001	0.001
0.997	0.001	0.001	0.001
0.997	0.001	0.001	0.001
