>GGCCACCCAC	1-GGCCACCCAC	11.557282	-23.869186	0	T:8.0(5.26%),B:4.0(0.13%),P:1e-10	Tpos:37.6,Tstd:22.6,Bpos:49.8,Bstd:26.6,StrandBias:0.7,Multiplicity:1.00
0.199	0.001	0.799	0.001
0.001	0.001	0.997	0.001
0.001	0.997	0.001	0.001
0.199	0.799	0.001	0.001
0.997	0.001	0.001	0.001
0.001	0.997	0.001	0.001
0.001	0.997	0.001	0.001
0.001	0.997	0.001	0.001
0.799	0.199	0.001	0.001
0.001	0.799	0.199	0.001
>AGGAAGTGAT	2-AGGAAGTGAT	10.689961	-21.665291	0	T:9.0(5.92%),B:8.0(0.26%),P:1e-9	Tpos:42.8,Tstd:24.8,Bpos:44.6,Bstd:18.2,StrandBias:-1.2,Multiplicity:1.11
0.891	0.001	0.001	0.107
0.001	0.001	0.997	0.001
0.108	0.108	0.783	0.001
0.997	0.001	0.001	0.001
0.997	0.001	0.001	0.001
0.001	0.001	0.997	0.001
0.001	0.001	0.001	0.997
0.001	0.001	0.997	0.001
0.650	0.001	0.108	0.241
0.001	0.108	0.108	0.783
>CAAGGCGTGG	3-CAAGGCGTGG	11.716975	-20.602195	0	T:6.0(3.95%),B:2.0(0.07%),P:1e-8	Tpos:54.8,Tstd:16.5,Bpos:17.0,Bstd:8.0,StrandBias:1.0,Multiplicity:1.00
0.200	0.599	0.200	0.001
0.997	0.001	0.001	0.001
0.997	0.001	0.001	0.001
0.001	0.001	0.997	0.001
0.001	0.001	0.997	0.001
0.001	0.997	0.001	0.001
0.200	0.200	0.599	0.001
0.001	0.001	0.001	0.997
0.001	0.001	0.997	0.001
0.001	0.001	0.997	0.001
>CTGAGGTACC	4-CTGAGGTACC	9.484626	-18.606854	0	T:7.0(4.61%),B:5.0(0.16%),P:1e-8	Tpos:51.0,Tstd:21.3,Bpos:51.6,Bstd:22.8,StrandBias:1.0,Multiplicity:1.14
0.001	0.856	0.142	0.001
0.001	0.001	0.001	0.997
0.001	0.001	0.997	0.001
0.713	0.001	0.143	0.143
0.142	0.001	0.856	0.001
0.001	0.001	0.997	0.001
0.001	0.001	0.001	0.997
0.856	0.142	0.001	0.001
0.001	0.997	0.001	0.001
0.001	0.856	0.001	0.142
>GTTTACTTTG	5-GTTTACTTTG	11.060188	-18.210335	0	T:6.0(3.95%),B:3.0(0.10%),P:1e-7	Tpos:46.8,Tstd:22.6,Bpos:66.7,Bstd:5.0,StrandBias:-2.3,Multiplicity:1.00
0.001	0.138	0.753	0.108
0.138	0.001	0.001	0.860
0.001	0.001	0.138	0.860
0.001	0.001	0.001	0.997
0.801	0.108	0.001	0.090
0.001	0.997	0.001	0.001
0.001	0.001	0.001	0.997
0.001	0.001	0.001	0.997
0.001	0.001	0.138	0.860
0.001	0.001	0.997	0.001
>AATGGAGCTG	6-AATGGAGCTG	10.830514	-17.372072	0	T:7.0(4.61%),B:6.0(0.20%),P:1e-7	Tpos:26.0,Tstd:21.9,Bpos:34.3,Bstd:15.6,StrandBias:0.7,Multiplicity:1.14
0.771	0.001	0.114	0.114
0.910	0.001	0.088	0.001
0.001	0.113	0.001	0.885
0.001	0.001	0.997	0.001
0.001	0.001	0.885	0.113
0.885	0.113	0.001	0.001
0.001	0.001	0.997	0.001
0.001	0.997	0.001	0.001
0.113	0.001	0.001	0.885
0.001	0.001	0.885	0.113
>CTAGTGCAAC	7-CTAGTGCAAC	8.013006	-13.588941	0	T:10.0(6.58%),B:27.0(0.88%),P:1e-5	Tpos:52.2,Tstd:22.0,Bpos:51.1,Bstd:30.4,StrandBias:-2.5,Multiplicity:1.30
0.001	0.907	0.001	0.091
0.099	0.255	0.001	0.645
0.907	0.001	0.091	0.001
0.171	0.191	0.637	0.001
0.071	0.092	0.001	0.836
0.001	0.001	0.927	0.071
0.091	0.907	0.001	0.001
0.907	0.091	0.001	0.001
0.632	0.092	0.092	0.184
0.092	0.724	0.001	0.183
>GGGTTAGGGT	8-GGGTTAGGGT	9.304288	-8.973324	0	T:4.0(2.63%),B:5.0(0.16%),P:1e-3	Tpos:50.6,Tstd:29.5,Bpos:28.8,Bstd:20.9,StrandBias:4.0,Multiplicity:4.25
0.001	0.001	0.997	0.001
0.001	0.001	0.997	0.001
0.001	0.001	0.997	0.001
0.001	0.001	0.073	0.925
0.001	0.001	0.001	0.997
0.997	0.001	0.001	0.001
0.001	0.001	0.997	0.001
0.147	0.001	0.851	0.001
0.001	0.001	0.997	0.001
0.001	0.001	0.001	0.997
