>GGAGCAGCAGAA	1-GGAGCAGCAGAA	11.139675	-24.896382	0	T:7.0(4.61%),B:2.0(0.07%),P:1e-10	Tpos:67.2,Tstd:20.3,Bpos:48.0,Bstd:5.0,StrandBias:3.0,Multiplicity:1.29
0.230	0.001	0.768	0.001
0.001	0.230	0.768	0.001
0.997	0.001	0.001	0.001
0.001	0.001	0.768	0.230
0.230	0.768	0.001	0.001
0.519	0.231	0.001	0.249
0.001	0.230	0.768	0.001
0.001	0.997	0.001	0.001
0.997	0.001	0.001	0.001
0.001	0.230	0.768	0.001
0.959	0.001	0.039	0.001
0.997	0.001	0.001	0.001
>CAGTCAGTGCAG	2-CAGTCAGTGCAG	12.674437	-10.939490	0	T:4.0(2.63%),B:3.0(0.10%),P:1e-4	Tpos:32.4,Tstd:23.5,Bpos:27.3,Bstd:10.8,StrandBias:1.3,Multiplicity:1.75
0.001	0.699	0.299	0.001
0.997	0.001	0.001	0.001
0.001	0.299	0.699	0.001
0.001	0.300	0.064	0.635
0.001	0.699	0.299	0.001
0.997	0.001	0.001	0.001
0.001	0.001	0.997	0.001
0.001	0.001	0.299	0.699
0.001	0.299	0.699	0.001
0.001	0.997	0.001	0.001
0.997	0.001	0.001	0.001
0.001	0.001	0.997	0.001
>CACTGCAGKGRA	3-CACTGCAGKGRA	12.895179	-10.848167	0	T:3.0(1.97%),B:1.0(0.03%),P:1e-4	Tpos:68.1,Tstd:21.9,Bpos:25.0,Bstd:0.0,StrandBias:0.3,Multiplicity:2.00
0.001	0.997	0.001	0.001
0.754	0.014	0.231	0.001
0.001	0.997	0.001	0.001
0.001	0.001	0.001	0.997
0.230	0.001	0.768	0.001
0.001	0.768	0.001	0.230
0.997	0.001	0.001	0.001
0.001	0.001	0.997	0.001
0.001	0.001	0.461	0.537
0.001	0.001	0.997	0.001
0.523	0.001	0.475	0.001
0.736	0.001	0.262	0.001
>AKGMSTCATSAS	4-AKGMSTCATSAS	11.779938	-8.805208	0	T:3.0(1.97%),B:2.0(0.07%),P:1e-3	Tpos:56.5,Tstd:23.4,Bpos:21.0,Bstd:6.0,StrandBias:-10.0,Multiplicity:2.00
0.866	0.001	0.132	0.001
0.001	0.001	0.428	0.570
0.001	0.001	0.997	0.001
0.570	0.428	0.001	0.001
0.001	0.462	0.536	0.001
0.001	0.001	0.001	0.997
0.001	0.997	0.001	0.001
0.997	0.001	0.001	0.001
0.001	0.106	0.001	0.892
0.133	0.430	0.436	0.001
0.966	0.001	0.032	0.001
0.001	0.429	0.429	0.141
>TGCTCTGCTCTG	5-TGCTCTGCTCTG	11.693802	-6.798487	0	T:3.0(1.97%),B:4.0(0.13%),P:1e-2	Tpos:41.4,Tstd:27.4,Bpos:71.2,Bstd:22.9,StrandBias:-3.9,Multiplicity:2.33
0.187	0.001	0.001	0.811
0.001	0.191	0.807	0.001
0.001	0.997	0.001	0.001
0.001	0.187	0.187	0.625
0.187	0.811	0.001	0.001
0.001	0.001	0.001	0.997
0.187	0.187	0.625	0.001
0.001	0.997	0.001	0.001
0.001	0.001	0.001	0.997
0.187	0.625	0.187	0.001
0.001	0.001	0.001	0.997
0.001	0.001	0.811	0.187
>AACACAACACAA	6-AACACAACACAA	11.806846	-6.732438	0	T:2.0(1.32%),B:0.0(0.00%),P:1e-2	Tpos:62.0,Tstd:30.0,Bpos:0.0,Bstd:0.0,StrandBias:10.0,Multiplicity:1.00
0.776	0.001	0.134	0.089
0.641	0.091	0.134	0.134
0.231	0.677	0.001	0.091
0.776	0.089	0.134	0.001
0.094	0.636	0.091	0.179
0.820	0.044	0.135	0.001
0.865	0.001	0.133	0.001
0.050	0.815	0.090	0.045
0.864	0.001	0.045	0.090
0.183	0.682	0.045	0.090
0.642	0.134	0.179	0.045
0.820	0.045	0.045	0.090
>GTGTTGTGTCTT	7-GTGTTGTGTCTT	3.892479	-5.660401	0	T:30.0(19.74%),B:362.0(11.86%),P:1e-2	Tpos:37.7,Tstd:24.0,Bpos:50.7,Bstd:23.5,StrandBias:1.0,Multiplicity:1.30
0.023	0.001	0.653	0.323
0.001	0.001	0.001	0.997
0.325	0.001	0.647	0.027
0.001	0.302	0.001	0.696
0.001	0.001	0.299	0.699
0.025	0.023	0.950	0.002
0.001	0.001	0.303	0.695
0.001	0.001	0.624	0.374
0.001	0.001	0.345	0.653
0.001	0.645	0.001	0.353
0.323	0.001	0.026	0.650
0.370	0.001	0.001	0.628
>ATGTTGACTCAT	8-ATGTTGACTCAT	12.355432	-3.024630	0	T:1.0(0.66%),B:0.0(0.00%),P:1e-1	Tpos:14.0,Tstd:0.0,Bpos:0.0,Bstd:0.0,StrandBias:10.0,Multiplicity:1.00
0.700	0.100	0.100	0.100
0.100	0.100	0.100	0.700
0.100	0.100	0.700	0.100
0.100	0.100	0.100	0.700
0.100	0.100	0.100	0.700
0.100	0.100	0.700	0.100
0.700	0.100	0.100	0.100
0.100	0.700	0.100	0.100
0.100	0.100	0.100	0.700
0.100	0.700	0.100	0.100
0.700	0.100	0.100	0.100
0.100	0.100	0.100	0.700
