>CAACTTGA	1-CAACTTGA	6.372839	-20.313654	0	T:23.0(18.55%),B:127.0(4.12%),P:1e-8	Tpos:48.3,Tstd:26.5,Bpos:50.1,Bstd:26.0,StrandBias:0.8,Multiplicity:1.04
0.046	0.900	0.053	0.001
0.902	0.096	0.001	0.001
0.682	0.063	0.089	0.166
0.053	0.815	0.063	0.069
0.001	0.001	0.001	0.997
0.069	0.001	0.049	0.881
0.068	0.001	0.930	0.001
0.936	0.001	0.062	0.001
>GTTAGTGC	2-GTTAGTGC	7.470551	-15.904842	0	T:12.0(9.68%),B:41.0(1.33%),P:1e-6	Tpos:56.6,Tstd:20.5,Bpos:51.9,Bstd:27.0,StrandBias:-0.2,Multiplicity:1.25
0.001	0.001	0.955	0.043
0.101	0.156	0.001	0.742
0.060	0.213	0.037	0.690
0.919	0.001	0.079	0.001
0.001	0.001	0.997	0.001
0.001	0.001	0.001	0.997
0.101	0.001	0.882	0.016
0.001	0.887	0.068	0.044
>AACGKAGT	3-AACGKAGT	2.840546	-13.396584	0	T:19.0(15.32%),B:132.0(4.28%),P:1e-5	Tpos:54.6,Tstd:25.4,Bpos:50.8,Bstd:25.9,StrandBias:-0.8,Multiplicity:1.05
0.997	0.001	0.001	0.001
0.997	0.001	0.001	0.001
0.001	0.997	0.001	0.001
0.001	0.001	0.665	0.333
0.001	0.001	0.526	0.472
0.562	0.001	0.310	0.127
0.001	0.001	0.997	0.001
0.001	0.001	0.001	0.997
>GACATAGT	4-GACATAGT	7.207825	-12.094233	0	T:18.0(14.52%),B:131.0(4.25%),P:1e-5	Tpos:59.7,Tstd:18.4,Bpos:46.6,Bstd:29.9,StrandBias:0.7,Multiplicity:1.17
0.001	0.137	0.861	0.001
0.847	0.086	0.001	0.066
0.106	0.892	0.001	0.001
0.855	0.143	0.001	0.001
0.050	0.193	0.054	0.703
0.945	0.001	0.001	0.053
0.001	0.001	0.997	0.001
0.001	0.001	0.001	0.997
>KGCASTGC	5-KGCASTGC	8.516642	-11.461917	0	T:6.0(4.84%),B:12.0(0.39%),P:1e-4	Tpos:59.4,Tstd:23.8,Bpos:50.0,Bstd:29.1,StrandBias:1.7,Multiplicity:2.17
0.001	0.093	0.474	0.432
0.008	0.019	0.971	0.002
0.037	0.874	0.001	0.088
0.901	0.093	0.005	0.001
0.100	0.430	0.468	0.002
0.001	0.274	0.001	0.724
0.003	0.001	0.877	0.119
0.062	0.708	0.229	0.001
>GCATCCAT	6-GCATCCAT	7.943527	-9.434119	0	T:11.0(8.87%),B:66.0(2.14%),P:1e-4	Tpos:42.1,Tstd:21.7,Bpos:54.3,Bstd:23.3,StrandBias:1.3,Multiplicity:1.27
0.001	0.138	0.860	0.001
0.001	0.746	0.001	0.252
0.995	0.001	0.003	0.001
0.001	0.001	0.001	0.997
0.281	0.717	0.001	0.001
0.001	0.717	0.001	0.281
0.858	0.001	0.140	0.001
0.001	0.001	0.001	0.997
>AGGGTTAG	7-AGGGTTAG	6.420076	-5.649228	0	T:6.0(4.84%),B:36.0(1.17%),P:1e-2	Tpos:38.0,Tstd:22.1,Bpos:48.2,Bstd:26.9,StrandBias:2.8,Multiplicity:2.67
0.661	0.337	0.001	0.001
0.001	0.168	0.830	0.001
0.001	0.001	0.997	0.001
0.001	0.001	0.997	0.001
0.001	0.001	0.001	0.997
0.001	0.001	0.001	0.997
0.830	0.001	0.001	0.168
0.001	0.001	0.997	0.001
>TTGGGGTT	8-TTGGGGTT	8.236954	-4.459054	0	T:2.0(1.61%),B:4.0(0.13%),P:1e-1	Tpos:80.8,Tstd:14.9,Bpos:29.5,Bstd:20.5,StrandBias:1.6,Multiplicity:2.00
0.100	0.100	0.100	0.700
0.100	0.100	0.100	0.700
0.100	0.100	0.700	0.100
0.100	0.100	0.700	0.100
0.100	0.100	0.700	0.100
0.100	0.100	0.700	0.100
0.100	0.100	0.100	0.700
0.100	0.100	0.100	0.700
