>TCCATCTC	1-TCCATCTC	8.236954	-11.272319	0	T:6.0(3.95%),B:10.0(0.33%),P:1e-4	Tpos:57.5,Tstd:13.2,Bpos:49.1,Bstd:31.6,StrandBias:2.3,Multiplicity:1.00
0.100	0.100	0.100	0.700
0.100	0.700	0.100	0.100
0.100	0.700	0.100	0.100
0.700	0.100	0.100	0.100
0.100	0.100	0.100	0.700
0.100	0.700	0.100	0.100
0.100	0.100	0.100	0.700
0.100	0.700	0.100	0.100
>TCCTACTA	2-TCCTACTA	7.632675	-8.719734	0	T:10.0(6.58%),B:48.0(1.57%),P:1e-3	Tpos:54.4,Tstd:18.5,Bpos:50.6,Bstd:26.2,StrandBias:-0.6,Multiplicity:1.30
0.001	0.335	0.030	0.634
0.001	0.997	0.001	0.001
0.017	0.981	0.001	0.001
0.001	0.001	0.001	0.997
0.887	0.001	0.103	0.009
0.150	0.654	0.195	0.001
0.107	0.001	0.001	0.891
0.849	0.149	0.001	0.001
>CTATCTAT	3-CTATCTAT	4.962873	-7.129398	0	T:25.0(16.45%),B:254.0(8.32%),P:1e-3	Tpos:53.8,Tstd:27.2,Bpos:53.0,Bstd:25.9,StrandBias:0.9,Multiplicity:1.96
0.001	0.870	0.076	0.053
0.352	0.001	0.001	0.646
0.997	0.001	0.001	0.001
0.001	0.053	0.001	0.945
0.001	0.763	0.034	0.202
0.295	0.075	0.001	0.629
0.980	0.001	0.001	0.018
0.001	0.001	0.001	0.997
>AGGCTAGG	4-AGGCTAGG	8.244463	-6.620691	0	T:12.0(7.89%),B:86.0(2.82%),P:1e-2	Tpos:49.0,Tstd:23.5,Bpos:46.8,Bstd:27.3,StrandBias:-1.4,Multiplicity:1.67
0.887	0.111	0.001	0.001
0.001	0.001	0.997	0.001
0.170	0.294	0.535	0.001
0.332	0.666	0.001	0.001
0.001	0.001	0.001	0.997
0.812	0.001	0.186	0.001
0.001	0.001	0.997	0.001
0.001	0.001	0.997	0.001
>CGCGCGCG	5-CGCGCGCG	8.236954	-2.355915	0	T:1.0(0.66%),B:2.0(0.07%),P:1e-1	Tpos:72.5,Tstd:4.6,Bpos:83.0,Bstd:18.2,StrandBias:0.0,Multiplicity:1.00
0.100	0.700	0.100	0.100
0.100	0.100	0.700	0.100
0.100	0.700	0.100	0.100
0.100	0.100	0.700	0.100
0.100	0.700	0.100	0.100
0.100	0.100	0.700	0.100
0.100	0.700	0.100	0.100
0.100	0.100	0.700	0.100
