>GGTCTACCCAGG	1-GGTCTACCCAGG	10.645715	-22.125918	0	T:8.0(5.26%),B:5.0(0.16%),P:1e-9	Tpos:58.0,Tstd:22.3,Bpos:35.2,Bstd:22.7,StrandBias:1.8,Multiplicity:1.12
0.124	0.001	0.874	0.001
0.001	0.001	0.997	0.001
0.001	0.125	0.250	0.624
0.001	0.874	0.001	0.124
0.001	0.124	0.001	0.874
0.749	0.125	0.001	0.125
0.001	0.874	0.124	0.001
0.249	0.749	0.001	0.001
0.125	0.749	0.125	0.001
0.997	0.001	0.001	0.001
0.001	0.001	0.997	0.001
0.001	0.124	0.874	0.001
>ATGTAAGGGTTG	2-ATGTAAGGGTTG	8.737814	-19.894045	0	T:5.0(3.29%),B:1.0(0.03%),P:1e-8	Tpos:42.6,Tstd:17.0,Bpos:51.0,Bstd:0.0,StrandBias:-2.0,Multiplicity:1.00
0.997	0.001	0.001	0.001
0.061	0.001	0.001	0.937
0.001	0.001	0.997	0.001
0.001	0.001	0.061	0.937
0.751	0.247	0.001	0.001
0.997	0.001	0.001	0.001
0.001	0.247	0.751	0.001
0.124	0.001	0.813	0.062
0.001	0.001	0.997	0.001
0.001	0.001	0.001	0.997
0.001	0.001	0.001	0.997
0.061	0.001	0.937	0.001
>CAGTGGCAGGGC	3-CAGTGGCAGGGC	14.640156	-15.256587	0	T:4.0(2.63%),B:0.0(0.00%),P:1e-6	Tpos:71.2,Tstd:21.0,Bpos:0.0,Bstd:0.0,StrandBias:0.0,Multiplicity:1.00
0.001	0.997	0.001	0.001
0.997	0.001	0.001	0.001
0.001	0.001	0.997	0.001
0.001	0.001	0.249	0.749
0.001	0.001	0.997	0.001
0.001	0.001	0.997	0.001
0.249	0.749	0.001	0.001
0.997	0.001	0.001	0.001
0.001	0.001	0.997	0.001
0.249	0.001	0.749	0.001
0.001	0.001	0.997	0.001
0.001	0.997	0.001	0.001
>TCCTTCTTGCTG	4-TCCTTCTTGCTG	14.640156	-15.256587	0	T:4.0(2.63%),B:0.0(0.00%),P:1e-6	Tpos:59.5,Tstd:13.0,Bpos:0.0,Bstd:0.0,StrandBias:0.0,Multiplicity:1.00
0.001	0.001	0.001	0.997
0.001	0.997	0.001	0.001
0.001	0.997	0.001	0.001
0.001	0.001	0.001	0.997
0.001	0.249	0.001	0.749
0.001	0.749	0.001	0.249
0.001	0.001	0.001	0.997
0.001	0.001	0.001	0.997
0.001	0.001	0.749	0.249
0.001	0.997	0.001	0.001
0.001	0.001	0.001	0.997
0.001	0.001	0.997	0.001
>AGASAGAGAGAG	5-AGASAGAGAGAG	9.715262	-2.814411	0	T:5.0(3.29%),B:42.0(1.38%),P:1e-1	Tpos:55.7,Tstd:30.8,Bpos:45.1,Bstd:23.1,StrandBias:0.4,Multiplicity:1.80
0.918	0.001	0.080	0.001
0.001	0.341	0.577	0.081
0.918	0.001	0.001	0.080
0.001	0.414	0.334	0.251
0.997	0.001	0.001	0.001
0.001	0.251	0.505	0.243
0.997	0.001	0.001	0.001
0.001	0.414	0.584	0.001
0.997	0.001	0.001	0.001
0.001	0.251	0.747	0.001
0.918	0.001	0.080	0.001
0.081	0.341	0.577	0.001
