>CTCCATTT	1-CTCCATTT	5.796721	-17.855855	0	T:30.0(19.74%),B:190.0(6.22%),P:1e-7	Tpos:56.6,Tstd:25.4,Bpos:49.7,Bstd:26.5,StrandBias:0.1,Multiplicity:1.07
0.255	0.452	0.232	0.062
0.027	0.016	0.001	0.956
0.097	0.484	0.172	0.248
0.001	0.757	0.001	0.241
0.749	0.189	0.061	0.001
0.028	0.192	0.199	0.581
0.293	0.201	0.001	0.505
0.194	0.162	0.001	0.643
>AGTTGGCA	2-AGTTGGCA	9.237242	-13.962002	0	T:7.0(4.61%),B:10.0(0.33%),P:1e-6	Tpos:57.7,Tstd:24.3,Bpos:45.1,Bstd:24.0,StrandBias:2.6,Multiplicity:1.00
0.997	0.001	0.001	0.001
0.001	0.001	0.997	0.001
0.001	0.001	0.001	0.997
0.001	0.001	0.001	0.997
0.001	0.001	0.997	0.001
0.001	0.001	0.997	0.001
0.001	0.798	0.001	0.200
0.798	0.001	0.200	0.001
>CCGTGTTA	3-CCGTGTTA	7.915968	-12.958706	0	T:10.0(6.58%),B:29.0(0.95%),P:1e-5	Tpos:58.9,Tstd:27.7,Bpos:51.8,Bstd:26.0,StrandBias:0.5,Multiplicity:1.20
0.001	0.871	0.127	0.001
0.112	0.760	0.127	0.001
0.001	0.051	0.947	0.001
0.098	0.001	0.001	0.900
0.001	0.127	0.871	0.001
0.001	0.001	0.001	0.997
0.001	0.001	0.098	0.900
0.871	0.127	0.001	0.001
>TTTTCAAT	4-TTTTCAAT	5.069455	-10.151915	0	T:32.0(21.05%),B:305.0(9.99%),P:1e-4	Tpos:45.5,Tstd:27.8,Bpos:50.8,Bstd:27.3,StrandBias:-0.3,Multiplicity:1.45
0.103	0.112	0.058	0.727
0.164	0.113	0.086	0.637
0.069	0.051	0.028	0.852
0.097	0.095	0.071	0.737
0.128	0.703	0.100	0.069
0.794	0.063	0.036	0.107
0.782	0.073	0.053	0.092
0.086	0.088	0.048	0.778
>AACCTAAC	5-AACCTAAC	8.056453	-7.095665	0	T:7.0(4.61%),B:30.0(0.98%),P:1e-3	Tpos:42.5,Tstd:23.9,Bpos:40.0,Bstd:26.8,StrandBias:-0.2,Multiplicity:1.86
0.997	0.001	0.001	0.001
0.890	0.001	0.001	0.108
0.001	0.997	0.001	0.001
0.108	0.890	0.001	0.001
0.001	0.167	0.001	0.831
0.997	0.001	0.001	0.001
0.997	0.001	0.001	0.001
0.001	0.924	0.001	0.074
>MAMAMACA	6-MAMAMACA	7.054646	-5.604964	0	T:41.0(26.97%),B:547.0(17.92%),P:1e-2	Tpos:46.0,Tstd:26.4,Bpos:48.4,Bstd:26.9,StrandBias:0.8,Multiplicity:1.71
0.444	0.441	0.001	0.114
0.716	0.282	0.001	0.001
0.419	0.422	0.157	0.001
0.997	0.001	0.001	0.001
0.523	0.475	0.001	0.001
0.997	0.001	0.001	0.001
0.001	0.997	0.001	0.001
0.997	0.001	0.001	0.001
>TGACAGAA	7-TGACAGAA	9.172202	-3.585553	0	T:3.0(1.97%),B:13.0(0.43%),P:1e-1	Tpos:42.7,Tstd:31.0,Bpos:45.5,Bstd:32.9,StrandBias:2.6,Multiplicity:2.33
0.001	0.001	0.001	0.997
0.001	0.001	0.997	0.001
0.997	0.001	0.001	0.001
0.001	0.997	0.001	0.001
0.997	0.001	0.001	0.001
0.001	0.001	0.848	0.150
0.997	0.001	0.001	0.001
0.997	0.001	0.001	0.001
