>GCTCCTGGGCTC	1-GCTCCTGGGCTC	10.058756	-24.571347	0	T:12.0(7.89%),B:15.0(0.49%),P:1e-10	Tpos:42.6,Tstd:25.1,Bpos:46.3,Bstd:23.3,StrandBias:-0.2,Multiplicity:1.08
0.001	0.001	0.997	0.001
0.096	0.902	0.001	0.001
0.016	0.097	0.097	0.790
0.001	0.709	0.193	0.097
0.001	0.997	0.001	0.001
0.193	0.001	0.001	0.805
0.097	0.001	0.709	0.193
0.097	0.001	0.805	0.097
0.001	0.193	0.805	0.001
0.001	0.805	0.097	0.097
0.001	0.001	0.096	0.902
0.097	0.805	0.001	0.097
>CCARCAGWACCC	2-CCARCAGWACCC	11.775471	-19.894045	0	T:5.0(3.29%),B:1.0(0.03%),P:1e-8	Tpos:51.1,Tstd:26.1,Bpos:11.0,Bstd:0.0,StrandBias:0.4,Multiplicity:1.40
0.231	0.462	0.249	0.058
0.056	0.942	0.001	0.001
0.768	0.001	0.001	0.230
0.534	0.001	0.464	0.001
0.230	0.768	0.001	0.001
0.997	0.001	0.001	0.001
0.001	0.001	0.997	0.001
0.537	0.001	0.001	0.461
0.997	0.001	0.001	0.001
0.292	0.463	0.014	0.231
0.001	0.997	0.001	0.001
0.001	0.997	0.001	0.001
>CTAGGARTTGDG	3-CTAGGARTTGDG	8.664194	-19.747445	0	T:18.0(11.84%),B:62.0(2.03%),P:1e-8	Tpos:56.4,Tstd:24.8,Bpos:48.0,Bstd:26.6,StrandBias:1.4,Multiplicity:1.00
0.005	0.993	0.001	0.001
0.322	0.164	0.012	0.502
0.829	0.001	0.169	0.001
0.001	0.001	0.997	0.001
0.001	0.163	0.831	0.005
0.678	0.163	0.158	0.001
0.515	0.001	0.483	0.001
0.004	0.328	0.170	0.497
0.001	0.001	0.009	0.989
0.164	0.170	0.502	0.164
0.322	0.022	0.328	0.328
0.163	0.001	0.835	0.001
>ATSMTGTGTCAT	4-ATSMTGTGTCAT	9.840617	-19.741201	0	T:9.0(5.92%),B:10.0(0.33%),P:1e-8	Tpos:47.9,Tstd:20.7,Bpos:49.9,Bstd:23.3,StrandBias:0.6,Multiplicity:1.44
0.565	0.001	0.136	0.298
0.008	0.008	0.145	0.839
0.001	0.443	0.554	0.002
0.300	0.426	0.001	0.273
0.001	0.001	0.136	0.862
0.001	0.136	0.862	0.001
0.172	0.001	0.001	0.826
0.001	0.417	0.581	0.001
0.007	0.001	0.001	0.991
0.001	0.862	0.136	0.001
0.726	0.001	0.001	0.272
0.008	0.001	0.417	0.574
>AGATCGAGAGAC	5-AGATCGAGAGAC	8.819835	-15.425908	0	T:10.0(6.58%),B:22.0(0.72%),P:1e-6	Tpos:71.3,Tstd:23.7,Bpos:44.0,Bstd:24.6,StrandBias:-1.2,Multiplicity:1.10
0.699	0.001	0.299	0.001
0.001	0.074	0.924	0.001
0.698	0.300	0.001	0.001
0.001	0.001	0.397	0.601
0.398	0.600	0.001	0.001
0.001	0.375	0.623	0.001
0.699	0.001	0.299	0.001
0.001	0.074	0.924	0.001
0.997	0.001	0.001	0.001
0.001	0.001	0.997	0.001
0.980	0.001	0.018	0.001
0.001	0.600	0.024	0.375
>GCAACTYCCATG	6-GCAACTYCCATG	11.580866	-8.805208	0	T:3.0(1.97%),B:2.0(0.07%),P:1e-3	Tpos:59.5,Tstd:20.8,Bpos:65.0,Bstd:18.0,StrandBias:10.0,Multiplicity:2.00
0.001	0.001	0.997	0.001
0.230	0.768	0.001	0.001
0.768	0.230	0.001	0.001
0.768	0.001	0.001	0.230
0.001	0.537	0.231	0.231
0.250	0.001	0.269	0.481
0.001	0.537	0.001	0.461
0.001	0.997	0.001	0.001
0.001	0.997	0.001	0.001
0.997	0.001	0.001	0.001
0.250	0.001	0.231	0.518
0.001	0.001	0.997	0.001
>ACACACACACAC	7-ACACACACACAC	11.636552	-4.915611	0	T:5.0(3.29%),B:24.0(0.79%),P:1e-2	Tpos:27.3,Tstd:22.8,Bpos:48.3,Bstd:24.9,StrandBias:2.3,Multiplicity:1.40
0.997	0.001	0.001	0.001
0.003	0.809	0.187	0.001
0.997	0.001	0.001	0.001
0.004	0.808	0.001	0.187
0.997	0.001	0.001	0.001
0.006	0.800	0.188	0.006
0.811	0.187	0.001	0.001
0.381	0.612	0.001	0.006
0.625	0.187	0.001	0.187
0.006	0.987	0.001	0.006
0.997	0.001	0.001	0.001
0.191	0.618	0.188	0.003
>RCRYGCGCRCRM	8-RCRYGCGCRCRM	12.389550	-4.600214	0	T:2.0(1.32%),B:3.0(0.10%),P:1e-1	Tpos:71.3,Tstd:13.6,Bpos:89.6,Bstd:6.2,StrandBias:0.6,Multiplicity:1.00
0.429	0.001	0.569	0.001
0.001	0.997	0.001	0.001
0.428	0.001	0.570	0.001
0.001	0.570	0.001	0.428
0.084	0.001	0.914	0.001
0.001	0.956	0.001	0.042
0.043	0.001	0.955	0.001
0.001	0.997	0.001	0.001
0.473	0.001	0.525	0.001
0.001	0.997	0.001	0.001
0.560	0.001	0.438	0.001
0.471	0.527	0.001	0.001
