>TGGAGTAGAGSG	1-TGGAGTAGAGSG	11.433162	-21.615437	0	T:7.0(5.65%),B:4.0(0.13%),P:1e-9	Tpos:55.0,Tstd:28.8,Bpos:57.0,Bstd:25.0,StrandBias:2.6,Multiplicity:1.00
0.316	0.001	0.001	0.682
0.001	0.001	0.997	0.001
0.001	0.001	0.997	0.001
0.840	0.001	0.158	0.001
0.001	0.001	0.997	0.001
0.001	0.183	0.158	0.658
0.840	0.001	0.001	0.158
0.001	0.001	0.997	0.001
0.997	0.001	0.001	0.001
0.158	0.001	0.840	0.001
0.183	0.341	0.475	0.001
0.159	0.159	0.523	0.159
>TCCCTCCCTCCH	2-TCCCTCCCTCCH	9.405514	-20.515626	0	T:11.0(8.87%),B:21.0(0.68%),P:1e-8	Tpos:54.5,Tstd:24.7,Bpos:41.4,Bstd:26.0,StrandBias:0.2,Multiplicity:1.09
0.302	0.015	0.016	0.667
0.030	0.968	0.001	0.001
0.015	0.955	0.015	0.015
0.001	0.997	0.001	0.001
0.001	0.001	0.001	0.997
0.014	0.984	0.001	0.001
0.001	0.997	0.001	0.001
0.001	0.997	0.001	0.001
0.301	0.001	0.001	0.697
0.001	0.680	0.305	0.014
0.001	0.667	0.318	0.014
0.318	0.379	0.001	0.302
>ATGGWRAGCCTG	3-ATGGWRAGCCTG	9.911357	-16.108957	0	T:4.0(3.23%),B:0.0(0.00%),P:1e-6	Tpos:47.0,Tstd:24.8,Bpos:0.0,Bstd:0.0,StrandBias:1.3,Multiplicity:1.75
0.997	0.001	0.001	0.001
0.001	0.001	0.001	0.997
0.001	0.001	0.997	0.001
0.001	0.001	0.997	0.001
0.432	0.001	0.001	0.566
0.566	0.001	0.432	0.001
0.997	0.001	0.001	0.001
0.001	0.133	0.865	0.001
0.069	0.929	0.001	0.001
0.001	0.997	0.001	0.001
0.001	0.001	0.001	0.997
0.001	0.031	0.967	0.001
>CWCAGSAGGMKC	4-CWCAGSAGGMKC	13.794513	-9.433668	0	T:3.0(2.42%),B:2.0(0.06%),P:1e-4	Tpos:45.3,Tstd:28.3,Bpos:20.0,Bstd:8.0,StrandBias:2.3,Multiplicity:2.00
0.001	0.997	0.001	0.001
0.566	0.001	0.001	0.432
0.001	0.997	0.001	0.001
0.997	0.001	0.001	0.001
0.001	0.001	0.997	0.001
0.001	0.566	0.432	0.001
0.997	0.001	0.001	0.001
0.001	0.001	0.997	0.001
0.001	0.001	0.997	0.001
0.566	0.432	0.001	0.001
0.001	0.001	0.432	0.566
0.001	0.997	0.001	0.001
>ATAAACAATTGT	5-ATAAACAATTGT	2.197429	-3.607665	0	T:4.0(3.23%),B:28.0(0.91%),P:1e-1	Tpos:29.9,Tstd:11.4,Bpos:51.9,Bstd:22.6,StrandBias:0.0,Multiplicity:1.50
0.763	0.001	0.001	0.235
0.001	0.001	0.001	0.997
0.764	0.059	0.118	0.059
0.997	0.001	0.001	0.001
0.997	0.001	0.001	0.001
0.001	0.997	0.001	0.001
0.997	0.001	0.001	0.001
0.997	0.001	0.001	0.001
0.001	0.001	0.001	0.997
0.001	0.001	0.001	0.997
0.001	0.001	0.940	0.058
0.001	0.001	0.001	0.997
