>GCAGACCA	1-GCAGACCA	7.126374	-21.550885	0	T:26.0(17.11%),B:122.0(4.00%),P:1e-9	Tpos:44.5,Tstd:26.4,Bpos:49.9,Bstd:27.0,StrandBias:0.7,Multiplicity:1.00
0.001	0.001	0.997	0.001
0.001	0.636	0.078	0.285
0.997	0.001	0.001	0.001
0.001	0.001	0.935	0.063
0.958	0.014	0.001	0.027
0.047	0.805	0.091	0.057
0.030	0.968	0.001	0.001
0.737	0.089	0.127	0.047
>ATCCGGCT	2-ATCCGGCT	7.981140	-12.529645	0	T:6.0(3.95%),B:8.0(0.26%),P:1e-5	Tpos:57.7,Tstd:29.6,Bpos:30.4,Bstd:20.5,StrandBias:1.0,Multiplicity:1.00
0.997	0.001	0.001	0.001
0.001	0.001	0.001	0.997
0.001	0.997	0.001	0.001
0.001	0.997	0.001	0.001
0.001	0.001	0.997	0.001
0.001	0.247	0.751	0.001
0.001	0.997	0.001	0.001
0.001	0.184	0.001	0.814
>CGACCGCT	3-CGACCGCT	7.604146	-10.178045	0	T:7.0(4.61%),B:18.0(0.59%),P:1e-4	Tpos:58.0,Tstd:25.6,Bpos:57.5,Bstd:23.1,StrandBias:-0.8,Multiplicity:1.57
0.163	0.673	0.001	0.163
0.001	0.001	0.997	0.001
0.835	0.001	0.001	0.163
0.001	0.835	0.001	0.163
0.127	0.709	0.001	0.163
0.163	0.001	0.619	0.217
0.001	0.997	0.001	0.001
0.163	0.001	0.001	0.835
>AATACTAG	4-AATACTAG	8.732776	-9.042897	0	T:6.0(3.95%),B:15.0(0.49%),P:1e-3	Tpos:50.2,Tstd:25.4,Bpos:70.0,Bstd:19.6,StrandBias:1.2,Multiplicity:1.67
0.819	0.001	0.001	0.179
0.997	0.001	0.001	0.001
0.001	0.001	0.001	0.997
0.844	0.001	0.154	0.001
0.001	0.997	0.001	0.001
0.139	0.001	0.001	0.859
0.997	0.001	0.001	0.001
0.001	0.001	0.997	0.001
>CTGYTGCG	5-CTGYTGCG	7.921675	-7.908270	0	T:5.0(3.29%),B:12.0(0.39%),P:1e-3	Tpos:47.6,Tstd:20.2,Bpos:55.7,Bstd:23.3,StrandBias:1.6,Multiplicity:1.60
0.001	0.889	0.109	0.001
0.001	0.001	0.001	0.997
0.001	0.369	0.629	0.001
0.001	0.473	0.001	0.525
0.001	0.001	0.145	0.853
0.001	0.001	0.997	0.001
0.001	0.997	0.001	0.001
0.001	0.001	0.997	0.001
>TATAGCAA	6-TATAGCAA	10.660991	-7.704351	0	T:4.0(2.63%),B:7.0(0.23%),P:1e-3	Tpos:48.6,Tstd:24.6,Bpos:36.3,Bstd:18.8,StrandBias:-0.6,Multiplicity:1.25
0.001	0.001	0.001	0.997
0.871	0.001	0.001	0.127
0.001	0.001	0.001	0.997
0.997	0.001	0.001	0.001
0.001	0.001	0.871	0.127
0.001	0.871	0.001	0.127
0.997	0.001	0.001	0.001
0.997	0.001	0.001	0.001
>AAAAAAAA	7-AAAAAAAA	8.869723	-1.626484	0	T:8.0(5.26%),B:112.0(3.67%),P:1e0	Tpos:33.3,Tstd:16.9,Bpos:51.1,Bstd:27.8,StrandBias:1.4,Multiplicity:1.00
0.997	0.001	0.001	0.001
0.997	0.001	0.001	0.001
0.997	0.001	0.001	0.001
0.883	0.001	0.115	0.001
0.997	0.001	0.001	0.001
0.961	0.001	0.001	0.037
0.997	0.001	0.001	0.001
0.997	0.001	0.001	0.001
