>TCACTTGAAT	1-TCACTTGAAT	11.490573	-20.964946	0	T:5.0(4.03%),B:1.0(0.03%),P:1e-9	Tpos:42.8,Tstd:18.9,Bpos:74.0,Bstd:0.0,StrandBias:0.6,Multiplicity:1.00
0.001	0.001	0.199	0.799
0.001	0.997	0.001	0.001
0.997	0.001	0.001	0.001
0.001	0.799	0.001	0.199
0.001	0.001	0.001	0.997
0.001	0.001	0.001	0.997
0.001	0.001	0.997	0.001
0.997	0.001	0.001	0.001
0.997	0.001	0.001	0.001
0.001	0.200	0.200	0.599
>AACCTGTTTT	2-AACCTGTTTT	11.124751	-16.896118	0	T:7.0(5.65%),B:8.0(0.26%),P:1e-7	Tpos:50.0,Tstd:29.5,Bpos:49.8,Bstd:22.9,StrandBias:-0.4,Multiplicity:1.00
0.997	0.001	0.001	0.001
0.608	0.152	0.120	0.120
0.001	0.847	0.151	0.001
0.001	0.997	0.001	0.001
0.001	0.001	0.001	0.997
0.001	0.001	0.997	0.001
0.151	0.001	0.001	0.847
0.001	0.001	0.001	0.997
0.001	0.151	0.001	0.847
0.001	0.001	0.001	0.997
>TTAATTAGCC	3-TTAATTAGCC	6.304613	-15.536174	0	T:5.0(4.03%),B:3.0(0.10%),P:1e-6	Tpos:41.2,Tstd:29.6,Bpos:48.0,Bstd:31.5,StrandBias:2.0,Multiplicity:1.00
0.145	0.138	0.131	0.586
0.138	0.127	0.149	0.586
0.601	0.149	0.108	0.142
0.582	0.157	0.127	0.134
0.161	0.111	0.168	0.560
0.131	0.123	0.149	0.597
0.638	0.060	0.127	0.175
0.142	0.108	0.608	0.142
0.112	0.638	0.101	0.149
0.175	0.605	0.049	0.171
>ATCAGCTTTC	4-ATCAGCTTTC	8.916969	-9.433668	0	T:3.0(2.42%),B:2.0(0.06%),P:1e-4	Tpos:43.1,Tstd:24.7,Bpos:25.0,Bstd:3.0,StrandBias:10.0,Multiplicity:2.67
0.997	0.001	0.001	0.001
0.001	0.001	0.001	0.997
0.001	0.997	0.001	0.001
0.997	0.001	0.001	0.001
0.001	0.001	0.997	0.001
0.001	0.997	0.001	0.001
0.001	0.001	0.001	0.997
0.204	0.001	0.031	0.764
0.001	0.001	0.235	0.763
0.001	0.997	0.001	0.001
>CACAACACAA	5-CACAACACAA	11.139255	-9.296045	0	T:5.0(4.03%),B:11.0(0.36%),P:1e-4	Tpos:50.1,Tstd:29.7,Bpos:55.8,Bstd:27.6,StrandBias:2.8,Multiplicity:1.60
0.141	0.857	0.001	0.001
0.997	0.001	0.001	0.001
0.001	0.997	0.001	0.001
0.820	0.178	0.001	0.001
0.997	0.001	0.001	0.001
0.001	0.820	0.001	0.178
0.997	0.001	0.001	0.001
0.001	0.857	0.141	0.001
0.820	0.178	0.001	0.001
0.997	0.001	0.001	0.001
>CAGTCTTGTA	6-CAGTCTTGTA	11.276337	-8.246600	0	T:3.0(2.42%),B:3.0(0.10%),P:1e-3	Tpos:60.0,Tstd:23.4,Bpos:39.3,Bstd:21.3,StrandBias:-2.3,Multiplicity:2.00
0.001	0.997	0.001	0.001
0.997	0.001	0.001	0.001
0.166	0.001	0.832	0.001
0.001	0.001	0.166	0.832
0.001	0.832	0.001	0.166
0.001	0.001	0.001	0.997
0.001	0.001	0.001	0.997
0.001	0.001	0.997	0.001
0.001	0.001	0.001	0.997
0.667	0.166	0.001	0.166
