>GCTGTTATCAGG	1-GCTGTTATCAGG	12.006778	-16.468380	0	T:5.0(3.29%),B:2.0(0.07%),P:1e-7	Tpos:41.8,Tstd:23.7,Bpos:29.5,Bstd:4.5,StrandBias:-1.2,Multiplicity:2.00
0.001	0.001	0.699	0.299
0.001	0.997	0.001	0.001
0.001	0.001	0.001	0.997
0.001	0.001	0.997	0.001
0.001	0.001	0.001	0.997
0.001	0.001	0.299	0.699
0.913	0.001	0.085	0.001
0.001	0.001	0.299	0.699
0.001	0.699	0.299	0.001
0.699	0.001	0.001	0.299
0.001	0.001	0.997	0.001
0.299	0.001	0.699	0.001
>GAAAAAAAGGAA	2-GAAAAAAAGGAA	10.627960	-16.468380	0	T:5.0(3.29%),B:2.0(0.07%),P:1e-7	Tpos:47.0,Tstd:14.9,Bpos:48.5,Bstd:15.5,StrandBias:2.8,Multiplicity:1.20
0.001	0.001	0.997	0.001
0.799	0.001	0.199	0.001
0.997	0.001	0.001	0.001
0.997	0.001	0.001	0.001
0.799	0.199	0.001	0.001
0.997	0.001	0.001	0.001
0.997	0.001	0.001	0.001
0.799	0.001	0.199	0.001
0.399	0.001	0.599	0.001
0.001	0.001	0.997	0.001
0.799	0.001	0.199	0.001
0.997	0.001	0.001	0.001
>ACACACATATAT	3-ACACACATATAT	12.673741	-15.256587	0	T:4.0(2.63%),B:0.0(0.00%),P:1e-6	Tpos:17.6,Tstd:9.7,Bpos:0.0,Bstd:0.0,StrandBias:2.0,Multiplicity:1.25
0.699	0.001	0.001	0.299
0.001	0.997	0.001	0.001
0.997	0.001	0.001	0.001
0.001	0.997	0.001	0.001
0.699	0.001	0.001	0.299
0.001	0.666	0.300	0.033
0.997	0.001	0.001	0.001
0.300	0.033	0.001	0.666
0.699	0.001	0.299	0.001
0.299	0.001	0.001	0.699
0.997	0.001	0.001	0.001
0.001	0.001	0.001	0.997
>GGRASCCMAGCA	4-GGRASCCMAGCA	7.800695	-9.961959	0	T:9.0(5.92%),B:33.0(1.08%),P:1e-4	Tpos:52.1,Tstd:27.7,Bpos:45.3,Bstd:21.5,StrandBias:0.2,Multiplicity:1.44
0.001	0.001	0.997	0.001
0.001	0.001	0.882	0.116
0.377	0.001	0.505	0.117
0.648	0.001	0.350	0.001
0.001	0.493	0.505	0.001
0.001	0.882	0.116	0.001
0.001	0.997	0.001	0.001
0.389	0.494	0.117	0.001
0.997	0.001	0.001	0.001
0.001	0.001	0.997	0.001
0.234	0.416	0.234	0.117
0.765	0.233	0.001	0.001
>CTTGTAGGAGGT	5-CTTGTAGGAGGT	8.590830	-8.087393	0	T:10.0(6.58%),B:52.0(1.70%),P:1e-3	Tpos:56.1,Tstd:18.1,Bpos:53.0,Bstd:26.3,StrandBias:-0.5,Multiplicity:1.50
0.001	0.883	0.115	0.001
0.333	0.001	0.001	0.665
0.001	0.001	0.336	0.662
0.086	0.082	0.831	0.001
0.001	0.082	0.213	0.704
0.707	0.001	0.176	0.116
0.001	0.086	0.910	0.003
0.086	0.001	0.629	0.284
0.666	0.251	0.001	0.082
0.247	0.082	0.670	0.001
0.001	0.007	0.712	0.280
0.284	0.086	0.005	0.625
