>CAAATGCG	1-CAAATGCG	8.521370	-18.925500	0	T:9.0(5.92%),B:11.0(0.36%),P:1e-8	Tpos:55.6,Tstd:30.0,Bpos:56.2,Bstd:25.8,StrandBias:-1.8,Multiplicity:1.00
0.296	0.702	0.001	0.001
0.997	0.001	0.001	0.001
0.997	0.001	0.001	0.001
0.618	0.001	0.380	0.001
0.001	0.001	0.001	0.997
0.001	0.001	0.997	0.001
0.001	0.592	0.406	0.001
0.001	0.311	0.491	0.197
>CTAATYCC	2-CTAATYCC	6.530419	-17.875524	0	T:17.0(11.18%),B:62.0(2.03%),P:1e-7	Tpos:50.8,Tstd:26.2,Bpos:51.1,Bstd:26.6,StrandBias:-0.8,Multiplicity:1.12
0.025	0.736	0.140	0.099
0.184	0.104	0.002	0.710
0.680	0.263	0.006	0.051
0.775	0.094	0.130	0.001
0.128	0.235	0.163	0.474
0.040	0.507	0.055	0.398
0.041	0.742	0.080	0.137
0.075	0.789	0.055	0.081
>CATGCAGT	3-CATGCAGT	9.484577	-12.421875	0	T:8.0(5.26%),B:18.0(0.59%),P:1e-5	Tpos:46.1,Tstd:30.5,Bpos:45.1,Bstd:27.3,StrandBias:-0.3,Multiplicity:1.12
0.001	0.997	0.001	0.001
0.997	0.001	0.001	0.001
0.001	0.001	0.001	0.997
0.001	0.001	0.997	0.001
0.205	0.692	0.001	0.102
0.997	0.001	0.001	0.001
0.001	0.001	0.997	0.001
0.001	0.001	0.001	0.997
>CTAGCTGA	4-CTAGCTGA	8.662335	-10.085573	0	T:8.0(5.26%),B:25.0(0.82%),P:1e-4	Tpos:46.8,Tstd:27.9,Bpos:54.4,Bstd:27.1,StrandBias:-1.6,Multiplicity:1.71
0.126	0.872	0.001	0.001
0.001	0.001	0.001	0.997
0.997	0.001	0.001	0.001
0.001	0.001	0.895	0.103
0.001	0.997	0.001	0.001
0.001	0.001	0.001	0.997
0.001	0.001	0.997	0.001
0.997	0.001	0.001	0.001
>CACCCTAT	5-CACCCTAT	8.236954	-8.805208	0	T:3.0(1.97%),B:2.0(0.07%),P:1e-3	Tpos:70.2,Tstd:19.7,Bpos:69.0,Bstd:21.0,StrandBias:-1.6,Multiplicity:1.33
0.100	0.700	0.100	0.100
0.700	0.100	0.100	0.100
0.100	0.700	0.100	0.100
0.100	0.700	0.100	0.100
0.100	0.700	0.100	0.100
0.100	0.100	0.100	0.700
0.700	0.100	0.100	0.100
0.100	0.100	0.100	0.700
>GTGTGGCC	6-GTGTGGCC	7.922767	-8.545314	0	T:12.0(7.89%),B:69.0(2.26%),P:1e-3	Tpos:50.3,Tstd:25.4,Bpos:51.4,Bstd:24.4,StrandBias:2.4,Multiplicity:1.58
0.001	0.001	0.997	0.001
0.001	0.001	0.001	0.997
0.001	0.001	0.997	0.001
0.001	0.001	0.001	0.997
0.146	0.001	0.810	0.043
0.001	0.001	0.997	0.001
0.001	0.997	0.001	0.001
0.001	0.997	0.001	0.001
>CTATCTAT	7-CTATCTAT	4.652957	-7.608336	0	T:35.0(23.03%),B:397.0(13.00%),P:1e-3	Tpos:48.6,Tstd:26.1,Bpos:49.8,Bstd:26.9,StrandBias:0.7,Multiplicity:1.89
0.072	0.732	0.195	0.001
0.001	0.023	0.001	0.975
0.882	0.032	0.062	0.024
0.072	0.047	0.001	0.880
0.001	0.812	0.186	0.001
0.046	0.001	0.001	0.952
0.972	0.026	0.001	0.001
0.047	0.047	0.001	0.905
>ATRTTGTA	8-ATRTTGTA	5.839154	-6.799581	0	T:25.0(16.45%),B:260.0(8.52%),P:1e-2	Tpos:50.5,Tstd:27.1,Bpos:51.9,Bstd:25.7,StrandBias:1.0,Multiplicity:1.50
0.885	0.072	0.001	0.042
0.067	0.067	0.072	0.794
0.538	0.001	0.394	0.067
0.001	0.170	0.265	0.564
0.072	0.072	0.201	0.655
0.071	0.001	0.927	0.001
0.001	0.071	0.001	0.927
0.733	0.145	0.080	0.042
