>TGTGAGACATGC	1-TGTGAGACATGC	9.482629	-27.744319	0	T:14.0(16.09%),B:1626.5(1.09%),P:1e-12,FDR:0.2	Tpos:46.0,Tstd:26.0,Bpos:49.4,Bstd:37.3,StrandBias:-0.2,Multiplicity:1.00
0.324	0.001	0.001	0.674
0.001	0.001	0.684	0.314
0.033	0.001	0.070	0.896
0.001	0.001	0.997	0.001
0.746	0.001	0.001	0.252
0.001	0.001	0.909	0.089
0.729	0.001	0.180	0.090
0.090	0.758	0.151	0.001
0.659	0.180	0.001	0.160
0.114	0.001	0.367	0.518
0.068	0.001	0.714	0.217
0.128	0.722	0.071	0.079
>AATGGCTCAAMG	2-AATGGCTCAAMG	9.670823	-22.514024	0	T:8.0(9.20%),B:412.6(0.28%),P:1e-9,FDR:0.3	Tpos:58.0,Tstd:29.4,Bpos:49.1,Bstd:35.5,StrandBias:0.0,Multiplicity:1.00
0.670	0.238	0.091	0.001
0.863	0.001	0.135	0.001
0.200	0.001	0.001	0.798
0.270	0.001	0.728	0.001
0.135	0.001	0.729	0.135
0.001	0.593	0.271	0.135
0.135	0.001	0.001	0.863
0.001	0.997	0.001	0.001
0.896	0.102	0.001	0.001
0.613	0.001	0.251	0.135
0.386	0.522	0.001	0.091
0.135	0.103	0.761	0.001
>TAACCAATCAGA	3-TAACCAATCAGA	8.002037	-17.180888	0	T:15.0(17.24%),B:4344.6(2.92%),P:1e-7,FDR:0.466666666666667	Tpos:54.0,Tstd:24.3,Bpos:50.6,Bstd:36.3,StrandBias:-0.3,Multiplicity:1.33
0.115	0.177	0.001	0.707
0.769	0.229	0.001	0.001
0.713	0.001	0.193	0.093
0.001	0.790	0.001	0.208
0.093	0.905	0.001	0.001
0.791	0.115	0.001	0.093
0.594	0.290	0.115	0.001
0.001	0.001	0.001	0.997
0.001	0.803	0.195	0.001
0.582	0.073	0.115	0.230
0.001	0.077	0.921	0.001
0.443	0.038	0.282	0.237
>GTGCCACCAACT	4-GTGCCACCAACT	12.232859	-12.011367	0	T:2.0(2.30%),B:6.4(0.00%),P:1e-5,FDR:0.6	Tpos:49.0,Tstd:2.0,Bpos:38.6,Bstd:43.4,StrandBias:10.0,Multiplicity:1.00
0.001	0.001	0.997	0.001
0.001	0.001	0.001	0.997
0.001	0.001	0.997	0.001
0.001	0.881	0.001	0.117
0.001	0.881	0.117	0.001
0.919	0.001	0.079	0.001
0.001	0.997	0.001	0.001
0.001	0.997	0.001	0.001
0.997	0.001	0.001	0.001
0.997	0.001	0.001	0.001
0.001	0.997	0.001	0.001
0.001	0.001	0.001	0.997
>AAAAAAAAAAAA	5-AAAAAAAAAAAA	12.418852	-11.430203	0	T:6.0(6.90%),B:838.0(0.56%),P:1e-4,FDR:0.6	Tpos:39.8,Tstd:18.8,Bpos:53.6,Bstd:29.7,StrandBias:0.7,Multiplicity:1.00
0.928	0.033	0.038	0.001
0.961	0.001	0.037	0.001
0.962	0.036	0.001	0.001
0.970	0.028	0.001	0.001
0.974	0.024	0.001	0.001
0.978	0.020	0.001	0.001
0.979	0.019	0.001	0.001
0.997	0.001	0.001	0.001
0.931	0.029	0.039	0.001
0.924	0.033	0.042	0.001
0.927	0.037	0.035	0.001
0.970	0.001	0.028	0.001
>GGCCAACTGGAA	6-GGCCAACTGGAA	12.673261	-11.201580	0	T:2.0(2.30%),B:9.9(0.01%),P:1e-4,FDR:0.6	Tpos:68.8,Tstd:30.2,Bpos:46.0,Bstd:24.4,StrandBias:1.6,Multiplicity:2.00
0.001	0.001	0.997	0.001
0.001	0.001	0.997	0.001
0.001	0.997	0.001	0.001
0.001	0.997	0.001	0.001
0.997	0.001	0.001	0.001
0.997	0.001	0.001	0.001
0.001	0.997	0.001	0.001
0.001	0.001	0.001	0.997
0.001	0.001	0.997	0.001
0.001	0.001	0.858	0.140
0.858	0.001	0.140	0.001
0.997	0.001	0.001	0.001
>TGTGGCCCACTT	7-TGTGGCCCACTT	16.352091	-7.444235	0	T:1.0(1.15%),B:0.0(0.00%),P:1e-3,FDR:0.6	Tpos:34.0,Tstd:0.0,Bpos:0.0,Bstd:0.0,StrandBias:10.0,Multiplicity:1.00
0.001	0.001	0.001	0.997
0.001	0.001	0.997	0.001
0.001	0.001	0.001	0.997
0.001	0.001	0.997	0.001
0.001	0.001	0.997	0.001
0.001	0.997	0.001	0.001
0.001	0.997	0.001	0.001
0.117	0.881	0.001	0.001
0.997	0.001	0.001	0.001
0.001	0.997	0.001	0.001
0.001	0.001	0.001	0.997
0.001	0.001	0.117	0.881
>GCTTTGTTCTGT	8-GCTTTGTTCTGT	15.122272	-6.346201	0	T:1.0(1.15%),B:3.8(0.00%),P:1e-2,FDR:0.65	Tpos:70.0,Tstd:0.0,Bpos:19.3,Bstd:6.8,StrandBias:10.0,Multiplicity:1.00
0.001	0.046	0.944	0.009
0.001	0.704	0.001	0.294
0.001	0.001	0.001	0.997
0.001	0.001	0.001	0.997
0.041	0.001	0.001	0.957
0.001	0.001	0.910	0.088
0.001	0.001	0.001	0.997
0.001	0.001	0.001	0.997
0.042	0.704	0.001	0.253
0.001	0.001	0.001	0.997
0.046	0.001	0.763	0.190
0.001	0.001	0.279	0.719
