>CCATGCCTCC	1-CCATGCCTCC	8.460808	-15.725357	0	T:6.0(60.00%),B:76.0(3.04%),P:1e-6	Tpos:56.9,Tstd:18.1,Bpos:51.4,Bstd:25.3,StrandBias:1.6,Multiplicity:1.33
0.001	0.987	0.001	0.011
0.246	0.752	0.001	0.001
0.743	0.255	0.001	0.001
0.246	0.001	0.001	0.752
0.001	0.001	0.997	0.001
0.246	0.528	0.225	0.001
0.246	0.538	0.215	0.001
0.001	0.001	0.001	0.997
0.001	0.752	0.246	0.001
0.001	0.997	0.001	0.001
>ATGGCCTTAT	2-ATGGCCTTAT	10.296193	-5.524458	0	T:1.0(10.00%),B:1.0(0.04%),P:1e-2	Tpos:78.0,Tstd:0.0,Bpos:19.0,Bstd:0.0,StrandBias:10.0,Multiplicity:1.00
0.700	0.100	0.100	0.100
0.100	0.100	0.100	0.700
0.100	0.100	0.700	0.100
0.100	0.100	0.700	0.100
0.100	0.700	0.100	0.100
0.100	0.700	0.100	0.100
0.100	0.100	0.100	0.700
0.100	0.100	0.100	0.700
0.700	0.100	0.100	0.100
0.100	0.100	0.100	0.700
>GKMCWGSTTW	3-GKMCWGSTTW	8.674786	-5.309709	0	T:2.0(20.00%),B:27.0(1.08%),P:1e-2	Tpos:36.0,Tstd:18.2,Bpos:47.1,Bstd:29.9,StrandBias:-1.0,Multiplicity:1.50
0.001	0.001	0.997	0.001
0.001	0.001	0.458	0.540
0.458	0.458	0.082	0.001
0.001	0.997	0.001	0.001
0.458	0.001	0.001	0.540
0.001	0.001	0.997	0.001
0.001	0.540	0.458	0.001
0.001	0.001	0.001	0.997
0.001	0.001	0.069	0.929
0.458	0.070	0.001	0.471
>TYCARTAAGG	4-TYCARTAAGG	12.448608	-4.833108	0	T:1.0(10.00%),B:2.0(0.08%),P:1e-2	Tpos:54.2,Tstd:22.0,Bpos:37.5,Bstd:18.5,StrandBias:10.0,Multiplicity:4.00
0.001	0.001	0.001	0.997
0.001	0.499	0.001	0.499
0.001	0.997	0.001	0.001
0.997	0.001	0.001	0.001
0.499	0.001	0.499	0.001
0.001	0.001	0.001	0.997
0.997	0.001	0.001	0.001
0.997	0.001	0.001	0.001
0.001	0.001	0.997	0.001
0.001	0.001	0.997	0.001
>TTAGTCCTTG	5-TTAGTCCTTG	10.296193	-4.833108	0	T:1.0(10.00%),B:2.0(0.08%),P:1e-2	Tpos:13.0,Tstd:0.0,Bpos:45.0,Bstd:7.0,StrandBias:-10.0,Multiplicity:1.00
0.100	0.100	0.100	0.700
0.100	0.100	0.100	0.700
0.700	0.100	0.100	0.100
0.100	0.100	0.700	0.100
0.100	0.100	0.100	0.700
0.100	0.700	0.100	0.100
0.100	0.700	0.100	0.100
0.100	0.100	0.100	0.700
0.100	0.100	0.100	0.700
0.100	0.100	0.700	0.100
