>TGATGTCACG	1-TGATGTCACG	6.599684	-13.325557	0	T:3.0(30.00%),B:6.0(0.24%),P:1e-5	Tpos:55.5,Tstd:26.1,Bpos:72.2,Bstd:22.0,StrandBias:10.0,Multiplicity:2.67
0.001	0.001	0.001	0.997
0.001	0.001	0.997	0.001
0.997	0.001	0.001	0.001
0.001	0.001	0.001	0.997
0.001	0.001	0.997	0.001
0.001	0.001	0.001	0.997
0.001	0.846	0.001	0.152
0.997	0.001	0.001	0.001
0.001	0.997	0.001	0.001
0.001	0.152	0.846	0.001
>CTSTAGAGAV	2-CTSTAGAGAV	7.192399	-7.006336	0	T:4.0(40.00%),B:121.0(4.83%),P:1e-3	Tpos:61.8,Tstd:24.0,Bpos:46.6,Bstd:25.4,StrandBias:1.0,Multiplicity:1.00
0.001	0.997	0.001	0.001
0.122	0.263	0.001	0.614
0.122	0.367	0.389	0.122
0.001	0.001	0.244	0.754
0.736	0.001	0.141	0.122
0.001	0.244	0.754	0.001
0.877	0.001	0.001	0.121
0.122	0.001	0.755	0.122
0.877	0.121	0.001	0.001
0.244	0.267	0.367	0.122
>AACAACAABG	3-AACAACAABG	8.440894	-6.835101	0	T:3.0(30.00%),B:54.0(2.16%),P:1e-2	Tpos:58.7,Tstd:29.5,Bpos:50.2,Bstd:24.2,StrandBias:-1.0,Multiplicity:1.00
0.997	0.001	0.001	0.001
0.515	0.161	0.323	0.001
0.161	0.677	0.001	0.161
0.837	0.161	0.001	0.001
0.515	0.161	0.323	0.001
0.001	0.837	0.161	0.001
0.997	0.001	0.001	0.001
0.824	0.161	0.014	0.001
0.162	0.324	0.191	0.324
0.323	0.001	0.675	0.001
>SATGVGCCAT	4-SATGVGCCAT	8.500068	-5.524458	0	T:1.0(10.00%),B:0.0(0.00%),P:1e-2	Tpos:42.0,Tstd:8.2,Bpos:0.0,Bstd:0.0,StrandBias:10.0,Multiplicity:3.00
0.044	0.523	0.430	0.003
0.747	0.100	0.100	0.053
0.150	0.087	0.135	0.628
0.100	0.001	0.865	0.034
0.226	0.357	0.264	0.153
0.053	0.341	0.556	0.050
0.150	0.448	0.257	0.144
0.226	0.641	0.050	0.083
0.627	0.150	0.123	0.100
0.100	0.147	0.135	0.618
>GCATCTTCTC	5-GCATCTTCTC	10.296193	-4.833108	0	T:1.0(10.00%),B:2.0(0.08%),P:1e-2	Tpos:29.0,Tstd:0.0,Bpos:43.0,Bstd:30.0,StrandBias:10.0,Multiplicity:1.00
0.100	0.100	0.700	0.100
0.100	0.700	0.100	0.100
0.700	0.100	0.100	0.100
0.100	0.100	0.100	0.700
0.100	0.700	0.100	0.100
0.100	0.100	0.100	0.700
0.100	0.100	0.100	0.700
0.100	0.700	0.100	0.100
0.100	0.100	0.100	0.700
0.100	0.700	0.100	0.100
