>KCCYYRTCASYS	1-KCCYYRTCASYS	10.299699	-15.898638	0	T:3.0(50.00%),B:5.0(0.18%),P:1e-6	Tpos:33.3,Tstd:17.3,Bpos:32.4,Bstd:17.9,StrandBias:1.0,Multiplicity:1.00
0.001	0.001	0.537	0.461
0.001	0.997	0.001	0.001
0.001	0.997	0.001	0.001
0.001	0.537	0.001	0.461
0.075	0.462	0.001	0.462
0.461	0.001	0.537	0.001
0.001	0.001	0.001	0.997
0.001	0.997	0.001	0.001
0.997	0.001	0.001	0.001
0.001	0.537	0.461	0.001
0.001	0.461	0.001	0.537
0.001	0.537	0.461	0.001
>ATGCATBCTCAG	2-ATGCATBCTCAG	5.343882	-14.494921	0	T:4.0(66.67%),B:37.0(1.36%),P:1e-6	Tpos:72.8,Tstd:28.0,Bpos:47.2,Bstd:31.5,StrandBias:2.0,Multiplicity:1.25
0.997	0.001	0.001	0.001
0.001	0.001	0.367	0.631
0.001	0.001	0.683	0.315
0.367	0.631	0.001	0.001
0.683	0.001	0.001	0.315
0.001	0.001	0.001	0.997
0.001	0.316	0.316	0.367
0.001	0.997	0.001	0.001
0.001	0.001	0.001	0.997
0.001	0.683	0.315	0.001
0.683	0.001	0.001	0.315
0.367	0.001	0.631	0.001
>TGTRKKTKMSWA	3-TGTRKKTKMSWA	11.529426	-9.890346	0	T:2.0(33.33%),B:5.0(0.18%),P:1e-4	Tpos:39.5,Tstd:23.5,Bpos:35.0,Bstd:24.4,StrandBias:-10.0,Multiplicity:1.00
0.001	0.064	0.001	0.934
0.001	0.064	0.934	0.001
0.001	0.001	0.001	0.997
0.537	0.001	0.461	0.001
0.001	0.001	0.537	0.461
0.001	0.001	0.537	0.461
0.001	0.001	0.001	0.997
0.075	0.001	0.462	0.462
0.461	0.537	0.001	0.001
0.001	0.537	0.461	0.001
0.461	0.001	0.001	0.537
0.997	0.001	0.001	0.001
>GTRTSTKTGCCT	4-GTRTSTKTGCCT	14.412372	-6.115340	0	T:1.0(16.67%),B:0.0(0.00%),P:1e-2	Tpos:35.0,Tstd:0.0,Bpos:0.0,Bstd:0.0,StrandBias:-10.0,Multiplicity:1.00
0.001	0.010	0.988	0.001
0.001	0.001	0.001	0.997
0.461	0.001	0.537	0.001
0.001	0.064	0.001	0.934
0.010	0.527	0.462	0.001
0.001	0.001	0.010	0.988
0.001	0.001	0.537	0.461
0.001	0.001	0.001	0.997
0.010	0.065	0.924	0.001
0.001	0.997	0.001	0.001
0.001	0.997	0.001	0.001
0.001	0.001	0.001	0.997
>GTAGGTACCTAG	5-GTAGGTACCTAG	12.355432	-6.115340	0	T:1.0(16.67%),B:0.0(0.00%),P:1e-2	Tpos:31.0,Tstd:0.0,Bpos:0.0,Bstd:0.0,StrandBias:10.0,Multiplicity:1.00
0.100	0.100	0.700	0.100
0.100	0.100	0.100	0.700
0.700	0.100	0.100	0.100
0.100	0.100	0.700	0.100
0.100	0.100	0.700	0.100
0.100	0.100	0.100	0.700
0.700	0.100	0.100	0.100
0.100	0.700	0.100	0.100
0.100	0.700	0.100	0.100
0.100	0.100	0.100	0.700
0.700	0.100	0.100	0.100
0.100	0.100	0.700	0.100
