>CTTGGWCCAAGG	1-CTTGGWCCAAGG	10.827908	-20.723633	0	T:3.0(50.00%),B:1.0(0.04%),P:1e-9	Tpos:33.6,Tstd:29.8,Bpos:50.0,Bstd:0.0,StrandBias:0.6,Multiplicity:1.00
0.001	0.997	0.001	0.001
0.200	0.200	0.200	0.400
0.001	0.001	0.001	0.997
0.001	0.001	0.997	0.001
0.200	0.001	0.599	0.200
0.400	0.200	0.001	0.400
0.001	0.799	0.001	0.199
0.001	0.997	0.001	0.001
0.997	0.001	0.001	0.001
0.599	0.001	0.200	0.200
0.001	0.001	0.997	0.001
0.001	0.199	0.799	0.001
>CVGGAGACACAG	2-CVGGAGACACAG	10.993638	-16.567239	0	T:3.0(50.00%),B:4.0(0.15%),P:1e-7	Tpos:28.0,Tstd:15.6,Bpos:59.5,Bstd:30.0,StrandBias:10.0,Multiplicity:1.00
0.001	0.997	0.001	0.001
0.333	0.333	0.333	0.001
0.001	0.332	0.666	0.001
0.332	0.001	0.666	0.001
0.997	0.001	0.001	0.001
0.001	0.001	0.666	0.332
0.666	0.001	0.332	0.001
0.001	0.997	0.001	0.001
0.666	0.001	0.332	0.001
0.001	0.997	0.001	0.001
0.666	0.001	0.001	0.332
0.001	0.001	0.997	0.001
>ACCTGTCTTACT	3-ACCTGTCTTACT	10.624941	-15.352504	0	T:3.0(50.00%),B:6.0(0.22%),P:1e-6	Tpos:50.8,Tstd:14.0,Bpos:60.7,Bstd:22.7,StrandBias:0.0,Multiplicity:1.33
0.997	0.001	0.001	0.001
0.001	0.683	0.001	0.315
0.001	0.997	0.001	0.001
0.001	0.001	0.001	0.997
0.367	0.001	0.631	0.001
0.001	0.001	0.367	0.631
0.367	0.631	0.001	0.001
0.001	0.315	0.001	0.683
0.001	0.367	0.001	0.631
0.683	0.315	0.001	0.001
0.315	0.683	0.001	0.001
0.001	0.001	0.001	0.997
>CARGGYCAAAKC	4-CARGGYCAAAKC	9.643530	-15.329637	0	T:4.0(66.67%),B:30.0(1.11%),P:1e-6	Tpos:35.6,Tstd:15.7,Bpos:48.3,Bstd:24.7,StrandBias:0.6,Multiplicity:1.25
0.001	0.997	0.001	0.001
0.620	0.001	0.001	0.378
0.559	0.001	0.439	0.001
0.001	0.001	0.997	0.001
0.001	0.001	0.620	0.378
0.001	0.559	0.001	0.439
0.001	0.997	0.001	0.001
0.620	0.001	0.001	0.378
0.818	0.180	0.001	0.001
0.620	0.001	0.001	0.378
0.001	0.180	0.440	0.378
0.001	0.620	0.378	0.001
>GTGATTCCCAGG	5-GTGATTCCCAGG	9.766274	-13.538250	0	T:3.0(50.00%),B:11.0(0.41%),P:1e-5	Tpos:71.7,Tstd:16.8,Bpos:50.0,Bstd:28.1,StrandBias:-1.0,Multiplicity:1.00
0.001	0.367	0.631	0.001
0.001	0.006	0.360	0.633
0.001	0.367	0.631	0.001
0.683	0.001	0.001	0.315
0.001	0.001	0.001	0.997
0.001	0.322	0.045	0.632
0.006	0.632	0.001	0.361
0.316	0.639	0.044	0.001
0.043	0.955	0.001	0.001
0.639	0.316	0.001	0.044
0.001	0.001	0.683	0.315
0.315	0.001	0.683	0.001
