>TWAAGGGACR	1-TWAAGGGACR	8.016159	-15.899663	0	T:4.0(66.67%),B:26.0(0.96%),P:1e-6	Tpos:20.2,Tstd:16.4,Bpos:59.6,Bstd:25.3,StrandBias:0.0,Multiplicity:1.00
0.001	0.001	0.001	0.997
0.479	0.001	0.001	0.519
0.519	0.240	0.001	0.240
0.759	0.001	0.001	0.239
0.001	0.001	0.997	0.001
0.240	0.240	0.519	0.001
0.001	0.240	0.519	0.240
0.759	0.239	0.001	0.001
0.001	0.997	0.001	0.001
0.479	0.001	0.519	0.001
>RGGWTAAKSW	2-RGGWTAAKSW	8.770624	-14.138600	0	T:3.0(50.00%),B:9.0(0.33%),P:1e-6	Tpos:44.7,Tstd:13.0,Bpos:51.5,Bstd:31.8,StrandBias:-1.0,Multiplicity:1.00
0.462	0.001	0.462	0.075
0.001	0.001	0.997	0.001
0.001	0.001	0.997	0.001
0.461	0.001	0.001	0.537
0.001	0.001	0.001	0.997
0.997	0.001	0.001	0.001
0.997	0.001	0.001	0.001
0.001	0.001	0.537	0.461
0.001	0.537	0.461	0.001
0.461	0.001	0.001	0.537
>AAGAGHCTAC	3-AAGAGHCTAC	8.245376	-11.587338	0	T:4.0(66.67%),B:77.0(2.84%),P:1e-5	Tpos:63.2,Tstd:36.6,Bpos:54.9,Bstd:25.4,StrandBias:0.0,Multiplicity:1.00
0.997	0.001	0.001	0.001
0.683	0.001	0.315	0.001
0.001	0.001	0.997	0.001
0.683	0.001	0.315	0.001
0.001	0.001	0.683	0.315
0.316	0.367	0.001	0.316
0.315	0.683	0.001	0.001
0.315	0.001	0.001	0.683
0.631	0.001	0.367	0.001
0.001	0.997	0.001	0.001
>CCTCTBTTTT	4-CCTCTBTTTT	8.347560	-7.431801	0	T:3.0(50.00%),B:86.0(3.17%),P:1e-3	Tpos:48.8,Tstd:20.5,Bpos:55.6,Bstd:25.6,StrandBias:0.0,Multiplicity:1.33
0.001	0.683	0.315	0.001
0.001	0.997	0.001	0.001
0.316	0.001	0.051	0.632
0.001	0.997	0.001	0.001
0.001	0.001	0.001	0.997
0.001	0.316	0.367	0.316
0.001	0.001	0.315	0.683
0.001	0.001	0.315	0.683
0.001	0.001	0.315	0.683
0.001	0.001	0.001	0.997
>CCATTCATCA	5-CCATTCATCA	10.296193	-6.115340	0	T:1.0(16.67%),B:0.0(0.00%),P:1e-2	Tpos:15.0,Tstd:0.0,Bpos:0.0,Bstd:0.0,StrandBias:10.0,Multiplicity:1.00
0.100	0.700	0.100	0.100
0.100	0.700	0.100	0.100
0.700	0.100	0.100	0.100
0.100	0.100	0.100	0.700
0.100	0.100	0.100	0.700
0.100	0.700	0.100	0.100
0.700	0.100	0.100	0.100
0.100	0.100	0.100	0.700
0.100	0.700	0.100	0.100
0.700	0.100	0.100	0.100
