>AACKCTSTGACY	1-AACKCTSTGACY	9.749394	-21.429884	0	T:7.0(2.89%),B:2.0(0.07%),P:1e-9	Tpos:51.2,Tstd:22.6,Bpos:53.0,Bstd:10.0,StrandBias:0.7,Multiplicity:1.14
0.980	0.001	0.001	0.018
0.997	0.001	0.001	0.001
0.001	0.997	0.001	0.001
0.109	0.001	0.466	0.424
0.001	0.944	0.054	0.001
0.001	0.001	0.001	0.997
0.001	0.478	0.520	0.001
0.001	0.001	0.001	0.997
0.001	0.001	0.997	0.001
0.581	0.417	0.001	0.001
0.001	0.997	0.001	0.001
0.001	0.478	0.001	0.520
>AACCCCAMMRGA	2-AACCCCAMMRGA	10.669848	-17.645372	0	T:6.0(2.48%),B:2.0(0.07%),P:1e-7	Tpos:40.4,Tstd:29.0,Bpos:19.0,Bstd:11.0,StrandBias:-1.6,Multiplicity:1.33
0.997	0.001	0.001	0.001
0.997	0.001	0.001	0.001
0.001	0.997	0.001	0.001
0.001	0.990	0.001	0.008
0.001	0.573	0.004	0.422
0.001	0.997	0.001	0.001
0.995	0.001	0.001	0.003
0.418	0.422	0.159	0.001
0.462	0.536	0.001	0.001
0.536	0.001	0.462	0.001
0.001	0.101	0.897	0.001
0.997	0.001	0.001	0.001
>TCACCATGTAAC	3-TCACCATGTAAC	12.009503	-17.417442	0	T:5.0(2.07%),B:1.0(0.03%),P:1e-7	Tpos:51.2,Tstd:25.2,Bpos:83.0,Bstd:0.0,StrandBias:1.8,Multiplicity:1.80
0.001	0.265	0.001	0.733
0.227	0.771	0.001	0.001
0.771	0.001	0.227	0.001
0.001	0.771	0.227	0.001
0.001	0.754	0.001	0.244
0.771	0.001	0.227	0.001
0.001	0.001	0.001	0.997
0.001	0.001	0.997	0.001
0.227	0.001	0.001	0.771
0.997	0.001	0.001	0.001
0.982	0.001	0.016	0.001
0.001	0.771	0.001	0.227
>VSCTGCAGSGAB	4-VSCTGCAGSGAB	9.292186	-14.321667	0	T:10.0(4.13%),B:15.0(0.51%),P:1e-6	Tpos:55.2,Tstd:18.5,Bpos:44.5,Bstd:22.9,StrandBias:-0.2,Multiplicity:1.10
0.327	0.343	0.265	0.065
0.065	0.400	0.533	0.002
0.067	0.867	0.065	0.001
0.131	0.001	0.001	0.867
0.001	0.001	0.927	0.071
0.131	0.867	0.001	0.001
0.997	0.001	0.001	0.001
0.001	0.001	0.997	0.001
0.195	0.395	0.345	0.065
0.001	0.135	0.727	0.137
0.468	0.135	0.135	0.262
0.067	0.330	0.263	0.340
>CAGTCAGTGCAG	5-CAGTCAGTGCAG	11.415709	-10.716525	0	T:7.0(2.89%),B:10.0(0.34%),P:1e-4	Tpos:49.4,Tstd:23.5,Bpos:48.1,Bstd:23.3,StrandBias:2.1,Multiplicity:2.29
0.001	0.813	0.185	0.001
0.813	0.001	0.001	0.185
0.001	0.185	0.629	0.185
0.185	0.001	0.232	0.582
0.001	0.997	0.001	0.001
0.997	0.001	0.001	0.001
0.001	0.001	0.997	0.001
0.185	0.001	0.001	0.813
0.001	0.001	0.997	0.001
0.185	0.813	0.001	0.001
0.813	0.001	0.001	0.185
0.001	0.185	0.813	0.001
>HAGCAGCAGHAR	6-HAGCAGCAGHAR	8.676976	-10.106477	0	T:14.0(5.79%),B:47.0(1.59%),P:1e-4	Tpos:51.2,Tstd:24.3,Bpos:52.8,Bstd:24.0,StrandBias:1.4,Multiplicity:1.21
0.235	0.367	0.033	0.365
0.667	0.166	0.133	0.034
0.398	0.001	0.568	0.033
0.168	0.597	0.100	0.135
0.865	0.001	0.001	0.133
0.238	0.001	0.564	0.197
0.033	0.734	0.167	0.066
0.966	0.032	0.001	0.001
0.365	0.001	0.633	0.001
0.269	0.400	0.033	0.298
0.665	0.268	0.066	0.001
0.403	0.198	0.398	0.001
>TGTAYMGTATAC	7-TGTAYMGTATAC	12.041579	-9.377655	0	T:3.0(1.24%),B:1.0(0.03%),P:1e-4	Tpos:54.6,Tstd:24.7,Bpos:59.0,Bstd:0.0,StrandBias:0.3,Multiplicity:2.67
0.001	0.001	0.001	0.997
0.001	0.001	0.997	0.001
0.001	0.001	0.001	0.997
0.997	0.001	0.001	0.001
0.010	0.478	0.010	0.502
0.534	0.455	0.010	0.001
0.001	0.283	0.715	0.001
0.001	0.001	0.227	0.771
0.478	0.001	0.294	0.227
0.001	0.001	0.001	0.997
0.761	0.237	0.001	0.001
0.001	0.997	0.001	0.001
>ACACACAYAYAC	8-ACACACAYAYAC	10.399399	-3.502033	0	T:5.0(2.07%),B:21.0(0.71%),P:1e-1	Tpos:30.9,Tstd:17.7,Bpos:47.4,Bstd:25.4,StrandBias:5.3,Multiplicity:1.40
0.997	0.001	0.001	0.001
0.001	0.803	0.001	0.195
0.997	0.001	0.001	0.001
0.194	0.613	0.001	0.192
0.903	0.095	0.001	0.001
0.096	0.612	0.001	0.291
0.997	0.001	0.001	0.001
0.096	0.512	0.001	0.391
0.997	0.001	0.001	0.001
0.096	0.509	0.001	0.394
0.707	0.291	0.001	0.001
0.001	0.606	0.001	0.392
