>GAGGCCACAA	1-GAGGCCACAA	7.173440	-25.816281	0	T:9.0(3.72%),B:3.0(0.10%),P:1e-11	Tpos:60.9,Tstd:19.6,Bpos:51.5,Bstd:7.4,StrandBias:0.3,Multiplicity:1.00
0.001	0.001	0.997	0.001
0.581	0.001	0.001	0.417
0.001	0.001	0.997	0.001
0.417	0.001	0.581	0.001
0.001	0.997	0.001	0.001
0.001	0.970	0.028	0.001
0.997	0.001	0.001	0.001
0.001	0.997	0.001	0.001
0.997	0.001	0.001	0.001
0.864	0.134	0.001	0.001
>CATGAGCCTC	2-CATGAGCCTC	10.728046	-24.597794	0	T:10.0(4.13%),B:5.0(0.17%),P:1e-10	Tpos:49.6,Tstd:24.0,Bpos:54.8,Bstd:11.7,StrandBias:-0.6,Multiplicity:1.00
0.001	0.997	0.001	0.001
0.667	0.111	0.111	0.111
0.111	0.001	0.111	0.777
0.001	0.001	0.997	0.001
0.997	0.001	0.001	0.001
0.001	0.001	0.888	0.110
0.111	0.777	0.111	0.001
0.001	0.997	0.001	0.001
0.001	0.001	0.001	0.997
0.001	0.997	0.001	0.001
>AAAACWTATG	3-AAAACWTATG	11.091461	-21.429884	0	T:7.0(2.89%),B:2.0(0.07%),P:1e-9	Tpos:54.6,Tstd:21.8,Bpos:43.0,Bstd:4.0,StrandBias:0.4,Multiplicity:1.00
0.997	0.001	0.001	0.001
0.997	0.001	0.001	0.001
0.997	0.001	0.001	0.001
0.997	0.001	0.001	0.001
0.001	0.839	0.159	0.001
0.361	0.001	0.159	0.479
0.001	0.001	0.001	0.997
0.839	0.001	0.001	0.159
0.001	0.001	0.001	0.997
0.001	0.001	0.997	0.001
>ATCAKCTTGC	4-ATCAKCTTGC	9.705639	-19.946576	0	T:8.0(3.31%),B:4.0(0.14%),P:1e-8	Tpos:54.2,Tstd:31.1,Bpos:56.2,Bstd:23.6,StrandBias:10.0,Multiplicity:1.38
0.997	0.001	0.001	0.001
0.001	0.001	0.227	0.771
0.001	0.997	0.001	0.001
0.740	0.001	0.001	0.258
0.001	0.001	0.528	0.470
0.227	0.771	0.001	0.001
0.001	0.001	0.001	0.997
0.285	0.001	0.001	0.713
0.001	0.001	0.771	0.227
0.001	0.997	0.001	0.001
>ATACTGAAAA	5-ATACTGAAAA	10.913822	-18.473272	0	T:9.0(3.72%),B:7.0(0.24%),P:1e-8	Tpos:45.8,Tstd:23.2,Bpos:35.9,Bstd:26.5,StrandBias:0.3,Multiplicity:1.22
0.876	0.001	0.122	0.001
0.260	0.001	0.001	0.738
0.876	0.122	0.001	0.001
0.122	0.876	0.001	0.001
0.001	0.001	0.001	0.997
0.122	0.001	0.876	0.001
0.997	0.001	0.001	0.001
0.876	0.001	0.122	0.001
0.997	0.001	0.001	0.001
0.997	0.001	0.001	0.001
>CCATCAGCTA	6-CCATCAGCTA	11.067093	-17.645372	0	T:6.0(2.48%),B:2.0(0.07%),P:1e-7	Tpos:40.7,Tstd:27.2,Bpos:13.0,Bstd:4.0,StrandBias:-1.2,Multiplicity:1.67
0.001	0.898	0.100	0.001
0.100	0.898	0.001	0.001
0.997	0.001	0.001	0.001
0.001	0.001	0.001	0.997
0.001	0.997	0.001	0.001
0.771	0.001	0.001	0.227
0.001	0.001	0.997	0.001
0.001	0.997	0.001	0.001
0.100	0.370	0.001	0.529
0.997	0.001	0.001	0.001
>GGATACAGTG	7-GGATACAGTG	10.296193	-6.201965	0	T:3.0(1.24%),B:3.0(0.10%),P:1e-2	Tpos:44.9,Tstd:23.4,Bpos:69.7,Bstd:23.4,StrandBias:1.3,Multiplicity:2.33
0.100	0.100	0.700	0.100
0.100	0.100	0.700	0.100
0.700	0.100	0.100	0.100
0.100	0.100	0.100	0.700
0.700	0.100	0.100	0.100
0.100	0.700	0.100	0.100
0.700	0.100	0.100	0.100
0.100	0.100	0.700	0.100
0.100	0.100	0.100	0.700
0.100	0.100	0.700	0.100
>GTGCAGGCAG	8-GTGCAGGCAG	13.636231	-4.427046	0	T:2.0(0.83%),B:2.0(0.07%),P:1e-1	Tpos:52.4,Tstd:27.8,Bpos:66.5,Bstd:16.5,StrandBias:2.8,Multiplicity:4.00
0.001	0.001	0.997	0.001
0.001	0.001	0.001	0.997
0.001	0.001	0.997	0.001
0.001	0.997	0.001	0.001
0.997	0.001	0.001	0.001
0.001	0.001	0.997	0.001
0.001	0.001	0.819	0.179
0.001	0.997	0.001	0.001
0.997	0.001	0.001	0.001
0.001	0.001	0.997	0.001
