>GGTTRGGGTTGG	1-GGTTRGGGTTGG	9.174948	-23.134410	0	T:17.0(7.02%),B:26.0(0.88%),P:1e-10	Tpos:63.6,Tstd:24.5,Bpos:44.5,Bstd:26.6,StrandBias:0.5,Multiplicity:1.29
0.001	0.001	0.997	0.001
0.178	0.059	0.762	0.001
0.237	0.064	0.001	0.698
0.059	0.059	0.119	0.763
0.452	0.001	0.362	0.185
0.059	0.001	0.812	0.128
0.001	0.001	0.940	0.058
0.118	0.001	0.674	0.207
0.001	0.247	0.118	0.634
0.089	0.001	0.001	0.909
0.001	0.001	0.940	0.058
0.059	0.183	0.757	0.001
>CTTSCTCYCAGC	2-CTTSCTCYCAGC	10.680754	-19.790008	0	T:9.0(3.72%),B:6.0(0.20%),P:1e-8	Tpos:48.4,Tstd:24.6,Bpos:67.7,Bstd:25.5,StrandBias:0.3,Multiplicity:1.00
0.184	0.814	0.001	0.001
0.001	0.414	0.001	0.584
0.001	0.208	0.001	0.790
0.001	0.563	0.435	0.001
0.001	0.977	0.021	0.001
0.186	0.001	0.001	0.812
0.001	0.606	0.392	0.001
0.001	0.373	0.185	0.441
0.001	0.975	0.023	0.001
0.421	0.185	0.187	0.207
0.001	0.001	0.997	0.001
0.186	0.627	0.001	0.186
>TGTGTGCCCATG	3-TGTGTGCCCATG	11.664472	-17.645372	0	T:6.0(2.48%),B:2.0(0.07%),P:1e-7	Tpos:58.0,Tstd:25.5,Bpos:50.5,Bstd:31.5,StrandBias:10.0,Multiplicity:1.00
0.001	0.001	0.134	0.864
0.001	0.134	0.864	0.001
0.134	0.001	0.001	0.864
0.001	0.001	0.997	0.001
0.135	0.135	0.001	0.729
0.027	0.001	0.971	0.001
0.001	0.728	0.001	0.270
0.271	0.582	0.135	0.012
0.001	0.997	0.001	0.001
0.594	0.135	0.001	0.270
0.134	0.001	0.001	0.864
0.001	0.001	0.997	0.001
>AACAGCACCCCT	4-AACAGCACCCCT	8.144026	-17.417442	0	T:5.0(2.07%),B:1.0(0.03%),P:1e-7	Tpos:58.5,Tstd:22.9,Bpos:63.0,Bstd:0.0,StrandBias:2.0,Multiplicity:2.00
0.997	0.001	0.001	0.001
0.873	0.001	0.125	0.001
0.001	0.997	0.001	0.001
0.997	0.001	0.001	0.001
0.001	0.117	0.881	0.001
0.001	0.997	0.001	0.001
0.873	0.001	0.125	0.001
0.001	0.997	0.001	0.001
0.001	0.581	0.001	0.417
0.001	0.581	0.001	0.417
0.001	0.581	0.001	0.417
0.001	0.417	0.001	0.581
>CCACAGCTGCTG	5-CCACAGCTGCTG	10.108030	-15.610883	0	T:10.0(4.13%),B:13.0(0.44%),P:1e-6	Tpos:43.9,Tstd:28.5,Bpos:56.2,Bstd:25.4,StrandBias:-0.3,Multiplicity:1.00
0.227	0.545	0.227	0.001
0.017	0.981	0.001	0.001
0.771	0.227	0.001	0.001
0.227	0.755	0.001	0.017
0.997	0.001	0.001	0.001
0.017	0.227	0.755	0.001
0.001	0.997	0.001	0.001
0.017	0.227	0.001	0.755
0.001	0.001	0.997	0.001
0.001	0.997	0.001	0.001
0.001	0.001	0.001	0.997
0.227	0.227	0.545	0.001
>GTATCAAAAACT	6-GTATCAAAAACT	8.638325	-14.018242	0	T:5.0(2.07%),B:2.0(0.07%),P:1e-6	Tpos:50.2,Tstd:23.2,Bpos:42.5,Bstd:4.5,StrandBias:1.7,Multiplicity:2.60
0.001	0.001	0.997	0.001
0.001	0.036	0.001	0.962
0.997	0.001	0.001	0.001
0.001	0.001	0.001	0.997
0.001	0.962	0.001	0.036
0.997	0.001	0.001	0.001
0.997	0.001	0.001	0.001
0.864	0.001	0.001	0.134
0.754	0.244	0.001	0.001
0.790	0.001	0.001	0.208
0.001	0.717	0.281	0.001
0.001	0.001	0.001	0.997
>TGACTSATAGTG	7-TGACTSATAGTG	11.764420	-9.018099	0	T:4.0(1.65%),B:3.0(0.10%),P:1e-3	Tpos:48.6,Tstd:26.3,Bpos:47.3,Bstd:6.5,StrandBias:10.0,Multiplicity:2.75
0.001	0.001	0.001	0.997
0.001	0.001	0.995	0.003
0.851	0.001	0.147	0.001
0.001	0.997	0.001	0.001
0.001	0.001	0.001	0.997
0.001	0.425	0.573	0.001
0.997	0.001	0.001	0.001
0.001	0.001	0.001	0.997
0.835	0.001	0.163	0.001
0.422	0.004	0.573	0.001
0.001	0.001	0.001	0.997
0.001	0.001	0.997	0.001
>GTATASTAYACW	8-GTATASTAYACW	12.787453	-5.759837	0	T:2.0(0.83%),B:0.0(0.00%),P:1e-2	Tpos:47.9,Tstd:24.6,Bpos:0.0,Bstd:0.0,StrandBias:-2.6,Multiplicity:2.50
0.001	0.417	0.581	0.001
0.001	0.001	0.001	0.997
0.860	0.001	0.138	0.001
0.001	0.001	0.001	0.997
0.881	0.001	0.117	0.001
0.001	0.556	0.442	0.001
0.001	0.417	0.001	0.581
0.997	0.001	0.001	0.001
0.001	0.438	0.001	0.560
0.997	0.001	0.001	0.001
0.001	0.995	0.003	0.001
0.438	0.001	0.001	0.560
