>MARGAGTGAA	1-MARGAGTGAA	8.269467	-28.793775	0	T:19.0(9.50%),B:30.0(1.00%),P:1e-12	Tpos:49.0,Tstd:24.3,Bpos:55.5,Bstd:24.0,StrandBias:-0.7,Multiplicity:1.11
0.425	0.573	0.001	0.001
0.997	0.001	0.001	0.001
0.560	0.001	0.438	0.001
0.017	0.001	0.846	0.136
0.586	0.272	0.006	0.136
0.136	0.142	0.721	0.001
0.001	0.001	0.001	0.997
0.006	0.136	0.857	0.001
0.585	0.001	0.001	0.413
0.839	0.001	0.001	0.159
>CCAACATTCA	2-CCAACATTCA	10.891397	-20.072932	0	T:7.0(3.50%),B:3.0(0.10%),P:1e-8	Tpos:36.6,Tstd:19.4,Bpos:47.0,Bstd:25.4,StrandBias:1.8,Multiplicity:1.29
0.001	0.878	0.120	0.001
0.001	0.997	0.001	0.001
0.997	0.001	0.001	0.001
0.727	0.271	0.001	0.001
0.001	0.997	0.001	0.001
0.878	0.120	0.001	0.001
0.001	0.001	0.120	0.878
0.001	0.001	0.120	0.878
0.001	0.878	0.001	0.120
0.997	0.001	0.001	0.001
>GTATTGACCA	3-GTATTGACCA	7.610083	-19.003393	0	T:14.0(7.00%),B:27.0(0.90%),P:1e-8	Tpos:41.9,Tstd:27.2,Bpos:50.5,Bstd:24.0,StrandBias:0.0,Multiplicity:1.14
0.046	0.001	0.860	0.093
0.001	0.140	0.004	0.855
0.755	0.198	0.046	0.001
0.004	0.047	0.047	0.902
0.094	0.082	0.051	0.773
0.187	0.140	0.626	0.047
0.813	0.140	0.046	0.001
0.047	0.812	0.047	0.094
0.093	0.766	0.001	0.140
0.860	0.001	0.046	0.093
>GTGAVGACAC	4-GTGAVGACAC	7.818260	-17.535655	0	T:18.0(9.00%),B:53.0(1.76%),P:1e-7	Tpos:50.4,Tstd:30.2,Bpos:48.2,Bstd:23.8,StrandBias:0.8,Multiplicity:1.00
0.089	0.084	0.826	0.001
0.089	0.001	0.006	0.904
0.167	0.005	0.827	0.001
0.748	0.084	0.167	0.001
0.352	0.251	0.302	0.095
0.001	0.001	0.997	0.001
0.608	0.001	0.001	0.390
0.001	0.997	0.001	0.001
0.749	0.083	0.001	0.167
0.351	0.647	0.001	0.001
>GATGTTACCD	5-GATGTTACCD	5.985828	-10.880677	0	T:29.0(14.50%),B:186.0(6.19%),P:1e-4	Tpos:50.6,Tstd:23.1,Bpos:52.7,Bstd:24.4,StrandBias:0.2,Multiplicity:1.34
0.106	0.105	0.701	0.088
0.700	0.053	0.054	0.193
0.106	0.018	0.140	0.736
0.018	0.053	0.823	0.106
0.053	0.088	0.117	0.742
0.053	0.105	0.088	0.754
0.859	0.035	0.053	0.053
0.117	0.742	0.036	0.105
0.264	0.628	0.035	0.073
0.257	0.088	0.320	0.335
>GTAGTGCACT	6-GTAGTGCACT	11.716975	-9.983098	0	T:3.0(1.50%),B:0.0(0.00%),P:1e-4	Tpos:69.2,Tstd:21.3,Bpos:0.0,Bstd:0.0,StrandBias:0.0,Multiplicity:1.33
0.001	0.200	0.599	0.200
0.001	0.200	0.200	0.599
0.997	0.001	0.001	0.001
0.001	0.001	0.997	0.001
0.001	0.001	0.001	0.997
0.001	0.001	0.997	0.001
0.001	0.997	0.001	0.001
0.997	0.001	0.001	0.001
0.001	0.997	0.001	0.001
0.001	0.001	0.001	0.997
>ACWCACACWC	7-ACWCACACWC	9.088576	-7.576552	0	T:8.0(4.00%),B:27.0(0.90%),P:1e-3	Tpos:56.8,Tstd:25.4,Bpos:44.2,Bstd:27.4,StrandBias:-0.2,Multiplicity:1.12
0.792	0.001	0.067	0.140
0.001	0.664	0.051	0.284
0.334	0.001	0.202	0.464
0.067	0.928	0.001	0.004
0.794	0.134	0.067	0.005
0.001	0.865	0.067	0.067
0.794	0.001	0.134	0.071
0.051	0.680	0.202	0.067
0.474	0.001	0.067	0.458
0.305	0.618	0.072	0.005
>GCAGAAGCAA	8-GCAGAAGCAA	10.296193	-6.160100	0	T:2.0(1.00%),B:1.0(0.03%),P:1e-2	Tpos:55.5,Tstd:23.9,Bpos:61.0,Bstd:0.0,StrandBias:10.0,Multiplicity:2.00
0.100	0.100	0.700	0.100
0.100	0.700	0.100	0.100
0.700	0.100	0.100	0.100
0.100	0.100	0.700	0.100
0.700	0.100	0.100	0.100
0.700	0.100	0.100	0.100
0.100	0.100	0.700	0.100
0.100	0.700	0.100	0.100
0.700	0.100	0.100	0.100
0.700	0.100	0.100	0.100
