>TGACAGATAC	1-TGACAGATAC	11.121572	-30.826503	0	T:8.0(3.31%),B:1.0(0.03%),P:1e-13	Tpos:54.2,Tstd:28.2,Bpos:25.0,Bstd:0.0,StrandBias:2.8,Multiplicity:1.00
0.142	0.001	0.001	0.856
0.001	0.001	0.997	0.001
0.856	0.001	0.142	0.001
0.001	0.856	0.142	0.001
0.997	0.001	0.001	0.001
0.142	0.001	0.856	0.001
0.997	0.001	0.001	0.001
0.001	0.001	0.142	0.856
0.997	0.001	0.001	0.001
0.001	0.856	0.142	0.001
>TTACTTTGCT	2-TTACTTTGCT	10.915523	-25.351510	0	T:8.0(3.31%),B:2.0(0.07%),P:1e-11	Tpos:35.6,Tstd:21.8,Bpos:21.5,Bstd:10.5,StrandBias:0.7,Multiplicity:1.00
0.001	0.001	0.001	0.997
0.001	0.001	0.001	0.997
0.931	0.001	0.067	0.001
0.112	0.775	0.112	0.001
0.001	0.001	0.001	0.997
0.112	0.001	0.112	0.775
0.001	0.001	0.001	0.997
0.001	0.254	0.744	0.001
0.001	0.997	0.001	0.001
0.112	0.001	0.001	0.886
>CGTTTCCTTC	3-CGTTTCCTTC	8.551851	-23.372824	0	T:16.0(6.61%),B:22.0(0.74%),P:1e-10	Tpos:52.9,Tstd:29.3,Bpos:51.2,Bstd:23.5,StrandBias:1.1,Multiplicity:1.00
0.217	0.402	0.163	0.217
0.044	0.112	0.663	0.181
0.054	0.054	0.001	0.891
0.001	0.177	0.054	0.768
0.054	0.054	0.001	0.891
0.001	0.891	0.054	0.054
0.001	0.997	0.001	0.001
0.001	0.094	0.001	0.904
0.054	0.112	0.001	0.833
0.054	0.780	0.112	0.054
>AGAAGGGACK	4-AGAAGGGACK	10.711947	-17.417442	0	T:5.0(2.07%),B:1.0(0.03%),P:1e-7	Tpos:46.1,Tstd:25.0,Bpos:82.0,Bstd:0.0,StrandBias:1.8,Multiplicity:1.80
0.997	0.001	0.001	0.001
0.001	0.001	0.997	0.001
0.997	0.001	0.001	0.001
0.997	0.001	0.001	0.001
0.129	0.001	0.869	0.001
0.001	0.001	0.997	0.001
0.001	0.001	0.997	0.001
0.997	0.001	0.001	0.001
0.001	0.869	0.001	0.129
0.130	0.001	0.390	0.479
>TCTTCACACA	5-TCTTCACACA	7.343642	-15.255683	0	T:28.0(11.57%),B:113.0(3.82%),P:1e-6	Tpos:41.8,Tstd:27.6,Bpos:49.4,Bstd:26.0,StrandBias:0.1,Multiplicity:1.11
0.024	0.113	0.001	0.862
0.076	0.649	0.094	0.181
0.002	0.126	0.001	0.871
0.076	0.038	0.038	0.848
0.076	0.697	0.170	0.057
0.698	0.151	0.038	0.113
0.076	0.731	0.155	0.038
0.925	0.037	0.001	0.037
0.113	0.809	0.077	0.001
0.925	0.037	0.001	0.037
>GCACTTTCGC	6-GCACTTTCGC	10.870171	-9.377655	0	T:3.0(1.24%),B:1.0(0.03%),P:1e-4	Tpos:31.3,Tstd:25.2,Bpos:31.0,Bstd:0.0,StrandBias:-1.0,Multiplicity:1.00
0.001	0.001	0.997	0.001
0.001	0.997	0.001	0.001
0.787	0.001	0.211	0.001
0.001	0.997	0.001	0.001
0.001	0.001	0.070	0.928
0.001	0.001	0.001	0.997
0.001	0.001	0.281	0.717
0.001	0.928	0.001	0.070
0.001	0.001	0.997	0.001
0.001	0.997	0.001	0.001
>CCAGGATTGG	7-CCAGGATTGG	10.296193	-9.377655	0	T:3.0(1.24%),B:1.0(0.03%),P:1e-4	Tpos:53.8,Tstd:16.3,Bpos:79.0,Bstd:0.0,StrandBias:-1.6,Multiplicity:1.33
0.100	0.700	0.100	0.100
0.100	0.700	0.100	0.100
0.700	0.100	0.100	0.100
0.100	0.100	0.700	0.100
0.100	0.100	0.700	0.100
0.700	0.100	0.100	0.100
0.100	0.100	0.100	0.700
0.100	0.100	0.100	0.700
0.100	0.100	0.700	0.100
0.100	0.100	0.700	0.100
>TTTTTTTTTT	8-TTTTTTTTTT	7.191341	-8.129727	0	T:34.0(14.05%),B:221.0(7.46%),P:1e-3	Tpos:43.5,Tstd:24.7,Bpos:50.1,Bstd:25.0,StrandBias:-0.2,Multiplicity:1.06
0.052	0.082	0.125	0.741
0.110	0.063	0.064	0.763
0.023	0.091	0.057	0.829
0.045	0.096	0.060	0.799
0.001	0.075	0.090	0.834
0.013	0.071	0.079	0.837
0.042	0.088	0.067	0.803
0.040	0.095	0.024	0.841
0.060	0.037	0.078	0.825
0.106	0.044	0.116	0.734
