>ATGGCAAA	1-ATGGCAAA	7.003304	-15.166058	0	T:45.0(18.60%),B:245.0(8.27%),P:1e-6	Tpos:47.8,Tstd:25.9,Bpos:51.9,Bstd:26.6,StrandBias:-0.3,Multiplicity:1.20
0.997	0.001	0.001	0.001
0.160	0.001	0.114	0.725
0.290	0.001	0.473	0.235
0.181	0.001	0.817	0.001
0.001	0.997	0.001	0.001
0.997	0.001	0.001	0.001
0.997	0.001	0.001	0.001
0.551	0.298	0.150	0.001
>GACCCTSK	2-GACCCTSK	6.765464	-12.215455	0	T:29.0(11.98%),B:140.0(4.73%),P:1e-5	Tpos:46.5,Tstd:22.6,Bpos:48.1,Bstd:26.0,StrandBias:-0.9,Multiplicity:1.10
0.069	0.001	0.619	0.311
0.796	0.001	0.202	0.001
0.090	0.668	0.157	0.085
0.070	0.928	0.001	0.001
0.001	0.787	0.141	0.071
0.001	0.070	0.001	0.928
0.040	0.437	0.522	0.001
0.001	0.001	0.463	0.535
>AGCAGGAT	3-AGCAGGAT	7.568829	-10.679683	0	T:18.0(7.44%),B:70.0(2.36%),P:1e-4	Tpos:55.0,Tstd:26.3,Bpos:57.3,Bstd:25.8,StrandBias:0.1,Multiplicity:1.17
0.997	0.001	0.001	0.001
0.001	0.331	0.667	0.001
0.001	0.997	0.001	0.001
0.997	0.001	0.001	0.001
0.001	0.306	0.692	0.001
0.001	0.001	0.997	0.001
0.997	0.001	0.001	0.001
0.241	0.065	0.031	0.663
>CAGTGRAG	4-CAGTGRAG	7.466372	-9.859646	0	T:33.0(13.64%),B:193.0(6.52%),P:1e-4	Tpos:49.4,Tstd:27.2,Bpos:52.3,Bstd:26.6,StrandBias:1.0,Multiplicity:1.36
0.001	0.604	0.377	0.018
0.854	0.001	0.144	0.001
0.190	0.001	0.808	0.001
0.205	0.001	0.193	0.601
0.001	0.001	0.997	0.001
0.374	0.168	0.457	0.001
0.997	0.001	0.001	0.001
0.001	0.001	0.997	0.001
>TTTTTKGG	5-TTTTTKGG	5.919054	-8.210791	0	T:32.0(13.22%),B:202.0(6.82%),P:1e-3	Tpos:49.4,Tstd:25.0,Bpos:48.9,Bstd:25.8,StrandBias:-0.1,Multiplicity:1.16
0.001	0.001	0.413	0.585
0.298	0.024	0.082	0.596
0.057	0.315	0.001	0.627
0.061	0.256	0.010	0.673
0.163	0.186	0.075	0.576
0.001	0.056	0.409	0.534
0.001	0.001	0.721	0.277
0.001	0.056	0.769	0.174
