>TGCTCAGTTCAT	1-TGCTCAGTTCAT	10.259721	-21.736055	0	T:6.0(2.48%),B:1.0(0.03%),P:1e-9	Tpos:51.5,Tstd:14.7,Bpos:50.0,Bstd:0.0,StrandBias:-2.3,Multiplicity:1.00
0.001	0.001	0.007	0.991
0.001	0.016	0.718	0.265
0.001	0.997	0.001	0.001
0.064	0.001	0.064	0.871
0.001	0.781	0.217	0.001
0.935	0.063	0.001	0.001
0.001	0.001	0.997	0.001
0.001	0.001	0.001	0.997
0.001	0.001	0.001	0.997
0.001	0.997	0.001	0.001
0.997	0.001	0.001	0.001
0.064	0.001	0.154	0.781
>CTGGGTCCTGTT	2-CTGGGTCCTGTT	12.173726	-21.736055	0	T:6.0(2.48%),B:1.0(0.03%),P:1e-9	Tpos:46.5,Tstd:29.4,Bpos:90.0,Bstd:0.0,StrandBias:10.0,Multiplicity:1.00
0.001	0.977	0.021	0.001
0.001	0.001	0.001	0.997
0.001	0.001	0.997	0.001
0.227	0.001	0.545	0.227
0.001	0.227	0.771	0.001
0.001	0.001	0.001	0.997
0.227	0.771	0.001	0.001
0.001	0.522	0.227	0.250
0.001	0.001	0.001	0.997
0.001	0.001	0.997	0.001
0.001	0.227	0.022	0.750
0.001	0.001	0.227	0.771
>TTACYACDGRTG	3-TTACYACDGRTG	11.085337	-19.946576	0	T:8.0(3.31%),B:4.0(0.14%),P:1e-8	Tpos:38.2,Tstd:25.7,Bpos:57.7,Bstd:16.5,StrandBias:-0.7,Multiplicity:1.00
0.001	0.001	0.001	0.997
0.001	0.422	0.001	0.576
0.629	0.001	0.185	0.185
0.001	0.576	0.001	0.422
0.192	0.371	0.001	0.436
0.997	0.001	0.001	0.001
0.001	0.997	0.001	0.001
0.371	0.001	0.244	0.384
0.001	0.001	0.997	0.001
0.555	0.001	0.443	0.001
0.001	0.001	0.001	0.997
0.001	0.001	0.813	0.185
>CCCRCAGCCCCT	4-CCCRCAGCCCCT	7.860724	-18.136988	0	T:37.0(15.29%),B:160.0(5.40%),P:1e-7	Tpos:47.2,Tstd:27.4,Bpos:50.7,Bstd:26.6,StrandBias:0.7,Multiplicity:1.22
0.001	0.820	0.178	0.001
0.115	0.883	0.001	0.001
0.231	0.537	0.001	0.231
0.353	0.181	0.290	0.176
0.173	0.653	0.173	0.001
0.711	0.001	0.001	0.287
0.003	0.350	0.530	0.117
0.001	0.763	0.058	0.178
0.001	0.763	0.059	0.177
0.059	0.881	0.001	0.059
0.116	0.651	0.058	0.175
0.060	0.059	0.001	0.880
>ATGGCTCCAGCT	5-ATGGCTCCAGCT	11.052214	-17.417442	0	T:5.0(2.07%),B:1.0(0.03%),P:1e-7	Tpos:72.4,Tstd:15.1,Bpos:47.0,Bstd:0.0,StrandBias:2.0,Multiplicity:1.00
0.718	0.070	0.001	0.211
0.001	0.001	0.070	0.928
0.001	0.001	0.997	0.001
0.001	0.281	0.717	0.001
0.001	0.997	0.001	0.001
0.070	0.001	0.001	0.928
0.001	0.997	0.001	0.001
0.001	0.997	0.001	0.001
0.997	0.001	0.001	0.001
0.001	0.001	0.997	0.001
0.001	0.997	0.001	0.001
0.001	0.001	0.001	0.997
>CTCTAGCACTGA	6-CTCTAGCACTGA	10.554401	-12.343206	0	T:8.0(3.31%),B:11.0(0.37%),P:1e-5	Tpos:42.8,Tstd:23.8,Bpos:49.1,Bstd:23.2,StrandBias:1.2,Multiplicity:1.62
0.001	0.581	0.001	0.417
0.001	0.001	0.001	0.997
0.001	0.581	0.001	0.417
0.001	0.023	0.001	0.975
0.581	0.001	0.001	0.417
0.001	0.090	0.908	0.001
0.001	0.997	0.001	0.001
0.975	0.001	0.001	0.023
0.001	0.997	0.001	0.001
0.001	0.001	0.001	0.997
0.001	0.001	0.997	0.001
0.581	0.417	0.001	0.001
>NHNTTTTTTWDD	7-NHNTTTTTTWDD	4.108458	-11.795184	0	T:45.0(18.60%),B:278.0(9.39%),P:1e-5	Tpos:47.6,Tstd:24.7,Bpos:51.6,Bstd:25.6,StrandBias:-0.0,Multiplicity:1.16
0.282	0.223	0.201	0.293
0.240	0.261	0.167	0.331
0.261	0.242	0.195	0.301
0.200	0.169	0.167	0.463
0.173	0.146	0.167	0.514
0.126	0.214	0.169	0.491
0.164	0.143	0.222	0.471
0.118	0.152	0.143	0.587
0.214	0.110	0.139	0.537
0.316	0.185	0.157	0.342
0.256	0.175	0.213	0.356
0.295	0.164	0.225	0.316
>AATAAATAAATA	8-AATAAATAAATA	12.355432	-6.201965	0	T:3.0(1.24%),B:3.0(0.10%),P:1e-2	Tpos:44.4,Tstd:27.1,Bpos:72.7,Bstd:20.3,StrandBias:0.0,Multiplicity:1.00
0.700	0.100	0.100	0.100
0.700	0.100	0.100	0.100
0.100	0.100	0.100	0.700
0.700	0.100	0.100	0.100
0.700	0.100	0.100	0.100
0.700	0.100	0.100	0.100
0.100	0.100	0.100	0.700
0.700	0.100	0.100	0.100
0.700	0.100	0.100	0.100
0.700	0.100	0.100	0.100
0.100	0.100	0.100	0.700
0.700	0.100	0.100	0.100
