>TCCTCCAARC	1-TCCTCCAARC	9.393071	-28.978287	0	T:13.0(5.37%),B:8.0(0.27%),P:1e-12	Tpos:57.3,Tstd:24.0,Bpos:50.2,Bstd:29.7,StrandBias:0.7,Multiplicity:1.00
0.188	0.001	0.001	0.810
0.001	0.810	0.188	0.001
0.185	0.813	0.001	0.001
0.001	0.051	0.001	0.947
0.001	0.813	0.185	0.001
0.001	0.758	0.001	0.240
0.810	0.188	0.001	0.001
0.813	0.001	0.001	0.185
0.429	0.185	0.385	0.001
0.001	0.625	0.373	0.001
>TATTTCAACT	2-TATTTCAACT	10.751424	-26.212554	0	T:7.0(2.89%),B:0.0(0.00%),P:1e-11	Tpos:61.6,Tstd:30.8,Bpos:0.0,Bstd:0.0,StrandBias:0.4,Multiplicity:1.00
0.001	0.389	0.001	0.609
0.609	0.220	0.170	0.001
0.001	0.001	0.001	0.997
0.001	0.194	0.001	0.804
0.001	0.001	0.001	0.997
0.001	0.997	0.001	0.001
0.997	0.001	0.001	0.001
0.997	0.001	0.001	0.001
0.001	0.997	0.001	0.001
0.339	0.001	0.001	0.659
>GAGGCAGCTA	3-GAGGCAGCTA	10.246037	-23.402036	0	T:12.0(4.96%),B:10.0(0.34%),P:1e-10	Tpos:43.2,Tstd:25.9,Bpos:42.1,Bstd:24.7,StrandBias:1.0,Multiplicity:1.00
0.117	0.117	0.765	0.001
0.997	0.001	0.001	0.001
0.001	0.001	0.997	0.001
0.117	0.001	0.881	0.001
0.001	0.881	0.001	0.117
0.997	0.001	0.001	0.001
0.001	0.001	0.997	0.001
0.001	0.881	0.001	0.117
0.117	0.001	0.001	0.881
0.823	0.001	0.059	0.117
>CCACCTACRC	4-CCACCTACRC	11.400072	-21.429884	0	T:7.0(2.89%),B:2.0(0.07%),P:1e-9	Tpos:30.4,Tstd:28.3,Bpos:48.0,Bstd:5.0,StrandBias:-0.4,Multiplicity:1.00
0.001	0.997	0.001	0.001
0.001	0.997	0.001	0.001
0.997	0.001	0.001	0.001
0.001	0.997	0.001	0.001
0.001	0.997	0.001	0.001
0.001	0.001	0.001	0.997
0.809	0.189	0.001	0.001
0.001	0.997	0.001	0.001
0.429	0.001	0.569	0.001
0.001	0.809	0.189	0.001
>AAAATATGYG	5-AAAATATGYG	9.555299	-17.645372	0	T:6.0(2.48%),B:2.0(0.07%),P:1e-7	Tpos:43.8,Tstd:32.6,Bpos:51.5,Bstd:36.5,StrandBias:0.0,Multiplicity:1.00
0.997	0.001	0.001	0.001
0.813	0.001	0.185	0.001
0.997	0.001	0.001	0.001
0.741	0.257	0.001	0.001
0.001	0.001	0.001	0.997
0.813	0.001	0.185	0.001
0.001	0.001	0.001	0.997
0.001	0.001	0.813	0.185
0.185	0.371	0.001	0.443
0.001	0.185	0.813	0.001
>GCTCAAAATG	6-GCTCAAAATG	11.276337	-17.645372	0	T:6.0(2.48%),B:2.0(0.07%),P:1e-7	Tpos:42.3,Tstd:23.2,Bpos:44.5,Bstd:5.5,StrandBias:0.4,Multiplicity:1.17
0.166	0.001	0.832	0.001
0.001	0.997	0.001	0.001
0.001	0.166	0.001	0.832
0.001	0.832	0.166	0.001
0.667	0.166	0.001	0.166
0.997	0.001	0.001	0.001
0.997	0.001	0.001	0.001
0.997	0.001	0.001	0.001
0.001	0.001	0.001	0.997
0.001	0.001	0.997	0.001
>TAGTCRTCTC	7-TAGTCRTCTC	9.069015	-14.018242	0	T:5.0(2.07%),B:2.0(0.07%),P:1e-6	Tpos:66.0,Tstd:19.9,Bpos:6.5,Bstd:1.5,StrandBias:1.6,Multiplicity:1.60
0.135	0.001	0.015	0.849
0.727	0.002	0.001	0.270
0.001	0.001	0.983	0.015
0.001	0.150	0.001	0.848
0.135	0.577	0.135	0.153
0.424	0.015	0.560	0.001
0.001	0.270	0.001	0.728
0.405	0.593	0.001	0.001
0.134	0.001	0.001	0.864
0.001	0.997	0.001	0.001
>CACACCTCTT	8-CACACCTCTT	11.610710	-7.358405	0	T:3.0(1.24%),B:2.0(0.07%),P:1e-3	Tpos:40.6,Tstd:31.1,Bpos:73.0,Bstd:2.0,StrandBias:2.6,Multiplicity:2.33
0.001	0.997	0.001	0.001
0.849	0.149	0.001	0.001
0.001	0.849	0.001	0.149
0.849	0.001	0.001	0.149
0.001	0.997	0.001	0.001
0.001	0.997	0.001	0.001
0.001	0.001	0.001	0.997
0.001	0.997	0.001	0.001
0.001	0.001	0.001	0.997
0.001	0.001	0.001	0.997
