>CCATCAGACT	1-CCATCAGACT	11.091263	-25.351510	0	T:8.0(3.31%),B:2.0(0.07%),P:1e-11	Tpos:67.9,Tstd:24.6,Bpos:44.0,Bstd:38.0,StrandBias:-1.6,Multiplicity:1.00
0.142	0.856	0.001	0.001
0.001	0.997	0.001	0.001
0.997	0.001	0.001	0.001
0.001	0.142	0.001	0.856
0.001	0.997	0.001	0.001
0.997	0.001	0.001	0.001
0.001	0.142	0.856	0.001
0.856	0.001	0.142	0.001
0.143	0.713	0.001	0.143
0.001	0.001	0.001	0.997
>AGCAAVGTCT	2-AGCAAVGTCT	11.226030	-21.429884	0	T:7.0(2.89%),B:2.0(0.07%),P:1e-9	Tpos:46.6,Tstd:21.5,Bpos:68.5,Bstd:9.5,StrandBias:1.6,Multiplicity:1.14
0.997	0.001	0.001	0.001
0.001	0.001	0.997	0.001
0.001	0.997	0.001	0.001
0.997	0.001	0.001	0.001
0.997	0.001	0.001	0.001
0.295	0.410	0.295	0.001
0.352	0.001	0.646	0.001
0.001	0.001	0.001	0.997
0.001	0.704	0.001	0.294
0.001	0.001	0.001	0.997
>TGCATCGTCT	3-TGCATCGTCT	10.957733	-21.429884	0	T:7.0(2.89%),B:2.0(0.07%),P:1e-9	Tpos:50.4,Tstd:25.3,Bpos:53.5,Bstd:41.5,StrandBias:0.4,Multiplicity:1.00
0.001	0.001	0.001	0.997
0.001	0.001	0.997	0.001
0.001	0.870	0.001	0.128
0.997	0.001	0.001	0.001
0.001	0.001	0.001	0.997
0.129	0.774	0.001	0.096
0.001	0.001	0.870	0.128
0.001	0.128	0.001	0.870
0.001	0.997	0.001	0.001
0.129	0.129	0.001	0.741
>GAGGCCAGGT	4-GAGGCCAGGT	10.516018	-17.139524	0	T:10.0(4.13%),B:11.0(0.37%),P:1e-7	Tpos:38.3,Tstd:26.4,Bpos:53.1,Bstd:21.1,StrandBias:-1.2,Multiplicity:1.00
0.001	0.089	0.909	0.001
0.997	0.001	0.001	0.001
0.090	0.001	0.819	0.090
0.001	0.054	0.855	0.090
0.089	0.909	0.001	0.001
0.001	0.909	0.001	0.089
0.997	0.001	0.001	0.001
0.001	0.001	0.997	0.001
0.090	0.067	0.842	0.001
0.090	0.090	0.001	0.819
>TCTCTCTATC	5-TCTCTCTATC	10.557058	-14.018242	0	T:5.0(2.07%),B:2.0(0.07%),P:1e-6	Tpos:55.2,Tstd:21.0,Bpos:61.5,Bstd:12.5,StrandBias:2.6,Multiplicity:1.00
0.001	0.001	0.001	0.997
0.294	0.704	0.001	0.001
0.001	0.001	0.001	0.997
0.107	0.891	0.001	0.001
0.001	0.001	0.001	0.997
0.001	0.997	0.001	0.001
0.001	0.001	0.001	0.997
0.997	0.001	0.001	0.001
0.001	0.001	0.294	0.704
0.294	0.704	0.001	0.001
>AGACTCAGAT	6-AGACTCAGAT	10.466005	-10.685243	0	T:5.0(2.07%),B:4.0(0.14%),P:1e-4	Tpos:41.6,Tstd:36.5,Bpos:29.0,Bstd:15.6,StrandBias:1.6,Multiplicity:1.60
0.997	0.001	0.001	0.001
0.001	0.001	0.997	0.001
0.997	0.001	0.001	0.001
0.001	0.718	0.236	0.045
0.001	0.001	0.001	0.997
0.001	0.997	0.001	0.001
0.997	0.001	0.001	0.001
0.001	0.001	0.997	0.001
0.997	0.001	0.001	0.001
0.001	0.236	0.001	0.762
>CAAAACMAAA	7-CAAAACMAAA	9.513981	-7.063572	0	T:15.0(6.20%),B:71.0(2.40%),P:1e-3	Tpos:45.9,Tstd:22.4,Bpos:48.4,Bstd:22.2,StrandBias:0.7,Multiplicity:3.60
0.001	0.997	0.001	0.001
0.997	0.001	0.001	0.001
0.997	0.001	0.001	0.001
0.895	0.052	0.001	0.052
0.997	0.001	0.001	0.001
0.120	0.878	0.001	0.001
0.424	0.574	0.001	0.001
0.997	0.001	0.001	0.001
0.967	0.031	0.001	0.001
0.938	0.001	0.022	0.039
>CGCGCGCGCG	8-CGCGCGCGCG	-13.786106	-4.774393	0	T:61.0(25.21%),B:557.0(18.81%),P:1e-2	Tpos:51.0,Tstd:27.8,Bpos:48.9,Bstd:25.9,StrandBias:-0.2,Multiplicity:1.26
0.001	0.997	0.001	0.001
0.001	0.001	0.997	0.001
0.001	0.997	0.001	0.001
0.001	0.001	0.997	0.001
0.001	0.997	0.001	0.001
0.001	0.001	0.997	0.001
0.001	0.997	0.001	0.001
0.001	0.001	0.997	0.001
0.001	0.997	0.001	0.001
0.104	0.001	0.894	0.001
