>GAGACCTCTGNC	1-GAGACCTCTGNC	10.233209	-31.242009	0	T:9.0(4.50%),B:2.0(0.07%),P:1e-13	Tpos:52.6,Tstd:29.1,Bpos:40.0,Bstd:24.0,StrandBias:-1.2,Multiplicity:1.44
0.001	0.001	0.997	0.001
0.687	0.311	0.001	0.001
0.001	0.239	0.469	0.291
0.937	0.001	0.001	0.061
0.228	0.770	0.001	0.001
0.001	0.770	0.001	0.228
0.229	0.009	0.001	0.761
0.001	0.997	0.001	0.001
0.001	0.070	0.001	0.928
0.239	0.001	0.469	0.291
0.240	0.301	0.229	0.230
0.001	0.997	0.001	0.001
>CTCCTGTGTGCM	2-CTCCTGTGTGCM	10.939142	-26.616640	0	T:10.0(5.00%),B:5.0(0.17%),P:1e-11	Tpos:42.4,Tstd:25.3,Bpos:46.0,Bstd:27.6,StrandBias:2.0,Multiplicity:1.00
0.001	0.669	0.001	0.329
0.316	0.001	0.001	0.682
0.001	0.815	0.183	0.001
0.001	0.842	0.156	0.001
0.339	0.001	0.001	0.659
0.001	0.157	0.685	0.157
0.001	0.001	0.001	0.997
0.013	0.001	0.644	0.342
0.001	0.001	0.001	0.997
0.001	0.001	0.997	0.001
0.001	0.685	0.313	0.001
0.499	0.499	0.001	0.001
>TTGTKYTTMCAG	3-TTGTKYTTMCAG	11.309832	-22.964596	0	T:6.0(3.00%),B:1.0(0.03%),P:1e-9	Tpos:59.8,Tstd:12.2,Bpos:86.0,Bstd:0.0,StrandBias:-2.3,Multiplicity:1.00
0.001	0.001	0.001	0.997
0.001	0.001	0.001	0.997
0.001	0.001	0.997	0.001
0.001	0.001	0.001	0.997
0.001	0.001	0.453	0.545
0.001	0.423	0.030	0.546
0.001	0.001	0.001	0.997
0.422	0.001	0.001	0.576
0.545	0.453	0.001	0.001
0.001	0.997	0.001	0.001
0.968	0.001	0.001	0.030
0.001	0.001	0.997	0.001
>AGCTGCGCGCGA	4-AGCTGCGCGCGA	11.484856	-22.964596	0	T:6.0(3.00%),B:1.0(0.03%),P:1e-9	Tpos:45.2,Tstd:21.5,Bpos:56.0,Bstd:0.0,StrandBias:0.0,Multiplicity:1.00
0.832	0.001	0.001	0.166
0.001	0.001	0.997	0.001
0.001	0.997	0.001	0.001
0.332	0.001	0.001	0.666
0.001	0.001	0.997	0.001
0.001	0.832	0.001	0.166
0.001	0.166	0.832	0.001
0.001	0.832	0.001	0.166
0.001	0.166	0.832	0.001
0.001	0.832	0.166	0.001
0.166	0.166	0.667	0.001
0.997	0.001	0.001	0.001
>CCAYCCARATCM	5-CCAYCCARATCM	7.996449	-18.736637	0	T:13.0(6.50%),B:23.0(0.77%),P:1e-8	Tpos:43.4,Tstd:30.0,Bpos:39.1,Bstd:24.0,StrandBias:-0.2,Multiplicity:1.00
0.001	0.544	0.168	0.287
0.082	0.670	0.001	0.247
0.584	0.001	0.001	0.414
0.086	0.374	0.170	0.371
0.001	0.873	0.001	0.125
0.042	0.790	0.001	0.167
0.670	0.164	0.001	0.165
0.539	0.001	0.459	0.001
0.502	0.208	0.126	0.164
0.001	0.001	0.130	0.868
0.250	0.459	0.167	0.125
0.419	0.331	0.086	0.164
>CTGGACTCCCCT	6-CTGGACTCCCCT	10.068766	-18.437198	0	T:5.0(2.50%),B:1.0(0.03%),P:1e-8	Tpos:41.2,Tstd:27.8,Bpos:13.0,Bstd:0.0,StrandBias:-2.8,Multiplicity:1.60
0.001	0.997	0.001	0.001
0.001	0.001	0.001	0.997
0.001	0.040	0.772	0.187
0.001	0.001	0.997	0.001
0.772	0.001	0.226	0.001
0.001	0.997	0.001	0.001
0.001	0.001	0.001	0.997
0.001	0.997	0.001	0.001
0.001	0.997	0.001	0.001
0.001	0.959	0.001	0.039
0.266	0.732	0.001	0.001
0.001	0.039	0.001	0.959
>ACGTGCTCACAG	7-ACGTGCTCACAG	10.409522	-9.983098	0	T:3.0(1.50%),B:1.0(0.03%),P:1e-4	Tpos:53.2,Tstd:30.4,Bpos:69.0,Bstd:0.0,StrandBias:2.0,Multiplicity:1.67
0.700	0.100	0.100	0.100
0.100	0.700	0.100	0.100
0.100	0.100	0.700	0.100
0.100	0.100	0.100	0.700
0.100	0.100	0.700	0.100
0.100	0.700	0.100	0.100
0.100	0.100	0.100	0.700
0.100	0.700	0.100	0.100
0.700	0.100	0.100	0.100
0.100	0.700	0.100	0.100
0.700	0.100	0.100	0.100
0.100	0.100	0.700	0.100
>AAGGCAGAGTGT	8-AAGGCAGAGTGT	12.015835	-9.030626	0	T:5.0(2.50%),B:7.0(0.23%),P:1e-3	Tpos:46.2,Tstd:23.2,Bpos:61.1,Bstd:26.2,StrandBias:0.0,Multiplicity:1.20
0.719	0.245	0.035	0.001
0.997	0.001	0.001	0.001
0.228	0.001	0.770	0.001
0.015	0.001	0.983	0.001
0.001	0.770	0.228	0.001
0.770	0.001	0.001	0.228
0.228	0.001	0.770	0.001
0.770	0.001	0.228	0.001
0.001	0.001	0.997	0.001
0.001	0.001	0.001	0.997
0.001	0.001	0.770	0.228
0.228	0.001	0.001	0.770
