>ATCAGGTTAA	1-ATCAGGTTAA	11.276337	-18.861013	0	T:6.0(3.00%),B:2.0(0.07%),P:1e-8	Tpos:45.7,Tstd:16.7,Bpos:32.0,Bstd:2.0,StrandBias:1.0,Multiplicity:1.00
0.997	0.001	0.001	0.001
0.001	0.166	0.001	0.832
0.001	0.997	0.001	0.001
0.997	0.001	0.001	0.001
0.001	0.001	0.997	0.001
0.001	0.166	0.832	0.001
0.001	0.166	0.166	0.667
0.001	0.001	0.166	0.832
0.997	0.001	0.001	0.001
0.997	0.001	0.001	0.001
>TATCCTCTGA	2-TATCCTCTGA	10.719319	-18.425265	0	T:8.0(4.00%),B:6.0(0.20%),P:1e-8	Tpos:51.6,Tstd:27.7,Bpos:47.0,Bstd:22.6,StrandBias:1.0,Multiplicity:1.12
0.001	0.084	0.111	0.804
0.997	0.001	0.001	0.001
0.111	0.111	0.001	0.777
0.001	0.997	0.001	0.001
0.001	0.997	0.001	0.001
0.001	0.001	0.001	0.997
0.110	0.888	0.001	0.001
0.001	0.001	0.001	0.997
0.001	0.001	0.997	0.001
0.639	0.111	0.001	0.249
>GCTTTACCCT	3-GCTTTACCCT	11.276337	-16.483474	0	T:6.0(3.00%),B:3.0(0.10%),P:1e-7	Tpos:55.7,Tstd:23.7,Bpos:33.7,Bstd:22.2,StrandBias:1.0,Multiplicity:1.00
0.001	0.001	0.832	0.166
0.001	0.997	0.001	0.001
0.001	0.001	0.001	0.997
0.001	0.001	0.001	0.997
0.001	0.001	0.001	0.997
0.667	0.166	0.001	0.166
0.001	0.997	0.001	0.001
0.166	0.832	0.001	0.001
0.001	0.832	0.001	0.166
0.001	0.001	0.001	0.997
>TCATGACTTA	4-TCATGACTTA	11.276337	-15.025471	0	T:5.0(2.50%),B:2.0(0.07%),P:1e-6	Tpos:52.3,Tstd:19.5,Bpos:81.0,Bstd:1.0,StrandBias:2.3,Multiplicity:1.20
0.166	0.001	0.001	0.832
0.001	0.997	0.001	0.001
0.832	0.166	0.001	0.001
0.001	0.001	0.001	0.997
0.001	0.001	0.997	0.001
0.997	0.001	0.001	0.001
0.001	0.997	0.001	0.001
0.001	0.001	0.166	0.832
0.001	0.001	0.001	0.997
0.667	0.001	0.166	0.166
>CCCATTGGGA	5-CCCATTGGGA	11.207125	-14.096594	0	T:4.0(2.00%),B:1.0(0.03%),P:1e-6	Tpos:36.5,Tstd:22.5,Bpos:10.0,Bstd:0.0,StrandBias:0.7,Multiplicity:1.25
0.001	0.839	0.001	0.159
0.001	0.997	0.001	0.001
0.001	0.997	0.001	0.001
0.997	0.001	0.001	0.001
0.359	0.001	0.001	0.639
0.001	0.001	0.001	0.997
0.001	0.001	0.997	0.001
0.001	0.001	0.997	0.001
0.001	0.159	0.839	0.001
0.839	0.001	0.001	0.159
>CTAGTCRTCT	6-CTAGTCRTCT	8.552888	-10.605618	0	T:5.0(2.50%),B:5.0(0.17%),P:1e-4	Tpos:56.5,Tstd:27.1,Bpos:50.8,Bstd:24.0,StrandBias:1.6,Multiplicity:1.60
0.001	0.997	0.001	0.001
0.001	0.001	0.001	0.997
0.948	0.001	0.050	0.001
0.001	0.422	0.576	0.001
0.001	0.422	0.001	0.576
0.001	0.576	0.001	0.422
0.473	0.001	0.525	0.001
0.001	0.001	0.001	0.997
0.001	0.997	0.001	0.001
0.001	0.001	0.001	0.997
>TTCYTTCCTT	7-TTCYTTCCTT	8.412444	-9.890179	0	T:16.0(8.00%),B:75.0(2.50%),P:1e-4	Tpos:45.1,Tstd:23.6,Bpos:53.2,Bstd:28.2,StrandBias:1.2,Multiplicity:1.19
0.001	0.001	0.104	0.894
0.001	0.080	0.105	0.814
0.211	0.522	0.056	0.211
0.001	0.428	0.001	0.570
0.001	0.001	0.001	0.997
0.001	0.001	0.001	0.997
0.001	0.997	0.001	0.001
0.001	0.805	0.001	0.193
0.001	0.001	0.001	0.997
0.104	0.001	0.001	0.894
>CTCAAAACAA	8-CTCAAAACAA	8.298170	-8.591471	0	T:14.0(7.00%),B:67.0(2.23%),P:1e-3	Tpos:53.7,Tstd:19.4,Bpos:44.3,Bstd:22.9,StrandBias:-1.7,Multiplicity:2.43
0.368	0.630	0.001	0.001
0.192	0.001	0.001	0.806
0.036	0.962	0.001	0.001
0.962	0.001	0.001	0.036
0.997	0.001	0.001	0.001
0.997	0.001	0.001	0.001
0.997	0.001	0.001	0.001
0.001	0.962	0.036	0.001
0.962	0.036	0.001	0.001
0.997	0.001	0.001	0.001
