>TTAGCCTTTGTC	1-TTAGCCTTTGTC	15.096400	-24.985339	0	T:3.0(4.92%),B:1.5(0.00%),P:1e-10,FDR:0.2	Tpos:62.3,Tstd:29.2,Bpos:42.2,Bstd:0.3,StrandBias:1.0,Multiplicity:1.00
0.001	0.001	0.001	0.997
0.001	0.001	0.001	0.997
0.997	0.001	0.001	0.001
0.001	0.001	0.997	0.001
0.001	0.997	0.001	0.001
0.001	0.666	0.332	0.001
0.001	0.001	0.001	0.997
0.001	0.001	0.332	0.666
0.001	0.001	0.001	0.997
0.001	0.001	0.997	0.001
0.001	0.001	0.001	0.997
0.001	0.997	0.001	0.001
>TGAGCAGGATAT	2-TGAGCAGGATAT	11.579527	-21.343700	0	T:5.0(8.20%),B:85.1(0.06%),P:1e-9,FDR:0.2	Tpos:58.8,Tstd:19.4,Bpos:51.7,Bstd:32.5,StrandBias:2.0,Multiplicity:1.00
0.001	0.001	0.411	0.587
0.001	0.381	0.617	0.001
0.587	0.001	0.206	0.206
0.001	0.001	0.997	0.001
0.001	0.997	0.001	0.001
0.793	0.205	0.001	0.001
0.411	0.001	0.587	0.001
0.001	0.001	0.997	0.001
0.997	0.001	0.001	0.001
0.001	0.001	0.001	0.997
0.617	0.001	0.381	0.001
0.001	0.001	0.001	0.997
>CTKBTTGGAGTG	3-CTKBTTGGAGTG	9.629873	-20.522207	0	T:8.0(13.11%),B:710.1(0.52%),P:1e-8,FDR:0.2	Tpos:44.7,Tstd:24.4,Bpos:51.4,Bstd:28.3,StrandBias:2.3,Multiplicity:1.50
0.148	0.850	0.001	0.001
0.133	0.173	0.001	0.693
0.173	0.001	0.456	0.370
0.001	0.347	0.329	0.322
0.306	0.001	0.001	0.692
0.001	0.173	0.001	0.825
0.001	0.001	0.997	0.001
0.004	0.001	0.994	0.001
0.825	0.001	0.173	0.001
0.005	0.001	0.821	0.173
0.001	0.001	0.001	0.997
0.180	0.001	0.646	0.173
>CBCTGTCCTTTT	4-CBCTGTCCTTTT	7.846126	-14.992517	0	T:11.0(18.03%),B:3410.6(2.50%),P:1e-6,FDR:0.3	Tpos:43.3,Tstd:20.8,Bpos:50.5,Bstd:32.3,StrandBias:-0.8,Multiplicity:1.00
0.158	0.561	0.001	0.280
0.125	0.226	0.374	0.275
0.058	0.785	0.001	0.156
0.067	0.001	0.078	0.854
0.001	0.045	0.832	0.122
0.135	0.115	0.078	0.672
0.159	0.710	0.060	0.071
0.060	0.800	0.003	0.137
0.189	0.123	0.071	0.617
0.033	0.142	0.001	0.824
0.001	0.298	0.064	0.637
0.142	0.210	0.056	0.592
>TGCTGGGCACTA	5-TGCTGGGCACTA	12.355432	-7.021757	0	T:1.0(1.64%),B:2.8(0.00%),P:1e-3,FDR:0.96	Tpos:17.0,Tstd:0.0,Bpos:48.4,Bstd:21.8,StrandBias:-10.0,Multiplicity:1.00
0.100	0.100	0.100	0.700
0.100	0.100	0.700	0.100
0.100	0.700	0.100	0.100
0.100	0.100	0.100	0.700
0.100	0.100	0.700	0.100
0.100	0.100	0.700	0.100
0.100	0.100	0.700	0.100
0.100	0.700	0.100	0.100
0.700	0.100	0.100	0.100
0.100	0.700	0.100	0.100
0.100	0.100	0.100	0.700
0.700	0.100	0.100	0.100
