>AGTTGACKTTAG	1-AGTTGACKTTAG	9.501409	-19.566000	0	T:4.0(1.80%),B:12.0(0.01%),P:1e-8	Tpos:39.5,Tstd:17.3,Bpos:48.0,Bstd:26.4,StrandBias:0.0,Multiplicity:1.00
0.997	0.001	0.001	0.001
0.001	0.001	0.997	0.001
0.001	0.001	0.419	0.579
0.001	0.001	0.001	0.997
0.038	0.001	0.923	0.038
0.997	0.001	0.001	0.001
0.001	0.997	0.001	0.001
0.001	0.001	0.503	0.495
0.075	0.001	0.001	0.923
0.001	0.001	0.001	0.997
0.997	0.001	0.001	0.001
0.001	0.001	0.997	0.001
>TATVAGCAAHAA	2-TATVAGCAAHAA	9.437351	-19.340808	0	T:11.0(4.95%),B:666.0(0.42%),P:1e-8	Tpos:53.8,Tstd:22.3,Bpos:48.7,Bstd:25.9,StrandBias:-0.3,Multiplicity:1.00
0.112	0.001	0.319	0.568
0.775	0.112	0.112	0.001
0.128	0.001	0.225	0.646
0.225	0.326	0.355	0.094
0.997	0.001	0.001	0.001
0.001	0.001	0.898	0.100
0.112	0.760	0.127	0.001
0.886	0.112	0.001	0.001
0.997	0.001	0.001	0.001
0.225	0.307	0.113	0.355
0.774	0.112	0.113	0.001
0.997	0.001	0.001	0.001
>GCCTCRGGAGCA	3-GCCTCRGGAGCA	11.954156	-11.548846	0	T:4.0(1.80%),B:91.0(0.06%),P:1e-5	Tpos:43.6,Tstd:27.6,Bpos:50.7,Bstd:27.4,StrandBias:2.8,Multiplicity:2.00
0.001	0.001	0.997	0.001
0.001	0.997	0.001	0.001
0.001	0.997	0.001	0.001
0.142	0.161	0.001	0.696
0.001	0.997	0.001	0.001
0.292	0.001	0.434	0.273
0.001	0.001	0.997	0.001
0.149	0.001	0.849	0.001
0.997	0.001	0.001	0.001
0.001	0.001	0.997	0.001
0.160	0.838	0.001	0.001
0.997	0.001	0.001	0.001
>AGAAAACAAARC	4-AGAAAACAAARC	11.023309	-7.222027	0	T:8.0(3.60%),B:1356.0(0.85%),P:1e-3	Tpos:41.9,Tstd:32.8,Bpos:50.4,Bstd:24.9,StrandBias:-1.8,Multiplicity:1.12
0.697	0.074	0.228	0.001
0.266	0.021	0.712	0.001
0.832	0.001	0.166	0.001
0.872	0.126	0.001	0.001
0.997	0.001	0.001	0.001
0.713	0.001	0.001	0.285
0.011	0.987	0.001	0.001
0.997	0.001	0.001	0.001
0.997	0.001	0.001	0.001
0.988	0.001	0.001	0.010
0.484	0.001	0.514	0.001
0.231	0.767	0.001	0.001
>GCGTGCGTGCGT	5-GCGTGCGTGCGT	10.267238	-4.350901	0	T:3.0(1.35%),B:344.0(0.22%),P:1e-1	Tpos:52.9,Tstd:17.0,Bpos:49.7,Bstd:25.0,StrandBias:-3.3,Multiplicity:1.00
0.001	0.198	0.800	0.001
0.155	0.843	0.001	0.001
0.001	0.223	0.775	0.001
0.001	0.001	0.001	0.997
0.001	0.016	0.982	0.001
0.173	0.825	0.001	0.001
0.001	0.222	0.776	0.001
0.001	0.001	0.001	0.997
0.001	0.016	0.982	0.001
0.213	0.785	0.001	0.001
0.138	0.083	0.778	0.001
0.001	0.001	0.001	0.997
