>ACCTGGAGGGTT	1-ACCTGGAGGGTT	14.514318	-21.183465	0	T:4.0(1.80%),B:8.0(0.01%),P:1e-9	Tpos:57.0,Tstd:32.6,Bpos:44.6,Bstd:18.8,StrandBias:1.6,Multiplicity:1.00
0.997	0.001	0.001	0.001
0.001	0.997	0.001	0.001
0.267	0.731	0.001	0.001
0.239	0.001	0.001	0.759
0.001	0.001	0.997	0.001
0.222	0.001	0.776	0.001
0.997	0.001	0.001	0.001
0.001	0.001	0.997	0.001
0.001	0.001	0.997	0.001
0.001	0.001	0.997	0.001
0.001	0.001	0.001	0.997
0.001	0.001	0.001	0.997
>GGMCCAAKAGGG	2-GGMCCAAKAGGG	10.206294	-18.221144	0	T:6.0(2.70%),B:106.0(0.07%),P:1e-7	Tpos:50.5,Tstd:23.8,Bpos:57.8,Bstd:25.0,StrandBias:1.0,Multiplicity:1.00
0.001	0.027	0.971	0.001
0.001	0.001	0.997	0.001
0.521	0.477	0.001	0.001
0.382	0.616	0.001	0.001
0.001	0.616	0.382	0.001
0.978	0.020	0.001	0.001
0.997	0.001	0.001	0.001
0.001	0.001	0.477	0.521
0.997	0.001	0.001	0.001
0.001	0.001	0.997	0.001
0.001	0.001	0.977	0.021
0.001	0.001	0.997	0.001
>CGCACCGHACCG	3-CGCACCGHACCG	12.588237	-17.337423	0	T:4.0(1.80%),B:21.0(0.01%),P:1e-7	Tpos:58.1,Tstd:21.8,Bpos:55.6,Bstd:23.7,StrandBias:10.0,Multiplicity:1.00
0.001	0.997	0.001	0.001
0.001	0.327	0.671	0.001
0.001	0.997	0.001	0.001
0.671	0.001	0.327	0.001
0.001	0.997	0.001	0.001
0.001	0.997	0.001	0.001
0.001	0.001	0.997	0.001
0.328	0.314	0.001	0.357
0.985	0.013	0.001	0.001
0.001	0.997	0.001	0.001
0.001	0.705	0.001	0.293
0.001	0.327	0.671	0.001
>ACTGCTTGCTCA	4-ACTGCTTGCTCA	6.700717	-15.031280	0	T:33.0(14.86%),B:8828.0(5.56%),P:1e-6	Tpos:44.9,Tstd:26.1,Bpos:49.9,Bstd:26.6,StrandBias:0.4,Multiplicity:1.00
0.763	0.035	0.067	0.135
0.131	0.793	0.075	0.001
0.118	0.035	0.194	0.653
0.005	0.130	0.795	0.070
0.061	0.718	0.105	0.116
0.121	0.094	0.035	0.750
0.099	0.001	0.143	0.757
0.184	0.089	0.681	0.046
0.070	0.827	0.078	0.025
0.078	0.066	0.001	0.855
0.035	0.738	0.157	0.070
0.676	0.081	0.102	0.141
>GCTGCCCCAGTG	5-GCTGCCCCAGTG	14.506764	-14.587889	0	T:4.0(1.80%),B:42.0(0.03%),P:1e-6	Tpos:45.0,Tstd:18.3,Bpos:47.5,Bstd:23.3,StrandBias:0.6,Multiplicity:1.25
0.263	0.001	0.735	0.001
0.001	0.997	0.001	0.001
0.001	0.001	0.001	0.997
0.001	0.001	0.756	0.242
0.001	0.997	0.001	0.001
0.001	0.997	0.001	0.001
0.001	0.997	0.001	0.001
0.001	0.997	0.001	0.001
0.778	0.220	0.001	0.001
0.001	0.001	0.997	0.001
0.001	0.001	0.001	0.997
0.001	0.001	0.997	0.001
