>AGCTCGGT	1-AGCTCGGT	7.409476	-16.149031	0	T:18.0(8.11%),B:2761.0(1.74%),P:1e-7	Tpos:66.3,Tstd:23.5,Bpos:49.8,Bstd:27.0,StrandBias:-0.3,Multiplicity:1.00
0.794	0.084	0.057	0.065
0.001	0.001	0.997	0.001
0.001	0.926	0.072	0.001
0.074	0.001	0.074	0.851
0.044	0.954	0.001	0.001
0.001	0.046	0.952	0.001
0.001	0.045	0.857	0.097
0.001	0.105	0.171	0.723
>GAGATTCA	2-GAGATTCA	5.793751	-15.542765	0	T:36.0(16.22%),B:9957.0(6.28%),P:1e-6	Tpos:52.9,Tstd:29.5,Bpos:50.6,Bstd:27.5,StrandBias:-0.4,Multiplicity:1.03
0.047	0.030	0.864	0.059
0.821	0.001	0.177	0.001
0.001	0.150	0.848	0.001
0.997	0.001	0.001	0.001
0.097	0.023	0.027	0.853
0.059	0.068	0.001	0.872
0.051	0.849	0.044	0.056
0.930	0.035	0.001	0.034
>CAAGCGCA	3-CAAGCGCA	7.023317	-12.242005	0	T:21.0(9.46%),B:4789.0(3.02%),P:1e-5	Tpos:45.6,Tstd:22.7,Bpos:49.5,Bstd:25.8,StrandBias:1.2,Multiplicity:1.24
0.001	0.997	0.001	0.001
0.997	0.001	0.001	0.001
0.736	0.146	0.019	0.099
0.052	0.050	0.897	0.001
0.013	0.958	0.001	0.028
0.001	0.014	0.933	0.052
0.074	0.827	0.001	0.098
0.685	0.178	0.136	0.001
>AGGCCGCC	4-AGGCCGCC	5.020261	-9.782726	0	T:57.0(25.68%),B:24498.0(15.44%),P:1e-4	Tpos:53.9,Tstd:24.7,Bpos:49.9,Bstd:26.9,StrandBias:-0.4,Multiplicity:1.30
0.690	0.064	0.139	0.107
0.097	0.117	0.674	0.112
0.061	0.032	0.850	0.057
0.068	0.724	0.087	0.121
0.076	0.723	0.094	0.107
0.111	0.069	0.773	0.047
0.113	0.688	0.072	0.127
0.040	0.889	0.050	0.021
>CTGGGGGG	5-CTGGGGGG	5.104207	-9.333582	0	T:93.0(41.89%),B:47310.0(29.82%),P:1e-4	Tpos:49.0,Tstd:26.7,Bpos:50.0,Bstd:27.0,StrandBias:-0.3,Multiplicity:1.38
0.025	0.671	0.270	0.034
0.085	0.123	0.149	0.643
0.084	0.069	0.777	0.070
0.061	0.022	0.864	0.053
0.092	0.034	0.847	0.027
0.086	0.014	0.750	0.150
0.214	0.064	0.704	0.018
0.095	0.087	0.762	0.056
