>ACASTGTAGCCA	1-ACASTGTAGCCA	13.913511	-10.378567	0	T:4.0(1.80%),B:123.0(0.08%),P:1e-4	Tpos:39.0,Tstd:29.5,Bpos:50.1,Bstd:23.2,StrandBias:-10.0,Multiplicity:1.75
0.601	0.001	0.001	0.397
0.001	0.997	0.001	0.001
0.997	0.001	0.001	0.001
0.001	0.449	0.380	0.170
0.001	0.001	0.001	0.997
0.001	0.001	0.997	0.001
0.001	0.001	0.001	0.997
0.648	0.001	0.350	0.001
0.001	0.001	0.583	0.415
0.001	0.997	0.001	0.001
0.001	0.997	0.001	0.001
0.997	0.001	0.001	0.001
>CATCCACCACGG	2-CATCCACCACGG	12.540370	-10.263295	0	T:2.0(0.90%),B:6.0(0.00%),P:1e-4	Tpos:46.0,Tstd:24.0,Bpos:52.0,Bstd:27.0,StrandBias:2.0,Multiplicity:2.50
0.001	0.997	0.001	0.001
0.997	0.001	0.001	0.001
0.001	0.001	0.001	0.997
0.001	0.997	0.001	0.001
0.001	0.997	0.001	0.001
0.997	0.001	0.001	0.001
0.001	0.997	0.001	0.001
0.131	0.867	0.001	0.001
0.867	0.001	0.001	0.131
0.001	0.997	0.001	0.001
0.001	0.001	0.997	0.001
0.001	0.001	0.997	0.001
>TGAAAACACTCG	3-TGAAAACACTCG	12.540370	-9.689778	0	T:2.0(0.90%),B:8.0(0.01%),P:1e-4	Tpos:39.0,Tstd:22.8,Bpos:62.8,Bstd:19.8,StrandBias:10.0,Multiplicity:2.00
0.001	0.001	0.001	0.997
0.001	0.001	0.997	0.001
0.997	0.001	0.001	0.001
0.997	0.001	0.001	0.001
0.997	0.001	0.001	0.001
0.867	0.001	0.001	0.131
0.001	0.997	0.001	0.001
0.997	0.001	0.001	0.001
0.001	0.997	0.001	0.001
0.001	0.001	0.001	0.997
0.001	0.997	0.001	0.001
0.001	0.131	0.867	0.001
>GCATGCATGCGT	4-GCATGCATGCGT	13.258541	-6.707445	0	T:2.0(0.90%),B:36.0(0.02%),P:1e-2	Tpos:63.7,Tstd:11.6,Bpos:50.1,Bstd:26.4,StrandBias:-1.0,Multiplicity:1.00
0.001	0.001	0.997	0.001
0.001	0.997	0.001	0.001
0.997	0.001	0.001	0.001
0.149	0.260	0.001	0.590
0.001	0.001	0.997	0.001
0.001	0.997	0.001	0.001
0.680	0.001	0.318	0.001
0.189	0.160	0.001	0.650
0.001	0.001	0.997	0.001
0.001	0.739	0.001	0.259
0.169	0.001	0.653	0.177
0.001	0.302	0.070	0.627
>BYCCCCCCCCCC	5-BYCCCCCCCCCC	11.438503	-5.075666	0	T:4.0(1.80%),B:515.0(0.32%),P:1e-2	Tpos:54.6,Tstd:21.9,Bpos:49.3,Bstd:25.3,StrandBias:0.4,Multiplicity:1.00
0.001	0.383	0.246	0.370
0.055	0.437	0.140	0.367
0.070	0.602	0.001	0.327
0.064	0.934	0.001	0.001
0.008	0.939	0.001	0.052
0.001	0.995	0.001	0.003
0.001	0.997	0.001	0.001
0.144	0.854	0.001	0.001
0.242	0.685	0.072	0.001
0.210	0.788	0.001	0.001
0.001	0.804	0.089	0.106
0.336	0.574	0.001	0.089
