>CCSCGGAG	1-CCSCGGAG	7.167206	-15.555331	0	T:18.0(8.11%),B:2876.0(1.81%),P:1e-6	Tpos:50.8,Tstd:26.3,Bpos:51.5,Bstd:26.3,StrandBias:0.2,Multiplicity:1.06
0.047	0.899	0.053	0.001
0.020	0.934	0.030	0.016
0.175	0.382	0.442	0.001
0.020	0.906	0.047	0.027
0.001	0.036	0.962	0.001
0.001	0.065	0.933	0.001
0.984	0.001	0.014	0.001
0.001	0.042	0.956	0.001
>AAGAATVA	2-AAGAATVA	6.079223	-11.198464	0	T:36.0(16.22%),B:12048.0(7.59%),P:1e-4	Tpos:50.1,Tstd:27.3,Bpos:49.7,Bstd:27.1,StrandBias:0.2,Multiplicity:1.14
0.840	0.004	0.001	0.155
0.759	0.001	0.158	0.082
0.176	0.220	0.401	0.203
0.552	0.021	0.378	0.049
0.953	0.002	0.037	0.008
0.073	0.041	0.001	0.885
0.422	0.277	0.280	0.021
0.583	0.036	0.023	0.358
>GGCGGCCG	3-GGCGGCCG	4.963399	-10.673618	0	T:47.0(21.17%),B:18146.0(11.44%),P:1e-4	Tpos:48.6,Tstd:28.1,Bpos:50.1,Bstd:26.9,StrandBias:0.0,Multiplicity:1.34
0.103	0.121	0.704	0.072
0.081	0.042	0.824	0.053
0.088	0.724	0.117	0.071
0.093	0.039	0.768	0.100
0.117	0.105	0.643	0.135
0.072	0.740	0.067	0.121
0.105	0.799	0.050	0.046
0.068	0.043	0.808	0.081
>CCCCCGGG	4-CCCCCGGG	8.837724	-9.917522	0	T:9.0(4.05%),B:1173.0(0.74%),P:1e-4	Tpos:54.5,Tstd:26.6,Bpos:48.6,Bstd:27.2,StrandBias:0.6,Multiplicity:1.00
0.001	0.997	0.001	0.001
0.001	0.997	0.001	0.001
0.001	0.997	0.001	0.001
0.001	0.871	0.001	0.127
0.001	0.942	0.056	0.001
0.001	0.106	0.892	0.001
0.001	0.001	0.997	0.001
0.001	0.001	0.997	0.001
>GCCSGSSG	5-GCCSGSSG	4.934292	-8.368727	0	T:18.0(8.11%),B:4931.0(3.11%),P:1e-3	Tpos:50.9,Tstd:22.1,Bpos:49.7,Bstd:27.1,StrandBias:0.0,Multiplicity:1.11
0.032	0.327	0.514	0.127
0.051	0.681	0.233	0.035
0.204	0.492	0.230	0.074
0.097	0.299	0.390	0.214
0.039	0.318	0.573	0.070
0.149	0.493	0.357	0.001
0.153	0.414	0.284	0.150
0.041	0.246	0.492	0.221
