>CACAGTTCDAAC	1-CACAGTTCDAAC	9.472792	-17.254019	0	T:6.0(2.70%),B:125.0(0.08%),P:1e-7	Tpos:59.7,Tstd:25.7,Bpos:48.6,Bstd:26.2,StrandBias:1.0,Multiplicity:1.00
0.001	0.997	0.001	0.001
0.705	0.001	0.001	0.293
0.001	0.997	0.001	0.001
0.989	0.001	0.001	0.009
0.001	0.013	0.985	0.001
0.001	0.001	0.001	0.997
0.001	0.001	0.327	0.671
0.001	0.671	0.001	0.327
0.378	0.001	0.328	0.293
0.997	0.001	0.001	0.001
0.671	0.327	0.001	0.001
0.001	0.988	0.010	0.001
>GGCTTATTTTAA	2-GGCTTATTTTAA	11.090888	-16.267398	0	T:6.0(2.70%),B:148.0(0.09%),P:1e-7	Tpos:50.3,Tstd:23.2,Bpos:52.1,Bstd:27.0,StrandBias:1.0,Multiplicity:1.00
0.222	0.011	0.634	0.133
0.175	0.001	0.532	0.292
0.001	0.979	0.001	0.019
0.001	0.001	0.001	0.997
0.008	0.001	0.001	0.990
0.486	0.221	0.292	0.001
0.001	0.010	0.001	0.988
0.001	0.011	0.001	0.987
0.001	0.001	0.001	0.997
0.175	0.222	0.123	0.480
0.506	0.155	0.001	0.338
0.636	0.011	0.009	0.344
>CRGCASYAGGGG	3-CRGCASYAGGGG	7.930266	-13.388352	0	T:23.0(10.36%),B:5219.0(3.29%),P:1e-5	Tpos:50.3,Tstd:22.8,Bpos:51.1,Bstd:23.9,StrandBias:0.3,Multiplicity:1.09
0.196	0.552	0.201	0.051
0.422	0.051	0.455	0.072
0.001	0.391	0.607	0.001
0.087	0.840	0.072	0.001
0.625	0.037	0.311	0.027
0.001	0.498	0.500	0.001
0.034	0.428	0.216	0.321
0.767	0.036	0.115	0.082
0.210	0.042	0.747	0.001
0.035	0.001	0.934	0.030
0.180	0.081	0.738	0.001
0.001	0.255	0.462	0.282
>CAGCTCCCAATA	4-CAGCTCCCAATA	11.472929	-12.682255	0	T:5.0(2.25%),B:154.0(0.10%),P:1e-5	Tpos:58.7,Tstd:29.3,Bpos:49.5,Bstd:26.8,StrandBias:1.3,Multiplicity:1.40
0.001	0.674	0.001	0.324
0.672	0.326	0.001	0.001
0.001	0.001	0.588	0.410
0.001	0.997	0.001	0.001
0.001	0.001	0.001	0.997
0.001	0.997	0.001	0.001
0.001	0.997	0.001	0.001
0.001	0.997	0.001	0.001
0.997	0.001	0.001	0.001
0.589	0.327	0.002	0.082
0.001	0.001	0.001	0.997
0.585	0.001	0.413	0.001
>ATACAAAGAGTA	5-ATACAAAGAGTA	12.355432	-6.572500	0	T:1.0(0.45%),B:1.0(0.00%),P:1e-2	Tpos:40.0,Tstd:12.2,Bpos:12.0,Bstd:0.0,StrandBias:10.0,Multiplicity:3.00
0.700	0.100	0.100	0.100
0.100	0.100	0.100	0.700
0.700	0.100	0.100	0.100
0.100	0.700	0.100	0.100
0.700	0.100	0.100	0.100
0.700	0.100	0.100	0.100
0.700	0.100	0.100	0.100
0.100	0.100	0.700	0.100
0.700	0.100	0.100	0.100
0.100	0.100	0.700	0.100
0.100	0.100	0.100	0.700
0.700	0.100	0.100	0.100
>CAGATGATGCTG	6-CAGATGATGCTG	16.285028	-5.475280	0	T:1.0(0.45%),B:3.0(0.00%),P:1e-2	Tpos:48.7,Tstd:34.0,Bpos:77.7,Bstd:9.7,StrandBias:-10.0,Multiplicity:3.00
0.001	0.997	0.001	0.001
0.997	0.001	0.001	0.001
0.001	0.001	0.997	0.001
0.728	0.270	0.001	0.001
0.001	0.001	0.001	0.997
0.001	0.001	0.997	0.001
0.997	0.001	0.001	0.001
0.001	0.001	0.001	0.997
0.001	0.001	0.997	0.001
0.001	0.997	0.001	0.001
0.001	0.001	0.001	0.997
0.001	0.001	0.997	0.001
