>CAGAGTAG	1-CAGAGTAG	6.870176	-18.071067	0	T:37.0(16.67%),B:9415.0(5.93%),P:1e-7	Tpos:43.3,Tstd:26.9,Bpos:50.0,Bstd:27.0,StrandBias:0.6,Multiplicity:1.06
0.001	0.954	0.001	0.044
0.935	0.001	0.063	0.001
0.035	0.068	0.855	0.042
0.946	0.001	0.052	0.001
0.001	0.031	0.967	0.001
0.069	0.001	0.053	0.877
0.901	0.048	0.001	0.050
0.238	0.037	0.578	0.147
>GCAACAAC	2-GCAACAAC	6.794227	-16.820190	0	T:31.0(13.96%),B:7331.0(4.62%),P:1e-7	Tpos:52.8,Tstd:23.8,Bpos:49.6,Bstd:26.2,StrandBias:-0.3,Multiplicity:1.03
0.225	0.025	0.720	0.030
0.086	0.824	0.050	0.040
0.911	0.001	0.087	0.001
0.924	0.034	0.001	0.041
0.030	0.944	0.025	0.001
0.997	0.001	0.001	0.001
0.827	0.121	0.030	0.022
0.001	0.966	0.013	0.020
>ASTCGCGG	3-ASTCGCGG	6.083445	-13.969265	0	T:18.0(8.11%),B:3214.0(2.03%),P:1e-6	Tpos:51.1,Tstd:29.2,Bpos:49.7,Bstd:27.0,StrandBias:-1.3,Multiplicity:1.17
0.576	0.169	0.187	0.068
0.001	0.527	0.471	0.001
0.113	0.133	0.028	0.726
0.273	0.583	0.143	0.001
0.001	0.127	0.782	0.090
0.053	0.798	0.048	0.101
0.098	0.110	0.791	0.001
0.325	0.001	0.588	0.086
>CCKCGTCC	4-CCKCGTCC	7.806032	-9.676038	0	T:13.0(5.86%),B:2502.0(1.58%),P:1e-4	Tpos:47.1,Tstd:26.0,Bpos:49.9,Bstd:27.5,StrandBias:-1.3,Multiplicity:1.08
0.001	0.997	0.001	0.001
0.001	0.805	0.001	0.193
0.001	0.001	0.435	0.563
0.008	0.803	0.075	0.114
0.074	0.001	0.924	0.001
0.173	0.001	0.001	0.825
0.001	0.957	0.001	0.041
0.001	0.997	0.001	0.001
>GTTTTGGT	5-GTTTTGGT	6.690287	-7.748514	0	T:11.0(4.95%),B:2283.0(1.44%),P:1e-3	Tpos:53.5,Tstd:22.3,Bpos:50.4,Bstd:26.7,StrandBias:2.3,Multiplicity:1.64
0.001	0.001	0.997	0.001
0.001	0.001	0.001	0.997
0.001	0.054	0.001	0.944
0.001	0.001	0.001	0.997
0.001	0.112	0.001	0.886
0.001	0.134	0.864	0.001
0.001	0.001	0.997	0.001
0.121	0.001	0.001	0.877
