>GAACTCAGGACC	1-GAACTCAGGACC	8.966038	-18.932468	0	T:5.0(38.46%),B:684.0(0.55%),P:1e-8,FDR:0.2	Tpos:65.4,Tstd:26.1,Bpos:51.0,Bstd:42.2,StrandBias:0.6,Multiplicity:1.00
0.001	0.001	0.997	0.001
0.997	0.001	0.001	0.001
0.997	0.001	0.001	0.001
0.001	0.997	0.001	0.001
0.001	0.001	0.001	0.997
0.001	0.997	0.001	0.001
0.997	0.001	0.001	0.001
0.001	0.001	0.997	0.001
0.001	0.001	0.782	0.216
0.997	0.001	0.001	0.001
0.001	0.782	0.216	0.001
0.216	0.782	0.001	0.001
>TGCTCTTCAAAW	2-TGCTCTTCAAAW	8.647957	-17.636625	0	T:5.0(38.46%),B:887.0(0.71%),P:1e-7,FDR:0.2	Tpos:48.2,Tstd:23.9,Bpos:52.2,Bstd:35.9,StrandBias:0.6,Multiplicity:1.00
0.256	0.243	0.001	0.500
0.001	0.001	0.986	0.012
0.001	0.500	0.256	0.243
0.001	0.242	0.001	0.756
0.001	0.986	0.001	0.012
0.243	0.001	0.243	0.513
0.026	0.243	0.243	0.487
0.001	0.756	0.242	0.001
0.513	0.243	0.001	0.243
0.986	0.012	0.001	0.001
0.997	0.001	0.001	0.001
0.486	0.001	0.012	0.501
>GAGCAGTGAGTG	3-GAGCAGTGAGTG	10.252141	-16.787742	0	T:5.0(38.46%),B:1053.0(0.84%),P:1e-7,FDR:0.2	Tpos:58.0,Tstd:21.4,Bpos:47.4,Bstd:39.1,StrandBias:0.6,Multiplicity:1.00
0.258	0.258	0.483	0.001
0.974	0.001	0.001	0.024
0.001	0.001	0.741	0.257
0.286	0.712	0.001	0.001
0.545	0.258	0.001	0.196
0.001	0.001	0.741	0.257
0.258	0.001	0.258	0.483
0.001	0.196	0.802	0.001
0.974	0.024	0.001	0.001
0.001	0.001	0.997	0.001
0.258	0.025	0.001	0.716
0.001	0.286	0.712	0.001
>AGTCAMTTSTCC	4-AGTCAMTTSTCC	9.544385	-14.701802	0	T:4.0(30.77%),B:619.7(0.49%),P:1e-6,FDR:0.2	Tpos:48.2,Tstd:30.1,Bpos:49.7,Bstd:38.9,StrandBias:0.0,Multiplicity:1.00
0.499	0.243	0.001	0.257
0.012	0.001	0.986	0.001
0.001	0.269	0.001	0.729
0.012	0.986	0.001	0.001
0.744	0.012	0.001	0.243
0.486	0.501	0.012	0.001
0.255	0.001	0.001	0.743
0.001	0.001	0.001	0.997
0.001	0.486	0.512	0.001
0.001	0.242	0.001	0.756
0.001	0.756	0.001	0.242
0.243	0.513	0.001	0.243
>ATGGGACCTGTT	5-ATGGGACCTGTT	12.355432	-9.172814	0	T:1.0(7.69%),B:0.5(0.00%),P:1e-3,FDR:0.64	Tpos:36.0,Tstd:0.0,Bpos:77.0,Bstd:0.0,StrandBias:-10.0,Multiplicity:1.00
0.700	0.100	0.100	0.100
0.100	0.100	0.100	0.700
0.100	0.100	0.700	0.100
0.100	0.100	0.700	0.100
0.100	0.100	0.700	0.100
0.700	0.100	0.100	0.100
0.100	0.700	0.100	0.100
0.100	0.700	0.100	0.100
0.100	0.100	0.100	0.700
0.100	0.100	0.700	0.100
0.100	0.100	0.100	0.700
0.100	0.100	0.100	0.700
>AAGCCTTTCCTA	6-AAGCCTTTCCTA	12.355432	-8.479715	0	T:1.0(7.69%),B:2.2(0.00%),P:1e-3,FDR:1	Tpos:13.0,Tstd:0.0,Bpos:74.3,Bstd:19.2,StrandBias:-10.0,Multiplicity:1.00
0.700	0.100	0.100	0.100
0.700	0.100	0.100	0.100
0.100	0.100	0.700	0.100
0.100	0.700	0.100	0.100
0.100	0.700	0.100	0.100
0.100	0.100	0.100	0.700
0.100	0.100	0.100	0.700
0.100	0.100	0.100	0.700
0.100	0.700	0.100	0.100
0.100	0.700	0.100	0.100
0.100	0.100	0.100	0.700
0.700	0.100	0.100	0.100
>TGAGGCTGGGTG	7-TGAGGCTGGGTG	12.355432	-8.479715	0	T:1.0(7.69%),B:2.9(0.00%),P:1e-3,FDR:1	Tpos:25.0,Tstd:0.0,Bpos:41.4,Bstd:20.6,StrandBias:10.0,Multiplicity:1.00
0.100	0.100	0.100	0.700
0.100	0.100	0.700	0.100
0.700	0.100	0.100	0.100
0.100	0.100	0.700	0.100
0.100	0.100	0.700	0.100
0.100	0.700	0.100	0.100
0.100	0.100	0.100	0.700
0.100	0.100	0.700	0.100
0.100	0.100	0.700	0.100
0.100	0.100	0.700	0.100
0.100	0.100	0.100	0.700
0.100	0.100	0.700	0.100
>GTGGCTCTCCCT	8-GTGGCTCTCCCT	12.355432	-8.479715	0	T:1.0(7.69%),B:2.9(0.00%),P:1e-3,FDR:1	Tpos:89.0,Tstd:0.0,Bpos:20.6,Bstd:14.4,StrandBias:10.0,Multiplicity:1.00
0.100	0.100	0.700	0.100
0.100	0.100	0.100	0.700
0.100	0.100	0.700	0.100
0.100	0.100	0.700	0.100
0.100	0.700	0.100	0.100
0.100	0.100	0.100	0.700
0.100	0.700	0.100	0.100
0.100	0.100	0.100	0.700
0.100	0.700	0.100	0.100
0.100	0.700	0.100	0.100
0.100	0.700	0.100	0.100
0.100	0.100	0.100	0.700
