>TATTTGAATG	1-TATTTGAATG	11.316461	-29.940292	0	T:7.0(4.79%),B:1.0(0.03%),P:1e-13	Tpos:35.4,Tstd:17.5,Bpos:79.0,Bstd:0.0,StrandBias:2.6,Multiplicity:1.00
0.001	0.166	0.001	0.832
0.832	0.001	0.166	0.001
0.001	0.001	0.001	0.997
0.001	0.001	0.001	0.997
0.166	0.001	0.001	0.832
0.166	0.001	0.832	0.001
0.997	0.001	0.001	0.001
0.997	0.001	0.001	0.001
0.001	0.001	0.001	0.997
0.001	0.001	0.832	0.166
>GGCSCCACAG	2-GGCSCCACAG	8.885036	-22.894868	0	T:12.0(8.22%),B:18.0(0.59%),P:1e-9	Tpos:57.0,Tstd:20.3,Bpos:47.9,Bstd:26.8,StrandBias:1.7,Multiplicity:1.08
0.001	0.001	0.997	0.001
0.068	0.038	0.893	0.001
0.140	0.787	0.001	0.072
0.136	0.394	0.363	0.107
0.136	0.795	0.068	0.001
0.068	0.863	0.068	0.001
0.997	0.001	0.001	0.001
0.001	0.801	0.126	0.072
0.795	0.136	0.001	0.068
0.001	0.204	0.727	0.068
>GAGATRCACT	3-GAGATRCACT	9.424630	-20.970115	0	T:8.0(5.48%),B:6.0(0.20%),P:1e-9	Tpos:60.8,Tstd:26.9,Bpos:29.2,Bstd:30.2,StrandBias:-0.7,Multiplicity:1.00
0.001	0.174	0.667	0.158
0.841	0.001	0.157	0.001
0.315	0.001	0.683	0.001
0.825	0.158	0.001	0.016
0.001	0.001	0.001	0.997
0.525	0.001	0.473	0.001
0.316	0.525	0.158	0.001
0.997	0.001	0.001	0.001
0.001	0.986	0.001	0.012
0.001	0.001	0.001	0.997
>ATGGCATGCT	4-ATGGCATGCT	11.276337	-20.799855	0	T:6.0(4.11%),B:2.0(0.07%),P:1e-9	Tpos:59.5,Tstd:18.4,Bpos:57.5,Bstd:13.5,StrandBias:0.0,Multiplicity:1.00
0.832	0.166	0.001	0.001
0.001	0.001	0.166	0.832
0.001	0.001	0.997	0.001
0.001	0.001	0.997	0.001
0.001	0.832	0.001	0.166
0.667	0.166	0.001	0.166
0.001	0.001	0.001	0.997
0.001	0.001	0.997	0.001
0.001	0.997	0.001	0.001
0.001	0.001	0.001	0.997
>TACACTACTC	5-TACACTACTC	11.557282	-20.059019	0	T:5.0(3.42%),B:1.0(0.03%),P:1e-8	Tpos:57.0,Tstd:26.6,Bpos:80.0,Bstd:0.0,StrandBias:-1.0,Multiplicity:1.20
0.001	0.001	0.001	0.997
0.997	0.001	0.001	0.001
0.001	0.799	0.001	0.199
0.799	0.001	0.199	0.001
0.001	0.997	0.001	0.001
0.001	0.001	0.001	0.997
0.799	0.199	0.001	0.001
0.001	0.799	0.001	0.199
0.001	0.001	0.001	0.997
0.001	0.997	0.001	0.001
>TCGTAGCTAG	6-TCGTAGCTAG	10.574783	-20.059019	0	T:5.0(3.42%),B:1.0(0.03%),P:1e-8	Tpos:40.0,Tstd:25.2,Bpos:9.0,Bstd:0.0,StrandBias:2.0,Multiplicity:1.00
0.001	0.001	0.001	0.997
0.001	0.599	0.001	0.399
0.001	0.199	0.799	0.001
0.001	0.399	0.001	0.599
0.997	0.001	0.001	0.001
0.001	0.001	0.799	0.199
0.001	0.997	0.001	0.001
0.001	0.001	0.001	0.997
0.997	0.001	0.001	0.001
0.001	0.001	0.997	0.001
>TTTGAACATT	7-TTTGAACATT	11.316461	-16.720050	0	T:6.0(4.11%),B:4.0(0.13%),P:1e-7	Tpos:55.4,Tstd:25.9,Bpos:51.0,Bstd:15.6,StrandBias:1.3,Multiplicity:1.17
0.001	0.001	0.001	0.997
0.001	0.001	0.166	0.832
0.001	0.001	0.001	0.997
0.166	0.001	0.832	0.001
0.832	0.001	0.001	0.166
0.832	0.001	0.001	0.166
0.001	0.997	0.001	0.001
0.997	0.001	0.001	0.001
0.166	0.001	0.001	0.832
0.001	0.001	0.001	0.997
>ACCTCTAGAG	8-ACCTCTAGAG	12.055956	-15.387795	0	T:4.0(2.74%),B:1.0(0.03%),P:1e-6	Tpos:31.2,Tstd:32.3,Bpos:95.0,Bstd:0.0,StrandBias:10.0,Multiplicity:1.00
0.636	0.047	0.001	0.316
0.001	0.601	0.383	0.015
0.001	0.997	0.001	0.001
0.001	0.001	0.001	0.997
0.001	0.997	0.001	0.001
0.001	0.015	0.001	0.983
0.997	0.001	0.001	0.001
0.001	0.001	0.997	0.001
0.698	0.001	0.300	0.001
0.001	0.001	0.997	0.001
