>TATAAACA	1-TATAAACA	7.147055	-16.648388	0	T:23.0(15.75%),B:128.0(4.22%),P:1e-7	Tpos:47.3,Tstd:22.8,Bpos:50.4,Bstd:26.1,StrandBias:0.0,Multiplicity:1.19
0.001	0.001	0.148	0.850
0.858	0.001	0.001	0.140
0.001	0.001	0.101	0.897
0.997	0.001	0.001	0.001
0.946	0.001	0.052	0.001
0.906	0.040	0.053	0.001
0.001	0.865	0.091	0.043
0.908	0.001	0.001	0.090
>GGAAGGAA	2-GGAAGGAA	7.078015	-14.051187	0	T:29.0(19.86%),B:222.0(7.33%),P:1e-6	Tpos:47.4,Tstd:26.8,Bpos:50.2,Bstd:27.9,StrandBias:0.6,Multiplicity:1.31
0.001	0.001	0.787	0.211
0.299	0.001	0.699	0.001
0.780	0.218	0.001	0.001
0.657	0.001	0.341	0.001
0.001	0.001	0.997	0.001
0.214	0.001	0.502	0.283
0.667	0.001	0.331	0.001
0.717	0.281	0.001	0.001
>TTTGTTTG	3-TTTGTTTG	4.857946	-12.504672	0	T:29.0(19.86%),B:240.0(7.92%),P:1e-5	Tpos:57.0,Tstd:26.2,Bpos:49.7,Bstd:27.8,StrandBias:-0.4,Multiplicity:1.19
0.082	0.001	0.001	0.916
0.001	0.038	0.001	0.960
0.001	0.001	0.001	0.997
0.040	0.001	0.958	0.001
0.001	0.075	0.001	0.923
0.001	0.031	0.001	0.967
0.082	0.001	0.001	0.916
0.001	0.001	0.997	0.001
>ACCGGTGC	4-ACCGGTGC	8.236954	-8.901761	0	T:3.0(2.05%),B:2.0(0.07%),P:1e-3	Tpos:36.0,Tstd:23.0,Bpos:82.0,Bstd:0.0,StrandBias:-1.6,Multiplicity:1.00
0.700	0.100	0.100	0.100
0.100	0.700	0.100	0.100
0.100	0.700	0.100	0.100
0.100	0.100	0.700	0.100
0.100	0.100	0.700	0.100
0.100	0.100	0.100	0.700
0.100	0.100	0.700	0.100
0.100	0.700	0.100	0.100
>TCTGCTCT	5-TCTGCTCT	-2.839816	-2.146837	0	T:83.0(56.85%),B:1563.0(51.58%),P:1e0	Tpos:50.6,Tstd:26.5,Bpos:50.0,Bstd:27.2,StrandBias:-0.6,Multiplicity:1.69
0.001	0.001	0.001	0.997
0.001	0.860	0.138	0.001
0.001	0.001	0.001	0.997
0.055	0.001	0.943	0.001
0.041	0.957	0.001	0.001
0.001	0.001	0.001	0.997
0.001	0.997	0.001	0.001
0.001	0.001	0.001	0.997
