>ATCTACTGCAGC	1-ATCTACTGCAGC	9.602645	-27.446340	0	T:11.0(7.53%),B:9.0(0.30%),P:1e-11	Tpos:53.1,Tstd:18.6,Bpos:46.8,Bstd:25.4,StrandBias:0.8,Multiplicity:1.00
0.777	0.111	0.111	0.001
0.001	0.001	0.001	0.997
0.001	0.888	0.110	0.001
0.001	0.110	0.001	0.888
0.777	0.111	0.001	0.111
0.110	0.888	0.001	0.001
0.001	0.001	0.001	0.997
0.001	0.221	0.777	0.001
0.001	0.777	0.111	0.111
0.997	0.001	0.001	0.001
0.110	0.001	0.888	0.001
0.111	0.556	0.111	0.222
>GGGCATGGCHAG	2-GGGCATGGCHAG	9.013826	-17.847642	0	T:8.0(5.48%),B:9.0(0.30%),P:1e-7	Tpos:49.9,Tstd:30.3,Bpos:40.8,Bstd:35.1,StrandBias:-1.0,Multiplicity:1.12
0.337	0.001	0.661	0.001
0.001	0.001	0.997	0.001
0.001	0.001	0.997	0.001
0.001	0.680	0.318	0.001
0.656	0.001	0.340	0.003
0.001	0.001	0.017	0.981
0.001	0.001	0.997	0.001
0.300	0.001	0.698	0.001
0.001	0.997	0.001	0.001
0.319	0.300	0.001	0.380
0.601	0.001	0.380	0.018
0.017	0.001	0.981	0.001
>GGGAGGAGGAGG	3-GGGAGGAGGAGG	9.995569	-16.861659	0	T:11.0(7.53%),B:25.0(0.83%),P:1e-7	Tpos:53.1,Tstd:24.5,Bpos:45.2,Bstd:26.1,StrandBias:2.0,Multiplicity:1.18
0.187	0.187	0.625	0.001
0.187	0.001	0.811	0.001
0.001	0.001	0.997	0.001
0.997	0.001	0.001	0.001
0.001	0.001	0.997	0.001
0.001	0.001	0.811	0.187
0.612	0.375	0.012	0.001
0.001	0.001	0.997	0.001
0.001	0.013	0.973	0.013
0.811	0.001	0.001	0.187
0.200	0.001	0.798	0.001
0.187	0.187	0.625	0.001
>TMTCCAGCTGRA	4-TMTCCAGCTGRA	10.519664	-12.166553	0	T:5.0(3.42%),B:5.0(0.17%),P:1e-5	Tpos:48.0,Tstd:26.3,Bpos:57.7,Bstd:21.3,StrandBias:0.4,Multiplicity:1.00
0.009	0.001	0.190	0.800
0.376	0.427	0.010	0.188
0.188	0.010	0.188	0.614
0.001	0.997	0.001	0.001
0.196	0.802	0.001	0.001
0.997	0.001	0.001	0.001
0.009	0.001	0.793	0.197
0.001	0.997	0.001	0.001
0.018	0.001	0.001	0.980
0.001	0.009	0.989	0.001
0.375	0.029	0.379	0.217
0.595	0.188	0.207	0.010
>ARCAGKGTMASC	5-ARCAGKGTMASC	13.720507	-10.945918	0	T:3.0(2.05%),B:1.0(0.03%),P:1e-4	Tpos:36.1,Tstd:23.1,Bpos:36.0,Bstd:0.0,StrandBias:2.6,Multiplicity:2.33
0.997	0.001	0.001	0.001
0.429	0.001	0.569	0.001
0.001	0.997	0.001	0.001
0.997	0.001	0.001	0.001
0.001	0.001	0.997	0.001
0.001	0.001	0.429	0.569
0.001	0.001	0.997	0.001
0.001	0.069	0.001	0.929
0.569	0.429	0.001	0.001
0.997	0.001	0.001	0.001
0.001	0.429	0.569	0.001
0.001	0.997	0.001	0.001
>CCTTCYTTCCTT	6-CCTTCYTTCCTT	11.509871	-6.896833	0	T:4.0(2.74%),B:9.0(0.30%),P:1e-2	Tpos:50.2,Tstd:22.7,Bpos:57.0,Bstd:23.7,StrandBias:3.3,Multiplicity:1.25
0.187	0.811	0.001	0.001
0.001	0.615	0.001	0.383
0.001	0.001	0.001	0.997
0.001	0.008	0.001	0.990
0.001	0.997	0.001	0.001
0.187	0.436	0.001	0.375
0.001	0.001	0.187	0.811
0.001	0.008	0.001	0.990
0.001	0.997	0.001	0.001
0.187	0.616	0.001	0.196
0.001	0.187	0.001	0.811
0.001	0.006	0.001	0.992
