>GRTTGGAMACAC	1-GRTTGGAMACAC	11.910864	-24.919167	0	T:6.0(4.11%),B:1.0(0.03%),P:1e-10	Tpos:50.1,Tstd:21.5,Bpos:36.0,Bstd:0.0,StrandBias:-0.4,Multiplicity:1.17
0.230	0.001	0.768	0.001
0.537	0.001	0.461	0.001
0.306	0.001	0.001	0.692
0.001	0.001	0.001	0.997
0.001	0.001	0.997	0.001
0.001	0.001	0.997	0.001
0.997	0.001	0.001	0.001
0.537	0.461	0.001	0.001
0.997	0.001	0.001	0.001
0.001	0.997	0.001	0.001
0.768	0.001	0.230	0.001
0.001	0.997	0.001	0.001
>GTACTGYATGCA	2-GTACTGYATGCA	10.280738	-17.045154	0	T:8.0(5.48%),B:10.0(0.33%),P:1e-7	Tpos:46.7,Tstd:30.8,Bpos:51.0,Bstd:27.7,StrandBias:1.8,Multiplicity:1.12
0.158	0.012	0.672	0.158
0.001	0.036	0.158	0.805
0.987	0.011	0.001	0.001
0.011	0.987	0.001	0.001
0.001	0.001	0.001	0.997
0.001	0.001	0.841	0.157
0.172	0.354	0.001	0.474
0.997	0.001	0.001	0.001
0.318	0.012	0.158	0.512
0.158	0.024	0.660	0.158
0.316	0.524	0.001	0.159
0.659	0.001	0.001	0.339
>AGRGCSCTGKGG	3-AGRGCSCTGKGG	11.174226	-12.652625	0	T:4.0(2.74%),B:2.0(0.07%),P:1e-5	Tpos:47.5,Tstd:25.8,Bpos:55.7,Bstd:25.2,StrandBias:1.0,Multiplicity:1.50
0.997	0.001	0.001	0.001
0.001	0.001	0.997	0.001
0.430	0.001	0.430	0.140
0.001	0.001	0.997	0.001
0.001	0.902	0.001	0.096
0.001	0.429	0.569	0.001
0.001	0.997	0.001	0.001
0.001	0.001	0.001	0.997
0.001	0.001	0.997	0.001
0.001	0.001	0.569	0.429
0.001	0.001	0.997	0.001
0.001	0.001	0.997	0.001
>VAMTGGGTGDGR	4-VAMTGGGTGDGR	11.280865	-8.058650	0	T:5.0(3.42%),B:12.0(0.40%),P:1e-3	Tpos:45.4,Tstd:22.6,Bpos:58.5,Bstd:24.2,StrandBias:-0.3,Multiplicity:1.80
0.273	0.273	0.317	0.137
0.727	0.136	0.001	0.136
0.409	0.409	0.181	0.001
0.001	0.001	0.001	0.997
0.001	0.001	0.997	0.001
0.001	0.001	0.997	0.001
0.001	0.001	0.997	0.001
0.001	0.001	0.001	0.997
0.001	0.001	0.997	0.001
0.409	0.011	0.273	0.306
0.147	0.001	0.851	0.001
0.409	0.001	0.443	0.147
>ACACACACACAC	5-ACACACACACAC	9.424215	-5.042346	0	T:7.0(4.79%),B:45.0(1.49%),P:1e-2	Tpos:34.2,Tstd:20.8,Bpos:48.1,Bstd:25.3,StrandBias:10.0,Multiplicity:1.14
0.863	0.001	0.068	0.068
0.106	0.892	0.001	0.001
0.997	0.001	0.001	0.001
0.120	0.878	0.001	0.001
0.997	0.001	0.001	0.001
0.068	0.863	0.001	0.068
0.878	0.120	0.001	0.001
0.211	0.457	0.068	0.264
0.863	0.001	0.068	0.068
0.068	0.863	0.001	0.068
0.878	0.001	0.001	0.120
0.045	0.780	0.136	0.039
>TTGGTTTTGGTT	6-TTGGTTTTGGTT	12.801151	-4.662734	0	T:2.0(1.37%),B:3.0(0.10%),P:1e-2	Tpos:43.1,Tstd:22.0,Bpos:35.2,Bstd:12.5,StrandBias:3.7,Multiplicity:7.00
0.001	0.001	0.001	0.997
0.001	0.001	0.001	0.997
0.001	0.001	0.997	0.001
0.001	0.001	0.997	0.001
0.001	0.001	0.001	0.997
0.086	0.001	0.086	0.827
0.001	0.001	0.001	0.997
0.001	0.001	0.001	0.997
0.001	0.001	0.997	0.001
0.001	0.001	0.997	0.001
0.001	0.001	0.001	0.997
0.259	0.001	0.001	0.739
