>GCACTAAG	1-GCACTAAG	5.956463	-14.750799	0	T:25.0(7.46%),B:3617.0(2.30%),P:1e-6	Tpos:41.8,Tstd:22.2,Bpos:49.6,Bstd:27.0,StrandBias:-0.2,Multiplicity:1.04
0.101	0.017	0.672	0.210
0.055	0.546	0.145	0.254
0.619	0.124	0.245	0.012
0.038	0.940	0.021	0.001
0.117	0.254	0.151	0.479
0.567	0.094	0.297	0.042
0.556	0.235	0.001	0.208
0.227	0.104	0.585	0.084
>GGTACCGR	2-GGTACCGR	7.958388	-14.369855	0	T:15.0(4.48%),B:1413.0(0.90%),P:1e-6	Tpos:58.8,Tstd:28.7,Bpos:48.9,Bstd:27.3,StrandBias:-0.3,Multiplicity:1.00
0.001	0.001	0.997	0.001
0.001	0.001	0.997	0.001
0.001	0.001	0.001	0.997
0.913	0.085	0.001	0.001
0.001	0.997	0.001	0.001
0.001	0.997	0.001	0.001
0.001	0.203	0.487	0.309
0.369	0.049	0.425	0.157
>GCAGGTGT	3-GCAGGTGT	6.928128	-10.854512	0	T:47.0(14.03%),B:11606.0(7.39%),P:1e-4	Tpos:43.8,Tstd:23.9,Bpos:50.2,Bstd:26.9,StrandBias:0.1,Multiplicity:1.19
0.001	0.001	0.948	0.050
0.048	0.608	0.319	0.025
0.997	0.001	0.001	0.001
0.001	0.035	0.922	0.042
0.013	0.106	0.865	0.016
0.089	0.063	0.024	0.824
0.001	0.031	0.959	0.009
0.001	0.001	0.043	0.955
>CGCCAACA	4-CGCCAACA	7.233282	-10.185422	0	T:12.0(3.58%),B:1331.0(0.85%),P:1e-4	Tpos:54.4,Tstd:28.9,Bpos:50.8,Bstd:26.9,StrandBias:1.0,Multiplicity:1.00
0.001	0.997	0.001	0.001
0.001	0.001	0.963	0.035
0.001	0.783	0.001	0.215
0.001	0.997	0.001	0.001
0.752	0.001	0.246	0.001
0.997	0.001	0.001	0.001
0.001	0.602	0.128	0.269
0.898	0.092	0.001	0.009
>GAAGCCGG	5-GAAGCCGG	8.737219	-7.243327	0	T:12.0(3.58%),B:1842.0(1.17%),P:1e-3	Tpos:57.2,Tstd:24.7,Bpos:51.1,Bstd:26.8,StrandBias:1.1,Multiplicity:1.33
0.001	0.001	0.997	0.001
0.997	0.001	0.001	0.001
0.997	0.001	0.001	0.001
0.001	0.001	0.997	0.001
0.001	0.880	0.118	0.001
0.001	0.997	0.001	0.001
0.001	0.110	0.888	0.001
0.001	0.001	0.997	0.001
