>TGTTTACCAT	1-TGTTTACCAT	10.751613	-22.709307	0	T:11.0(3.28%),B:313.0(0.20%),P:1e-9	Tpos:39.6,Tstd:23.5,Bpos:50.6,Bstd:26.4,StrandBias:-1.4,Multiplicity:1.00
0.001	0.001	0.001	0.997
0.175	0.001	0.823	0.001
0.001	0.141	0.238	0.620
0.001	0.001	0.001	0.997
0.001	0.001	0.001	0.997
0.997	0.001	0.001	0.001
0.001	0.880	0.001	0.118
0.001	0.997	0.001	0.001
0.997	0.001	0.001	0.001
0.001	0.103	0.101	0.795
>GCCTAAGTTA	2-GCCTAAGTTA	7.573665	-20.008182	0	T:18.0(5.37%),B:1386.0(0.88%),P:1e-8	Tpos:57.0,Tstd:29.1,Bpos:50.8,Bstd:27.3,StrandBias:-0.2,Multiplicity:1.06
0.037	0.164	0.616	0.183
0.072	0.897	0.001	0.030
0.066	0.785	0.121	0.028
0.022	0.101	0.034	0.843
0.689	0.057	0.120	0.134
0.887	0.074	0.001	0.038
0.034	0.033	0.900	0.033
0.091	0.111	0.067	0.731
0.082	0.034	0.104	0.780
0.884	0.001	0.052	0.063
>AGTGCAGAGG	3-AGTGCAGAGG	9.070599	-19.142298	0	T:15.0(4.48%),B:972.0(0.62%),P:1e-8	Tpos:59.1,Tstd:27.5,Bpos:52.2,Bstd:26.4,StrandBias:-1.1,Multiplicity:1.07
0.916	0.001	0.082	0.001
0.119	0.001	0.739	0.141
0.001	0.001	0.001	0.997
0.001	0.001	0.997	0.001
0.001	0.997	0.001	0.001
0.878	0.001	0.036	0.085
0.001	0.001	0.997	0.001
0.891	0.001	0.107	0.001
0.117	0.001	0.881	0.001
0.103	0.084	0.710	0.103
>CTAGTCGGAA	4-CTAGTCGGAA	9.423530	-10.263221	0	T:4.0(1.19%),B:83.0(0.05%),P:1e-4	Tpos:49.7,Tstd:33.5,Bpos:53.4,Bstd:27.1,StrandBias:0.0,Multiplicity:1.50
0.001	0.997	0.001	0.001
0.001	0.001	0.001	0.997
0.997	0.001	0.001	0.001
0.001	0.001	0.997	0.001
0.001	0.001	0.001	0.997
0.001	0.803	0.001	0.195
0.001	0.001	0.997	0.001
0.001	0.001	0.997	0.001
0.997	0.001	0.001	0.001
0.803	0.001	0.134	0.062
>GTCGGCGTCG	5-GTCGGCGTCG	10.296193	-4.365379	0	T:1.0(0.30%),B:6.0(0.00%),P:1e-1	Tpos:60.0,Tstd:4.9,Bpos:31.0,Bstd:27.1,StrandBias:10.0,Multiplicity:3.00
0.100	0.100	0.700	0.100
0.100	0.100	0.100	0.700
0.100	0.700	0.100	0.100
0.100	0.100	0.700	0.100
0.100	0.100	0.700	0.100
0.100	0.700	0.100	0.100
0.100	0.100	0.700	0.100
0.100	0.100	0.100	0.700
0.100	0.700	0.100	0.100
0.100	0.100	0.700	0.100
