>CGCTTTGC	1-CGCTTTGC	6.705838	-17.192172	0	T:40.0(11.94%),B:7127.0(4.54%),P:1e-7	Tpos:48.3,Tstd:29.3,Bpos:50.3,Bstd:27.2,StrandBias:-0.5,Multiplicity:1.02
0.061	0.805	0.058	0.076
0.001	0.011	0.987	0.001
0.001	0.945	0.053	0.001
0.066	0.034	0.065	0.835
0.001	0.030	0.050	0.919
0.056	0.001	0.246	0.697
0.001	0.001	0.954	0.044
0.001	0.997	0.001	0.001
>GCGGCCTT	2-GCGGCCTT	7.731315	-13.200046	0	T:13.0(3.88%),B:1162.0(0.74%),P:1e-5	Tpos:48.1,Tstd:21.3,Bpos:49.0,Bstd:26.9,StrandBias:-0.4,Multiplicity:1.08
0.001	0.001	0.997	0.001
0.001	0.997	0.001	0.001
0.001	0.001	0.997	0.001
0.349	0.001	0.649	0.001
0.001	0.997	0.001	0.001
0.139	0.762	0.001	0.098
0.065	0.001	0.001	0.933
0.405	0.001	0.001	0.593
>CGCCGCCG	3-CGCCGCCG	3.878612	-9.005102	0	T:35.0(10.45%),B:8336.0(5.30%),P:1e-3	Tpos:38.8,Tstd:26.8,Bpos:50.4,Bstd:27.0,StrandBias:0.7,Multiplicity:1.29
0.001	0.997	0.001	0.001
0.001	0.030	0.968	0.001
0.001	0.991	0.001	0.007
0.001	0.929	0.069	0.001
0.001	0.001	0.997	0.001
0.048	0.950	0.001	0.001
0.001	0.997	0.001	0.001
0.149	0.001	0.817	0.033
>GTTTTGKT	4-GTTTTGKT	7.498599	-8.561920	0	T:27.0(8.06%),B:5883.0(3.74%),P:1e-3	Tpos:48.9,Tstd:24.6,Bpos:50.9,Bstd:26.2,StrandBias:0.9,Multiplicity:1.78
0.001	0.026	0.955	0.018
0.001	0.001	0.090	0.908
0.001	0.036	0.033	0.930
0.096	0.148	0.086	0.670
0.332	0.001	0.032	0.635
0.035	0.088	0.666	0.211
0.237	0.026	0.415	0.322
0.001	0.013	0.069	0.917
>GCCTCTCT	5-GCCTCTCT	8.236954	-2.844843	0	T:7.0(2.09%),B:1603.0(1.02%),P:1e-1	Tpos:45.5,Tstd:31.5,Bpos:50.7,Bstd:27.5,StrandBias:1.7,Multiplicity:2.17
0.100	0.100	0.700	0.100
0.100	0.700	0.100	0.100
0.100	0.700	0.100	0.100
0.100	0.100	0.100	0.700
0.100	0.700	0.100	0.100
0.100	0.100	0.100	0.700
0.100	0.700	0.100	0.100
0.100	0.100	0.100	0.700
