>RGCAAACA	1-RGCAAACA	5.484669	-16.420111	0	T:106.0(31.64%),B:30522.0(19.42%),P:1e-7	Tpos:52.0,Tstd:27.1,Bpos:50.2,Bstd:27.1,StrandBias:0.4,Multiplicity:1.17
0.478	0.107	0.371	0.044
0.045	0.052	0.591	0.312
0.251	0.469	0.275	0.004
0.930	0.001	0.001	0.068
0.870	0.001	0.068	0.061
0.567	0.186	0.045	0.202
0.037	0.795	0.034	0.134
0.974	0.024	0.001	0.001
>GCCTAATA	2-GCCTAATA	4.821339	-13.772862	0	T:71.0(21.19%),B:18720.0(11.91%),P:1e-5	Tpos:56.1,Tstd:27.8,Bpos:50.2,Bstd:27.3,StrandBias:-0.1,Multiplicity:1.18
0.136	0.104	0.702	0.058
0.024	0.856	0.067	0.053
0.078	0.705	0.094	0.123
0.127	0.093	0.022	0.758
0.766	0.072	0.052	0.110
0.651	0.150	0.096	0.103
0.061	0.099	0.096	0.744
0.832	0.047	0.025	0.096
>CACAAGTC	3-CACAAGTC	7.961086	-11.678800	0	T:16.0(4.78%),B:1995.0(1.27%),P:1e-5	Tpos:39.8,Tstd:31.3,Bpos:49.7,Bstd:27.8,StrandBias:0.7,Multiplicity:1.07
0.031	0.857	0.005	0.107
0.769	0.124	0.106	0.001
0.236	0.492	0.271	0.001
0.990	0.001	0.001	0.008
0.815	0.079	0.001	0.105
0.112	0.001	0.845	0.042
0.266	0.001	0.001	0.732
0.041	0.744	0.001	0.214
>CTCTCKYG	4-CTCTCKYG	5.860060	-9.465381	0	T:57.0(17.01%),B:15938.0(10.14%),P:1e-4	Tpos:45.0,Tstd:29.2,Bpos:49.8,Bstd:27.7,StrandBias:0.2,Multiplicity:1.18
0.134	0.817	0.048	0.001
0.029	0.001	0.162	0.808
0.001	0.642	0.356	0.001
0.001	0.292	0.161	0.546
0.062	0.767	0.170	0.001
0.001	0.090	0.482	0.427
0.113	0.429	0.136	0.321
0.001	0.220	0.476	0.302
>GGCCTTGG	5-GGCCTTGG	7.918159	-5.825290	0	T:14.0(4.18%),B:2778.0(1.77%),P:1e-2	Tpos:49.2,Tstd:28.5,Bpos:50.1,Bstd:27.3,StrandBias:-0.3,Multiplicity:1.29
0.001	0.001	0.997	0.001
0.001	0.001	0.997	0.001
0.094	0.904	0.001	0.001
0.001	0.997	0.001	0.001
0.001	0.001	0.110	0.888
0.001	0.001	0.001	0.997
0.053	0.001	0.945	0.001
0.001	0.001	0.997	0.001
