>AATGKACTRAGA	1-AATGKACTRAGA	12.738478	-17.584900	0	T:3.0(3.70%),B:10.5(0.01%),P:1e-7,FDR:1	Tpos:42.8,Tstd:29.2,Bpos:63.1,Bstd:24.8,StrandBias:0.0,Multiplicity:1.33
0.760	0.001	0.001	0.238
0.997	0.001	0.001	0.001
0.001	0.001	0.001	0.997
0.001	0.001	0.619	0.379
0.001	0.214	0.380	0.405
0.997	0.001	0.001	0.001
0.001	0.997	0.001	0.001
0.001	0.001	0.001	0.997
0.569	0.001	0.429	0.001
0.997	0.001	0.001	0.001
0.001	0.001	0.997	0.001
0.810	0.188	0.001	0.001
>ACCATGGCAACC	2-ACCATGGCAACC	14.331112	-15.776349	0	T:4.0(4.94%),B:84.5(0.05%),P:1e-6,FDR:1	Tpos:56.2,Tstd:28.5,Bpos:52.1,Bstd:26.0,StrandBias:-1.6,Multiplicity:1.00
0.997	0.001	0.001	0.001
0.001	0.997	0.001	0.001
0.001	0.997	0.001	0.001
0.997	0.001	0.001	0.001
0.001	0.001	0.001	0.997
0.213	0.001	0.785	0.001
0.001	0.001	0.997	0.001
0.001	0.997	0.001	0.001
0.611	0.001	0.387	0.001
0.997	0.001	0.001	0.001
0.001	0.997	0.001	0.001
0.001	0.788	0.001	0.210
>GKHACTCTGWAC	3-GKHACTCTGWAC	6.963697	-15.361665	0	T:16.0(19.75%),B:6446.6(4.17%),P:1e-6,FDR:1	Tpos:51.5,Tstd:26.0,Bpos:50.4,Bstd:30.1,StrandBias:0.0,Multiplicity:1.06
0.001	0.143	0.838	0.018
0.001	0.001	0.427	0.571
0.286	0.284	0.001	0.429
0.847	0.001	0.001	0.151
0.408	0.590	0.001	0.001
0.073	0.266	0.001	0.660
0.311	0.563	0.001	0.125
0.212	0.001	0.143	0.644
0.010	0.001	0.585	0.404
0.552	0.018	0.001	0.429
0.714	0.284	0.001	0.001
0.409	0.583	0.001	0.007
>GAGCCAGCACCT	4-GAGCCAGCACCT	12.355432	-7.553487	0	T:1.0(1.23%),B:1.6(0.00%),P:1e-3,FDR:1	Tpos:49.0,Tstd:0.0,Bpos:62.8,Bstd:17.0,StrandBias:10.0,Multiplicity:1.00
0.100	0.100	0.700	0.100
0.700	0.100	0.100	0.100
0.100	0.100	0.700	0.100
0.100	0.700	0.100	0.100
0.100	0.700	0.100	0.100
0.700	0.100	0.100	0.100
0.100	0.100	0.700	0.100
0.100	0.700	0.100	0.100
0.700	0.100	0.100	0.100
0.100	0.700	0.100	0.100
0.100	0.700	0.100	0.100
0.100	0.100	0.100	0.700
>GGGAGATGGCTA	5-GGGAGATGGCTA	12.355432	-6.860599	0	T:1.0(1.23%),B:2.7(0.00%),P:1e-2,FDR:1	Tpos:8.0,Tstd:0.0,Bpos:33.9,Bstd:24.1,StrandBias:10.0,Multiplicity:1.00
0.100	0.100	0.700	0.100
0.100	0.100	0.700	0.100
0.100	0.100	0.700	0.100
0.700	0.100	0.100	0.100
0.100	0.100	0.700	0.100
0.700	0.100	0.100	0.100
0.100	0.100	0.100	0.700
0.100	0.100	0.700	0.100
0.100	0.100	0.700	0.100
0.100	0.700	0.100	0.100
0.100	0.100	0.100	0.700
0.700	0.100	0.100	0.100
