>AGCGAGCG	1-AGCGAGCG	7.781066	-13.460821	0	T:6.0(13.64%),B:25.0(0.80%),P:1e-5	Tpos:37.4,Tstd:22.1,Bpos:53.0,Bstd:28.2,StrandBias:-0.7,Multiplicity:1.33
0.997	0.001	0.001	0.001
0.001	0.001	0.845	0.153
0.001	0.909	0.001	0.089
0.153	0.001	0.845	0.001
0.894	0.104	0.001	0.001
0.001	0.001	0.997	0.001
0.001	0.884	0.001	0.114
0.153	0.114	0.732	0.001
>CCSGGGGC	2-CCSGGGGC	8.433131	-8.490536	0	T:3.0(6.82%),B:8.0(0.26%),P:1e-3	Tpos:49.7,Tstd:33.1,Bpos:60.4,Bstd:36.3,StrandBias:1.0,Multiplicity:1.00
0.001	0.884	0.114	0.001
0.030	0.968	0.001	0.001
0.159	0.478	0.362	0.001
0.086	0.068	0.845	0.001
0.001	0.223	0.775	0.001
0.001	0.137	0.861	0.001
0.001	0.296	0.696	0.007
0.087	0.577	0.260	0.076
>CACCACCA	3-CACCACCA	8.435231	-7.874213	0	T:5.0(11.36%),B:44.0(1.41%),P:1e-3	Tpos:43.6,Tstd:28.9,Bpos:54.3,Bstd:25.5,StrandBias:1.2,Multiplicity:1.60
0.001	0.997	0.001	0.001
0.896	0.102	0.001	0.001
0.001	0.997	0.001	0.001
0.001	0.823	0.175	0.001
0.997	0.001	0.001	0.001
0.001	0.997	0.001	0.001
0.001	0.850	0.001	0.148
0.997	0.001	0.001	0.001
>AGTGATGT	4-AGTGATGT	8.811395	-7.071756	0	T:2.0(4.55%),B:3.0(0.10%),P:1e-3	Tpos:69.7,Tstd:22.4,Bpos:25.3,Bstd:15.8,StrandBias:-1.0,Multiplicity:1.50
0.728	0.161	0.001	0.110
0.094	0.001	0.904	0.001
0.001	0.001	0.104	0.894
0.110	0.001	0.788	0.101
0.677	0.161	0.001	0.161
0.076	0.282	0.001	0.641
0.135	0.101	0.763	0.001
0.001	0.120	0.212	0.667
>GATTGCTT	5-GATTGCTT	8.236954	-4.269873	0	T:1.0(2.27%),B:1.0(0.03%),P:1e-1	Tpos:52.0,Tstd:25.3,Bpos:15.0,Bstd:0.0,StrandBias:-10.0,Multiplicity:3.00
0.100	0.100	0.700	0.100
0.700	0.100	0.100	0.100
0.100	0.100	0.100	0.700
0.100	0.100	0.100	0.700
0.100	0.100	0.700	0.100
0.100	0.700	0.100	0.100
0.100	0.100	0.100	0.700
0.100	0.100	0.100	0.700
