>TATACACTCCTT	1-TATACACTCCTT	8.104480	-20.120070	0	T:6.0(13.64%),B:8.0(0.26%),P:1e-8	Tpos:51.0,Tstd:30.7,Bpos:37.6,Bstd:25.6,StrandBias:-0.4,Multiplicity:1.17
0.001	0.001	0.199	0.799
0.599	0.200	0.200	0.001
0.001	0.199	0.001	0.799
0.799	0.199	0.001	0.001
0.001	0.799	0.001	0.199
0.997	0.001	0.001	0.001
0.001	0.997	0.001	0.001
0.001	0.001	0.001	0.997
0.001	0.997	0.001	0.001
0.001	0.799	0.001	0.199
0.001	0.001	0.001	0.997
0.001	0.001	0.199	0.799
>TCTGTGTAGTAT	2-TCTGTGTAGTAT	12.053756	-19.448055	0	T:5.0(11.36%),B:4.0(0.13%),P:1e-8	Tpos:60.0,Tstd:21.1,Bpos:44.3,Bstd:25.0,StrandBias:1.6,Multiplicity:1.60
0.001	0.001	0.001	0.997
0.001	0.763	0.235	0.001
0.001	0.001	0.001	0.997
0.235	0.001	0.763	0.001
0.235	0.001	0.001	0.763
0.001	0.001	0.997	0.001
0.235	0.001	0.001	0.763
0.997	0.001	0.001	0.001
0.001	0.235	0.763	0.001
0.254	0.001	0.001	0.744
0.744	0.001	0.254	0.001
0.001	0.235	0.001	0.763
>TKYTACWRTTGW	3-TKYTACWRTTGW	7.874732	-15.044828	0	T:6.0(13.64%),B:19.0(0.61%),P:1e-6	Tpos:52.2,Tstd:26.9,Bpos:46.0,Bstd:24.3,StrandBias:0.7,Multiplicity:1.17
0.001	0.001	0.001	0.997
0.001	0.001	0.551	0.447
0.001	0.506	0.001	0.492
0.001	0.001	0.022	0.976
0.997	0.001	0.001	0.001
0.001	0.976	0.022	0.001
0.506	0.001	0.001	0.492
0.447	0.001	0.447	0.104
0.037	0.022	0.001	0.940
0.001	0.001	0.001	0.997
0.001	0.001	0.997	0.001
0.447	0.001	0.001	0.551
>AGTGGGTGTGGT	4-AGTGGGTGTGGT	15.865191	-4.269873	0	T:1.0(2.27%),B:1.0(0.03%),P:1e-1	Tpos:94.0,Tstd:0.0,Bpos:62.0,Bstd:0.0,StrandBias:10.0,Multiplicity:1.00
0.997	0.001	0.001	0.001
0.001	0.001	0.997	0.001
0.001	0.001	0.001	0.997
0.395	0.001	0.603	0.001
0.001	0.001	0.997	0.001
0.001	0.001	0.997	0.001
0.001	0.001	0.001	0.997
0.001	0.001	0.997	0.001
0.001	0.001	0.001	0.997
0.001	0.001	0.997	0.001
0.001	0.001	0.997	0.001
0.001	0.207	0.001	0.791
>GGGTTAGGGTTA	5-GGGTTAGGGTTA	12.355432	-3.583584	0	T:1.0(2.27%),B:2.0(0.06%),P:1e-1	Tpos:50.9,Tstd:28.1,Bpos:31.0,Bstd:19.6,StrandBias:10.0,Multiplicity:14.00
0.100	0.100	0.700	0.100
0.100	0.100	0.700	0.100
0.100	0.100	0.700	0.100
0.100	0.100	0.100	0.700
0.100	0.100	0.100	0.700
0.700	0.100	0.100	0.100
0.100	0.100	0.700	0.100
0.100	0.100	0.700	0.100
0.100	0.100	0.700	0.100
0.100	0.100	0.100	0.700
0.100	0.100	0.100	0.700
0.700	0.100	0.100	0.100
