>AAGTGGCGGT	1-AAGTGGCGGT	11.873576	-19.625104	0	T:4.0(7.84%),B:0.0(0.00%),P:1e-8	Tpos:42.0,Tstd:20.6,Bpos:0.0,Bstd:0.0,StrandBias:0.0,Multiplicity:1.00
0.997	0.001	0.001	0.001
0.997	0.001	0.001	0.001
0.001	0.001	0.997	0.001
0.001	0.001	0.249	0.749
0.001	0.001	0.997	0.001
0.249	0.001	0.749	0.001
0.001	0.997	0.001	0.001
0.001	0.249	0.749	0.001
0.001	0.001	0.997	0.001
0.001	0.001	0.001	0.997
>GAAAAATGGA	2-GAAAAATGGA	11.557282	-18.501700	0	T:5.0(9.80%),B:4.0(0.13%),P:1e-8	Tpos:46.0,Tstd:30.4,Bpos:60.0,Bstd:31.8,StrandBias:-0.6,Multiplicity:1.00
0.001	0.001	0.997	0.001
0.997	0.001	0.001	0.001
0.799	0.001	0.199	0.001
0.799	0.001	0.199	0.001
0.799	0.001	0.199	0.001
0.997	0.001	0.001	0.001
0.001	0.001	0.001	0.997
0.001	0.001	0.997	0.001
0.001	0.001	0.997	0.001
0.799	0.001	0.001	0.199
>TCAAAGGAAT	3-TCAAAGGAAT	8.748162	-14.244064	0	T:6.0(11.76%),B:18.0(0.60%),P:1e-6	Tpos:44.2,Tstd:30.2,Bpos:63.4,Bstd:22.8,StrandBias:1.0,Multiplicity:1.00
0.001	0.001	0.199	0.799
0.009	0.800	0.190	0.001
0.997	0.001	0.001	0.001
0.619	0.190	0.190	0.001
0.997	0.001	0.001	0.001
0.001	0.001	0.808	0.190
0.190	0.001	0.808	0.001
0.800	0.009	0.190	0.001
0.800	0.009	0.001	0.190
0.380	0.001	0.001	0.618
>GGTGATTCTA	4-GGTGATTCTA	9.253251	-13.091278	0	T:6.0(11.76%),B:22.0(0.73%),P:1e-5	Tpos:40.7,Tstd:26.7,Bpos:51.0,Bstd:22.3,StrandBias:1.0,Multiplicity:1.50
0.001	0.001	0.997	0.001
0.307	0.001	0.691	0.001
0.307	0.001	0.001	0.691
0.324	0.001	0.674	0.001
0.691	0.307	0.001	0.001
0.001	0.001	0.001	0.997
0.001	0.001	0.001	0.997
0.001	0.691	0.001	0.307
0.001	0.001	0.001	0.997
0.691	0.001	0.307	0.001
>AGTGCAGGCA	5-AGTGCAGGCA	11.217616	-7.505390	0	T:2.0(3.92%),B:2.0(0.07%),P:1e-3	Tpos:54.5,Tstd:26.5,Bpos:38.0,Bstd:13.0,StrandBias:3.3,Multiplicity:5.50
0.997	0.001	0.001	0.001
0.001	0.091	0.907	0.001
0.001	0.001	0.001	0.997
0.001	0.001	0.997	0.001
0.001	0.997	0.001	0.001
0.997	0.001	0.001	0.001
0.001	0.001	0.997	0.001
0.001	0.001	0.799	0.199
0.001	0.997	0.001	0.001
0.997	0.001	0.001	0.001
