>NAGCGATN	1-NAGCGATN	4.840245	-11.673374	0	T:4.0(9.09%),B:9.0(0.29%),P:1e-5	Tpos:59.8,Tstd:14.7,Bpos:63.4,Bstd:23.9,StrandBias:0.0,Multiplicity:1.00
0.174	0.266	0.279	0.281
0.476	0.171	0.215	0.138
0.114	0.101	0.745	0.040
0.183	0.423	0.192	0.203
0.280	0.110	0.520	0.090
0.680	0.031	0.142	0.147
0.127	0.122	0.165	0.586
0.213	0.221	0.309	0.256
>TGCCCCTC	2-TGCCCCTC	6.315533	-11.426099	0	T:13.0(29.55%),B:230.0(7.36%),P:1e-4	Tpos:53.8,Tstd:28.3,Bpos:50.1,Bstd:28.3,StrandBias:-0.7,Multiplicity:1.38
0.001	0.001	0.173	0.825
0.001	0.061	0.810	0.128
0.001	0.997	0.001	0.001
0.071	0.867	0.001	0.061
0.001	0.997	0.001	0.001
0.076	0.806	0.001	0.117
0.001	0.001	0.001	0.997
0.143	0.795	0.061	0.001
>TGGWATTT	3-TGGWATTT	6.451829	-9.644604	0	T:10.0(22.73%),B:161.0(5.15%),P:1e-4	Tpos:54.2,Tstd:30.8,Bpos:50.1,Bstd:27.1,StrandBias:-0.5,Multiplicity:1.20
0.001	0.001	0.001	0.997
0.001	0.001	0.997	0.001
0.001	0.001	0.997	0.001
0.372	0.001	0.126	0.501
0.918	0.080	0.001	0.001
0.001	0.001	0.001	0.997
0.001	0.372	0.001	0.626
0.001	0.034	0.093	0.872
>CATATGAG	4-CATATGAG	8.236954	-7.873746	0	T:2.0(4.55%),B:2.0(0.06%),P:1e-3	Tpos:15.0,Tstd:5.0,Bpos:32.5,Bstd:9.5,StrandBias:0.0,Multiplicity:1.00
0.100	0.700	0.100	0.100
0.700	0.100	0.100	0.100
0.100	0.100	0.100	0.700
0.700	0.100	0.100	0.100
0.100	0.100	0.100	0.700
0.100	0.100	0.700	0.100
0.700	0.100	0.100	0.100
0.100	0.100	0.700	0.100
>GCCATATG	5-GCCATATG	6.291044	-5.217511	0	T:7.0(15.91%),B:154.0(4.93%),P:1e-2	Tpos:54.7,Tstd:24.6,Bpos:49.6,Bstd:27.6,StrandBias:1.2,Multiplicity:1.29
0.100	0.100	0.700	0.100
0.100	0.700	0.100	0.100
0.100	0.700	0.100	0.100
0.700	0.100	0.100	0.100
0.100	0.100	0.100	0.700
0.700	0.100	0.100	0.100
0.100	0.100	0.100	0.700
0.100	0.100	0.700	0.100
