>CTAGGCAA	1-CTAGGCAA	8.400569	-17.997524	0	T:9.0(17.65%),B:38.0(1.26%),P:1e-7	Tpos:36.6,Tstd:31.8,Bpos:46.1,Bstd:22.8,StrandBias:-0.3,Multiplicity:1.00
0.001	0.885	0.001	0.113
0.001	0.001	0.225	0.773
0.997	0.001	0.001	0.001
0.001	0.001	0.997	0.001
0.001	0.001	0.997	0.001
0.001	0.878	0.120	0.001
0.997	0.001	0.001	0.001
0.896	0.001	0.001	0.102
>TTTGCATT	2-TTTGCATT	7.304493	-17.683211	0	T:17.0(33.33%),B:204.0(6.77%),P:1e-7	Tpos:54.5,Tstd:31.4,Bpos:50.6,Bstd:25.8,StrandBias:0.6,Multiplicity:1.18
0.001	0.001	0.001	0.997
0.001	0.001	0.083	0.915
0.075	0.001	0.001	0.923
0.093	0.049	0.785	0.073
0.001	0.997	0.001	0.001
0.830	0.044	0.001	0.125
0.001	0.001	0.075	0.923
0.001	0.001	0.278	0.720
>CAAGTTKT	3-CAAGTTKT	7.047540	-12.734756	0	T:12.0(23.53%),B:140.0(4.65%),P:1e-5	Tpos:45.9,Tstd:25.5,Bpos:52.6,Bstd:28.9,StrandBias:-0.6,Multiplicity:1.25
0.001	0.997	0.001	0.001
0.649	0.349	0.001	0.001
0.747	0.001	0.251	0.001
0.001	0.001	0.604	0.394
0.383	0.001	0.001	0.615
0.318	0.001	0.001	0.680
0.001	0.221	0.439	0.339
0.001	0.001	0.001	0.997
>CATGATGC	4-CATGATGC	5.574872	-9.825344	0	T:7.0(13.73%),B:58.0(1.93%),P:1e-4	Tpos:42.0,Tstd:24.4,Bpos:48.5,Bstd:26.8,StrandBias:1.2,Multiplicity:1.43
0.025	0.973	0.001	0.001
0.997	0.001	0.001	0.001
0.001	0.001	0.001	0.997
0.348	0.001	0.650	0.001
0.979	0.001	0.019	0.001
0.001	0.001	0.001	0.997
0.030	0.256	0.713	0.001
0.001	0.997	0.001	0.001
>GCAGAGCA	5-GCAGAGCA	10.968396	-4.152492	0	T:3.0(5.88%),B:31.0(1.03%),P:1e-1	Tpos:44.6,Tstd:24.5,Bpos:52.9,Bstd:26.2,StrandBias:3.5,Multiplicity:4.00
0.094	0.001	0.904	0.001
0.001	0.997	0.001	0.001
0.997	0.001	0.001	0.001
0.001	0.001	0.997	0.001
0.997	0.001	0.001	0.001
0.001	0.001	0.997	0.001
0.001	0.997	0.001	0.001
0.997	0.001	0.001	0.001
