>CAYCACTGACAG	1-CAYCACTGACAG	13.346375	-19.625104	0	T:4.0(7.84%),B:0.0(0.00%),P:1e-8	Tpos:52.2,Tstd:18.9,Bpos:0.0,Bstd:0.0,StrandBias:0.0,Multiplicity:1.00
0.001	0.997	0.001	0.001
0.997	0.001	0.001	0.001
0.001	0.400	0.200	0.400
0.001	0.997	0.001	0.001
0.599	0.399	0.001	0.001
0.001	0.799	0.199	0.001
0.001	0.001	0.001	0.997
0.001	0.001	0.997	0.001
0.599	0.200	0.001	0.200
0.001	0.997	0.001	0.001
0.997	0.001	0.001	0.001
0.001	0.001	0.997	0.001
>CWCCCRCCYTGR	2-CWCCCRCCYTGR	8.604501	-17.398704	0	T:5.0(9.80%),B:5.0(0.17%),P:1e-7	Tpos:29.2,Tstd:25.6,Bpos:58.0,Bstd:30.4,StrandBias:0.6,Multiplicity:1.00
0.001	0.997	0.001	0.001
0.445	0.001	0.001	0.553
0.001	0.997	0.001	0.001
0.035	0.963	0.001	0.001
0.001	0.997	0.001	0.001
0.553	0.001	0.445	0.001
0.001	0.997	0.001	0.001
0.001	0.997	0.001	0.001
0.036	0.445	0.001	0.518
0.001	0.001	0.108	0.890
0.001	0.001	0.997	0.001
0.553	0.001	0.445	0.001
>CCCTTAATCCCT	3-CCCTTAATCCCT	8.695136	-15.848479	0	T:9.0(17.65%),B:49.0(1.63%),P:1e-6	Tpos:58.8,Tstd:23.0,Bpos:45.7,Bstd:26.6,StrandBias:1.0,Multiplicity:1.00
0.001	0.868	0.001	0.130
0.001	0.756	0.001	0.242
0.121	0.515	0.121	0.243
0.121	0.001	0.121	0.757
0.001	0.121	0.252	0.626
0.878	0.120	0.001	0.001
0.636	0.001	0.121	0.242
0.001	0.121	0.121	0.757
0.001	0.878	0.001	0.120
0.121	0.636	0.001	0.242
0.001	0.878	0.001	0.120
0.120	0.001	0.001	0.878
>GGTBHATAGAAA	4-GGTBHATAGAAA	5.589905	-15.600768	0	T:8.0(15.69%),B:36.0(1.20%),P:1e-6	Tpos:48.9,Tstd:24.3,Bpos:51.6,Bstd:27.0,StrandBias:0.3,Multiplicity:1.00
0.001	0.001	0.687	0.311
0.001	0.379	0.619	0.001
0.001	0.001	0.001	0.997
0.072	0.312	0.308	0.308
0.315	0.376	0.001	0.308
0.684	0.314	0.001	0.001
0.001	0.001	0.001	0.997
0.996	0.001	0.002	0.001
0.001	0.001	0.997	0.001
0.620	0.311	0.001	0.068
0.624	0.001	0.060	0.315
0.996	0.001	0.002	0.001
>VATCAGTAAGCT	5-VATCAGTAAGCT	10.079260	-10.827160	0	T:3.0(5.88%),B:3.0(0.10%),P:1e-4	Tpos:55.7,Tstd:27.1,Bpos:31.0,Bstd:11.2,StrandBias:3.0,Multiplicity:3.00
0.334	0.311	0.331	0.023
0.973	0.001	0.025	0.001
0.001	0.001	0.025	0.973
0.023	0.643	0.023	0.311
0.997	0.001	0.001	0.001
0.001	0.001	0.997	0.001
0.001	0.337	0.023	0.639
0.616	0.001	0.001	0.382
0.691	0.001	0.001	0.307
0.001	0.001	0.997	0.001
0.001	0.688	0.310	0.001
0.001	0.357	0.001	0.641
