>AAGTAGGAGG	1-AAGTAGGAGG	10.708950	-22.197597	0	T:7.0(15.91%),B:11.0(0.35%),P:1e-9	Tpos:69.6,Tstd:18.6,Bpos:53.6,Bstd:22.1,StrandBias:1.3,Multiplicity:1.00
0.701	0.001	0.149	0.149
0.849	0.001	0.149	0.001
0.001	0.001	0.997	0.001
0.001	0.101	0.001	0.897
0.997	0.001	0.001	0.001
0.001	0.001	0.997	0.001
0.001	0.149	0.849	0.001
0.997	0.001	0.001	0.001
0.001	0.001	0.997	0.001
0.001	0.001	0.849	0.149
>MAGACYCTGG	2-MAGACYCTGG	6.839107	-20.198651	0	T:19.0(43.18%),B:278.0(8.90%),P:1e-8	Tpos:55.0,Tstd:23.0,Bpos:48.8,Bstd:25.6,StrandBias:0.6,Multiplicity:1.00
0.424	0.437	0.138	0.001
0.861	0.137	0.001	0.001
0.150	0.001	0.573	0.276
0.861	0.137	0.001	0.001
0.001	0.861	0.137	0.001
0.157	0.414	0.001	0.427
0.001	0.712	0.001	0.286
0.288	0.001	0.138	0.573
0.001	0.001	0.990	0.008
0.001	0.160	0.553	0.286
>GGAGTTCVTA	3-GGAGTTCVTA	12.736289	-12.590499	0	T:3.0(6.82%),B:2.0(0.06%),P:1e-5	Tpos:34.5,Tstd:18.1,Bpos:30.5,Bstd:22.5,StrandBias:10.0,Multiplicity:1.33
0.001	0.001	0.997	0.001
0.001	0.001	0.997	0.001
0.997	0.001	0.001	0.001
0.001	0.001	0.997	0.001
0.001	0.001	0.001	0.997
0.001	0.001	0.001	0.997
0.001	0.997	0.001	0.001
0.333	0.333	0.333	0.001
0.001	0.001	0.001	0.997
0.997	0.001	0.001	0.001
>GATGCATCCT	4-GATGCATCCT	9.695960	-9.251093	0	T:2.0(4.55%),B:1.0(0.03%),P:1e-4	Tpos:69.3,Tstd:21.5,Bpos:12.0,Bstd:0.0,StrandBias:1.0,Multiplicity:1.00
0.001	0.001	0.997	0.001
0.997	0.001	0.001	0.001
0.001	0.001	0.001	0.997
0.001	0.001	0.997	0.001
0.001	0.997	0.001	0.001
0.997	0.001	0.001	0.001
0.001	0.001	0.001	0.997
0.001	0.997	0.001	0.001
0.063	0.810	0.126	0.001
0.126	0.001	0.001	0.872
>CTGATGTGAC	5-CTGATGTGAC	6.382011	-8.406748	0	T:4.0(9.09%),B:21.0(0.67%),P:1e-3	Tpos:52.9,Tstd:25.2,Bpos:49.8,Bstd:24.0,StrandBias:0.4,Multiplicity:1.25
0.001	0.810	0.188	0.001
0.001	0.112	0.001	0.886
0.001	0.001	0.997	0.001
0.997	0.001	0.001	0.001
0.001	0.001	0.145	0.853
0.001	0.001	0.997	0.001
0.001	0.001	0.001	0.997
0.001	0.188	0.810	0.001
0.997	0.001	0.001	0.001
0.001	0.997	0.001	0.001
