>CAAMTGAGGTGG	1-CAAMTGAGGTGG	8.804650	-99.119856	0	T:37.0(2.30%),B:0.5(0.03%),P:1e-43,FDR:0.2	Tpos:46.4,Tstd:23.9,Bpos:26.0,Bstd:0.0,StrandBias:-0.1,Multiplicity:1.00
0.001	0.912	0.086	0.001
0.727	0.271	0.001	0.001
0.483	0.209	0.001	0.306
0.402	0.377	0.204	0.017
0.325	0.001	0.088	0.586
0.102	0.053	0.675	0.170
0.635	0.001	0.205	0.159
0.016	0.001	0.930	0.053
0.205	0.133	0.661	0.001
0.153	0.141	0.136	0.570
0.373	0.001	0.557	0.069
0.170	0.120	0.673	0.037
>ATGCATAACCAA	2-ATGCATAACCAA	8.373738	-76.186979	0	T:52.0(3.23%),B:5.6(0.36%),P:1e-33,FDR:0.2	Tpos:45.5,Tstd:28.6,Bpos:17.5,Bstd:19.1,StrandBias:-0.2,Multiplicity:1.02
0.893	0.071	0.018	0.018
0.052	0.001	0.001	0.946
0.001	0.017	0.981	0.001
0.035	0.947	0.017	0.001
0.997	0.001	0.001	0.001
0.001	0.001	0.417	0.581
0.546	0.266	0.018	0.170
0.911	0.001	0.035	0.053
0.035	0.947	0.017	0.001
0.017	0.965	0.001	0.017
0.848	0.099	0.018	0.035
0.911	0.018	0.053	0.018
>ACTCATATACAT	3-ACTCATATACAT	7.008956	-71.570365	0	T:36.0(2.24%),B:2.1(0.14%),P:1e-31,FDR:0.2	Tpos:47.6,Tstd:25.5,Bpos:27.5,Bstd:7.3,StrandBias:-0.8,Multiplicity:1.14
0.521	0.161	0.134	0.184
0.135	0.546	0.157	0.162
0.195	0.101	0.072	0.632
0.104	0.651	0.116	0.129
0.664	0.128	0.063	0.145
0.118	0.156	0.192	0.534
0.573	0.152	0.132	0.143
0.149	0.166	0.137	0.548
0.613	0.141	0.132	0.114
0.139	0.630	0.126	0.105
0.630	0.140	0.055	0.175
0.195	0.161	0.185	0.460
>AKWGGTTAACCW	4-AKWGGTTAACCW	7.618292	-49.471893	0	T:28.0(1.74%),B:2.8(0.18%),P:1e-21,FDR:0.2	Tpos:56.0,Tstd:26.0,Bpos:13.2,Bstd:10.1,StrandBias:-0.2,Multiplicity:1.82
0.997	0.001	0.001	0.001
0.001	0.001	0.499	0.499
0.499	0.001	0.001	0.499
0.001	0.001	0.997	0.001
0.001	0.001	0.997	0.001
0.001	0.001	0.001	0.997
0.001	0.001	0.001	0.997
0.997	0.001	0.001	0.001
0.997	0.001	0.001	0.001
0.001	0.997	0.001	0.001
0.001	0.997	0.001	0.001
0.499	0.001	0.001	0.499
>CCCCCAGGGAGG	5-CCCCCAGGGAGG	10.682406	-46.858286	0	T:27.0(1.68%),B:2.9(0.19%),P:1e-20,FDR:0.2	Tpos:48.5,Tstd:26.9,Bpos:38.4,Bstd:9.9,StrandBias:0.7,Multiplicity:1.26
0.196	0.654	0.075	0.075
0.001	0.832	0.075	0.092
0.001	0.871	0.001	0.127
0.001	0.964	0.001	0.034
0.414	0.584	0.001	0.001
0.739	0.001	0.001	0.259
0.153	0.001	0.732	0.114
0.001	0.001	0.758	0.240
0.316	0.001	0.682	0.001
0.908	0.016	0.001	0.075
0.195	0.001	0.803	0.001
0.001	0.001	0.997	0.001
>GGGTYAGGCTTA	6-GGGTYAGGCTTA	8.375255	-44.281468	0	T:26.0(1.62%),B:2.5(0.16%),P:1e-19,FDR:0.233333333333333	Tpos:46.8,Tstd:27.3,Bpos:56.3,Bstd:21.5,StrandBias:2.1,Multiplicity:2.23
0.142	0.006	0.687	0.165
0.073	0.009	0.667	0.251
0.048	0.184	0.698	0.070
0.134	0.167	0.235	0.463
0.067	0.292	0.204	0.437
0.660	0.023	0.185	0.132
0.232	0.016	0.613	0.139
0.136	0.079	0.685	0.100
0.072	0.581	0.273	0.074
0.308	0.143	0.003	0.546
0.082	0.301	0.165	0.453
0.546	0.151	0.140	0.163
>TTTTTTTTTTTT	7-TTTTTTTTTTTT	11.219884	-39.610063	0	T:35.0(2.18%),B:5.8(0.38%),P:1e-17,FDR:0.371428571428571	Tpos:49.4,Tstd:28.7,Bpos:57.6,Bstd:13.7,StrandBias:-0.4,Multiplicity:1.00
0.173	0.039	0.035	0.753
0.115	0.088	0.063	0.734
0.031	0.205	0.081	0.683
0.090	0.001	0.204	0.705
0.108	0.001	0.001	0.890
0.027	0.001	0.001	0.971
0.027	0.001	0.001	0.971
0.056	0.142	0.132	0.670
0.196	0.082	0.001	0.721
0.001	0.091	0.147	0.761
0.001	0.149	0.001	0.849
0.001	0.147	0.041	0.811
>ATGACTCATCAT	8-ATGACTCATCAT	10.772974	-25.599107	0	T:14.0(0.87%),B:0.7(0.05%),P:1e-11,FDR:0.675	Tpos:50.3,Tstd:25.7,Bpos:40.0,Bstd:0.0,StrandBias:0.4,Multiplicity:1.57
0.805	0.088	0.106	0.001
0.001	0.001	0.001	0.997
0.001	0.001	0.997	0.001
0.910	0.088	0.001	0.001
0.001	0.799	0.199	0.001
0.001	0.106	0.001	0.892
0.088	0.910	0.001	0.001
0.981	0.001	0.001	0.017
0.107	0.149	0.147	0.597
0.127	0.693	0.091	0.089
0.583	0.221	0.195	0.001
0.001	0.177	0.142	0.680
