>CCTAGCAACC	1-CCTAGCAACC	7.414342	-29.779616	0	T:74.0(11.11%),B:6363.3(4.24%),P:1e-12,FDR:0.4	Tpos:49.7,Tstd:25.1,Bpos:50.3,Bstd:35.4,StrandBias:0.2,Multiplicity:1.26
0.063	0.804	0.041	0.092
0.096	0.784	0.079	0.041
0.075	0.081	0.011	0.833
0.828	0.021	0.103	0.048
0.085	0.021	0.848	0.046
0.171	0.683	0.062	0.084
0.908	0.022	0.014	0.056
0.636	0.121	0.050	0.193
0.057	0.874	0.029	0.040
0.125	0.814	0.036	0.025
>KCAAATGAGG	2-KCAAATGAGG	9.420393	-28.122055	0	T:26.0(3.90%),B:955.2(0.64%),P:1e-12,FDR:0.4	Tpos:42.2,Tstd:26.5,Bpos:49.4,Bstd:42.0,StrandBias:-0.6,Multiplicity:1.77
0.026	0.035	0.478	0.461
0.001	0.957	0.001	0.041
0.979	0.019	0.001	0.001
0.684	0.001	0.314	0.001
0.997	0.001	0.001	0.001
0.001	0.001	0.001	0.997
0.035	0.001	0.963	0.001
0.997	0.001	0.001	0.001
0.001	0.001	0.997	0.001
0.021	0.001	0.977	0.001
>WTAACCAATC	3-WTAACCAATC	9.673837	-21.998398	0	T:22.0(3.30%),B:902.0(0.60%),P:1e-9,FDR:0.533333333333333	Tpos:54.8,Tstd:28.2,Bpos:49.2,Bstd:45.6,StrandBias:0.4,Multiplicity:1.50
0.434	0.001	0.279	0.286
0.001	0.023	0.001	0.975
0.936	0.001	0.062	0.001
0.997	0.001	0.001	0.001
0.047	0.951	0.001	0.001
0.001	0.997	0.001	0.001
0.997	0.001	0.001	0.001
0.997	0.001	0.001	0.001
0.001	0.001	0.001	0.997
0.001	0.936	0.001	0.062
>TTTTTTTTTT	4-TTTTTTTTTT	11.630635	-21.270121	0	T:15.0(2.25%),B:394.0(0.26%),P:1e-9,FDR:0.533333333333333	Tpos:45.6,Tstd:24.6,Bpos:55.0,Bstd:25.9,StrandBias:-1.1,Multiplicity:1.00
0.053	0.040	0.136	0.771
0.048	0.039	0.120	0.793
0.045	0.073	0.081	0.801
0.034	0.050	0.123	0.793
0.040	0.037	0.129	0.794
0.048	0.040	0.101	0.811
0.055	0.054	0.107	0.784
0.049	0.039	0.081	0.831
0.061	0.028	0.108	0.803
0.045	0.035	0.100	0.820
>CTCWMAGARY	5-CTCWMAGARY	6.439157	-16.191106	0	T:18.0(2.70%),B:850.3(0.57%),P:1e-7,FDR:0.56	Tpos:50.8,Tstd:22.8,Bpos:51.5,Bstd:38.4,StrandBias:1.5,Multiplicity:1.67
0.001	0.612	0.035	0.352
0.244	0.140	0.001	0.615
0.001	0.530	0.105	0.364
0.423	0.119	0.001	0.457
0.259	0.383	0.160	0.198
0.705	0.001	0.001	0.293
0.234	0.161	0.451	0.154
0.463	0.087	0.142	0.309
0.400	0.122	0.319	0.160
0.046	0.435	0.161	0.357
>TTCGTWTTGT	6-TTCGTWTTGT	9.647754	-7.558261	0	T:25.0(3.75%),B:2675.5(1.78%),P:1e-3,FDR:0.833333333333333	Tpos:45.6,Tstd:25.0,Bpos:51.1,Bstd:32.9,StrandBias:0.5,Multiplicity:2.12
0.001	0.001	0.001	0.997
0.001	0.001	0.001	0.997
0.098	0.594	0.001	0.307
0.001	0.001	0.610	0.388
0.001	0.001	0.001	0.997
0.459	0.001	0.001	0.539
0.001	0.001	0.001	0.997
0.001	0.001	0.001	0.997
0.077	0.001	0.866	0.056
0.001	0.001	0.001	0.997
>CTGTCTGTCT	7-CTGTCTGTCT	9.970112	-6.242306	0	T:10.0(1.50%),B:734.4(0.49%),P:1e-2,FDR:0.833333333333333	Tpos:40.6,Tstd:24.4,Bpos:48.1,Bstd:39.1,StrandBias:-1.9,Multiplicity:2.10
0.001	0.819	0.086	0.094
0.001	0.001	0.001	0.997
0.300	0.001	0.698	0.001
0.093	0.001	0.080	0.826
0.013	0.985	0.001	0.001
0.001	0.217	0.001	0.781
0.112	0.358	0.529	0.001
0.100	0.001	0.062	0.837
0.016	0.978	0.005	0.001
0.001	0.130	0.098	0.771
>TCTATCTATC	8-TCTATCTATC	10.296193	-1.650496	0	T:1.0(0.15%),B:48.7(0.03%),P:1e0,FDR:0.95	Tpos:66.0,Tstd:11.5,Bpos:43.9,Bstd:46.7,StrandBias:10.0,Multiplicity:1.00
0.100	0.100	0.100	0.700
0.100	0.700	0.100	0.100
0.100	0.100	0.100	0.700
0.700	0.100	0.100	0.100
0.100	0.100	0.100	0.700
0.100	0.700	0.100	0.100
0.100	0.100	0.100	0.700
0.700	0.100	0.100	0.100
0.100	0.100	0.100	0.700
0.100	0.700	0.100	0.100
>CATTMAAATGAG	1-CATTMAAATGAG	9.297350	-33.870372	0	T:26.0(3.90%),B:740.1(0.49%),P:1e-14,FDR:0.2	Tpos:43.4,Tstd:26.4,Bpos:51.5,Bstd:41.8,StrandBias:-0.3,Multiplicity:1.92
0.039	0.849	0.083	0.029
0.673	0.001	0.039	0.287
0.365	0.039	0.039	0.557
0.168	0.147	0.222	0.463
0.325	0.398	0.053	0.225
0.669	0.185	0.068	0.078
0.627	0.034	0.310	0.029
0.796	0.131	0.039	0.034
0.107	0.001	0.254	0.638
0.207	0.001	0.753	0.039
0.460	0.027	0.288	0.225
0.192	0.240	0.546	0.022
>CTCAKAACCTCA	2-CTCAKAACCTCA	12.958736	-28.804477	0	T:17.0(2.55%),B:325.9(0.22%),P:1e-12,FDR:0.2	Tpos:47.0,Tstd:20.7,Bpos:52.0,Bstd:42.6,StrandBias:1.4,Multiplicity:1.71
0.001	0.997	0.001	0.001
0.301	0.001	0.001	0.697
0.001	0.997	0.001	0.001
0.997	0.001	0.001	0.001
0.001	0.199	0.418	0.382
0.811	0.001	0.001	0.187
0.616	0.001	0.382	0.001
0.001	0.997	0.001	0.001
0.228	0.770	0.001	0.001
0.001	0.001	0.001	0.997
0.001	0.997	0.001	0.001
0.997	0.001	0.001	0.001
>AAAAAAAAAAAA	3-AAAAAAAAAAAA	10.973900	-19.768997	0	T:21.0(3.15%),B:928.3(0.62%),P:1e-8,FDR:0.533333333333333	Tpos:46.2,Tstd:23.7,Bpos:52.7,Bstd:27.2,StrandBias:1.0,Multiplicity:1.00
0.720	0.113	0.075	0.092
0.736	0.111	0.085	0.068
0.756	0.099	0.086	0.059
0.786	0.068	0.083	0.063
0.790	0.088	0.086	0.036
0.747	0.108	0.091	0.054
0.768	0.113	0.077	0.042
0.776	0.088	0.082	0.054
0.751	0.083	0.103	0.063
0.760	0.085	0.084	0.071
0.711	0.122	0.085	0.082
0.700	0.120	0.085	0.095
>TATACTGTGTGT	4-TATACTGTGTGT	14.876510	-10.148617	0	T:2.0(0.30%),B:2.7(0.00%),P:1e-4,FDR:1	Tpos:49.5,Tstd:25.3,Bpos:35.2,Bstd:10.3,StrandBias:10.0,Multiplicity:3.00
0.001	0.001	0.001	0.997
0.997	0.001	0.001	0.001
0.001	0.001	0.001	0.997
0.997	0.001	0.001	0.001
0.001	0.997	0.001	0.001
0.001	0.001	0.001	0.997
0.001	0.001	0.997	0.001
0.178	0.001	0.001	0.820
0.001	0.001	0.997	0.001
0.001	0.001	0.001	0.997
0.001	0.001	0.997	0.001
0.001	0.001	0.001	0.997
>GTCTATCTGTCT	5-GTCTATCTGTCT	14.990533	-7.849194	0	T:4.0(0.60%),B:75.8(0.05%),P:1e-3,FDR:1	Tpos:32.5,Tstd:23.8,Bpos:47.9,Bstd:40.2,StrandBias:-2.3,Multiplicity:1.50
0.053	0.046	0.900	0.001
0.001	0.001	0.001	0.997
0.001	0.997	0.001	0.001
0.001	0.001	0.001	0.997
0.777	0.001	0.221	0.001
0.001	0.001	0.001	0.997
0.001	0.997	0.001	0.001
0.001	0.001	0.001	0.997
0.001	0.001	0.997	0.001
0.001	0.001	0.001	0.997
0.001	0.997	0.001	0.001
0.001	0.001	0.001	0.997
>AAGCAGTGYAAG	6-AAGCAGTGYAAG	15.907333	-4.325211	0	T:1.0(0.15%),B:3.1(0.00%),P:1e-1,FDR:1	Tpos:49.5,Tstd:25.9,Bpos:37.5,Bstd:1.8,StrandBias:10.0,Multiplicity:10.00
0.997	0.001	0.001	0.001
0.997	0.001	0.001	0.001
0.001	0.001	0.997	0.001
0.001	0.997	0.001	0.001
0.997	0.001	0.001	0.001
0.001	0.001	0.997	0.001
0.001	0.001	0.001	0.997
0.001	0.001	0.997	0.001
0.001	0.499	0.001	0.499
0.997	0.001	0.001	0.001
0.997	0.001	0.001	0.001
0.001	0.001	0.997	0.001
>CAGAGTAGAGGA	7-CAGAGTAGAGGA	16.145227	-3.486746	0	T:1.0(0.15%),B:7.1(0.00%),P:1e-1,FDR:1	Tpos:89.0,Tstd:0.0,Bpos:61.3,Bstd:31.1,StrandBias:10.0,Multiplicity:1.00
0.001	0.997	0.001	0.001
0.997	0.001	0.001	0.001
0.001	0.001	0.997	0.001
0.997	0.001	0.001	0.001
0.001	0.001	0.997	0.001
0.001	0.214	0.001	0.784
0.997	0.001	0.001	0.001
0.001	0.001	0.997	0.001
0.997	0.001	0.001	0.001
0.001	0.001	0.997	0.001
0.001	0.193	0.805	0.001
0.997	0.001	0.001	0.001
>TCTATCTATCTA	8-TCTATCTATCTA	12.355432	-2.180596	0	T:1.0(0.15%),B:27.1(0.02%),P:1e0,FDR:1	Tpos:67.0,Tstd:11.5,Bpos:44.0,Bstd:52.4,StrandBias:10.0,Multiplicity:1.00
0.100	0.100	0.100	0.700
0.100	0.700	0.100	0.100
0.100	0.100	0.100	0.700
0.700	0.100	0.100	0.100
0.100	0.100	0.100	0.700
0.100	0.700	0.100	0.100
0.100	0.100	0.100	0.700
0.700	0.100	0.100	0.100
0.100	0.100	0.100	0.700
0.100	0.700	0.100	0.100
0.100	0.100	0.100	0.700
0.700	0.100	0.100	0.100
>AAATGAGG	1-AAATGAGG	10.632444	-24.872448	0	T:27.0(4.05%),B:1199.8(0.80%),P:1e-10,FDR:0.2	Tpos:46.1,Tstd:27.7,Bpos:50.6,Bstd:42.8,StrandBias:-0.6,Multiplicity:1.30
0.756	0.001	0.001	0.242
0.852	0.001	0.146	0.001
0.997	0.001	0.001	0.001
0.001	0.001	0.001	0.997
0.001	0.001	0.997	0.001
0.997	0.001	0.001	0.001
0.001	0.001	0.997	0.001
0.001	0.001	0.997	0.001
>CCTGGCAA	2-CCTGGCAA	4.447024	-23.569327	0	T:73.0(10.96%),B:7124.8(4.75%),P:1e-10,FDR:0.2	Tpos:50.6,Tstd:25.0,Bpos:50.6,Bstd:34.4,StrandBias:-0.1,Multiplicity:1.21
0.001	0.997	0.001	0.001
0.006	0.820	0.173	0.001
0.001	0.048	0.001	0.950
0.232	0.001	0.766	0.001
0.001	0.001	0.997	0.001
0.001	0.997	0.001	0.001
0.997	0.001	0.001	0.001
0.997	0.001	0.001	0.001
>TGAGTCAT	3-TGAGTCAT	5.548776	-21.329018	0	T:123.0(18.47%),B:15754.0(10.50%),P:1e-9,FDR:0.2	Tpos:47.4,Tstd:26.8,Bpos:49.7,Bstd:38.9,StrandBias:-0.3,Multiplicity:1.15
0.018	0.001	0.001	0.980
0.001	0.001	0.967	0.031
0.926	0.001	0.034	0.039
0.001	0.148	0.850	0.001
0.176	0.179	0.001	0.644
0.001	0.997	0.001	0.001
0.951	0.047	0.001	0.001
0.001	0.032	0.001	0.966
>GAGGTACT	4-GAGGTACT	8.236954	-21.075871	0	T:17.0(2.55%),B:539.8(0.36%),P:1e-9,FDR:0.2	Tpos:55.8,Tstd:21.8,Bpos:48.2,Bstd:37.1,StrandBias:-1.3,Multiplicity:1.00
0.100	0.100	0.700	0.100
0.700	0.100	0.100	0.100
0.100	0.100	0.700	0.100
0.100	0.100	0.700	0.100
0.100	0.100	0.100	0.700
0.700	0.100	0.100	0.100
0.100	0.700	0.100	0.100
0.100	0.100	0.100	0.700
>AAAAAAAA	5-AAAAAAAA	10.875742	-17.755809	0	T:24.0(3.60%),B:1351.4(0.90%),P:1e-7,FDR:0.2	Tpos:47.8,Tstd:25.5,Bpos:52.3,Bstd:32.5,StrandBias:1.0,Multiplicity:1.00
0.892	0.001	0.106	0.001
0.997	0.001	0.001	0.001
0.997	0.001	0.001	0.001
0.997	0.001	0.001	0.001
0.997	0.001	0.001	0.001
0.997	0.001	0.001	0.001
0.997	0.001	0.001	0.001
0.921	0.001	0.077	0.001
>CATCCGAT	6-CATCCGAT	6.944725	-13.313155	0	T:31.0(4.65%),B:2644.5(1.76%),P:1e-5,FDR:0.366666666666667	Tpos:57.1,Tstd:28.4,Bpos:50.4,Bstd:36.4,StrandBias:-0.4,Multiplicity:1.58
0.422	0.576	0.001	0.001
0.929	0.001	0.001	0.069
0.001	0.001	0.001	0.997
0.001	0.997	0.001	0.001
0.071	0.552	0.352	0.025
0.001	0.001	0.997	0.001
0.997	0.001	0.001	0.001
0.001	0.001	0.001	0.997
>TGTCTGTC	7-TGTCTGTC	7.913793	-5.332923	0	T:37.0(5.56%),B:5267.1(3.51%),P:1e-2,FDR:0.628571428571429	Tpos:48.5,Tstd:25.8,Bpos:49.4,Bstd:40.0,StrandBias:-1.1,Multiplicity:1.89
0.001	0.001	0.001	0.997
0.001	0.188	0.810	0.001
0.001	0.001	0.001	0.997
0.001	0.997	0.001	0.001
0.001	0.001	0.001	0.997
0.001	0.226	0.772	0.001
0.001	0.001	0.001	0.997
0.001	0.997	0.001	0.001
>GTTTCGTT	8-GTTTCGTT	8.472301	-5.049103	0	T:6.0(0.90%),B:366.3(0.24%),P:1e-2,FDR:0.628571428571429	Tpos:52.7,Tstd:26.8,Bpos:51.5,Bstd:27.9,StrandBias:1.0,Multiplicity:1.00
0.001	0.023	0.975	0.001
0.297	0.001	0.008	0.694
0.240	0.035	0.033	0.692
0.279	0.030	0.011	0.680
0.001	0.821	0.001	0.177
0.001	0.001	0.916	0.082
0.001	0.001	0.001	0.997
0.091	0.001	0.027	0.881
