>GAGAGGTAGA	1-GAGAGGTAGA	11.276337	-29.512845	0	T:7.0(13.46%),B:3.5(0.12%),P:1e-12,FDR:0.2	Tpos:48.0,Tstd:22.0,Bpos:54.1,Bstd:4.0,StrandBias:0.4,Multiplicity:1.00
0.001	0.001	0.997	0.001
0.832	0.001	0.001	0.166
0.001	0.001	0.997	0.001
0.667	0.001	0.166	0.166
0.001	0.001	0.832	0.166
0.001	0.001	0.997	0.001
0.166	0.001	0.001	0.832
0.997	0.001	0.001	0.001
0.001	0.001	0.997	0.001
0.997	0.001	0.001	0.001
>GCAGGATAAG	2-GCAGGATAAG	11.873576	-16.673075	0	T:4.0(7.69%),B:2.7(0.09%),P:1e-7,FDR:0.4	Tpos:48.8,Tstd:23.1,Bpos:48.8,Bstd:21.0,StrandBias:2.0,Multiplicity:1.25
0.001	0.001	0.997	0.001
0.001	0.997	0.001	0.001
0.997	0.001	0.001	0.001
0.001	0.001	0.997	0.001
0.001	0.001	0.749	0.249
0.997	0.001	0.001	0.001
0.001	0.001	0.249	0.749
0.997	0.001	0.001	0.001
0.997	0.001	0.001	0.001
0.001	0.249	0.749	0.001
>AACAAACAGA	3-AACAAACAGA	8.255986	-15.095099	0	T:11.0(21.15%),B:86.4(2.95%),P:1e-6,FDR:0.4	Tpos:47.5,Tstd:27.6,Bpos:52.1,Bstd:28.5,StrandBias:0.7,Multiplicity:1.00
0.641	0.061	0.099	0.199
0.900	0.001	0.098	0.001
0.076	0.775	0.005	0.144
0.801	0.099	0.001	0.099
0.542	0.160	0.099	0.199
0.900	0.001	0.098	0.001
0.146	0.754	0.099	0.001
0.997	0.001	0.001	0.001
0.078	0.002	0.919	0.001
0.793	0.001	0.202	0.004
>ACMWAACAGA	4-ACMWAACAGA	10.139774	-13.963624	0	T:6.0(11.54%),B:18.3(0.63%),P:1e-6,FDR:0.55	Tpos:33.8,Tstd:18.1,Bpos:51.2,Bstd:30.0,StrandBias:-1.0,Multiplicity:1.00
0.997	0.001	0.001	0.001
0.001	0.997	0.001	0.001
0.528	0.470	0.001	0.001
0.528	0.001	0.001	0.470
0.763	0.001	0.235	0.001
0.997	0.001	0.001	0.001
0.235	0.763	0.001	0.001
0.763	0.001	0.235	0.001
0.057	0.001	0.941	0.001
0.763	0.001	0.235	0.001
>ACCAACACCA	5-ACCAACACCA	11.397864	-7.463888	0	T:3.0(5.77%),B:9.8(0.33%),P:1e-3,FDR:0.88	Tpos:48.2,Tstd:16.6,Bpos:65.6,Bstd:30.5,StrandBias:2.0,Multiplicity:1.33
0.691	0.001	0.001	0.307
0.024	0.974	0.001	0.001
0.027	0.971	0.001	0.001
0.997	0.001	0.001	0.001
0.640	0.358	0.001	0.001
0.001	0.997	0.001	0.001
0.997	0.001	0.001	0.001
0.328	0.670	0.001	0.001
0.307	0.691	0.001	0.001
0.997	0.001	0.001	0.001
>TTGTCATGGT	6-TTGTCATGGT	6.221403	-5.609147	0	T:6.0(11.54%),B:84.9(2.90%),P:1e-2,FDR:0.88	Tpos:56.2,Tstd:16.3,Bpos:45.6,Bstd:26.5,StrandBias:0.0,Multiplicity:2.67
0.001	0.001	0.001	0.997
0.001	0.001	0.001	0.997
0.015	0.001	0.983	0.001
0.001	0.001	0.001	0.997
0.001	0.770	0.001	0.228
0.961	0.001	0.001	0.037
0.001	0.001	0.001	0.997
0.001	0.159	0.839	0.001
0.001	0.001	0.785	0.213
0.001	0.001	0.001	0.997
>KTTCAGACAGSA	1-KTTCAGACAGSA	10.170321	-24.701175	0	T:7.0(13.46%),B:6.9(0.23%),P:1e-10,FDR:0.6	Tpos:57.9,Tstd:19.3,Bpos:52.0,Bstd:21.9,StrandBias:2.6,Multiplicity:1.00
0.156	0.001	0.443	0.400
0.001	0.001	0.001	0.997
0.001	0.142	0.141	0.716
0.141	0.741	0.117	0.001
0.858	0.001	0.001	0.140
0.001	0.156	0.842	0.001
0.843	0.015	0.001	0.141
0.001	0.858	0.140	0.001
0.716	0.001	0.001	0.282
0.001	0.282	0.716	0.001
0.141	0.443	0.415	0.001
0.858	0.001	0.001	0.140
>RGTAGAGTTAGC	2-RGTAGAGTTAGC	10.942212	-21.700767	0	T:5.0(9.62%),B:2.5(0.08%),P:1e-9,FDR:0.6	Tpos:28.4,Tstd:19.2,Bpos:54.1,Bstd:26.7,StrandBias:0.6,Multiplicity:1.00
0.470	0.001	0.528	0.001
0.001	0.001	0.997	0.001
0.001	0.235	0.001	0.763
0.763	0.235	0.001	0.001
0.001	0.001	0.997	0.001
0.997	0.001	0.001	0.001
0.001	0.235	0.763	0.001
0.235	0.001	0.264	0.500
0.001	0.001	0.001	0.997
0.706	0.001	0.058	0.235
0.001	0.001	0.997	0.001
0.001	0.763	0.235	0.001
>GCAGGAGAAGCT	3-GCAGGAGAAGCT	8.218639	-14.328290	0	T:9.0(17.31%),B:56.9(1.94%),P:1e-6,FDR:1	Tpos:45.2,Tstd:23.4,Bpos:50.4,Bstd:30.8,StrandBias:1.4,Multiplicity:1.22
0.138	0.138	0.723	0.001
0.001	0.997	0.001	0.001
0.861	0.001	0.001	0.137
0.137	0.001	0.861	0.001
0.001	0.138	0.723	0.138
0.696	0.027	0.001	0.276
0.138	0.001	0.723	0.138
0.720	0.003	0.276	0.001
0.723	0.001	0.275	0.001
0.001	0.001	0.834	0.164
0.138	0.586	0.138	0.138
0.138	0.138	0.138	0.586
>GTTCTGTTTTGT	4-GTTCTGTTTTGT	8.073627	-10.916726	0	T:11.0(21.15%),B:133.3(4.55%),P:1e-4,FDR:1	Tpos:49.9,Tstd:18.4,Bpos:48.6,Bstd:27.3,StrandBias:0.3,Multiplicity:1.27
0.001	0.205	0.538	0.256
0.205	0.103	0.257	0.436
0.001	0.001	0.102	0.896
0.103	0.717	0.103	0.077
0.001	0.204	0.001	0.794
0.001	0.001	0.794	0.204
0.001	0.001	0.102	0.896
0.001	0.204	0.001	0.794
0.102	0.001	0.001	0.896
0.102	0.001	0.307	0.590
0.001	0.102	0.795	0.102
0.001	0.001	0.102	0.896
>ACMACCACCACC	5-ACMACCACCACC	13.288557	-7.410675	0	T:2.0(3.85%),B:2.4(0.08%),P:1e-3,FDR:1	Tpos:53.5,Tstd:19.5,Bpos:82.5,Bstd:2.3,StrandBias:10.0,Multiplicity:1.00
0.808	0.001	0.190	0.001
0.202	0.796	0.001	0.001
0.571	0.427	0.001	0.001
0.997	0.001	0.001	0.001
0.190	0.808	0.001	0.001
0.001	0.997	0.001	0.001
0.997	0.001	0.001	0.001
0.190	0.619	0.001	0.190
0.001	0.997	0.001	0.001
0.997	0.001	0.001	0.001
0.202	0.796	0.001	0.001
0.202	0.796	0.001	0.001
>TAAGAGTC	1-TAAGAGTC	7.391020	-18.304222	0	T:12.0(23.08%),B:79.1(2.70%),P:1e-7,FDR:0.4	Tpos:58.2,Tstd:26.2,Bpos:47.6,Bstd:28.4,StrandBias:0.5,Multiplicity:1.00
0.001	0.085	0.001	0.913
0.813	0.057	0.060	0.070
0.997	0.001	0.001	0.001
0.001	0.001	0.997	0.001
0.756	0.001	0.140	0.103
0.001	0.140	0.743	0.116
0.001	0.001	0.001	0.997
0.001	0.854	0.085	0.060
>TGCGCGCC	2-TGCGCGCC	8.133870	-15.821613	0	T:7.0(13.46%),B:22.7(0.77%),P:1e-6,FDR:0.4	Tpos:57.8,Tstd:21.3,Bpos:39.2,Bstd:31.0,StrandBias:-2.8,Multiplicity:1.14
0.001	0.143	0.001	0.855
0.001	0.001	0.997	0.001
0.001	0.997	0.001	0.001
0.197	0.197	0.605	0.001
0.001	0.855	0.001	0.143
0.001	0.001	0.879	0.119
0.001	0.997	0.001	0.001
0.001	0.997	0.001	0.001
>CCTACCGC	3-CCTACCGC	10.849922	-11.888538	0	T:3.0(5.77%),B:2.9(0.10%),P:1e-5,FDR:0.466666666666667	Tpos:47.0,Tstd:25.1,Bpos:69.5,Bstd:11.5,StrandBias:1.0,Multiplicity:1.00
0.001	0.997	0.001	0.001
0.001	0.997	0.001	0.001
0.001	0.001	0.001	0.997
0.997	0.001	0.001	0.001
0.001	0.997	0.001	0.001
0.195	0.803	0.001	0.001
0.001	0.001	0.997	0.001
0.001	0.997	0.001	0.001
>CGACCACC	4-CGACCACC	7.408199	-8.085656	0	T:9.0(17.31%),B:124.2(4.24%),P:1e-3,FDR:0.8	Tpos:46.3,Tstd:14.8,Bpos:55.6,Bstd:31.6,StrandBias:0.8,Multiplicity:1.00
0.165	0.833	0.001	0.001
0.001	0.422	0.576	0.001
0.909	0.001	0.001	0.089
0.001	0.997	0.001	0.001
0.001	0.997	0.001	0.001
0.690	0.001	0.001	0.308
0.001	0.972	0.026	0.001
0.001	0.979	0.001	0.019
>ACAWRAYA	5-ACAWRAYA	5.224022	-7.888621	0	T:21.0(40.38%),B:566.8(19.35%),P:1e-3,FDR:0.8	Tpos:49.5,Tstd:23.2,Bpos:48.1,Bstd:29.2,StrandBias:-0.1,Multiplicity:2.19
0.789	0.119	0.001	0.091
0.312	0.561	0.043	0.084
0.698	0.224	0.001	0.077
0.434	0.001	0.034	0.531
0.491	0.001	0.476	0.031
0.712	0.124	0.076	0.088
0.001	0.409	0.057	0.533
0.828	0.061	0.034	0.077
