>AGTAGGCC	1-AGTAGGCC	7.038676	-13.004709	0	T:11.0(25.00%),B:104.9(4.41%),P:1e-5,FDR:1	Tpos:52.6,Tstd:25.5,Bpos:44.7,Bstd:34.7,StrandBias:0.7,Multiplicity:1.18
0.867	0.128	0.004	0.001
0.001	0.418	0.580	0.001
0.001	0.150	0.173	0.676
0.984	0.001	0.001	0.014
0.001	0.346	0.652	0.001
0.267	0.001	0.549	0.183
0.001	0.997	0.001	0.001
0.001	0.790	0.001	0.208
>TCGGTGAC	2-TCGGTGAC	7.490854	-11.966034	0	T:5.0(11.36%),B:14.2(0.60%),P:1e-5,FDR:1	Tpos:53.4,Tstd:27.8,Bpos:52.2,Bstd:19.1,StrandBias:0.4,Multiplicity:1.40
0.001	0.001	0.200	0.798
0.201	0.431	0.147	0.222
0.001	0.001	0.989	0.009
0.001	0.001	0.798	0.200
0.250	0.001	0.001	0.748
0.013	0.001	0.985	0.001
0.798	0.001	0.001	0.200
0.003	0.995	0.001	0.001
>AAGGCGTT	3-AAGGCGTT	8.704402	-11.901376	0	T:6.0(13.64%),B:26.0(1.09%),P:1e-5,FDR:1	Tpos:58.2,Tstd:23.0,Bpos:45.0,Bstd:25.5,StrandBias:1.0,Multiplicity:1.00
0.997	0.001	0.001	0.001
0.997	0.001	0.001	0.001
0.001	0.001	0.997	0.001
0.258	0.001	0.740	0.001
0.189	0.518	0.136	0.157
0.001	0.001	0.997	0.001
0.001	0.001	0.001	0.997
0.001	0.001	0.070	0.928
>CTGTWKGA	4-CTGTWKGA	8.026875	-11.262587	0	T:6.0(13.64%),B:28.8(1.21%),P:1e-4,FDR:1	Tpos:40.7,Tstd:22.4,Bpos:49.5,Bstd:23.9,StrandBias:-0.4,Multiplicity:1.17
0.001	0.997	0.001	0.001
0.076	0.001	0.001	0.922
0.001	0.001	0.964	0.034
0.001	0.102	0.073	0.824
0.285	0.182	0.099	0.434
0.218	0.001	0.334	0.446
0.188	0.001	0.810	0.001
0.835	0.001	0.163	0.001
>CTACTGGA	5-CTACTGGA	8.236954	-5.969366	0	T:2.0(4.55%),B:4.2(0.18%),P:1e-2,FDR:1	Tpos:48.3,Tstd:28.3,Bpos:59.2,Bstd:15.9,StrandBias:1.0,Multiplicity:1.50
0.100	0.700	0.100	0.100
0.100	0.100	0.100	0.700
0.700	0.100	0.100	0.100
0.100	0.700	0.100	0.100
0.100	0.100	0.100	0.700
0.100	0.100	0.700	0.100
0.100	0.100	0.700	0.100
0.700	0.100	0.100	0.100
