>KMTKGARAGG	1-KMTKGARAGG	8.642737	-11.828510	0	T:3.0(42.86%),B:36.2(0.60%),P:1e-5,FDR:0.8	Tpos:54.2,Tstd:21.1,Bpos:44.2,Bstd:35.7,StrandBias:0.0,Multiplicity:1.33
0.001	0.001	0.533	0.465
0.533	0.465	0.001	0.001
0.001	0.001	0.001	0.997
0.001	0.001	0.533	0.465
0.001	0.001	0.930	0.068
0.997	0.001	0.001	0.001
0.465	0.001	0.533	0.001
0.997	0.001	0.001	0.001
0.001	0.001	0.997	0.001
0.001	0.001	0.997	0.001
>AMTTCCGGAA	2-AMTTCCGGAA	13.140753	-9.576757	0	T:2.0(28.57%),B:11.0(0.18%),P:1e-4,FDR:0.8	Tpos:32.0,Tstd:6.5,Bpos:66.3,Bstd:26.7,StrandBias:0.0,Multiplicity:1.00
0.997	0.001	0.001	0.001
0.499	0.499	0.001	0.001
0.001	0.001	0.001	0.997
0.001	0.001	0.001	0.997
0.001	0.997	0.001	0.001
0.001	0.997	0.001	0.001
0.001	0.001	0.997	0.001
0.001	0.001	0.997	0.001
0.997	0.001	0.001	0.001
0.997	0.001	0.001	0.001
>GCAGTTCCTA	3-GCAGTTCCTA	10.296193	-6.760084	0	T:1.0(14.29%),B:2.0(0.03%),P:1e-2,FDR:0.8	Tpos:52.0,Tstd:0.0,Bpos:46.5,Bstd:30.3,StrandBias:10.0,Multiplicity:1.00
0.100	0.100	0.700	0.100
0.100	0.700	0.100	0.100
0.700	0.100	0.100	0.100
0.100	0.100	0.700	0.100
0.100	0.100	0.100	0.700
0.100	0.100	0.100	0.700
0.100	0.700	0.100	0.100
0.100	0.700	0.100	0.100
0.100	0.100	0.100	0.700
0.700	0.100	0.100	0.100
>TGGCTTTCCA	4-TGGCTTTCCA	10.296193	-6.067433	0	T:1.0(14.29%),B:2.5(0.04%),P:1e-2,FDR:0.8	Tpos:63.0,Tstd:0.0,Bpos:65.0,Bstd:0.0,StrandBias:-10.0,Multiplicity:1.00
0.100	0.100	0.100	0.700
0.100	0.100	0.700	0.100
0.100	0.100	0.700	0.100
0.100	0.700	0.100	0.100
0.100	0.100	0.100	0.700
0.100	0.100	0.100	0.700
0.100	0.100	0.100	0.700
0.100	0.700	0.100	0.100
0.100	0.700	0.100	0.100
0.700	0.100	0.100	0.100
>CATGCAAAGG	5-CATGCAAAGG	10.296193	-6.067433	0	T:1.0(14.29%),B:2.5(0.04%),P:1e-2,FDR:0.8	Tpos:61.0,Tstd:0.0,Bpos:15.7,Bstd:3.5,StrandBias:10.0,Multiplicity:1.00
0.100	0.700	0.100	0.100
0.700	0.100	0.100	0.100
0.100	0.100	0.100	0.700
0.100	0.100	0.700	0.100
0.100	0.700	0.100	0.100
0.700	0.100	0.100	0.100
0.700	0.100	0.100	0.100
0.700	0.100	0.100	0.100
0.100	0.100	0.700	0.100
0.100	0.100	0.700	0.100
>CAACCAGGGTTS	1-CAACCAGGGTTS	6.199973	-16.743641	0	T:7.0(100.00%),B:552.0(9.14%),P:1e-7,FDR:0.2	Tpos:46.1,Tstd:29.0,Bpos:45.0,Bstd:48.2,StrandBias:1.0,Multiplicity:1.29
0.001	0.572	0.284	0.143
0.444	0.007	0.263	0.286
0.843	0.007	0.007	0.143
0.006	0.693	0.001	0.300
0.001	0.856	0.001	0.142
0.736	0.001	0.001	0.262
0.142	0.001	0.856	0.001
0.006	0.001	0.987	0.006
0.151	0.286	0.436	0.127
0.001	0.286	0.150	0.563
0.001	0.120	0.293	0.586
0.150	0.414	0.286	0.150
>CHTTCAGGTCAC	2-CHTTCAGGTCAC	10.993638	-15.658360	0	T:3.0(42.86%),B:10.6(0.18%),P:1e-6,FDR:0.2	Tpos:36.8,Tstd:26.7,Bpos:63.9,Bstd:37.1,StrandBias:1.6,Multiplicity:1.00
0.332	0.666	0.001	0.001
0.333	0.333	0.001	0.333
0.001	0.001	0.332	0.666
0.332	0.001	0.001	0.666
0.001	0.666	0.332	0.001
0.997	0.001	0.001	0.001
0.001	0.332	0.666	0.001
0.001	0.001	0.997	0.001
0.001	0.001	0.001	0.997
0.001	0.997	0.001	0.001
0.666	0.001	0.001	0.332
0.001	0.997	0.001	0.001
>CTGGCTTTCCAG	3-CTGGCTTTCCAG	12.355432	-6.067433	0	T:1.0(14.29%),B:2.5(0.04%),P:1e-2,FDR:1	Tpos:63.0,Tstd:0.0,Bpos:65.0,Bstd:0.0,StrandBias:-10.0,Multiplicity:1.00
0.100	0.700	0.100	0.100
0.100	0.100	0.100	0.700
0.100	0.100	0.700	0.100
0.100	0.100	0.700	0.100
0.100	0.700	0.100	0.100
0.100	0.100	0.100	0.700
0.100	0.100	0.100	0.700
0.100	0.100	0.100	0.700
0.100	0.700	0.100	0.100
0.100	0.700	0.100	0.100
0.700	0.100	0.100	0.100
0.100	0.100	0.700	0.100
>AGTCCAGGAACT	4-AGTCCAGGAACT	12.355432	-6.067433	0	T:1.0(14.29%),B:2.7(0.04%),P:1e-2,FDR:1	Tpos:91.0,Tstd:0.0,Bpos:63.0,Bstd:0.0,StrandBias:10.0,Multiplicity:1.00
0.700	0.100	0.100	0.100
0.100	0.100	0.700	0.100
0.100	0.100	0.100	0.700
0.100	0.700	0.100	0.100
0.100	0.700	0.100	0.100
0.700	0.100	0.100	0.100
0.100	0.100	0.700	0.100
0.100	0.100	0.700	0.100
0.700	0.100	0.100	0.100
0.700	0.100	0.100	0.100
0.100	0.700	0.100	0.100
0.100	0.100	0.100	0.700
>AVAAYSRCGGGS	5-AVAAYSRCGGGS	6.689956	-5.505381	0	T:2.0(28.57%),B:86.7(1.44%),P:1e-2,FDR:1	Tpos:46.0,Tstd:1.0,Bpos:47.2,Bstd:54.0,StrandBias:10.0,Multiplicity:1.00
0.646	0.117	0.236	0.001
0.235	0.230	0.344	0.190
0.763	0.005	0.117	0.115
0.533	0.119	0.229	0.119
0.117	0.459	0.114	0.310
0.114	0.471	0.341	0.075
0.464	0.077	0.344	0.115
0.227	0.417	0.128	0.227
0.117	0.114	0.765	0.004
0.236	0.006	0.643	0.115
0.191	0.011	0.568	0.230
0.188	0.344	0.342	0.125
>CTGTGACG	1-CTGTGACG	6.560098	-6.961995	0	T:2.0(28.57%),B:41.3(0.68%),P:1e-3,FDR:1	Tpos:41.0,Tstd:26.2,Bpos:37.9,Bstd:55.3,StrandBias:1.0,Multiplicity:1.50
0.001	0.776	0.222	0.001
0.001	0.001	0.001	0.997
0.001	0.001	0.776	0.222
0.001	0.001	0.222	0.776
0.001	0.001	0.997	0.001
0.997	0.001	0.001	0.001
0.001	0.997	0.001	0.001
0.001	0.001	0.997	0.001
>GGACTTCG	2-GGACTTCG	8.236954	-6.067433	0	T:1.0(14.29%),B:2.5(0.04%),P:1e-2,FDR:1	Tpos:52.0,Tstd:0.0,Bpos:59.0,Bstd:0.0,StrandBias:-10.0,Multiplicity:1.00
0.100	0.100	0.700	0.100
0.100	0.100	0.700	0.100
0.700	0.100	0.100	0.100
0.100	0.700	0.100	0.100
0.100	0.100	0.100	0.700
0.100	0.100	0.100	0.700
0.100	0.700	0.100	0.100
0.100	0.100	0.700	0.100
>GACATTTC	3-GACATTTC	8.236954	-6.067433	0	T:1.0(14.29%),B:2.9(0.05%),P:1e-2,FDR:1	Tpos:43.0,Tstd:0.0,Bpos:22.3,Bstd:2.7,StrandBias:10.0,Multiplicity:1.00
0.100	0.100	0.700	0.100
0.700	0.100	0.100	0.100
0.100	0.700	0.100	0.100
0.700	0.100	0.100	0.100
0.100	0.100	0.100	0.700
0.100	0.100	0.100	0.700
0.100	0.100	0.100	0.700
0.100	0.700	0.100	0.100
>AAGGCGCG	4-AAGGCGCG	8.236954	-6.067433	0	T:1.0(14.29%),B:2.6(0.04%),P:1e-2,FDR:1	Tpos:24.0,Tstd:0.0,Bpos:69.0,Bstd:0.0,StrandBias:-10.0,Multiplicity:1.00
0.700	0.100	0.100	0.100
0.700	0.100	0.100	0.100
0.100	0.100	0.700	0.100
0.100	0.100	0.700	0.100
0.100	0.700	0.100	0.100
0.100	0.100	0.700	0.100
0.100	0.700	0.100	0.100
0.100	0.100	0.700	0.100
>RGGTCATT	5-RGGTCATT	5.383544	-5.347907	0	T:5.0(71.43%),B:1212.1(20.08%),P:1e-2,FDR:1	Tpos:39.5,Tstd:27.9,Bpos:51.1,Bstd:54.2,StrandBias:-0.7,Multiplicity:1.60
0.509	0.001	0.489	0.001
0.001	0.001	0.670	0.328
0.185	0.001	0.679	0.135
0.148	0.001	0.001	0.850
0.185	0.654	0.001	0.160
0.558	0.281	0.160	0.001
0.001	0.338	0.001	0.660
0.135	0.295	0.001	0.569
