>AAAATAGT	1-AAAATAGT	6.936751	-18.048136	0	T:16.0(16.00%),B:84.0(2.73%),P:1e-7	Tpos:45.5,Tstd:25.6,Bpos:50.1,Bstd:26.3,StrandBias:-1.4,Multiplicity:1.50
0.997	0.001	0.001	0.001
0.716	0.282	0.001	0.001
0.997	0.001	0.001	0.001
0.997	0.001	0.001	0.001
0.115	0.001	0.001	0.883
0.540	0.001	0.374	0.085
0.001	0.067	0.931	0.001
0.001	0.001	0.072	0.926
>CTTCTTGA	2-CTTCTTGA	9.789188	-14.103031	0	T:5.0(5.00%),B:5.0(0.16%),P:1e-6	Tpos:53.2,Tstd:28.6,Bpos:54.0,Bstd:24.0,StrandBias:0.6,Multiplicity:1.00
0.001	0.997	0.001	0.001
0.001	0.001	0.001	0.997
0.001	0.001	0.001	0.997
0.001	0.997	0.001	0.001
0.001	0.001	0.278	0.720
0.001	0.001	0.001	0.997
0.001	0.001	0.997	0.001
0.997	0.001	0.001	0.001
>YGKACTCC	3-YGKACTCC	7.367621	-12.654540	0	T:8.0(8.00%),B:27.0(0.88%),P:1e-5	Tpos:55.2,Tstd:25.3,Bpos:50.7,Bstd:25.7,StrandBias:-1.2,Multiplicity:1.25
0.001	0.516	0.113	0.370
0.001	0.001	0.997	0.001
0.001	0.237	0.336	0.426
0.997	0.001	0.001	0.001
0.114	0.631	0.135	0.120
0.001	0.001	0.001	0.997
0.001	0.747	0.001	0.251
0.146	0.590	0.001	0.263
>TSGCTAAT	4-TSGCTAAT	4.132313	-12.263374	0	T:36.0(36.00%),B:527.0(17.13%),P:1e-5	Tpos:47.4,Tstd:28.6,Bpos:49.8,Bstd:26.6,StrandBias:0.3,Multiplicity:1.26
0.001	0.001	0.407	0.591
0.188	0.407	0.404	0.001
0.035	0.001	0.929	0.035
0.188	0.525	0.113	0.174
0.024	0.022	0.001	0.953
0.997	0.001	0.001	0.001
0.714	0.112	0.173	0.001
0.001	0.001	0.001	0.997
>GGAGGGTG	5-GGAGGGTG	8.236954	-11.073813	0	T:6.0(6.00%),B:16.0(0.52%),P:1e-4	Tpos:51.7,Tstd:32.1,Bpos:56.9,Bstd:26.1,StrandBias:1.0,Multiplicity:1.00
0.100	0.100	0.700	0.100
0.100	0.100	0.700	0.100
0.700	0.100	0.100	0.100
0.100	0.100	0.700	0.100
0.100	0.100	0.700	0.100
0.100	0.100	0.700	0.100
0.100	0.100	0.100	0.700
0.100	0.100	0.700	0.100
>ACATTGTT	6-ACATTGTT	7.514135	-9.743125	0	T:19.0(19.00%),B:215.0(6.99%),P:1e-4	Tpos:60.8,Tstd:23.5,Bpos:52.5,Bstd:24.5,StrandBias:0.1,Multiplicity:1.16
0.997	0.001	0.001	0.001
0.001	0.997	0.001	0.001
0.997	0.001	0.001	0.001
0.285	0.001	0.054	0.660
0.089	0.001	0.001	0.909
0.001	0.001	0.997	0.001
0.115	0.001	0.001	0.883
0.327	0.001	0.126	0.546
