>CTATAAAACA	1-CTATAAAACA	9.628735	-18.607424	0	T:5.0(5.00%),B:2.0(0.06%),P:1e-8	Tpos:41.3,Tstd:29.1,Bpos:63.5,Bstd:12.5,StrandBias:-2.3,Multiplicity:1.20
0.001	0.810	0.001	0.188
0.001	0.001	0.001	0.997
0.596	0.379	0.001	0.024
0.188	0.001	0.001	0.810
0.809	0.001	0.001	0.189
0.810	0.001	0.188	0.001
0.785	0.189	0.025	0.001
0.592	0.001	0.383	0.024
0.001	0.997	0.001	0.001
0.810	0.001	0.001	0.188
>TCCAAAAACG	2-TCCAAAAACG	11.873576	-16.969877	0	T:4.0(4.00%),B:1.0(0.03%),P:1e-7	Tpos:27.2,Tstd:9.5,Bpos:53.0,Bstd:0.0,StrandBias:0.0,Multiplicity:1.00
0.001	0.001	0.001	0.997
0.249	0.749	0.001	0.001
0.001	0.997	0.001	0.001
0.997	0.001	0.001	0.001
0.997	0.001	0.001	0.001
0.997	0.001	0.001	0.001
0.997	0.001	0.001	0.001
0.997	0.001	0.001	0.001
0.001	0.749	0.249	0.001
0.249	0.001	0.749	0.001
>CAGCGCTGCA	3-CAGCGCTGCA	11.557282	-13.217085	0	T:5.0(5.00%),B:6.0(0.19%),P:1e-5	Tpos:55.7,Tstd:32.2,Bpos:42.8,Bstd:28.6,StrandBias:-1.0,Multiplicity:1.00
0.001	0.997	0.001	0.001
0.799	0.001	0.001	0.199
0.001	0.001	0.997	0.001
0.001	0.799	0.199	0.001
0.001	0.001	0.799	0.199
0.001	0.997	0.001	0.001
0.001	0.001	0.001	0.997
0.001	0.001	0.997	0.001
0.001	0.997	0.001	0.001
0.799	0.199	0.001	0.001
>CCTAGCTTCV	4-CCTAGCTTCV	8.334257	-9.572425	0	T:6.0(6.00%),B:21.0(0.68%),P:1e-4	Tpos:41.3,Tstd:24.0,Bpos:38.4,Bstd:24.1,StrandBias:1.8,Multiplicity:1.50
0.041	0.917	0.041	0.001
0.002	0.910	0.087	0.001
0.001	0.001	0.001	0.997
0.739	0.001	0.259	0.001
0.001	0.001	0.997	0.001
0.329	0.669	0.001	0.001
0.411	0.001	0.001	0.587
0.001	0.001	0.001	0.997
0.001	0.997	0.001	0.001
0.323	0.353	0.323	0.001
>AAAAAAAGAA	5-AAAAAAAGAA	10.804822	-4.697134	0	T:5.0(5.00%),B:39.0(1.27%),P:1e-2	Tpos:57.4,Tstd:10.5,Bpos:54.7,Bstd:25.3,StrandBias:-0.6,Multiplicity:1.00
0.997	0.001	0.001	0.001
0.997	0.001	0.001	0.001
0.592	0.193	0.214	0.001
0.859	0.139	0.001	0.001
0.648	0.001	0.350	0.001
0.997	0.001	0.001	0.001
0.997	0.001	0.001	0.001
0.101	0.001	0.897	0.001
0.997	0.001	0.001	0.001
0.997	0.001	0.001	0.001
>TCTTTATTTG	6-TCTTTATTTG	11.833435	-3.811816	0	T:2.0(2.00%),B:7.0(0.23%),P:1e-1	Tpos:41.5,Tstd:29.5,Bpos:57.8,Bstd:26.1,StrandBias:0.0,Multiplicity:1.00
0.001	0.001	0.001	0.997
0.001	0.774	0.001	0.224
0.001	0.001	0.001	0.997
0.001	0.001	0.001	0.997
0.001	0.001	0.001	0.997
0.774	0.001	0.001	0.224
0.001	0.001	0.001	0.997
0.001	0.001	0.001	0.997
0.001	0.001	0.001	0.997
0.001	0.001	0.774	0.224
