>ACACCTTCTA	1-ACACCTTCTA	8.201269	-19.351735	0	T:13.0(13.00%),B:46.0(1.49%),P:1e-8	Tpos:64.8,Tstd:23.9,Bpos:51.5,Bstd:26.7,StrandBias:-1.3,Multiplicity:1.31
0.997	0.001	0.001	0.001
0.074	0.642	0.001	0.283
0.727	0.142	0.071	0.060
0.001	0.857	0.141	0.001
0.109	0.889	0.001	0.001
0.001	0.059	0.001	0.939
0.001	0.219	0.071	0.709
0.001	0.857	0.110	0.032
0.174	0.283	0.001	0.542
0.857	0.071	0.071	0.001
>TGCTTAKAAT	2-TGCTTAKAAT	7.469210	-18.142609	0	T:13.0(13.00%),B:51.0(1.66%),P:1e-7	Tpos:54.8,Tstd:35.2,Bpos:48.9,Bstd:27.4,StrandBias:-0.4,Multiplicity:1.00
0.001	0.109	0.054	0.836
0.164	0.276	0.450	0.110
0.273	0.449	0.223	0.055
0.001	0.001	0.001	0.997
0.001	0.057	0.109	0.833
0.944	0.001	0.001	0.054
0.109	0.120	0.331	0.440
0.997	0.001	0.001	0.001
0.611	0.072	0.222	0.095
0.223	0.001	0.166	0.610
>AGTCATACAG	3-AGTCATACAG	6.810552	-17.765530	0	T:6.0(6.00%),B:5.0(0.16%),P:1e-7	Tpos:37.0,Tstd:22.6,Bpos:74.4,Bstd:20.3,StrandBias:0.7,Multiplicity:1.33
0.997	0.001	0.001	0.001
0.001	0.001	0.997	0.001
0.001	0.011	0.001	0.987
0.115	0.883	0.001	0.001
0.992	0.006	0.001	0.001
0.001	0.011	0.001	0.987
0.997	0.001	0.001	0.001
0.001	0.997	0.001	0.001
0.997	0.001	0.001	0.001
0.001	0.089	0.909	0.001
>CCTTCCTTCC	4-CCTTCCTTCC	9.126391	-15.476232	0	T:10.0(10.00%),B:34.0(1.10%),P:1e-6	Tpos:40.8,Tstd:18.8,Bpos:57.9,Bstd:24.7,StrandBias:2.1,Multiplicity:1.20
0.011	0.609	0.379	0.001
0.001	0.863	0.001	0.135
0.001	0.259	0.001	0.739
0.253	0.005	0.001	0.741
0.253	0.620	0.126	0.001
0.001	0.997	0.001	0.001
0.252	0.001	0.001	0.746
0.126	0.001	0.001	0.872
0.001	0.997	0.001	0.001
0.001	0.922	0.001	0.076
>ATAGTCTTAA	5-ATAGTCTTAA	10.310331	-8.826207	0	T:4.0(4.00%),B:8.0(0.26%),P:1e-3	Tpos:56.5,Tstd:27.8,Bpos:43.4,Bstd:20.5,StrandBias:2.3,Multiplicity:1.50
0.997	0.001	0.001	0.001
0.001	0.001	0.359	0.639
0.799	0.001	0.001	0.199
0.001	0.001	0.997	0.001
0.001	0.001	0.001	0.997
0.001	0.639	0.359	0.001
0.001	0.001	0.001	0.997
0.001	0.001	0.001	0.997
0.639	0.001	0.359	0.001
0.997	0.001	0.001	0.001
