>TATCTTCC	1-TATCTTCC	6.256651	-19.110654	0	T:19.0(23.46%),B:145.0(4.68%),P:1e-8	Tpos:51.8,Tstd:28.9,Bpos:44.2,Bstd:26.0,StrandBias:-1.4,Multiplicity:1.16
0.078	0.044	0.001	0.877
0.838	0.160	0.001	0.001
0.055	0.079	0.062	0.804
0.110	0.888	0.001	0.001
0.001	0.001	0.001	0.997
0.078	0.001	0.096	0.825
0.096	0.902	0.001	0.001
0.001	0.920	0.001	0.078
>GTTGCAGT	2-GTTGCAGT	7.598720	-13.898792	0	T:9.0(11.11%),B:39.0(1.26%),P:1e-6	Tpos:62.0,Tstd:25.8,Bpos:62.0,Bstd:25.9,StrandBias:0.0,Multiplicity:1.11
0.001	0.065	0.933	0.001
0.001	0.036	0.109	0.854
0.001	0.155	0.066	0.778
0.039	0.001	0.908	0.052
0.001	0.923	0.075	0.001
0.889	0.109	0.001	0.001
0.001	0.082	0.855	0.062
0.028	0.062	0.001	0.909
>CCATGGTG	3-CCATGGTG	8.442912	-11.302427	0	T:11.0(13.58%),B:84.0(2.71%),P:1e-4	Tpos:65.5,Tstd:20.2,Bpos:49.7,Bstd:28.4,StrandBias:1.2,Multiplicity:1.00
0.218	0.780	0.001	0.001
0.001	0.997	0.001	0.001
0.895	0.001	0.001	0.103
0.103	0.001	0.001	0.895
0.001	0.001	0.997	0.001
0.001	0.001	0.997	0.001
0.001	0.001	0.001	0.997
0.001	0.001	0.997	0.001
>CCGTCTGA	4-CCGTCTGA	5.325166	-10.857351	0	T:10.0(12.35%),B:72.0(2.33%),P:1e-4	Tpos:41.4,Tstd:24.6,Bpos:47.3,Bstd:25.0,StrandBias:-0.4,Multiplicity:1.30
0.269	0.462	0.269	0.001
0.001	0.997	0.001	0.001
0.001	0.001	0.980	0.018
0.001	0.001	0.169	0.829
0.001	0.997	0.001	0.001
0.218	0.001	0.001	0.780
0.001	0.053	0.933	0.013
0.997	0.001	0.001	0.001
>TAAAAGTC	5-TAAAAGTC	8.114032	-10.001464	0	T:8.0(9.88%),B:49.0(1.58%),P:1e-4	Tpos:42.5,Tstd:27.8,Bpos:51.2,Bstd:24.6,StrandBias:-3.3,Multiplicity:1.38
0.001	0.001	0.331	0.667
0.997	0.001	0.001	0.001
0.997	0.001	0.001	0.001
0.525	0.331	0.143	0.001
0.997	0.001	0.001	0.001
0.001	0.300	0.698	0.001
0.001	0.001	0.001	0.997
0.223	0.775	0.001	0.001
