>GTCTGTGTCA	1-GTCTGTGTCA	10.797612	-16.318638	0	T:6.0(7.41%),B:8.0(0.26%),P:1e-7	Tpos:47.8,Tstd:27.0,Bpos:17.0,Bstd:10.2,StrandBias:0.0,Multiplicity:1.00
0.001	0.001	0.809	0.189
0.001	0.001	0.001	0.997
0.189	0.621	0.001	0.189
0.013	0.215	0.001	0.771
0.001	0.189	0.809	0.001
0.189	0.001	0.013	0.797
0.001	0.001	0.997	0.001
0.189	0.001	0.001	0.809
0.001	0.997	0.001	0.001
0.997	0.001	0.001	0.001
>GCCCCTGCAC	2-GCCCCTGCAC	11.368079	-13.543872	0	T:5.0(6.17%),B:7.0(0.23%),P:1e-5	Tpos:52.7,Tstd:22.8,Bpos:49.7,Bstd:33.8,StrandBias:0.0,Multiplicity:1.20
0.001	0.001	0.997	0.001
0.001	0.997	0.001	0.001
0.001	0.997	0.001	0.001
0.001	0.823	0.001	0.175
0.001	0.997	0.001	0.001
0.215	0.001	0.001	0.783
0.215	0.001	0.783	0.001
0.001	0.997	0.001	0.001
0.783	0.001	0.001	0.215
0.001	0.997	0.001	0.001
>TMAGWGCACT	3-TMAGWGCACT	10.218029	-13.528158	0	T:8.0(9.88%),B:30.0(0.97%),P:1e-5	Tpos:57.6,Tstd:20.3,Bpos:49.9,Bstd:28.7,StrandBias:-0.3,Multiplicity:1.00
0.001	0.013	0.256	0.730
0.477	0.521	0.001	0.001
0.582	0.001	0.001	0.416
0.255	0.001	0.743	0.001
0.477	0.001	0.001	0.521
0.001	0.001	0.997	0.001
0.001	0.997	0.001	0.001
0.982	0.001	0.001	0.016
0.001	0.997	0.001	0.001
0.001	0.001	0.001	0.997
>GTTGTTGTTG	4-GTTGTTGTTG	-7.371196	-4.594484	0	T:54.0(66.67%),B:1650.0(53.29%),P:1e-1	Tpos:51.9,Tstd:24.8,Bpos:50.5,Bstd:26.3,StrandBias:0.1,Multiplicity:1.53
0.108	0.001	0.890	0.001
0.001	0.001	0.001	0.997
0.001	0.001	0.001	0.997
0.172	0.001	0.826	0.001
0.001	0.001	0.001	0.997
0.001	0.001	0.001	0.997
0.172	0.001	0.826	0.001
0.001	0.001	0.001	0.997
0.001	0.001	0.001	0.997
0.001	0.001	0.997	0.001
>TTGTATAACT	5-TTGTATAACT	13.354763	-3.656311	0	T:1.0(1.23%),B:0.0(0.00%),P:1e-1	Tpos:78.0,Tstd:0.0,Bpos:0.0,Bstd:0.0,StrandBias:10.0,Multiplicity:1.00
0.001	0.213	0.001	0.785
0.001	0.001	0.001	0.997
0.001	0.001	0.997	0.001
0.001	0.001	0.001	0.997
0.997	0.001	0.001	0.001
0.001	0.001	0.001	0.997
0.785	0.001	0.213	0.001
0.997	0.001	0.001	0.001
0.001	0.997	0.001	0.001
0.001	0.001	0.001	0.997
