>TATAGGAA	1-TATAGGAA	7.066357	-20.321233	0	T:18.0(18.00%),B:94.0(3.05%),P:1e-8	Tpos:53.4,Tstd:25.5,Bpos:49.6,Bstd:25.4,StrandBias:0.3,Multiplicity:1.11
0.001	0.092	0.001	0.906
0.851	0.097	0.051	0.001
0.001	0.047	0.001	0.951
0.824	0.001	0.071	0.104
0.001	0.001	0.909	0.089
0.001	0.048	0.872	0.079
0.927	0.071	0.001	0.001
0.815	0.001	0.183	0.001
>ATTCTTTA	2-ATTCTTTA	7.603868	-16.303092	0	T:14.0(14.00%),B:71.0(2.31%),P:1e-7	Tpos:56.4,Tstd:25.1,Bpos:51.3,Bstd:26.5,StrandBias:0.2,Multiplicity:1.07
0.814	0.184	0.001	0.001
0.092	0.001	0.001	0.906
0.001	0.001	0.001	0.997
0.001	0.903	0.001	0.095
0.001	0.156	0.229	0.614
0.001	0.001	0.009	0.989
0.001	0.001	0.354	0.644
0.575	0.099	0.325	0.001
>TGGGCGCC	3-TGGGCGCC	6.736657	-13.517202	0	T:8.0(8.00%),B:24.0(0.78%),P:1e-5	Tpos:54.7,Tstd:29.1,Bpos:43.7,Bstd:26.3,StrandBias:0.3,Multiplicity:1.12
0.001	0.001	0.001	0.997
0.001	0.001	0.997	0.001
0.001	0.052	0.879	0.068
0.001	0.001	0.997	0.001
0.001	0.997	0.001	0.001
0.001	0.001	0.997	0.001
0.104	0.857	0.038	0.001
0.001	0.774	0.224	0.001
>AGCATGCG	4-AGCATGCG	8.635845	-7.007915	0	T:4.0(4.00%),B:13.0(0.42%),P:1e-3	Tpos:49.1,Tstd:24.7,Bpos:50.4,Bstd:21.3,StrandBias:-1.3,Multiplicity:1.75
0.997	0.001	0.001	0.001
0.001	0.001	0.788	0.210
0.001	0.997	0.001	0.001
0.997	0.001	0.001	0.001
0.001	0.001	0.001	0.997
0.001	0.001	0.997	0.001
0.001	0.997	0.001	0.001
0.001	0.111	0.887	0.001
>ACCCTAAC	5-ACCCTAAC	3.243806	-2.086565	0	T:24.0(24.00%),B:583.0(18.95%),P:1e0	Tpos:47.6,Tstd:28.2,Bpos:48.5,Bstd:27.5,StrandBias:-0.5,Multiplicity:1.77
0.740	0.258	0.001	0.001
0.165	0.832	0.002	0.001
0.001	0.997	0.001	0.001
0.328	0.670	0.001	0.001
0.001	0.031	0.001	0.967
0.983	0.015	0.001	0.001
0.723	0.001	0.275	0.001
0.001	0.934	0.028	0.037
