>GGAGAATT	1-GGAGAATT	7.666006	-19.339149	0	T:11.0(13.58%),B:37.0(1.20%),P:1e-8	Tpos:44.2,Tstd:33.0,Bpos:49.9,Bstd:25.1,StrandBias:-0.8,Multiplicity:1.00
0.085	0.001	0.913	0.001
0.001	0.085	0.913	0.001
0.900	0.001	0.001	0.098
0.077	0.001	0.852	0.070
0.929	0.069	0.001	0.001
0.788	0.210	0.001	0.001
0.052	0.001	0.043	0.904
0.001	0.052	0.077	0.870
>AGCCCATC	2-AGCCCATC	6.956890	-15.076169	0	T:16.0(19.75%),B:132.0(4.26%),P:1e-6	Tpos:46.2,Tstd:28.0,Bpos:49.7,Bstd:29.5,StrandBias:-1.1,Multiplicity:1.07
0.644	0.075	0.075	0.206
0.001	0.001	0.924	0.074
0.100	0.765	0.035	0.100
0.088	0.910	0.001	0.001
0.001	0.945	0.001	0.053
0.895	0.061	0.001	0.043
0.001	0.043	0.001	0.955
0.001	0.997	0.001	0.001
>TGACGATC	3-TGACGATC	8.110235	-13.286805	0	T:8.0(9.88%),B:31.0(1.00%),P:1e-5	Tpos:57.6,Tstd:21.1,Bpos:52.4,Bstd:20.7,StrandBias:-1.8,Multiplicity:1.12
0.001	0.001	0.001	0.997
0.001	0.001	0.997	0.001
0.997	0.001	0.001	0.001
0.117	0.614	0.084	0.185
0.001	0.244	0.754	0.001
0.814	0.184	0.001	0.001
0.001	0.001	0.001	0.997
0.001	0.997	0.001	0.001
>ATTTCAAG	4-ATTTCAAG	9.904570	-9.520198	0	T:3.0(3.70%),B:3.0(0.10%),P:1e-4	Tpos:47.2,Tstd:32.3,Bpos:54.3,Bstd:31.4,StrandBias:0.0,Multiplicity:1.33
0.997	0.001	0.001	0.001
0.001	0.001	0.001	0.997
0.312	0.001	0.001	0.686
0.001	0.001	0.001	0.997
0.001	0.997	0.001	0.001
0.997	0.001	0.001	0.001
0.997	0.001	0.001	0.001
0.001	0.001	0.997	0.001
>CAGTGCAG	5-CAGTGCAG	4.345134	-1.019531	0	T:55.0(67.90%),B:2023.0(65.34%),P:1e0	Tpos:51.9,Tstd:28.5,Bpos:49.8,Bstd:27.5,StrandBias:0.0,Multiplicity:1.82
0.100	0.700	0.100	0.100
0.700	0.100	0.100	0.100
0.100	0.100	0.700	0.100
0.100	0.100	0.100	0.700
0.100	0.100	0.700	0.100
0.100	0.700	0.100	0.100
0.700	0.100	0.100	0.100
0.100	0.100	0.700	0.100
