>TCAGACACMA	1-TCAGACACMA	10.970833	-21.897743	0	T:8.0(9.88%),B:10.0(0.32%),P:1e-9	Tpos:52.5,Tstd:25.2,Bpos:33.1,Bstd:20.3,StrandBias:1.2,Multiplicity:1.25
0.001	0.001	0.244	0.754
0.001	0.997	0.001	0.001
0.754	0.001	0.001	0.244
0.001	0.001	0.997	0.001
0.702	0.001	0.001	0.296
0.001	0.997	0.001	0.001
0.984	0.001	0.001	0.014
0.001	0.997	0.001	0.001
0.443	0.555	0.001	0.001
0.997	0.001	0.001	0.001
>CCTGTTCAAT	2-CCTGTTCAAT	11.385100	-20.394542	0	T:6.0(7.41%),B:4.0(0.13%),P:1e-8	Tpos:37.8,Tstd:19.6,Bpos:20.8,Bstd:16.7,StrandBias:2.3,Multiplicity:1.00
0.001	0.997	0.001	0.001
0.001	0.997	0.001	0.001
0.001	0.001	0.001	0.997
0.001	0.001	0.997	0.001
0.181	0.001	0.001	0.817
0.001	0.088	0.001	0.910
0.182	0.635	0.182	0.001
0.817	0.181	0.001	0.001
0.997	0.001	0.001	0.001
0.001	0.001	0.001	0.997
>AATATTTGTA	3-AATATTTGTA	8.624328	-20.394542	0	T:6.0(7.41%),B:4.0(0.13%),P:1e-8	Tpos:41.4,Tstd:28.9,Bpos:77.0,Bstd:15.6,StrandBias:-1.6,Multiplicity:1.33
0.854	0.001	0.144	0.001
0.997	0.001	0.001	0.001
0.235	0.001	0.001	0.763
0.619	0.091	0.001	0.289
0.001	0.001	0.001	0.997
0.001	0.001	0.001	0.997
0.154	0.001	0.001	0.844
0.145	0.001	0.709	0.145
0.155	0.145	0.145	0.555
0.700	0.001	0.145	0.154
>CTCTGCCTGA	4-CTCTGCCTGA	10.908797	-15.632675	0	T:6.0(7.41%),B:9.0(0.29%),P:1e-6	Tpos:51.1,Tstd:30.2,Bpos:46.3,Bstd:25.9,StrandBias:0.0,Multiplicity:1.33
0.134	0.570	0.001	0.295
0.001	0.001	0.001	0.997
0.001	0.997	0.001	0.001
0.001	0.001	0.001	0.997
0.001	0.134	0.864	0.001
0.134	0.864	0.001	0.001
0.001	0.997	0.001	0.001
0.134	0.001	0.001	0.864
0.001	0.001	0.997	0.001
0.928	0.001	0.001	0.070
>AVATTTTAAA	5-AVATTTTAAA	10.392566	-12.896623	0	T:5.0(6.17%),B:8.0(0.26%),P:1e-5	Tpos:57.0,Tstd:35.2,Bpos:42.6,Bstd:19.6,StrandBias:0.0,Multiplicity:1.20
0.997	0.001	0.001	0.001
0.362	0.305	0.332	0.001
0.644	0.354	0.001	0.001
0.001	0.001	0.305	0.693
0.001	0.388	0.001	0.610
0.001	0.001	0.001	0.997
0.027	0.001	0.305	0.667
0.997	0.001	0.001	0.001
0.997	0.001	0.001	0.001
0.950	0.022	0.027	0.001
>GCCCCGTCYA	6-GCCCCGTCYA	8.182000	-10.209463	0	T:9.0(11.11%),B:62.0(2.00%),P:1e-4	Tpos:44.2,Tstd:21.7,Bpos:53.5,Bstd:24.3,StrandBias:2.3,Multiplicity:1.50
0.001	0.001	0.828	0.170
0.001	0.828	0.001	0.170
0.001	0.828	0.001	0.170
0.001	0.997	0.001	0.001
0.171	0.642	0.001	0.186
0.341	0.001	0.657	0.001
0.001	0.113	0.171	0.715
0.001	0.997	0.001	0.001
0.001	0.439	0.001	0.559
0.997	0.001	0.001	0.001
>ATCTATCTAT	7-ATCTATCTAT	5.075561	-6.866631	0	T:22.0(27.16%),B:424.0(13.70%),P:1e-2	Tpos:56.1,Tstd:25.1,Bpos:49.4,Bstd:26.3,StrandBias:0.2,Multiplicity:1.10
0.748	0.040	0.123	0.089
0.055	0.204	0.093	0.648
0.062	0.791	0.064	0.083
0.123	0.179	0.031	0.667
0.606	0.102	0.120	0.172
0.154	0.118	0.062	0.666
0.123	0.641	0.122	0.114
0.062	0.125	0.062	0.751
0.635	0.210	0.071	0.084
0.031	0.031	0.083	0.855
>MTGTSTNTCT	8-MTGTSTNTCT	7.797743	-5.301708	0	T:6.0(7.41%),B:60.0(1.94%),P:1e-2	Tpos:47.8,Tstd:23.8,Bpos:52.2,Bstd:25.7,StrandBias:-2.3,Multiplicity:2.00
0.342	0.438	0.002	0.219
0.356	0.001	0.001	0.642
0.060	0.317	0.622	0.001
0.001	0.100	0.121	0.778
0.219	0.380	0.399	0.001
0.060	0.060	0.233	0.647
0.236	0.259	0.319	0.185
0.060	0.096	0.112	0.732
0.158	0.795	0.046	0.001
0.121	0.001	0.001	0.877
