>GGAATCCCTTTG	1-GGAATCCCTTTG	9.994614	-23.531781	0	T:6.0(9.38%),B:3.0(0.10%),P:1e-10	Tpos:67.3,Tstd:26.8,Bpos:24.7,Bstd:12.7,StrandBias:2.3,Multiplicity:1.00
0.001	0.307	0.653	0.039
0.001	0.001	0.997	0.001
0.613	0.001	0.001	0.385
0.997	0.001	0.001	0.001
0.306	0.001	0.001	0.692
0.306	0.692	0.001	0.001
0.001	0.997	0.001	0.001
0.385	0.613	0.001	0.001
0.001	0.001	0.001	0.997
0.001	0.001	0.001	0.997
0.001	0.306	0.001	0.692
0.001	0.001	0.692	0.306
>YTCTGAGAGGGG	2-YTCTGAGAGGGG	12.496039	-18.792103	0	T:4.0(6.25%),B:0.0(0.00%),P:1e-8	Tpos:50.5,Tstd:26.2,Bpos:0.0,Bstd:0.0,StrandBias:1.6,Multiplicity:1.00
0.001	0.400	0.200	0.400
0.001	0.001	0.199	0.799
0.001	0.799	0.001	0.199
0.001	0.001	0.001	0.997
0.001	0.001	0.997	0.001
0.799	0.001	0.001	0.199
0.001	0.001	0.997	0.001
0.997	0.001	0.001	0.001
0.199	0.001	0.799	0.001
0.001	0.001	0.799	0.199
0.001	0.001	0.997	0.001
0.001	0.001	0.997	0.001
>AGGTAGAGTCTT	3-AGGTAGAGTCTT	11.664274	-14.428738	0	T:4.0(6.25%),B:3.0(0.10%),P:1e-6	Tpos:36.0,Tstd:17.0,Bpos:36.0,Bstd:17.0,StrandBias:2.3,Multiplicity:1.50
0.997	0.001	0.001	0.001
0.001	0.001	0.997	0.001
0.332	0.001	0.666	0.001
0.001	0.166	0.001	0.832
0.832	0.001	0.166	0.001
0.001	0.001	0.997	0.001
0.667	0.001	0.166	0.166
0.166	0.001	0.832	0.001
0.001	0.332	0.001	0.666
0.001	0.997	0.001	0.001
0.001	0.001	0.001	0.997
0.001	0.001	0.166	0.832
>TTTTTTTTTTTT	4-TTTTTTTTTTTT	1.381468	-5.968403	0	T:41.0(64.06%),B:1415.0(45.85%),P:1e-2	Tpos:56.2,Tstd:24.1,Bpos:49.8,Bstd:25.8,StrandBias:0.6,Multiplicity:1.46
0.001	0.067	0.113	0.819
0.001	0.135	0.079	0.785
0.001	0.068	0.076	0.855
0.034	0.102	0.059	0.805
0.034	0.160	0.022	0.784
0.034	0.034	0.036	0.896
0.001	0.033	0.066	0.900
0.001	0.067	0.086	0.846
0.034	0.068	0.060	0.838
0.033	0.001	0.093	0.873
0.034	0.034	0.125	0.807
0.034	0.034	0.136	0.796
>GGGTTAGGGTTA	5-GGGTTAGGGTTA	12.355432	-3.202950	0	T:1.0(1.56%),B:2.0(0.06%),P:1e-1	Tpos:50.9,Tstd:28.1,Bpos:31.0,Bstd:19.6,StrandBias:10.0,Multiplicity:14.00
0.100	0.100	0.700	0.100
0.100	0.100	0.700	0.100
0.100	0.100	0.700	0.100
0.100	0.100	0.100	0.700
0.100	0.100	0.100	0.700
0.700	0.100	0.100	0.100
0.100	0.100	0.700	0.100
0.100	0.100	0.700	0.100
0.100	0.100	0.700	0.100
0.100	0.100	0.100	0.700
0.100	0.100	0.100	0.700
0.700	0.100	0.100	0.100
