>ACGGCAGCAG	1-ACGGCAGCAG	11.490573	-20.499039	0	T:6.0(9.38%),B:5.0(0.16%),P:1e-8	Tpos:29.3,Tstd:23.9,Bpos:39.4,Bstd:25.0,StrandBias:-1.0,Multiplicity:1.00
0.997	0.001	0.001	0.001
0.001	0.599	0.200	0.200
0.001	0.001	0.799	0.199
0.001	0.001	0.799	0.199
0.001	0.997	0.001	0.001
0.997	0.001	0.001	0.001
0.001	0.001	0.997	0.001
0.001	0.997	0.001	0.001
0.997	0.001	0.001	0.001
0.001	0.001	0.997	0.001
>CATCAGCCAG	2-CATCAGCCAG	9.562644	-11.101643	0	T:4.0(6.25%),B:7.0(0.23%),P:1e-4	Tpos:48.3,Tstd:28.7,Bpos:31.4,Bstd:11.0,StrandBias:-10.0,Multiplicity:1.75
0.154	0.691	0.154	0.001
0.997	0.001	0.001	0.001
0.001	0.001	0.001	0.997
0.001	0.844	0.154	0.001
0.997	0.001	0.001	0.001
0.001	0.001	0.844	0.154
0.308	0.690	0.001	0.001
0.001	0.997	0.001	0.001
0.997	0.001	0.001	0.001
0.001	0.001	0.997	0.001
>GTGTATGTTG	3-GTGTATGTTG	11.490573	-10.215090	0	T:3.0(4.69%),B:3.0(0.10%),P:1e-4	Tpos:53.5,Tstd:29.7,Bpos:56.3,Bstd:22.8,StrandBias:10.0,Multiplicity:2.00
0.001	0.001	0.997	0.001
0.001	0.001	0.001	0.997
0.001	0.001	0.997	0.001
0.001	0.001	0.001	0.997
0.799	0.001	0.199	0.001
0.001	0.001	0.001	0.997
0.001	0.001	0.997	0.001
0.001	0.200	0.200	0.599
0.001	0.001	0.001	0.997
0.199	0.001	0.799	0.001
>KTTYGYTYTS	4-KTTYGYTYTS	10.056395	-7.671267	0	T:8.0(12.50%),B:88.0(2.85%),P:1e-3	Tpos:49.7,Tstd:11.1,Bpos:45.8,Bstd:25.5,StrandBias:0.8,Multiplicity:2.00
0.001	0.001	0.491	0.507
0.001	0.001	0.001	0.997
0.001	0.001	0.001	0.997
0.001	0.454	0.001	0.544
0.001	0.001	0.988	0.010
0.001	0.442	0.001	0.556
0.001	0.001	0.001	0.997
0.001	0.444	0.055	0.500
0.001	0.001	0.001	0.997
0.007	0.443	0.504	0.046
>TTTTTTTTTT	5-TTTTTTTTTT	8.161817	-3.464776	0	T:8.0(12.50%),B:179.0(5.80%),P:1e-1	Tpos:52.6,Tstd:23.7,Bpos:49.8,Bstd:26.7,StrandBias:-0.1,Multiplicity:1.25
0.001	0.072	0.098	0.829
0.036	0.109	0.093	0.762
0.001	0.109	0.138	0.752
0.001	0.109	0.100	0.790
0.001	0.072	0.124	0.803
0.036	0.036	0.171	0.757
0.036	0.036	0.166	0.762
0.045	0.001	0.102	0.852
0.036	0.001	0.100	0.863
0.036	0.001	0.124	0.839
