>AGTWGNACGCTT	1-AGTWGNACGCTT	9.349338	-16.497517	0	T:2.0(40.00%),B:0.0(0.00%),P:1e-7,FDR:0.6	Tpos:36.5,Tstd:25.5,Bpos:0.0,Bstd:0.0,StrandBias:10.0,Multiplicity:1.00
0.757	0.001	0.001	0.241
0.242	0.242	0.515	0.001
0.241	0.001	0.001	0.757
0.484	0.001	0.001	0.514
0.001	0.001	0.997	0.001
0.273	0.242	0.242	0.242
0.757	0.001	0.001	0.241
0.001	0.757	0.241	0.001
0.272	0.001	0.726	0.001
0.273	0.484	0.242	0.001
0.001	0.001	0.241	0.757
0.242	0.242	0.001	0.515
>GGGAGCCCHGGG	2-GGGAGCCCHGGG	12.496715	-11.529525	0	T:2.0(40.00%),B:12.2(0.10%),P:1e-5,FDR:0.7	Tpos:30.0,Tstd:3.3,Bpos:37.1,Bstd:37.7,StrandBias:-1.0,Multiplicity:1.00
0.001	0.001	0.997	0.001
0.001	0.001	0.997	0.001
0.001	0.001	0.666	0.332
0.666	0.001	0.332	0.001
0.001	0.001	0.997	0.001
0.001	0.997	0.001	0.001
0.001	0.997	0.001	0.001
0.001	0.997	0.001	0.001
0.333	0.333	0.001	0.333
0.001	0.001	0.997	0.001
0.001	0.332	0.666	0.001
0.001	0.332	0.666	0.001
>GAAATVCAGGCH	3-GAAATVCAGGCH	10.020938	-8.721827	0	T:2.0(40.00%),B:49.9(0.41%),P:1e-3,FDR:0.866666666666667	Tpos:55.0,Tstd:30.2,Bpos:52.5,Bstd:66.9,StrandBias:-1.0,Multiplicity:1.50
0.001	0.319	0.679	0.001
0.679	0.319	0.001	0.001
0.997	0.001	0.001	0.001
0.679	0.001	0.319	0.001
0.001	0.319	0.036	0.644
0.319	0.319	0.360	0.001
0.001	0.997	0.001	0.001
0.644	0.319	0.001	0.036
0.001	0.001	0.638	0.360
0.001	0.001	0.679	0.319
0.001	0.997	0.001	0.001
0.356	0.319	0.001	0.324
>GGCAGCAGCGGA	4-GGCAGCAGCGGA	9.159313	-8.285710	0	T:2.0(40.00%),B:61.2(0.51%),P:1e-3,FDR:0.866666666666667	Tpos:53.2,Tstd:25.1,Bpos:43.8,Bstd:55.9,StrandBias:10.0,Multiplicity:2.00
0.332	0.001	0.666	0.001
0.319	0.001	0.679	0.001
0.013	0.654	0.013	0.320
0.679	0.001	0.001	0.319
0.001	0.001	0.997	0.001
0.001	0.986	0.001	0.012
0.667	0.013	0.319	0.001
0.001	0.347	0.651	0.001
0.028	0.639	0.332	0.001
0.001	0.001	0.997	0.001
0.001	0.001	0.679	0.319
0.654	0.013	0.332	0.001
>CATCACTTGCAA	5-CATCACTTGCAA	5.457133	-8.159346	0	T:2.0(40.00%),B:65.8(0.54%),P:1e-3,FDR:0.866666666666667	Tpos:51.0,Tstd:36.0,Bpos:48.3,Bstd:49.8,StrandBias:0.0,Multiplicity:1.00
0.001	0.898	0.100	0.001
0.885	0.113	0.001	0.001
0.012	0.001	0.001	0.986
0.001	0.997	0.001	0.001
0.997	0.001	0.001	0.001
0.001	0.997	0.001	0.001
0.001	0.001	0.001	0.997
0.001	0.001	0.001	0.997
0.001	0.113	0.885	0.001
0.001	0.997	0.001	0.001
0.885	0.113	0.001	0.001
0.898	0.001	0.001	0.100
>ATAAACAATTGT	6-ATAAACAATTGT	16.336984	-7.790696	0	T:1.0(20.00%),B:0.0(0.00%),P:1e-3,FDR:0.866666666666667	Tpos:26.0,Tstd:0.0,Bpos:0.0,Bstd:0.0,StrandBias:-10.0,Multiplicity:1.00
0.885	0.001	0.001	0.113
0.001	0.001	0.001	0.997
0.887	0.028	0.057	0.028
0.997	0.001	0.001	0.001
0.997	0.001	0.001	0.001
0.001	0.997	0.001	0.001
0.997	0.001	0.001	0.001
0.997	0.001	0.001	0.001
0.001	0.001	0.001	0.997
0.001	0.001	0.001	0.997
0.001	0.001	0.971	0.027
0.001	0.001	0.001	0.997
>TTBAACAATTGT	7-TTBAACAATTGT	15.099408	-7.790696	0	T:1.0(20.00%),B:0.0(0.00%),P:1e-3,FDR:0.866666666666667	Tpos:44.5,Tstd:1.5,Bpos:0.0,Bstd:0.0,StrandBias:0.0,Multiplicity:1.00
0.001	0.001	0.001	0.997
0.001	0.001	0.001	0.997
0.001	0.333	0.333	0.333
0.997	0.001	0.001	0.001
0.997	0.001	0.001	0.001
0.001	0.997	0.001	0.001
0.997	0.001	0.001	0.001
0.997	0.001	0.001	0.001
0.001	0.001	0.001	0.997
0.001	0.001	0.001	0.997
0.001	0.001	0.666	0.332
0.001	0.001	0.001	0.997
>GGAGGAGCCAAG	8-GGAGGAGCCAAG	12.355432	-7.097714	0	T:1.0(20.00%),B:2.5(0.02%),P:1e-3,FDR:0.866666666666667	Tpos:35.0,Tstd:0.0,Bpos:32.0,Bstd:0.0,StrandBias:10.0,Multiplicity:1.00
0.100	0.100	0.700	0.100
0.100	0.100	0.700	0.100
0.700	0.100	0.100	0.100
0.100	0.100	0.700	0.100
0.100	0.100	0.700	0.100
0.700	0.100	0.100	0.100
0.100	0.100	0.700	0.100
0.100	0.700	0.100	0.100
0.100	0.700	0.100	0.100
0.700	0.100	0.100	0.100
0.700	0.100	0.100	0.100
0.100	0.100	0.700	0.100
