>CACAATCAGC	1-CACAATCAGC	11.236213	-24.496500	0	T:6.0(7.41%),B:2.0(0.06%),P:1e-10	Tpos:59.8,Tstd:18.9,Bpos:28.0,Bstd:9.0,StrandBias:1.0,Multiplicity:1.00
0.001	0.997	0.001	0.001
0.997	0.001	0.001	0.001
0.001	0.997	0.001	0.001
0.997	0.001	0.001	0.001
0.667	0.166	0.166	0.001
0.166	0.166	0.001	0.667
0.166	0.832	0.001	0.001
0.997	0.001	0.001	0.001
0.001	0.001	0.997	0.001
0.001	0.997	0.001	0.001
>TTGGTAGCCT	2-TTGGTAGCCT	8.399455	-18.400608	0	T:10.0(12.35%),B:31.0(1.00%),P:1e-7	Tpos:69.4,Tstd:18.8,Bpos:52.4,Bstd:25.0,StrandBias:0.8,Multiplicity:1.10
0.001	0.123	0.001	0.875
0.001	0.001	0.123	0.875
0.001	0.247	0.528	0.224
0.247	0.001	0.505	0.247
0.001	0.123	0.001	0.875
0.867	0.001	0.001	0.131
0.001	0.001	0.991	0.007
0.123	0.875	0.001	0.001
0.247	0.744	0.001	0.008
0.100	0.001	0.001	0.898
>GGCCTGCGTA	3-GGCCTGCGTA	9.674171	-16.267963	0	T:5.0(6.17%),B:4.0(0.13%),P:1e-7	Tpos:61.5,Tstd:21.9,Bpos:46.5,Bstd:19.0,StrandBias:-1.0,Multiplicity:1.20
0.001	0.001	0.606	0.392
0.001	0.159	0.839	0.001
0.001	0.997	0.001	0.001
0.392	0.606	0.001	0.001
0.001	0.001	0.001	0.997
0.001	0.012	0.986	0.001
0.001	0.790	0.013	0.196
0.001	0.172	0.826	0.001
0.001	0.196	0.001	0.802
0.607	0.001	0.196	0.196
>CCATGGTGAC	4-CCATGGTGAC	8.440797	-15.254906	0	T:9.0(11.11%),B:33.0(1.07%),P:1e-6	Tpos:57.1,Tstd:22.5,Bpos:52.8,Bstd:27.7,StrandBias:-0.5,Multiplicity:1.33
0.001	0.854	0.144	0.001
0.151	0.847	0.001	0.001
0.709	0.001	0.145	0.145
0.144	0.001	0.001	0.854
0.117	0.001	0.881	0.001
0.001	0.144	0.854	0.001
0.123	0.001	0.001	0.875
0.129	0.145	0.723	0.003
0.736	0.118	0.145	0.001
0.007	0.702	0.290	0.001
>CCTCMGATGT	5-CCTCMGATGT	8.443149	-14.064570	0	T:7.0(8.64%),B:19.0(0.62%),P:1e-6	Tpos:73.8,Tstd:14.8,Bpos:56.4,Bstd:26.0,StrandBias:-0.7,Multiplicity:1.14
0.001	0.725	0.137	0.137
0.001	0.724	0.274	0.001
0.008	0.001	0.001	0.990
0.001	0.725	0.137	0.137
0.412	0.312	0.138	0.138
0.001	0.001	0.861	0.137
0.861	0.137	0.001	0.001
0.137	0.001	0.001	0.861
0.001	0.001	0.990	0.008
0.001	0.008	0.001	0.990
>TTCCGGGAAG	6-TTCCGGGAAG	8.350986	-12.033720	0	T:9.0(11.11%),B:49.0(1.59%),P:1e-5	Tpos:46.4,Tstd:27.8,Bpos:50.9,Bstd:25.5,StrandBias:0.2,Multiplicity:1.22
0.064	0.064	0.127	0.745
0.001	0.001	0.211	0.787
0.063	0.891	0.045	0.001
0.179	0.708	0.068	0.045
0.326	0.068	0.491	0.115
0.127	0.063	0.809	0.001
0.001	0.063	0.873	0.063
0.827	0.045	0.064	0.064
0.997	0.001	0.001	0.001
0.001	0.001	0.886	0.112
