>GGGGCGTT	1-GGGGCGTT	6.951913	-18.150862	0	T:13.0(16.05%),B:64.0(2.07%),P:1e-7	Tpos:50.3,Tstd:25.8,Bpos:55.2,Bstd:26.3,StrandBias:0.0,Multiplicity:1.08
0.162	0.001	0.675	0.162
0.001	0.001	0.997	0.001
0.001	0.001	0.997	0.001
0.001	0.001	0.997	0.001
0.001	0.884	0.001	0.114
0.001	0.130	0.796	0.073
0.001	0.079	0.073	0.847
0.001	0.001	0.040	0.958
>GATGTAGT	2-GATGTAGT	7.020434	-15.165256	0	T:13.0(16.05%),B:83.0(2.69%),P:1e-6	Tpos:52.8,Tstd:18.3,Bpos:51.7,Bstd:26.2,StrandBias:0.0,Multiplicity:1.08
0.081	0.081	0.837	0.001
0.930	0.001	0.068	0.001
0.001	0.001	0.114	0.884
0.001	0.001	0.899	0.099
0.001	0.045	0.041	0.913
0.899	0.001	0.099	0.001
0.141	0.001	0.857	0.001
0.001	0.001	0.124	0.874
>GGGCCAGT	3-GGGCCAGT	2.890785	-12.633153	0	T:25.0(30.86%),B:360.0(11.66%),P:1e-5	Tpos:47.0,Tstd:27.5,Bpos:51.4,Bstd:27.6,StrandBias:-0.2,Multiplicity:1.12
0.001	0.001	0.997	0.001
0.381	0.001	0.617	0.001
0.001	0.001	0.997	0.001
0.001	0.997	0.001	0.001
0.001	0.997	0.001	0.001
0.997	0.001	0.001	0.001
0.145	0.001	0.853	0.001
0.001	0.327	0.001	0.671
>GGCGCTCG	4-GGCGCTCG	8.900345	-10.710081	0	T:3.0(3.70%),B:2.0(0.06%),P:1e-4	Tpos:29.0,Tstd:13.6,Bpos:74.5,Bstd:21.5,StrandBias:1.0,Multiplicity:1.00
0.001	0.001	0.997	0.001
0.001	0.001	0.997	0.001
0.192	0.671	0.136	0.001
0.001	0.001	0.842	0.156
0.001	0.997	0.001	0.001
0.001	0.001	0.120	0.878
0.001	0.997	0.001	0.001
0.065	0.001	0.798	0.136
>GTCTTAAC	5-GTCTTAAC	8.691780	-9.884092	0	T:5.0(6.17%),B:15.0(0.49%),P:1e-4	Tpos:50.7,Tstd:23.0,Bpos:55.9,Bstd:29.2,StrandBias:2.6,Multiplicity:1.40
0.001	0.001	0.997	0.001
0.001	0.001	0.001	0.997
0.258	0.740	0.001	0.001
0.001	0.001	0.001	0.997
0.125	0.001	0.001	0.873
0.997	0.001	0.001	0.001
0.997	0.001	0.001	0.001
0.001	0.997	0.001	0.001
