>ACCTAGAS	1-ACCTAGAS	7.631898	-12.462827	0	T:11.0(13.58%),B:74.0(2.40%),P:1e-5	Tpos:52.6,Tstd:30.3,Bpos:49.4,Bstd:25.7,StrandBias:0.3,Multiplicity:1.00
0.771	0.001	0.227	0.001
0.001	0.995	0.003	0.001
0.001	0.997	0.001	0.001
0.038	0.108	0.001	0.853
0.997	0.001	0.001	0.001
0.001	0.001	0.784	0.214
0.997	0.001	0.001	0.001
0.001	0.489	0.509	0.001
>GACCCTTG	2-GACCCTTG	8.236954	-10.172254	0	T:4.0(4.94%),B:7.0(0.23%),P:1e-4	Tpos:30.2,Tstd:17.5,Bpos:42.3,Bstd:13.0,StrandBias:0.0,Multiplicity:1.00
0.100	0.100	0.700	0.100
0.700	0.100	0.100	0.100
0.100	0.700	0.100	0.100
0.100	0.700	0.100	0.100
0.100	0.700	0.100	0.100
0.100	0.100	0.100	0.700
0.100	0.100	0.100	0.700
0.100	0.100	0.700	0.100
>TACCCCCC	3-TACCCCCC	4.844617	-6.451262	0	T:19.0(23.46%),B:351.0(11.37%),P:1e-2	Tpos:45.7,Tstd:26.4,Bpos:51.0,Bstd:26.9,StrandBias:-0.3,Multiplicity:1.32
0.101	0.097	0.165	0.637
0.506	0.140	0.113	0.241
0.097	0.802	0.045	0.056
0.152	0.592	0.110	0.146
0.084	0.612	0.097	0.207
0.158	0.604	0.127	0.111
0.047	0.692	0.125	0.136
0.153	0.569	0.179	0.099
>ACAYACAC	4-ACAYACAC	7.575238	-5.780540	0	T:8.0(9.88%),B:93.0(3.01%),P:1e-2	Tpos:38.0,Tstd:26.1,Bpos:47.8,Bstd:28.3,StrandBias:2.9,Multiplicity:2.12
0.931	0.001	0.001	0.067
0.001	0.997	0.001	0.001
0.997	0.001	0.001	0.001
0.058	0.420	0.001	0.521
0.997	0.001	0.001	0.001
0.001	0.997	0.001	0.001
0.997	0.001	0.001	0.001
0.001	0.865	0.001	0.133
>ATAAGCCA	5-ATAAGCCA	8.272441	-5.167403	0	T:4.0(4.94%),B:27.0(0.87%),P:1e-2	Tpos:48.1,Tstd:28.3,Bpos:46.4,Bstd:23.3,StrandBias:-1.3,Multiplicity:1.75
0.997	0.001	0.001	0.001
0.001	0.001	0.001	0.997
0.625	0.313	0.061	0.001
0.997	0.001	0.001	0.001
0.001	0.001	0.997	0.001
0.001	0.997	0.001	0.001
0.001	0.997	0.001	0.001
0.997	0.001	0.001	0.001
