>CAAACACCTG	1-CAAACACCTG	11.101438	-22.084519	0	T:6.0(7.41%),B:3.0(0.10%),P:1e-9	Tpos:56.6,Tstd:23.1,Bpos:83.0,Bstd:12.4,StrandBias:2.6,Multiplicity:1.17
0.101	0.897	0.001	0.001
0.997	0.001	0.001	0.001
0.681	0.317	0.001	0.001
0.997	0.001	0.001	0.001
0.001	0.854	0.144	0.001
0.854	0.001	0.144	0.001
0.001	0.997	0.001	0.001
0.001	0.997	0.001	0.001
0.001	0.001	0.144	0.854
0.001	0.001	0.997	0.001
>ATACTGTATC	2-ATACTGTATC	8.460803	-16.267963	0	T:5.0(6.17%),B:4.0(0.13%),P:1e-7	Tpos:48.8,Tstd:21.3,Bpos:49.0,Bstd:27.8,StrandBias:2.0,Multiplicity:1.00
0.851	0.001	0.001	0.147
0.001	0.001	0.213	0.785
0.997	0.001	0.001	0.001
0.001	0.997	0.001	0.001
0.001	0.001	0.001	0.997
0.001	0.147	0.851	0.001
0.001	0.001	0.001	0.997
0.997	0.001	0.001	0.001
0.001	0.001	0.001	0.997
0.001	0.997	0.001	0.001
>CTGAGCACTG	3-CTGAGCACTG	7.744641	-13.317426	0	T:13.0(16.05%),B:98.0(3.17%),P:1e-5	Tpos:58.0,Tstd:22.6,Bpos:56.2,Bstd:26.3,StrandBias:-0.2,Multiplicity:1.00
0.001	0.551	0.333	0.115
0.028	0.001	0.001	0.970
0.003	0.003	0.993	0.001
0.776	0.220	0.003	0.001
0.117	0.089	0.793	0.001
0.110	0.886	0.001	0.003
0.684	0.002	0.001	0.313
0.114	0.439	0.224	0.224
0.003	0.003	0.003	0.991
0.003	0.110	0.886	0.001
>TGTTGTTGTT	4-TGTTGTTGTT	7.597812	-11.134505	0	T:18.0(22.22%),B:222.0(7.19%),P:1e-4	Tpos:48.0,Tstd:27.0,Bpos:51.7,Bstd:25.2,StrandBias:1.6,Multiplicity:1.17
0.001	0.269	0.089	0.641
0.130	0.142	0.727	0.001
0.001	0.218	0.001	0.780
0.001	0.179	0.039	0.781
0.001	0.001	0.909	0.089
0.001	0.263	0.001	0.735
0.001	0.089	0.001	0.909
0.001	0.001	0.901	0.097
0.063	0.294	0.001	0.642
0.001	0.001	0.001	0.997
>GGCAAYGCCC	5-GGCAAYGCCC	9.583548	-10.172254	0	T:4.0(4.94%),B:7.0(0.23%),P:1e-4	Tpos:42.2,Tstd:29.1,Bpos:57.3,Bstd:32.0,StrandBias:1.0,Multiplicity:2.00
0.233	0.001	0.765	0.001
0.233	0.001	0.765	0.001
0.250	0.748	0.001	0.001
0.997	0.001	0.001	0.001
0.765	0.001	0.001	0.233
0.001	0.501	0.001	0.497
0.250	0.001	0.748	0.001
0.001	0.997	0.001	0.001
0.001	0.997	0.001	0.001
0.001	0.997	0.001	0.001
>TWAGAGGKCA	6-TWAGAGGKCA	10.524673	-9.512582	0	T:3.0(3.70%),B:3.0(0.10%),P:1e-4	Tpos:53.0,Tstd:25.4,Bpos:37.3,Bstd:30.9,StrandBias:2.3,Multiplicity:2.00
0.026	0.001	0.001	0.972
0.439	0.001	0.001	0.559
0.997	0.001	0.001	0.001
0.001	0.001	0.997	0.001
0.997	0.001	0.001	0.001
0.001	0.001	0.997	0.001
0.001	0.001	0.997	0.001
0.001	0.001	0.439	0.559
0.001	0.997	0.001	0.001
0.879	0.001	0.119	0.001
>CCACACAGCC	7-CCACACAGCC	10.296193	-6.634981	0	T:2.0(2.47%),B:2.0(0.06%),P:1e-2	Tpos:29.0,Tstd:17.7,Bpos:64.5,Bstd:0.5,StrandBias:10.0,Multiplicity:2.00
0.100	0.700	0.100	0.100
0.100	0.700	0.100	0.100
0.700	0.100	0.100	0.100
0.100	0.700	0.100	0.100
0.700	0.100	0.100	0.100
0.100	0.700	0.100	0.100
0.700	0.100	0.100	0.100
0.100	0.100	0.700	0.100
0.100	0.700	0.100	0.100
0.100	0.700	0.100	0.100
>WWTTTTTTTT	8-WWTTTTTTTT	8.038422	-6.188347	0	T:8.0(9.88%),B:87.0(2.82%),P:1e-2	Tpos:68.5,Tstd:17.6,Bpos:49.0,Bstd:27.6,StrandBias:-1.3,Multiplicity:1.12
0.510	0.003	0.004	0.483
0.509	0.001	0.001	0.489
0.381	0.001	0.001	0.617
0.255	0.001	0.176	0.568
0.255	0.001	0.084	0.660
0.001	0.137	0.001	0.861
0.001	0.265	0.001	0.733
0.001	0.176	0.001	0.822
0.210	0.001	0.001	0.788
0.213	0.003	0.001	0.783
