>ACAGCTTCAG	1-ACAGCTTCAG	10.260445	-21.217807	0	T:10.0(12.35%),B:23.0(0.74%),P:1e-9	Tpos:43.0,Tstd:24.9,Bpos:41.4,Bstd:22.4,StrandBias:0.0,Multiplicity:1.00
0.586	0.208	0.001	0.205
0.001	0.865	0.001	0.133
0.997	0.001	0.001	0.001
0.001	0.001	0.997	0.001
0.001	0.997	0.001	0.001
0.001	0.189	0.001	0.809
0.109	0.001	0.134	0.756
0.001	0.619	0.001	0.379
0.997	0.001	0.001	0.001
0.001	0.001	0.997	0.001
>TGCATGGCCA	2-TGCATGGCCA	7.070754	-18.368989	0	T:7.0(8.64%),B:10.0(0.32%),P:1e-7	Tpos:43.3,Tstd:18.6,Bpos:47.1,Bstd:28.0,StrandBias:-0.3,Multiplicity:1.29
0.017	0.001	0.001	0.981
0.001	0.001	0.997	0.001
0.001	0.997	0.001	0.001
0.927	0.071	0.001	0.001
0.001	0.001	0.001	0.997
0.001	0.001	0.997	0.001
0.001	0.001	0.997	0.001
0.017	0.981	0.001	0.001
0.017	0.981	0.001	0.001
0.981	0.001	0.017	0.001
>TGTTAGGAGA	3-TGTTAGGAGA	7.624080	-14.897248	0	T:13.0(16.05%),B:85.0(2.75%),P:1e-6	Tpos:51.8,Tstd:28.8,Bpos:50.0,Bstd:23.9,StrandBias:1.3,Multiplicity:1.08
0.105	0.105	0.105	0.685
0.105	0.180	0.610	0.105
0.105	0.191	0.001	0.703
0.001	0.074	0.105	0.820
0.704	0.105	0.086	0.105
0.082	0.001	0.916	0.001
0.179	0.001	0.819	0.001
0.997	0.001	0.001	0.001
0.001	0.001	0.997	0.001
0.789	0.001	0.105	0.105
>AGGTTCCTAT	4-AGGTTCCTAT	8.478304	-14.569814	0	T:8.0(9.88%),B:26.0(0.84%),P:1e-6	Tpos:27.7,Tstd:20.4,Bpos:56.0,Bstd:25.3,StrandBias:1.0,Multiplicity:1.00
0.997	0.001	0.001	0.001
0.001	0.001	0.884	0.114
0.001	0.051	0.947	0.001
0.114	0.001	0.001	0.884
0.114	0.001	0.229	0.656
0.229	0.641	0.015	0.115
0.001	0.884	0.001	0.114
0.001	0.228	0.001	0.770
0.825	0.008	0.052	0.115
0.229	0.229	0.001	0.541
>TCCCTAGGTT	5-TCCCTAGGTT	8.881064	-13.494409	0	T:6.0(7.41%),B:13.0(0.42%),P:1e-5	Tpos:56.8,Tstd:25.7,Bpos:41.8,Bstd:26.8,StrandBias:-2.8,Multiplicity:1.33
0.137	0.001	0.001	0.861
0.274	0.724	0.001	0.001
0.137	0.861	0.001	0.001
0.137	0.861	0.001	0.001
0.001	0.001	0.001	0.997
0.861	0.137	0.001	0.001
0.001	0.001	0.861	0.137
0.001	0.275	0.450	0.275
0.001	0.001	0.137	0.861
0.137	0.001	0.137	0.725
>GCTGGGGTTC	6-GCTGGGGTTC	10.168120	-12.770607	0	T:3.0(3.70%),B:1.0(0.03%),P:1e-5	Tpos:58.6,Tstd:23.6,Bpos:59.0,Bstd:0.0,StrandBias:2.0,Multiplicity:1.67
0.023	0.001	0.975	0.001
0.001	0.997	0.001	0.001
0.001	0.288	0.001	0.710
0.001	0.288	0.710	0.001
0.024	0.343	0.632	0.001
0.001	0.001	0.997	0.001
0.001	0.023	0.975	0.001
0.001	0.001	0.001	0.997
0.001	0.023	0.001	0.975
0.001	0.951	0.047	0.001
>AGTAYCTKAG	7-AGTAYCTKAG	10.550068	-10.710081	0	T:3.0(3.70%),B:2.0(0.06%),P:1e-4	Tpos:75.2,Tstd:24.5,Bpos:53.0,Bstd:37.0,StrandBias:2.0,Multiplicity:1.67
0.997	0.001	0.001	0.001
0.001	0.001	0.997	0.001
0.001	0.001	0.001	0.997
0.997	0.001	0.001	0.001
0.001	0.559	0.001	0.439
0.001	0.997	0.001	0.001
0.119	0.001	0.001	0.879
0.001	0.001	0.439	0.559
0.997	0.001	0.001	0.001
0.001	0.001	0.997	0.001
