>TYTGATTGACTT	1-TYTGATTGACTT	11.740432	-28.634570	0	T:6.0(7.41%),B:1.0(0.03%),P:1e-12	Tpos:62.0,Tstd:23.1,Bpos:29.0,Bstd:0.0,StrandBias:0.0,Multiplicity:1.00
0.001	0.001	0.001	0.997
0.001	0.499	0.001	0.499
0.001	0.001	0.001	0.997
0.001	0.001	0.832	0.166
0.997	0.001	0.001	0.001
0.001	0.001	0.332	0.666
0.332	0.001	0.001	0.666
0.001	0.001	0.997	0.001
0.997	0.001	0.001	0.001
0.001	0.997	0.001	0.001
0.166	0.333	0.001	0.500
0.166	0.001	0.001	0.832
>THYCACTCTTCC	2-THYCACTCTTCC	8.868389	-24.700216	0	T:10.0(12.35%),B:16.0(0.52%),P:1e-10	Tpos:57.4,Tstd:25.3,Bpos:54.3,Bstd:24.0,StrandBias:0.6,Multiplicity:1.00
0.001	0.001	0.001	0.997
0.412	0.301	0.001	0.286
0.001	0.438	0.149	0.412
0.001	0.711	0.001	0.287
0.974	0.001	0.012	0.013
0.001	0.839	0.159	0.001
0.301	0.149	0.001	0.549
0.149	0.573	0.139	0.139
0.137	0.001	0.001	0.861
0.275	0.001	0.139	0.585
0.274	0.724	0.001	0.001
0.137	0.861	0.001	0.001
>TCCCWSCCCWKC	3-TCCCWSCCCWKC	10.405737	-21.860930	0	T:7.0(8.64%),B:6.0(0.19%),P:1e-9	Tpos:50.0,Tstd:22.2,Bpos:50.7,Bstd:22.5,StrandBias:1.3,Multiplicity:1.00
0.001	0.001	0.001	0.997
0.001	0.997	0.001	0.001
0.001	0.997	0.001	0.001
0.001	0.997	0.001	0.001
0.439	0.001	0.001	0.559
0.024	0.535	0.440	0.001
0.001	0.997	0.001	0.001
0.001	0.997	0.001	0.001
0.001	0.975	0.001	0.023
0.559	0.001	0.001	0.439
0.024	0.001	0.535	0.440
0.001	0.975	0.001	0.023
>TTKTTKTTTTTT	4-TTKTTKTTTTTT	7.400396	-4.049425	0	T:11.0(13.58%),B:204.0(6.61%),P:1e-1	Tpos:47.1,Tstd:17.8,Bpos:47.5,Bstd:23.8,StrandBias:0.1,Multiplicity:1.09
0.001	0.001	0.160	0.838
0.001	0.001	0.420	0.578
0.001	0.001	0.549	0.449
0.001	0.001	0.291	0.707
0.001	0.001	0.282	0.716
0.001	0.017	0.418	0.564
0.001	0.001	0.003	0.995
0.001	0.001	0.008	0.990
0.001	0.001	0.137	0.861
0.001	0.001	0.137	0.861
0.001	0.137	0.290	0.572
0.001	0.275	0.279	0.445
>CGCGCGCGTGTA	5-CGCGCGCGTGTA	15.469601	-3.653757	0	T:1.0(1.23%),B:0.0(0.00%),P:1e-1	Tpos:63.0,Tstd:0.0,Bpos:0.0,Bstd:0.0,StrandBias:-10.0,Multiplicity:1.00
0.001	0.997	0.001	0.001
0.007	0.001	0.991	0.001
0.001	0.997	0.001	0.001
0.001	0.001	0.997	0.001
0.001	0.997	0.001	0.001
0.168	0.001	0.830	0.001
0.001	0.997	0.001	0.001
0.204	0.001	0.794	0.001
0.001	0.213	0.001	0.785
0.204	0.001	0.794	0.001
0.001	0.213	0.001	0.785
0.990	0.001	0.008	0.001
>CGCGCACACACA	6-CGCGCACACACA	15.755383	-3.653757	0	T:1.0(1.23%),B:1.0(0.03%),P:1e-1	Tpos:86.0,Tstd:0.0,Bpos:92.0,Bstd:0.0,StrandBias:10.0,Multiplicity:1.00
0.001	0.997	0.001	0.001
0.001	0.001	0.997	0.001
0.001	0.997	0.001	0.001
0.001	0.001	0.997	0.001
0.001	0.997	0.001	0.001
0.785	0.001	0.213	0.001
0.001	0.997	0.001	0.001
0.800	0.001	0.198	0.001
0.001	0.997	0.001	0.001
0.815	0.001	0.183	0.001
0.001	0.997	0.001	0.001
0.830	0.001	0.168	0.001
