>TAGMAGTCCYAC	1-TAGMAGTCCYAC	8.434307	-18.626190	0	T:7.0(14.89%),B:846.0(0.55%),P:1e-8	Tpos:37.7,Tstd:23.9,Bpos:50.3,Bstd:26.1,StrandBias:1.3,Multiplicity:1.00
0.001	0.001	0.122	0.876
0.630	0.001	0.246	0.123
0.001	0.122	0.876	0.001
0.505	0.371	0.123	0.001
0.876	0.001	0.122	0.001
0.001	0.123	0.753	0.123
0.001	0.122	0.001	0.876
0.137	0.494	0.123	0.246
0.138	0.616	0.123	0.123
0.137	0.371	0.123	0.369
0.753	0.001	0.123	0.123
0.001	0.997	0.001	0.001
>CBATGACBCCVT	2-CBATGACBCCVT	10.756942	-15.873113	0	T:4.0(8.51%),B:142.0(0.09%),P:1e-6	Tpos:33.0,Tstd:2.1,Bpos:49.7,Bstd:25.4,StrandBias:0.0,Multiplicity:1.00
0.001	0.679	0.319	0.001
0.001	0.320	0.320	0.359
0.997	0.001	0.001	0.001
0.001	0.001	0.001	0.997
0.001	0.001	0.997	0.001
0.997	0.001	0.001	0.001
0.001	0.679	0.319	0.001
0.001	0.359	0.320	0.320
0.319	0.679	0.001	0.001
0.001	0.997	0.001	0.001
0.359	0.320	0.320	0.001
0.001	0.001	0.001	0.997
>CAGTTGTCYGST	3-CAGTTGTCYGST	7.402370	-10.956784	0	T:9.0(19.15%),B:4958.0(3.24%),P:1e-4	Tpos:60.7,Tstd:27.8,Bpos:49.6,Bstd:26.0,StrandBias:-0.6,Multiplicity:1.11
0.001	0.804	0.194	0.001
0.804	0.194	0.001	0.001
0.389	0.001	0.609	0.001
0.195	0.195	0.195	0.414
0.001	0.020	0.001	0.978
0.001	0.216	0.782	0.001
0.001	0.194	0.001	0.804
0.195	0.609	0.001	0.195
0.195	0.411	0.001	0.393
0.195	0.001	0.609	0.195
0.195	0.390	0.414	0.001
0.001	0.194	0.001	0.804
>AGCAGTTACACT	4-AGCAGTTACACT	15.818841	-8.089032	0	T:1.0(2.13%),B:1.0(0.00%),P:1e-3	Tpos:85.5,Tstd:6.5,Bpos:66.0,Bstd:0.0,StrandBias:10.0,Multiplicity:2.00
0.997	0.001	0.001	0.001
0.001	0.001	0.997	0.001
0.001	0.997	0.001	0.001
0.997	0.001	0.001	0.001
0.001	0.001	0.997	0.001
0.001	0.001	0.353	0.645
0.001	0.292	0.001	0.706
0.997	0.001	0.001	0.001
0.001	0.997	0.001	0.001
0.997	0.001	0.001	0.001
0.001	0.997	0.001	0.001
0.001	0.001	0.001	0.997
>AGCAGGTACACT	5-AGCAGGTACACT	12.355432	-7.396035	0	T:1.0(2.13%),B:2.0(0.00%),P:1e-3	Tpos:52.0,Tstd:0.0,Bpos:52.5,Bstd:23.5,StrandBias:10.0,Multiplicity:1.00
0.700	0.100	0.100	0.100
0.100	0.100	0.700	0.100
0.100	0.700	0.100	0.100
0.700	0.100	0.100	0.100
0.100	0.100	0.700	0.100
0.100	0.100	0.700	0.100
0.100	0.100	0.100	0.700
0.700	0.100	0.100	0.100
0.100	0.700	0.100	0.100
0.700	0.100	0.100	0.100
0.100	0.700	0.100	0.100
0.100	0.100	0.100	0.700
>TGCCCGTATCCA	6-TGCCCGTATCCA	12.355432	-7.396035	0	T:1.0(2.13%),B:2.0(0.00%),P:1e-3	Tpos:60.0,Tstd:0.0,Bpos:49.5,Bstd:11.5,StrandBias:-10.0,Multiplicity:1.00
0.100	0.100	0.100	0.700
0.100	0.100	0.700	0.100
0.100	0.700	0.100	0.100
0.100	0.700	0.100	0.100
0.100	0.700	0.100	0.100
0.100	0.100	0.700	0.100
0.100	0.100	0.100	0.700
0.700	0.100	0.100	0.100
0.100	0.100	0.100	0.700
0.100	0.700	0.100	0.100
0.100	0.700	0.100	0.100
0.700	0.100	0.100	0.100
>AGGGAGAGAGAG	7-AGGGAGAGAGAG	10.200231	-3.651208	0	T:2.0(4.26%),B:812.0(0.53%),P:1e-1	Tpos:38.0,Tstd:7.1,Bpos:48.8,Bstd:26.8,StrandBias:-10.0,Multiplicity:1.50
0.949	0.001	0.049	0.001
0.001	0.001	0.997	0.001
0.195	0.001	0.803	0.001
0.001	0.001	0.997	0.001
0.991	0.001	0.007	0.001
0.001	0.001	0.997	0.001
0.864	0.001	0.134	0.001
0.001	0.001	0.997	0.001
0.875	0.001	0.053	0.071
0.062	0.001	0.936	0.001
0.997	0.001	0.001	0.001
0.001	0.001	0.997	0.001
>GAGAGAGAGAGA	8-GAGAGAGAGAGA	14.377752	-2.870272	0	T:1.0(2.13%),B:190.0(0.12%),P:1e-1	Tpos:7.0,Tstd:1.6,Bpos:47.1,Bstd:28.1,StrandBias:-10.0,Multiplicity:1.00
0.168	0.001	0.830	0.001
0.701	0.001	0.297	0.001
0.180	0.001	0.818	0.001
0.690	0.001	0.308	0.001
0.001	0.001	0.997	0.001
0.809	0.001	0.189	0.001
0.001	0.001	0.997	0.001
0.805	0.001	0.193	0.001
0.001	0.001	0.997	0.001
0.849	0.001	0.149	0.001
0.184	0.001	0.814	0.001
0.714	0.001	0.284	0.001
