>ACTCCCGGTGGC	1-ACTCCCGGTGGC	10.472357	-23.270436	0	T:6.0(12.77%),B:215.0(0.14%),P:1e-10	Tpos:62.0,Tstd:22.6,Bpos:50.8,Bstd:26.6,StrandBias:2.6,Multiplicity:1.17
0.817	0.001	0.181	0.001
0.001	0.997	0.001	0.001
0.001	0.001	0.001	0.997
0.001	0.817	0.181	0.001
0.001	0.476	0.262	0.262
0.211	0.526	0.001	0.262
0.262	0.001	0.736	0.001
0.001	0.001	0.997	0.001
0.001	0.001	0.289	0.709
0.262	0.001	0.476	0.262
0.262	0.001	0.476	0.262
0.001	0.997	0.001	0.001
>MKRCTCTTATAW	2-MKRCTCTTATAW	6.573273	-15.043392	0	T:12.0(25.53%),B:6250.0(4.08%),P:1e-6	Tpos:53.8,Tstd:27.2,Bpos:49.9,Bstd:26.3,StrandBias:-0.7,Multiplicity:1.00
0.421	0.421	0.154	0.004
0.141	0.141	0.288	0.431
0.421	0.140	0.291	0.148
0.140	0.712	0.147	0.001
0.006	0.001	0.140	0.853
0.001	0.716	0.140	0.143
0.001	0.287	0.003	0.709
0.003	0.284	0.140	0.573
0.578	0.420	0.001	0.001
0.001	0.001	0.003	0.995
0.856	0.140	0.001	0.003
0.425	0.144	0.140	0.291
>GTAAGGGGARAA	3-GTAAGGGGARAA	8.122185	-13.821275	0	T:7.0(14.89%),B:1730.0(1.13%),P:1e-6	Tpos:56.4,Tstd:30.9,Bpos:50.7,Bstd:26.1,StrandBias:-0.4,Multiplicity:1.00
0.109	0.109	0.781	0.001
0.329	0.109	0.001	0.561
0.561	0.110	0.110	0.219
0.561	0.219	0.001	0.219
0.001	0.329	0.561	0.109
0.109	0.001	0.878	0.012
0.001	0.001	0.670	0.328
0.001	0.218	0.780	0.001
0.658	0.001	0.335	0.006
0.437	0.001	0.561	0.001
0.554	0.110	0.226	0.110
0.883	0.115	0.001	0.001
>CTCAGCTTAGAA	4-CTCAGCTTAGAA	9.350766	-11.286497	0	T:3.0(6.38%),B:142.0(0.09%),P:1e-4	Tpos:51.0,Tstd:18.9,Bpos:48.1,Bstd:24.7,StrandBias:0.6,Multiplicity:1.67
0.001	0.997	0.001	0.001
0.001	0.001	0.109	0.889
0.001	0.889	0.109	0.001
0.997	0.001	0.001	0.001
0.001	0.001	0.997	0.001
0.001	0.997	0.001	0.001
0.001	0.109	0.001	0.889
0.001	0.001	0.001	0.997
0.997	0.001	0.001	0.001
0.001	0.001	0.997	0.001
0.997	0.001	0.001	0.001
0.997	0.001	0.001	0.001
>AGGTTCCTTGCG	5-AGGTTCCTTGCG	12.355432	-7.396035	0	T:1.0(2.13%),B:2.0(0.00%),P:1e-3	Tpos:89.0,Tstd:0.0,Bpos:72.0,Bstd:11.0,StrandBias:10.0,Multiplicity:1.00
0.700	0.100	0.100	0.100
0.100	0.100	0.700	0.100
0.100	0.100	0.700	0.100
0.100	0.100	0.100	0.700
0.100	0.100	0.100	0.700
0.100	0.700	0.100	0.100
0.100	0.700	0.100	0.100
0.100	0.100	0.100	0.700
0.100	0.100	0.100	0.700
0.100	0.100	0.700	0.100
0.100	0.700	0.100	0.100
0.100	0.100	0.700	0.100
>TTTACACTGAAG	6-TTTACACTGAAG	12.355432	-7.396035	0	T:1.0(2.13%),B:2.0(0.00%),P:1e-3	Tpos:36.0,Tstd:0.0,Bpos:58.5,Bstd:10.5,StrandBias:10.0,Multiplicity:1.00
0.100	0.100	0.100	0.700
0.100	0.100	0.100	0.700
0.100	0.100	0.100	0.700
0.700	0.100	0.100	0.100
0.100	0.700	0.100	0.100
0.700	0.100	0.100	0.100
0.100	0.700	0.100	0.100
0.100	0.100	0.100	0.700
0.100	0.100	0.700	0.100
0.700	0.100	0.100	0.100
0.700	0.100	0.100	0.100
0.100	0.100	0.700	0.100
>CTGAGGGAGCGC	7-CTGAGGGAGCGC	12.355432	-7.396035	0	T:1.0(2.13%),B:2.0(0.00%),P:1e-3	Tpos:67.0,Tstd:0.0,Bpos:62.5,Bstd:2.5,StrandBias:10.0,Multiplicity:1.00
0.100	0.700	0.100	0.100
0.100	0.100	0.100	0.700
0.100	0.100	0.700	0.100
0.700	0.100	0.100	0.100
0.100	0.100	0.700	0.100
0.100	0.100	0.700	0.100
0.100	0.100	0.700	0.100
0.700	0.100	0.100	0.100
0.100	0.100	0.700	0.100
0.100	0.700	0.100	0.100
0.100	0.100	0.700	0.100
0.100	0.700	0.100	0.100
>GCTTACACCTGT	8-GCTTACACCTGT	12.355432	-7.396035	0	T:1.0(2.13%),B:2.0(0.00%),P:1e-3	Tpos:23.0,Tstd:0.0,Bpos:21.0,Bstd:6.0,StrandBias:-10.0,Multiplicity:1.00
0.100	0.100	0.700	0.100
0.100	0.700	0.100	0.100
0.100	0.100	0.100	0.700
0.100	0.100	0.100	0.700
0.700	0.100	0.100	0.100
0.100	0.700	0.100	0.100
0.700	0.100	0.100	0.100
0.100	0.700	0.100	0.100
0.100	0.700	0.100	0.100
0.100	0.100	0.100	0.700
0.100	0.100	0.700	0.100
0.100	0.100	0.100	0.700
