>TGTTCCCA	1-TGTTCCCA	7.041857	-12.662382	0	T:12.0(25.53%),B:7846.0(5.12%),P:1e-5	Tpos:52.0,Tstd:24.0,Bpos:49.6,Bstd:27.4,StrandBias:3.5,Multiplicity:1.00
0.068	0.137	0.074	0.721
0.008	0.001	0.950	0.041
0.127	0.004	0.001	0.868
0.001	0.001	0.110	0.888
0.312	0.646	0.041	0.001
0.006	0.894	0.001	0.099
0.001	0.681	0.317	0.001
0.891	0.001	0.014	0.094
>GTTTCAAA	2-GTTTCAAA	7.103816	-12.075633	0	T:13.0(27.66%),B:9855.0(6.44%),P:1e-5	Tpos:51.2,Tstd:24.1,Bpos:50.3,Bstd:26.0,StrandBias:-0.5,Multiplicity:1.23
0.081	0.066	0.783	0.070
0.098	0.001	0.001	0.900
0.001	0.043	0.001	0.955
0.040	0.001	0.056	0.903
0.001	0.852	0.074	0.073
0.872	0.057	0.001	0.070
0.997	0.001	0.001	0.001
0.931	0.001	0.001	0.067
>ACCGTCGG	3-ACCGTCGG	6.957786	-11.065023	0	T:6.0(12.77%),B:1743.0(1.14%),P:1e-4	Tpos:43.9,Tstd:19.6,Bpos:50.0,Bstd:27.0,StrandBias:-0.3,Multiplicity:1.33
0.997	0.001	0.001	0.001
0.001	0.997	0.001	0.001
0.126	0.872	0.001	0.001
0.001	0.106	0.892	0.001
0.173	0.133	0.126	0.568
0.001	0.997	0.001	0.001
0.001	0.001	0.997	0.001
0.001	0.163	0.835	0.001
>CCATGGTA	4-CCATGGTA	7.772016	-9.896886	0	T:7.0(14.89%),B:3178.0(2.08%),P:1e-4	Tpos:66.0,Tstd:21.3,Bpos:50.1,Bstd:26.7,StrandBias:-0.4,Multiplicity:1.00
0.115	0.883	0.001	0.001
0.001	0.851	0.001	0.147
0.997	0.001	0.001	0.001
0.001	0.001	0.089	0.909
0.001	0.001	0.875	0.123
0.001	0.001	0.997	0.001
0.076	0.069	0.001	0.854
0.729	0.104	0.070	0.097
>GATCAACT	5-GATCAACT	6.291044	-5.950053	0	T:7.0(14.89%),B:6161.0(4.02%),P:1e-2	Tpos:57.8,Tstd:30.9,Bpos:49.5,Bstd:27.4,StrandBias:-1.2,Multiplicity:1.43
0.100	0.100	0.700	0.100
0.700	0.100	0.100	0.100
0.100	0.100	0.100	0.700
0.100	0.700	0.100	0.100
0.700	0.100	0.100	0.100
0.700	0.100	0.100	0.100
0.100	0.700	0.100	0.100
0.100	0.100	0.100	0.700
