>GTGCAAGCCC	1-GTGCAAGCCC	11.316461	-27.419925	0	T:7.0(6.54%),B:2.4(0.08%),P:1e-11,FDR:0.2	Tpos:34.3,Tstd:20.2,Bpos:64.4,Bstd:17.3,StrandBias:-1.3,Multiplicity:1.00
0.001	0.166	0.832	0.001
0.166	0.001	0.001	0.832
0.001	0.001	0.997	0.001
0.001	0.997	0.001	0.001
0.997	0.001	0.001	0.001
0.832	0.001	0.166	0.001
0.001	0.001	0.997	0.001
0.001	0.997	0.001	0.001
0.001	0.832	0.001	0.166
0.001	0.832	0.001	0.166
>AGCTCTTGCA	2-AGCTCTTGCA	11.060955	-24.985567	0	T:8.0(7.48%),B:5.3(0.17%),P:1e-10,FDR:0.2	Tpos:40.6,Tstd:23.6,Bpos:55.8,Bstd:36.6,StrandBias:0.7,Multiplicity:1.00
0.997	0.001	0.001	0.001
0.001	0.001	0.997	0.001
0.001	0.997	0.001	0.001
0.001	0.001	0.001	0.997
0.001	0.997	0.001	0.001
0.001	0.001	0.142	0.856
0.142	0.001	0.001	0.856
0.001	0.143	0.713	0.143
0.001	0.713	0.143	0.143
0.997	0.001	0.001	0.001
>TCCTGAGTTC	3-TCCTGAGTTC	10.974897	-21.576322	0	T:11.0(10.28%),B:22.4(0.73%),P:1e-9,FDR:0.333333333333333	Tpos:56.5,Tstd:25.5,Bpos:49.2,Bstd:32.6,StrandBias:0.3,Multiplicity:1.00
0.119	0.119	0.001	0.761
0.119	0.761	0.119	0.001
0.001	0.880	0.001	0.118
0.058	0.001	0.001	0.940
0.001	0.001	0.997	0.001
0.997	0.001	0.001	0.001
0.001	0.001	0.997	0.001
0.001	0.001	0.001	0.997
0.001	0.118	0.001	0.880
0.001	0.997	0.001	0.001
>GTCTCAGRGC	4-GTCTCAGRGC	7.689463	-19.853742	0	T:11.0(10.28%),B:26.5(0.86%),P:1e-8,FDR:0.45	Tpos:41.6,Tstd:29.0,Bpos:46.6,Bstd:30.3,StrandBias:-1.0,Multiplicity:1.09
0.001	0.001	0.997	0.001
0.001	0.001	0.301	0.697
0.237	0.698	0.001	0.064
0.001	0.001	0.001	0.997
0.287	0.698	0.001	0.014
0.984	0.001	0.014	0.001
0.001	0.001	0.747	0.251
0.519	0.001	0.479	0.001
0.001	0.001	0.997	0.001
0.001	0.997	0.001	0.001
>AYTTCATRAM	5-AYTTCATRAM	9.913535	-13.938354	0	T:4.0(3.74%),B:2.0(0.07%),P:1e-6,FDR:0.88	Tpos:43.5,Tstd:11.9,Bpos:55.9,Bstd:25.4,StrandBias:1.0,Multiplicity:1.00
0.997	0.001	0.001	0.001
0.001	0.467	0.064	0.467
0.001	0.001	0.031	0.967
0.001	0.001	0.001	0.997
0.001	0.997	0.001	0.001
0.997	0.001	0.001	0.001
0.001	0.001	0.001	0.997
0.435	0.001	0.563	0.001
0.997	0.001	0.001	0.001
0.563	0.435	0.001	0.001
>TCTTCTGGTG	6-TCTTCTGGTG	12.570054	-13.925995	0	T:6.0(5.61%),B:9.9(0.32%),P:1e-6,FDR:0.88	Tpos:52.5,Tstd:33.5,Bpos:48.7,Bstd:25.8,StrandBias:2.3,Multiplicity:1.00
0.001	0.001	0.001	0.997
0.001	0.997	0.001	0.001
0.001	0.282	0.001	0.716
0.001	0.001	0.001	0.997
0.001	0.997	0.001	0.001
0.001	0.001	0.001	0.997
0.001	0.001	0.997	0.001
0.001	0.001	0.997	0.001
0.001	0.001	0.001	0.997
0.001	0.001	0.997	0.001
>GGCCAACTGT	7-GGCCAACTGT	11.757566	-11.912310	0	T:3.0(2.80%),B:1.5(0.05%),P:1e-5,FDR:0.88	Tpos:67.0,Tstd:25.7,Bpos:24.0,Bstd:0.0,StrandBias:1.0,Multiplicity:2.00
0.191	0.001	0.807	0.001
0.191	0.001	0.807	0.001
0.001	0.997	0.001	0.001
0.001	0.997	0.001	0.001
0.997	0.001	0.001	0.001
0.997	0.001	0.001	0.001
0.001	0.997	0.001	0.001
0.001	0.001	0.001	0.997
0.001	0.001	0.997	0.001
0.001	0.001	0.191	0.807
>TTTTTTTTTT	8-TTTTTTTTTT	10.626968	-8.623941	0	T:10.0(9.35%),B:70.1(2.29%),P:1e-3,FDR:0.88	Tpos:36.4,Tstd:16.8,Bpos:52.7,Bstd:26.4,StrandBias:-0.8,Multiplicity:1.10
0.001	0.061	0.024	0.914
0.001	0.016	0.034	0.949
0.001	0.022	0.001	0.976
0.001	0.023	0.001	0.975
0.001	0.001	0.001	0.997
0.001	0.001	0.058	0.940
0.001	0.001	0.001	0.997
0.001	0.001	0.037	0.961
0.001	0.001	0.022	0.976
0.050	0.001	0.068	0.881
