>CCAVCTCTGCTG	1-CCAVCTCTGCTG	9.468064	-22.567240	0	T:11.0(10.28%),B:20.9(0.68%),P:1e-9,FDR:1	Tpos:54.1,Tstd:25.3,Bpos:53.6,Bstd:28.5,StrandBias:3.3,Multiplicity:1.00
0.001	0.997	0.001	0.001
0.090	0.586	0.001	0.323
0.645	0.001	0.001	0.353
0.323	0.344	0.332	0.001
0.001	0.672	0.004	0.323
0.322	0.001	0.001	0.676
0.001	0.741	0.257	0.001
0.001	0.001	0.001	0.997
0.001	0.001	0.997	0.001
0.004	0.920	0.075	0.001
0.001	0.001	0.001	0.997
0.017	0.001	0.904	0.078
>TGMWCMTAACCT	2-TGMWCMTAACCT	9.831268	-22.351150	0	T:8.0(7.48%),B:7.7(0.25%),P:1e-9,FDR:1	Tpos:48.9,Tstd:25.1,Bpos:50.8,Bstd:20.9,StrandBias:-0.7,Multiplicity:1.00
0.001	0.001	0.001	0.997
0.001	0.001	0.997	0.001
0.435	0.563	0.001	0.001
0.435	0.001	0.001	0.563
0.001	0.997	0.001	0.001
0.435	0.435	0.001	0.128
0.001	0.001	0.001	0.997
0.997	0.001	0.001	0.001
0.997	0.001	0.001	0.001
0.001	0.997	0.001	0.001
0.001	0.997	0.001	0.001
0.064	0.001	0.028	0.907
>ACTGTAGCATAA	3-ACTGTAGCATAA	11.665774	-21.688127	0	T:5.0(4.67%),B:1.9(0.06%),P:1e-9,FDR:1	Tpos:67.0,Tstd:12.9,Bpos:30.1,Bstd:20.7,StrandBias:0.0,Multiplicity:1.20
0.997	0.001	0.001	0.001
0.166	0.667	0.001	0.166
0.166	0.001	0.001	0.832
0.001	0.001	0.997	0.001
0.001	0.001	0.001	0.997
0.997	0.001	0.001	0.001
0.001	0.166	0.832	0.001
0.001	0.997	0.001	0.001
0.832	0.001	0.001	0.166
0.332	0.001	0.001	0.666
0.667	0.166	0.166	0.001
0.832	0.166	0.001	0.001
>TTGGCCTGGAGA	4-TTGGCCTGGAGA	12.201231	-16.684111	0	T:4.0(3.74%),B:1.2(0.04%),P:1e-7,FDR:1	Tpos:51.8,Tstd:20.8,Bpos:68.0,Bstd:0.0,StrandBias:0.0,Multiplicity:1.00
0.001	0.056	0.001	0.942
0.001	0.114	0.057	0.828
0.001	0.001	0.997	0.001
0.001	0.001	0.997	0.001
0.001	0.771	0.227	0.001
0.001	0.997	0.001	0.001
0.001	0.001	0.001	0.997
0.001	0.001	0.997	0.001
0.001	0.001	0.997	0.001
0.997	0.001	0.001	0.001
0.001	0.001	0.997	0.001
0.997	0.001	0.001	0.001
>TTCAAATCCCAG	5-TTCAAATCCCAG	9.095652	-16.289169	0	T:11.0(10.28%),B:37.3(1.22%),P:1e-7,FDR:1	Tpos:44.8,Tstd:23.9,Bpos:52.1,Bstd:28.5,StrandBias:0.0,Multiplicity:1.09
0.001	0.001	0.001	0.997
0.019	0.001	0.001	0.979
0.001	0.997	0.001	0.001
0.533	0.233	0.001	0.233
0.533	0.233	0.233	0.001
0.743	0.001	0.233	0.023
0.019	0.001	0.001	0.979
0.001	0.766	0.232	0.001
0.001	0.997	0.001	0.001
0.001	0.766	0.001	0.232
0.997	0.001	0.001	0.001
0.001	0.001	0.766	0.232
>AAGGACTCTGGG	6-AAGGACTCTGGG	10.420445	-13.938354	0	T:4.0(3.74%),B:2.2(0.07%),P:1e-6,FDR:1	Tpos:43.8,Tstd:26.6,Bpos:71.7,Bstd:17.3,StrandBias:-0.6,Multiplicity:1.25
0.997	0.001	0.001	0.001
0.942	0.001	0.056	0.001
0.001	0.001	0.997	0.001
0.001	0.001	0.997	0.001
0.771	0.001	0.001	0.227
0.001	0.997	0.001	0.001
0.001	0.001	0.001	0.997
0.056	0.942	0.001	0.001
0.171	0.001	0.001	0.827
0.001	0.001	0.997	0.001
0.001	0.001	0.997	0.001
0.001	0.001	0.997	0.001
>TTTTTTTTTTTT	7-TTTTTTTTTTTT	13.253287	-9.723666	0	T:6.0(5.61%),B:19.7(0.64%),P:1e-4,FDR:1	Tpos:35.0,Tstd:14.1,Bpos:47.0,Bstd:28.6,StrandBias:-1.7,Multiplicity:1.00
0.001	0.001	0.001	0.997
0.001	0.001	0.047	0.951
0.001	0.048	0.060	0.891
0.001	0.041	0.060	0.898
0.001	0.001	0.001	0.997
0.001	0.001	0.001	0.997
0.001	0.001	0.001	0.997
0.001	0.001	0.001	0.997
0.001	0.001	0.001	0.997
0.001	0.001	0.040	0.958
0.001	0.035	0.001	0.963
0.001	0.001	0.001	0.997
>GGTGTGGCCAAC	8-GGTGTGGCCAAC	12.355432	-3.372859	0	T:1.0(0.93%),B:0.0(0.00%),P:1e-1,FDR:1	Tpos:56.7,Tstd:31.8,Bpos:0.0,Bstd:0.0,StrandBias:10.0,Multiplicity:3.00
0.100	0.100	0.700	0.100
0.100	0.100	0.700	0.100
0.100	0.100	0.100	0.700
0.100	0.100	0.700	0.100
0.100	0.100	0.100	0.700
0.100	0.100	0.700	0.100
0.100	0.100	0.700	0.100
0.100	0.700	0.100	0.100
0.100	0.700	0.100	0.100
0.700	0.100	0.100	0.100
0.700	0.100	0.100	0.100
0.100	0.700	0.100	0.100
