>GTGCAAGCCC	1-GTGCAAGCCC	11.316461	-27.419925	0	T:7.0(6.54%),B:2.4(0.08%),P:1e-11,FDR:0.2	Tpos:34.3,Tstd:20.2,Bpos:64.4,Bstd:17.3,StrandBias:-1.3,Multiplicity:1.00
0.001	0.166	0.832	0.001
0.166	0.001	0.001	0.832
0.001	0.001	0.997	0.001
0.001	0.997	0.001	0.001
0.997	0.001	0.001	0.001
0.832	0.001	0.166	0.001
0.001	0.001	0.997	0.001
0.001	0.997	0.001	0.001
0.001	0.832	0.001	0.166
0.001	0.832	0.001	0.166
>AGCTCTTGCA	2-AGCTCTTGCA	11.060955	-24.985567	0	T:8.0(7.48%),B:5.3(0.17%),P:1e-10,FDR:0.2	Tpos:40.6,Tstd:23.6,Bpos:55.8,Bstd:36.6,StrandBias:0.7,Multiplicity:1.00
0.997	0.001	0.001	0.001
0.001	0.001	0.997	0.001
0.001	0.997	0.001	0.001
0.001	0.001	0.001	0.997
0.001	0.997	0.001	0.001
0.001	0.001	0.142	0.856
0.142	0.001	0.001	0.856
0.001	0.143	0.713	0.143
0.001	0.713	0.143	0.143
0.997	0.001	0.001	0.001
>TCCTGAGTTC	3-TCCTGAGTTC	10.974897	-21.576322	0	T:11.0(10.28%),B:22.4(0.73%),P:1e-9,FDR:0.333333333333333	Tpos:56.5,Tstd:25.5,Bpos:49.2,Bstd:32.6,StrandBias:0.3,Multiplicity:1.00
0.119	0.119	0.001	0.761
0.119	0.761	0.119	0.001
0.001	0.880	0.001	0.118
0.058	0.001	0.001	0.940
0.001	0.001	0.997	0.001
0.997	0.001	0.001	0.001
0.001	0.001	0.997	0.001
0.001	0.001	0.001	0.997
0.001	0.118	0.001	0.880
0.001	0.997	0.001	0.001
>GTCTCAGRGC	4-GTCTCAGRGC	7.689463	-19.853742	0	T:11.0(10.28%),B:26.5(0.86%),P:1e-8,FDR:0.45	Tpos:41.6,Tstd:29.0,Bpos:46.6,Bstd:30.3,StrandBias:-1.0,Multiplicity:1.09
0.001	0.001	0.997	0.001
0.001	0.001	0.301	0.697
0.237	0.698	0.001	0.064
0.001	0.001	0.001	0.997
0.287	0.698	0.001	0.014
0.984	0.001	0.014	0.001
0.001	0.001	0.747	0.251
0.519	0.001	0.479	0.001
0.001	0.001	0.997	0.001
0.001	0.997	0.001	0.001
>AYTTCATRAM	5-AYTTCATRAM	9.913535	-13.938354	0	T:4.0(3.74%),B:2.0(0.07%),P:1e-6,FDR:0.88	Tpos:43.5,Tstd:11.9,Bpos:55.9,Bstd:25.4,StrandBias:1.0,Multiplicity:1.00
0.997	0.001	0.001	0.001
0.001	0.467	0.064	0.467
0.001	0.001	0.031	0.967
0.001	0.001	0.001	0.997
0.001	0.997	0.001	0.001
0.997	0.001	0.001	0.001
0.001	0.001	0.001	0.997
0.435	0.001	0.563	0.001
0.997	0.001	0.001	0.001
0.563	0.435	0.001	0.001
>TCTTCTGGTG	6-TCTTCTGGTG	12.570054	-13.925995	0	T:6.0(5.61%),B:9.9(0.32%),P:1e-6,FDR:0.88	Tpos:52.5,Tstd:33.5,Bpos:48.7,Bstd:25.8,StrandBias:2.3,Multiplicity:1.00
0.001	0.001	0.001	0.997
0.001	0.997	0.001	0.001
0.001	0.282	0.001	0.716
0.001	0.001	0.001	0.997
0.001	0.997	0.001	0.001
0.001	0.001	0.001	0.997
0.001	0.001	0.997	0.001
0.001	0.001	0.997	0.001
0.001	0.001	0.001	0.997
0.001	0.001	0.997	0.001
>GGCCAACTGT	7-GGCCAACTGT	11.757566	-11.912310	0	T:3.0(2.80%),B:1.5(0.05%),P:1e-5,FDR:0.88	Tpos:67.0,Tstd:25.7,Bpos:24.0,Bstd:0.0,StrandBias:1.0,Multiplicity:2.00
0.191	0.001	0.807	0.001
0.191	0.001	0.807	0.001
0.001	0.997	0.001	0.001
0.001	0.997	0.001	0.001
0.997	0.001	0.001	0.001
0.997	0.001	0.001	0.001
0.001	0.997	0.001	0.001
0.001	0.001	0.001	0.997
0.001	0.001	0.997	0.001
0.001	0.001	0.191	0.807
>TTTTTTTTTT	8-TTTTTTTTTT	10.626968	-8.623941	0	T:10.0(9.35%),B:70.1(2.29%),P:1e-3,FDR:0.88	Tpos:36.4,Tstd:16.8,Bpos:52.7,Bstd:26.4,StrandBias:-0.8,Multiplicity:1.10
0.001	0.061	0.024	0.914
0.001	0.016	0.034	0.949
0.001	0.022	0.001	0.976
0.001	0.023	0.001	0.975
0.001	0.001	0.001	0.997
0.001	0.001	0.058	0.940
0.001	0.001	0.001	0.997
0.001	0.001	0.037	0.961
0.001	0.001	0.022	0.976
0.050	0.001	0.068	0.881
>CCAVCTCTGCTG	1-CCAVCTCTGCTG	9.468064	-22.567240	0	T:11.0(10.28%),B:20.9(0.68%),P:1e-9,FDR:1	Tpos:54.1,Tstd:25.3,Bpos:53.6,Bstd:28.5,StrandBias:3.3,Multiplicity:1.00
0.001	0.997	0.001	0.001
0.090	0.586	0.001	0.323
0.645	0.001	0.001	0.353
0.323	0.344	0.332	0.001
0.001	0.672	0.004	0.323
0.322	0.001	0.001	0.676
0.001	0.741	0.257	0.001
0.001	0.001	0.001	0.997
0.001	0.001	0.997	0.001
0.004	0.920	0.075	0.001
0.001	0.001	0.001	0.997
0.017	0.001	0.904	0.078
>TGMWCMTAACCT	2-TGMWCMTAACCT	9.831268	-22.351150	0	T:8.0(7.48%),B:7.7(0.25%),P:1e-9,FDR:1	Tpos:48.9,Tstd:25.1,Bpos:50.8,Bstd:20.9,StrandBias:-0.7,Multiplicity:1.00
0.001	0.001	0.001	0.997
0.001	0.001	0.997	0.001
0.435	0.563	0.001	0.001
0.435	0.001	0.001	0.563
0.001	0.997	0.001	0.001
0.435	0.435	0.001	0.128
0.001	0.001	0.001	0.997
0.997	0.001	0.001	0.001
0.997	0.001	0.001	0.001
0.001	0.997	0.001	0.001
0.001	0.997	0.001	0.001
0.064	0.001	0.028	0.907
>ACTGTAGCATAA	3-ACTGTAGCATAA	11.665774	-21.688127	0	T:5.0(4.67%),B:1.9(0.06%),P:1e-9,FDR:1	Tpos:67.0,Tstd:12.9,Bpos:30.1,Bstd:20.7,StrandBias:0.0,Multiplicity:1.20
0.997	0.001	0.001	0.001
0.166	0.667	0.001	0.166
0.166	0.001	0.001	0.832
0.001	0.001	0.997	0.001
0.001	0.001	0.001	0.997
0.997	0.001	0.001	0.001
0.001	0.166	0.832	0.001
0.001	0.997	0.001	0.001
0.832	0.001	0.001	0.166
0.332	0.001	0.001	0.666
0.667	0.166	0.166	0.001
0.832	0.166	0.001	0.001
>TTGGCCTGGAGA	4-TTGGCCTGGAGA	12.201231	-16.684111	0	T:4.0(3.74%),B:1.2(0.04%),P:1e-7,FDR:1	Tpos:51.8,Tstd:20.8,Bpos:68.0,Bstd:0.0,StrandBias:0.0,Multiplicity:1.00
0.001	0.056	0.001	0.942
0.001	0.114	0.057	0.828
0.001	0.001	0.997	0.001
0.001	0.001	0.997	0.001
0.001	0.771	0.227	0.001
0.001	0.997	0.001	0.001
0.001	0.001	0.001	0.997
0.001	0.001	0.997	0.001
0.001	0.001	0.997	0.001
0.997	0.001	0.001	0.001
0.001	0.001	0.997	0.001
0.997	0.001	0.001	0.001
>TTCAAATCCCAG	5-TTCAAATCCCAG	9.095652	-16.289169	0	T:11.0(10.28%),B:37.3(1.22%),P:1e-7,FDR:1	Tpos:44.8,Tstd:23.9,Bpos:52.1,Bstd:28.5,StrandBias:0.0,Multiplicity:1.09
0.001	0.001	0.001	0.997
0.019	0.001	0.001	0.979
0.001	0.997	0.001	0.001
0.533	0.233	0.001	0.233
0.533	0.233	0.233	0.001
0.743	0.001	0.233	0.023
0.019	0.001	0.001	0.979
0.001	0.766	0.232	0.001
0.001	0.997	0.001	0.001
0.001	0.766	0.001	0.232
0.997	0.001	0.001	0.001
0.001	0.001	0.766	0.232
>AAGGACTCTGGG	6-AAGGACTCTGGG	10.420445	-13.938354	0	T:4.0(3.74%),B:2.2(0.07%),P:1e-6,FDR:1	Tpos:43.8,Tstd:26.6,Bpos:71.7,Bstd:17.3,StrandBias:-0.6,Multiplicity:1.25
0.997	0.001	0.001	0.001
0.942	0.001	0.056	0.001
0.001	0.001	0.997	0.001
0.001	0.001	0.997	0.001
0.771	0.001	0.001	0.227
0.001	0.997	0.001	0.001
0.001	0.001	0.001	0.997
0.056	0.942	0.001	0.001
0.171	0.001	0.001	0.827
0.001	0.001	0.997	0.001
0.001	0.001	0.997	0.001
0.001	0.001	0.997	0.001
>TTTTTTTTTTTT	7-TTTTTTTTTTTT	13.253287	-9.723666	0	T:6.0(5.61%),B:19.7(0.64%),P:1e-4,FDR:1	Tpos:35.0,Tstd:14.1,Bpos:47.0,Bstd:28.6,StrandBias:-1.7,Multiplicity:1.00
0.001	0.001	0.001	0.997
0.001	0.001	0.047	0.951
0.001	0.048	0.060	0.891
0.001	0.041	0.060	0.898
0.001	0.001	0.001	0.997
0.001	0.001	0.001	0.997
0.001	0.001	0.001	0.997
0.001	0.001	0.001	0.997
0.001	0.001	0.001	0.997
0.001	0.001	0.040	0.958
0.001	0.035	0.001	0.963
0.001	0.001	0.001	0.997
>GGTGTGGCCAAC	8-GGTGTGGCCAAC	12.355432	-3.372859	0	T:1.0(0.93%),B:0.0(0.00%),P:1e-1,FDR:1	Tpos:56.7,Tstd:31.8,Bpos:0.0,Bstd:0.0,StrandBias:10.0,Multiplicity:3.00
0.100	0.100	0.700	0.100
0.100	0.100	0.700	0.100
0.100	0.100	0.100	0.700
0.100	0.100	0.700	0.100
0.100	0.100	0.100	0.700
0.100	0.100	0.700	0.100
0.100	0.100	0.700	0.100
0.100	0.700	0.100	0.100
0.100	0.700	0.100	0.100
0.700	0.100	0.100	0.100
0.700	0.100	0.100	0.100
0.100	0.700	0.100	0.100
>GAACTCAG	1-GAACTCAG	5.447950	-18.199023	0	T:18.0(16.82%),B:100.4(3.27%),P:1e-7,FDR:0.4	Tpos:56.1,Tstd:28.6,Bpos:52.4,Bstd:29.9,StrandBias:-0.3,Multiplicity:1.00
0.001	0.001	0.997	0.001
0.874	0.001	0.124	0.001
0.744	0.001	0.001	0.254
0.001	0.997	0.001	0.001
0.001	0.001	0.001	0.997
0.001	0.997	0.001	0.001
0.997	0.001	0.001	0.001
0.001	0.001	0.959	0.039
>GGTTAACA	2-GGTTAACA	6.984537	-17.516625	0	T:15.0(14.02%),B:70.6(2.30%),P:1e-7,FDR:0.4	Tpos:48.9,Tstd:24.7,Bpos:45.1,Bstd:28.4,StrandBias:1.0,Multiplicity:1.00
0.001	0.233	0.760	0.006
0.013	0.001	0.837	0.149
0.001	0.105	0.001	0.893
0.005	0.106	0.160	0.729
0.799	0.007	0.193	0.001
0.983	0.001	0.001	0.015
0.001	0.931	0.065	0.003
0.997	0.001	0.001	0.001
>GAACCCTA	3-GAACCCTA	9.165513	-12.284295	0	T:6.0(5.61%),B:12.4(0.40%),P:1e-5,FDR:0.6	Tpos:44.3,Tstd:6.8,Bpos:49.1,Bstd:25.5,StrandBias:0.0,Multiplicity:1.00
0.001	0.001	0.997	0.001
0.997	0.001	0.001	0.001
0.997	0.001	0.001	0.001
0.001	0.849	0.149	0.001
0.001	0.997	0.001	0.001
0.001	0.997	0.001	0.001
0.001	0.001	0.001	0.997
0.997	0.001	0.001	0.001
>TAAAAAWA	4-TAAAAAWA	8.748834	-6.604179	0	T:10.0(9.35%),B:91.2(2.97%),P:1e-2,FDR:1	Tpos:41.4,Tstd:24.1,Bpos:56.3,Bstd:25.6,StrandBias:-0.3,Multiplicity:1.10
0.032	0.340	0.001	0.627
0.997	0.001	0.001	0.001
0.997	0.001	0.001	0.001
0.997	0.001	0.001	0.001
0.997	0.001	0.001	0.001
0.997	0.001	0.001	0.001
0.448	0.001	0.001	0.550
0.641	0.001	0.001	0.357
>CCAACTGT	5-CCAACTGT	9.279561	-6.474829	0	T:4.0(3.74%),B:14.1(0.46%),P:1e-2,FDR:1	Tpos:65.0,Tstd:24.1,Bpos:45.9,Bstd:26.9,StrandBias:1.3,Multiplicity:1.75
0.001	0.997	0.001	0.001
0.001	0.997	0.001	0.001
0.997	0.001	0.001	0.001
0.997	0.001	0.001	0.001
0.001	0.997	0.001	0.001
0.001	0.001	0.001	0.997
0.001	0.001	0.997	0.001
0.001	0.001	0.167	0.831
