>GAAACAMKTCYA	1-GAAACAMKTCYA	11.298277	-23.629605	0	T:3.0(50.00%),B:0.0(0.00%),P:1e-10,FDR:0.2	Tpos:43.7,Tstd:34.8,Bpos:0.0,Bstd:0.0,StrandBias:-1.0,Multiplicity:1.00
0.001	0.001	0.757	0.241
0.757	0.241	0.001	0.001
0.997	0.001	0.001	0.001
0.757	0.241	0.001	0.001
0.001	0.757	0.241	0.001
0.724	0.001	0.274	0.001
0.482	0.516	0.001	0.001
0.001	0.001	0.516	0.482
0.001	0.241	0.241	0.517
0.001	0.997	0.001	0.001
0.001	0.516	0.001	0.482
0.757	0.001	0.001	0.241
>GSGGAGGCASWY	2-GSGGAGGCASWY	9.254428	-20.334397	0	T:3.0(50.00%),B:3.8(0.05%),P:1e-8,FDR:0.2	Tpos:17.0,Tstd:9.4,Bpos:82.0,Bstd:0.0,StrandBias:-1.0,Multiplicity:1.00
0.001	0.001	0.997	0.001
0.001	0.532	0.466	0.001
0.065	0.001	0.933	0.001
0.001	0.001	0.997	0.001
0.997	0.001	0.001	0.001
0.001	0.001	0.997	0.001
0.001	0.001	0.997	0.001
0.001	0.997	0.001	0.001
0.997	0.001	0.001	0.001
0.001	0.466	0.532	0.001
0.532	0.001	0.001	0.466
0.001	0.467	0.065	0.467
>GCTTCCATGGTA	3-GCTTCCATGGTA	12.335950	-15.042338	0	T:2.0(33.33%),B:0.0(0.00%),P:1e-6,FDR:0.466666666666667	Tpos:66.0,Tstd:17.7,Bpos:0.0,Bstd:0.0,StrandBias:-1.0,Multiplicity:1.00
0.001	0.001	0.997	0.001
0.001	0.876	0.001	0.122
0.001	0.001	0.001	0.997
0.122	0.001	0.001	0.876
0.001	0.997	0.001	0.001
0.001	0.997	0.001	0.001
0.997	0.001	0.001	0.001
0.001	0.001	0.001	0.997
0.001	0.001	0.997	0.001
0.001	0.001	0.997	0.001
0.061	0.001	0.001	0.937
0.997	0.001	0.001	0.001
>TGGGACTACATT	4-TGGGACTACATT	8.196558	-15.042338	0	T:2.0(33.33%),B:0.0(0.00%),P:1e-6,FDR:0.466666666666667	Tpos:48.7,Tstd:31.1,Bpos:0.0,Bstd:0.0,StrandBias:10.0,Multiplicity:1.50
0.001	0.001	0.001	0.997
0.001	0.001	0.997	0.001
0.122	0.001	0.876	0.001
0.001	0.001	0.997	0.001
0.997	0.001	0.001	0.001
0.001	0.876	0.122	0.001
0.001	0.001	0.001	0.997
0.876	0.001	0.122	0.001
0.001	0.997	0.001	0.001
0.876	0.122	0.001	0.001
0.001	0.001	0.001	0.997
0.001	0.001	0.001	0.997
>GCTAGCCGAGTC	5-GCTAGCCGAGTC	6.055049	-9.916916	0	T:2.0(33.33%),B:13.7(0.19%),P:1e-4,FDR:0.64	Tpos:76.0,Tstd:14.5,Bpos:62.0,Bstd:21.0,StrandBias:-1.0,Multiplicity:1.50
0.001	0.001	0.997	0.001
0.001	0.997	0.001	0.001
0.001	0.001	0.001	0.997
0.877	0.061	0.061	0.001
0.001	0.001	0.997	0.001
0.001	0.937	0.061	0.001
0.001	0.937	0.001	0.061
0.001	0.122	0.876	0.001
0.997	0.001	0.001	0.001
0.001	0.001	0.997	0.001
0.061	0.001	0.061	0.877
0.001	0.997	0.001	0.001
>AAAGGGGCTGGC	6-AAAGGGGCTGGC	8.504696	-9.000345	0	T:3.0(50.00%),B:133.8(1.87%),P:1e-3,FDR:0.64	Tpos:59.5,Tstd:18.2,Bpos:52.5,Bstd:52.8,StrandBias:1.6,Multiplicity:1.33
0.517	0.241	0.241	0.001
0.517	0.001	0.241	0.241
0.757	0.001	0.001	0.241
0.241	0.001	0.757	0.001
0.001	0.241	0.517	0.241
0.001	0.001	0.997	0.001
0.001	0.001	0.757	0.241
0.241	0.757	0.001	0.001
0.241	0.275	0.001	0.483
0.001	0.241	0.517	0.241
0.001	0.001	0.997	0.001
0.001	0.757	0.241	0.001
>GRAAARSGRAWT	7-GRAAARSGRAWT	13.003486	-7.083598	0	T:1.0(16.67%),B:0.0(0.00%),P:1e-3,FDR:0.64	Tpos:27.0,Tstd:0.0,Bpos:0.0,Bstd:0.0,StrandBias:-10.0,Multiplicity:1.00
0.001	0.001	0.997	0.001
0.467	0.001	0.475	0.057
0.997	0.001	0.001	0.001
0.997	0.001	0.001	0.001
0.997	0.001	0.001	0.001
0.475	0.057	0.467	0.001
0.065	0.467	0.467	0.001
0.001	0.001	0.997	0.001
0.466	0.001	0.532	0.001
0.997	0.001	0.001	0.001
0.474	0.001	0.001	0.524
0.065	0.001	0.001	0.933
>TGAAGCCTTATA	8-TGAAGCCTTATA	12.355432	-7.083598	0	T:1.0(16.67%),B:0.0(0.00%),P:1e-3,FDR:0.64	Tpos:52.0,Tstd:0.0,Bpos:0.0,Bstd:0.0,StrandBias:10.0,Multiplicity:1.00
0.100	0.100	0.100	0.700
0.100	0.100	0.700	0.100
0.700	0.100	0.100	0.100
0.700	0.100	0.100	0.100
0.100	0.100	0.700	0.100
0.100	0.700	0.100	0.100
0.100	0.700	0.100	0.100
0.100	0.100	0.100	0.700
0.100	0.100	0.100	0.700
0.700	0.100	0.100	0.100
0.100	0.100	0.100	0.700
0.700	0.100	0.100	0.100
