>SMCTGGCACTGC	1-SMCTGGCACTGC	13.664274	-16.017168	0	T:3.0(6.25%),B:25.0(0.02%),P:1e-6	Tpos:66.8,Tstd:20.5,Bpos:51.5,Bstd:21.7,StrandBias:-10.0,Multiplicity:1.33
0.001	0.522	0.476	0.001
0.522	0.476	0.001	0.001
0.001	0.997	0.001	0.001
0.001	0.001	0.001	0.997
0.001	0.001	0.738	0.260
0.001	0.001	0.997	0.001
0.001	0.997	0.001	0.001
0.997	0.001	0.001	0.001
0.261	0.477	0.261	0.001
0.001	0.001	0.001	0.997
0.001	0.001	0.997	0.001
0.001	0.997	0.001	0.001
>CGYCTSSAASTG	2-CGYCTSSAASTG	11.220120	-16.017168	0	T:3.0(6.25%),B:25.0(0.02%),P:1e-6	Tpos:77.0,Tstd:23.4,Bpos:58.8,Bstd:20.8,StrandBias:1.0,Multiplicity:1.00
0.001	0.997	0.001	0.001
0.001	0.058	0.940	0.001
0.001	0.469	0.001	0.529
0.001	0.997	0.001	0.001
0.001	0.001	0.001	0.997
0.001	0.529	0.469	0.001
0.001	0.469	0.529	0.001
0.997	0.001	0.001	0.001
0.997	0.001	0.001	0.001
0.001	0.529	0.469	0.001
0.001	0.001	0.001	0.997
0.001	0.001	0.997	0.001
>GAAGATGVBBCA	3-GAAGATGVBBCA	8.580084	-12.968292	0	T:6.0(12.50%),B:1069.0(0.80%),P:1e-5	Tpos:70.5,Tstd:20.0,Bpos:50.7,Bstd:26.2,StrandBias:0.0,Multiplicity:1.00
0.001	0.122	0.876	0.001
0.753	0.123	0.123	0.001
0.753	0.123	0.123	0.001
0.001	0.122	0.876	0.001
0.753	0.245	0.001	0.001
0.001	0.245	0.001	0.753
0.001	0.122	0.876	0.001
0.369	0.246	0.262	0.123
0.001	0.246	0.384	0.369
0.123	0.246	0.262	0.369
0.123	0.753	0.001	0.123
0.753	0.123	0.001	0.123
>MGGCGTNTGCCG	4-MGGCGTNTGCCG	6.270472	-11.140807	0	T:12.0(25.00%),B:7817.0(5.82%),P:1e-4	Tpos:58.9,Tstd:26.0,Bpos:50.2,Bstd:25.4,StrandBias:0.0,Multiplicity:1.17
0.378	0.311	0.125	0.186
0.001	0.062	0.627	0.310
0.249	0.186	0.563	0.002
0.124	0.626	0.062	0.188
0.062	0.126	0.811	0.001
0.063	0.188	0.062	0.687
0.313	0.311	0.188	0.187
0.001	0.124	0.001	0.874
0.124	0.249	0.626	0.001
0.062	0.875	0.062	0.001
0.124	0.441	0.249	0.186
0.187	0.251	0.498	0.063
>CTTTKKACCCCA	5-CTTTKKACCCCA	9.487580	-10.139464	0	T:4.0(8.33%),B:525.0(0.39%),P:1e-4	Tpos:63.2,Tstd:28.9,Bpos:49.1,Bstd:25.8,StrandBias:1.6,Multiplicity:1.00
0.001	0.997	0.001	0.001
0.185	0.001	0.001	0.813
0.001	0.119	0.345	0.535
0.001	0.001	0.345	0.653
0.001	0.001	0.464	0.534
0.001	0.001	0.542	0.456
0.531	0.153	0.185	0.131
0.001	0.878	0.001	0.120
0.339	0.649	0.001	0.011
0.294	0.541	0.164	0.001
0.304	0.694	0.001	0.001
0.814	0.184	0.001	0.001
>GGAACCTCACTC	6-GGAACCTCACTC	12.355432	-7.244585	0	T:1.0(2.08%),B:2.0(0.00%),P:1e-3	Tpos:49.0,Tstd:0.0,Bpos:66.0,Bstd:19.0,StrandBias:10.0,Multiplicity:1.00
0.100	0.100	0.700	0.100
0.100	0.100	0.700	0.100
0.700	0.100	0.100	0.100
0.700	0.100	0.100	0.100
0.100	0.700	0.100	0.100
0.100	0.700	0.100	0.100
0.100	0.100	0.100	0.700
0.100	0.700	0.100	0.100
0.700	0.100	0.100	0.100
0.100	0.700	0.100	0.100
0.100	0.100	0.100	0.700
0.100	0.700	0.100	0.100
>GCAACCCAGTGT	7-GCAACCCAGTGT	12.355432	-7.244585	0	T:1.0(2.08%),B:2.0(0.00%),P:1e-3	Tpos:33.0,Tstd:0.0,Bpos:83.5,Bstd:4.5,StrandBias:-10.0,Multiplicity:1.00
0.100	0.100	0.700	0.100
0.100	0.700	0.100	0.100
0.700	0.100	0.100	0.100
0.700	0.100	0.100	0.100
0.100	0.700	0.100	0.100
0.100	0.700	0.100	0.100
0.100	0.700	0.100	0.100
0.700	0.100	0.100	0.100
0.100	0.100	0.700	0.100
0.100	0.100	0.100	0.700
0.100	0.100	0.700	0.100
0.100	0.100	0.100	0.700
>TATGGTGTCCAT	8-TATGGTGTCCAT	12.355432	-7.244585	0	T:1.0(2.08%),B:2.0(0.00%),P:1e-3	Tpos:31.0,Tstd:0.0,Bpos:61.5,Bstd:8.5,StrandBias:10.0,Multiplicity:1.00
0.100	0.100	0.100	0.700
0.700	0.100	0.100	0.100
0.100	0.100	0.100	0.700
0.100	0.100	0.700	0.100
0.100	0.100	0.700	0.100
0.100	0.100	0.100	0.700
0.100	0.100	0.700	0.100
0.100	0.100	0.100	0.700
0.100	0.700	0.100	0.100
0.100	0.700	0.100	0.100
0.700	0.100	0.100	0.100
0.100	0.100	0.100	0.700
