>TGATTAGT	1-TGATTAGT	5.508307	-15.240407	0	T:12.0(25.00%),B:5260.0(3.91%),P:1e-6	Tpos:47.5,Tstd:27.3,Bpos:50.0,Bstd:27.1,StrandBias:-1.0,Multiplicity:1.42
0.326	0.001	0.001	0.672
0.280	0.001	0.718	0.001
0.939	0.001	0.001	0.059
0.001	0.001	0.001	0.997
0.293	0.013	0.001	0.693
0.645	0.001	0.353	0.001
0.001	0.001	0.997	0.001
0.001	0.001	0.001	0.997
>CAGACTGC	2-CAGACTGC	7.811349	-11.409720	0	T:9.0(18.75%),B:4017.0(2.99%),P:1e-4	Tpos:56.5,Tstd:23.5,Bpos:49.7,Bstd:27.3,StrandBias:-0.3,Multiplicity:1.00
0.001	0.997	0.001	0.001
0.997	0.001	0.001	0.001
0.093	0.001	0.905	0.001
0.542	0.040	0.107	0.311
0.001	0.997	0.001	0.001
0.056	0.001	0.001	0.942
0.001	0.064	0.934	0.001
0.071	0.857	0.071	0.001
>CARGCGAG	3-CARGCGAG	6.440998	-10.169839	0	T:13.0(27.08%),B:10105.0(7.52%),P:1e-4	Tpos:54.8,Tstd:25.9,Bpos:50.0,Bstd:27.4,StrandBias:0.2,Multiplicity:1.46
0.001	0.768	0.001	0.230
0.590	0.088	0.321	0.001
0.532	0.026	0.441	0.001
0.106	0.001	0.779	0.114
0.210	0.696	0.002	0.092
0.001	0.001	0.997	0.001
0.781	0.076	0.005	0.138
0.001	0.001	0.858	0.140
>WGAAATCT	4-WGAAATCT	6.721540	-9.120452	0	T:10.0(20.83%),B:6711.0(4.99%),P:1e-3	Tpos:43.5,Tstd:28.5,Bpos:50.3,Bstd:27.6,StrandBias:0.3,Multiplicity:1.00
0.570	0.001	0.001	0.428
0.009	0.265	0.725	0.001
0.683	0.001	0.315	0.001
0.882	0.008	0.109	0.001
0.862	0.136	0.001	0.001
0.179	0.003	0.001	0.817
0.001	0.790	0.001	0.208
0.001	0.258	0.001	0.740
>TCTCACTT	5-TCTCACTT	6.126344	-9.086225	0	T:10.0(20.83%),B:6739.0(5.01%),P:1e-3	Tpos:59.6,Tstd:31.9,Bpos:50.8,Bstd:27.7,StrandBias:1.7,Multiplicity:1.30
0.097	0.099	0.001	0.803
0.001	0.997	0.001	0.001
0.113	0.001	0.001	0.885
0.127	0.871	0.001	0.001
0.938	0.060	0.001	0.001
0.132	0.781	0.086	0.001
0.001	0.094	0.001	0.904
0.001	0.080	0.001	0.918
