>GTSACMGR	1-GTSACMGR	6.809242	-15.515262	0	T:13.0(27.08%),B:6209.0(4.62%),P:1e-6	Tpos:53.1,Tstd:33.4,Bpos:49.7,Bstd:27.1,StrandBias:-1.9,Multiplicity:1.08
0.001	0.159	0.592	0.248
0.001	0.001	0.001	0.997
0.001	0.512	0.466	0.021
0.809	0.189	0.001	0.001
0.001	0.968	0.030	0.001
0.524	0.452	0.001	0.023
0.001	0.001	0.751	0.247
0.502	0.001	0.496	0.001
>TTAAGGCC	2-TTAAGGCC	8.330959	-15.191582	0	T:8.0(16.67%),B:1810.0(1.35%),P:1e-6	Tpos:60.9,Tstd:20.3,Bpos:50.2,Bstd:27.5,StrandBias:-1.6,Multiplicity:1.00
0.001	0.317	0.001	0.681
0.004	0.360	0.001	0.635
0.855	0.001	0.001	0.143
0.826	0.001	0.007	0.166
0.118	0.001	0.807	0.074
0.001	0.292	0.706	0.001
0.001	0.991	0.001	0.007
0.007	0.888	0.001	0.104
>TCGATGAG	3-TCGATGAG	7.092928	-14.968703	0	T:7.0(14.58%),B:1249.0(0.93%),P:1e-6	Tpos:36.7,Tstd:31.1,Bpos:50.7,Bstd:28.2,StrandBias:-1.8,Multiplicity:1.29
0.001	0.001	0.001	0.997
0.107	0.891	0.001	0.001
0.001	0.001	0.889	0.109
0.997	0.001	0.001	0.001
0.001	0.001	0.116	0.882
0.001	0.001	0.997	0.001
0.849	0.001	0.149	0.001
0.178	0.173	0.648	0.001
>CGCGCCTG	4-CGCGCCTG	7.625302	-7.597277	0	T:6.0(12.50%),B:2831.0(2.11%),P:1e-3	Tpos:33.6,Tstd:26.9,Bpos:50.2,Bstd:27.0,StrandBias:0.3,Multiplicity:1.50
0.060	0.876	0.063	0.001
0.001	0.001	0.919	0.079
0.001	0.928	0.070	0.001
0.078	0.059	0.862	0.001
0.138	0.788	0.073	0.001
0.001	0.997	0.001	0.001
0.001	0.075	0.001	0.923
0.143	0.077	0.779	0.001
>TTTTKTTT	5-TTTTKTTT	9.832174	-1.551799	0	T:1.0(2.08%),B:665.0(0.49%),P:1e0	Tpos:30.0,Tstd:0.0,Bpos:53.3,Bstd:25.7,StrandBias:10.0,Multiplicity:1.00
0.001	0.001	0.001	0.997
0.001	0.001	0.294	0.704
0.001	0.001	0.073	0.925
0.001	0.001	0.064	0.934
0.001	0.001	0.485	0.513
0.001	0.001	0.079	0.919
0.001	0.001	0.001	0.997
0.001	0.001	0.001	0.997
