>AGCTCTCTTT	1-AGCTCTCTTT	6.408392	-16.813829	0	T:8.0(33.33%),B:71.0(2.36%),P:1e-7	Tpos:61.2,Tstd:23.7,Bpos:52.5,Bstd:27.3,StrandBias:0.0,Multiplicity:1.00
0.997	0.001	0.001	0.001
0.206	0.001	0.792	0.001
0.001	0.997	0.001	0.001
0.001	0.359	0.001	0.639
0.359	0.622	0.001	0.018
0.206	0.001	0.001	0.792
0.001	0.639	0.001	0.359
0.001	0.018	0.001	0.980
0.359	0.001	0.001	0.639
0.018	0.001	0.001	0.980
>AKGGGCMAWG	2-AKGGGCMAWG	5.600591	-14.473163	0	T:6.0(25.00%),B:39.0(1.29%),P:1e-6	Tpos:69.1,Tstd:12.0,Bpos:49.9,Bstd:27.2,StrandBias:-0.4,Multiplicity:1.17
0.970	0.028	0.001	0.001
0.001	0.001	0.452	0.546
0.001	0.001	0.997	0.001
0.001	0.001	0.997	0.001
0.001	0.063	0.935	0.001
0.001	0.997	0.001	0.001
0.512	0.453	0.006	0.029
0.970	0.028	0.001	0.001
0.546	0.001	0.001	0.452
0.001	0.001	0.997	0.001
>TTCAGCYATT	3-TTCAGCYATT	7.243198	-12.549684	0	T:8.0(33.33%),B:125.0(4.15%),P:1e-5	Tpos:37.6,Tstd:28.6,Bpos:52.6,Bstd:28.2,StrandBias:0.0,Multiplicity:1.14
0.001	0.017	0.001	0.981
0.210	0.001	0.192	0.597
0.192	0.615	0.192	0.001
0.576	0.001	0.405	0.018
0.191	0.001	0.807	0.001
0.191	0.807	0.001	0.001
0.210	0.405	0.001	0.384
0.807	0.001	0.001	0.191
0.192	0.192	0.001	0.615
0.001	0.001	0.001	0.997
>AAAAAAAAAA	4-AAAAAAAAAA	13.676384	-4.604270	0	T:2.0(8.33%),B:19.0(0.63%),P:1e-1	Tpos:36.7,Tstd:11.5,Bpos:47.9,Bstd:30.1,StrandBias:10.0,Multiplicity:1.00
0.997	0.001	0.001	0.001
0.997	0.001	0.001	0.001
0.997	0.001	0.001	0.001
0.997	0.001	0.001	0.001
0.997	0.001	0.001	0.001
0.997	0.001	0.001	0.001
0.997	0.001	0.001	0.001
0.939	0.001	0.059	0.001
0.949	0.001	0.049	0.001
0.951	0.001	0.047	0.001
>CTATCTCTGT	5-CTATCTCTGT	11.585197	-4.604270	0	T:2.0(8.33%),B:19.0(0.63%),P:1e-1	Tpos:63.0,Tstd:23.0,Bpos:39.1,Bstd:22.3,StrandBias:10.0,Multiplicity:1.00
0.001	0.997	0.001	0.001
0.001	0.001	0.001	0.997
0.828	0.170	0.001	0.001
0.141	0.001	0.001	0.857
0.001	0.997	0.001	0.001
0.001	0.001	0.001	0.997
0.001	0.997	0.001	0.001
0.001	0.001	0.141	0.857
0.001	0.162	0.836	0.001
0.001	0.001	0.001	0.997
