>GGGGAATA	1-GGGGAATA	6.632250	-18.921943	0	T:8.0(33.33%),B:54.0(1.79%),P:1e-8	Tpos:54.2,Tstd:23.0,Bpos:46.7,Bstd:26.8,StrandBias:-1.8,Multiplicity:1.12
0.001	0.001	0.997	0.001
0.001	0.001	0.997	0.001
0.146	0.001	0.852	0.001
0.001	0.001	0.810	0.188
0.885	0.001	0.113	0.001
0.852	0.001	0.001	0.146
0.001	0.001	0.001	0.997
0.758	0.001	0.114	0.127
>TTCTCTTA	2-TTCTCTTA	7.680850	-13.941560	0	T:9.0(37.50%),B:144.0(4.78%),P:1e-6	Tpos:54.5,Tstd:28.6,Bpos:50.7,Bstd:26.6,StrandBias:-1.7,Multiplicity:1.44
0.001	0.042	0.353	0.604
0.001	0.269	0.001	0.729
0.001	0.704	0.294	0.001
0.001	0.001	0.001	0.997
0.001	0.664	0.001	0.334
0.001	0.001	0.001	0.997
0.001	0.001	0.001	0.997
0.664	0.001	0.001	0.334
>AAGTAGCA	3-AAGTAGCA	8.552799	-11.766353	0	T:4.0(16.67%),B:16.0(0.53%),P:1e-5	Tpos:28.5,Tstd:36.4,Bpos:54.8,Bstd:25.4,StrandBias:-1.6,Multiplicity:1.00
0.942	0.055	0.001	0.002
0.715	0.083	0.067	0.135
0.001	0.121	0.877	0.001
0.002	0.115	0.083	0.800
0.468	0.111	0.251	0.169
0.102	0.135	0.528	0.235
0.005	0.977	0.017	0.001
0.693	0.078	0.001	0.228
>CATTGTAT	4-CATTGTAT	7.328482	-9.445198	0	T:9.0(37.50%),B:251.0(8.33%),P:1e-4	Tpos:53.1,Tstd:32.4,Bpos:51.1,Bstd:25.2,StrandBias:0.4,Multiplicity:1.56
0.001	0.716	0.165	0.118
0.839	0.001	0.001	0.159
0.001	0.093	0.127	0.779
0.001	0.001	0.001	0.997
0.001	0.001	0.997	0.001
0.001	0.001	0.001	0.997
0.804	0.054	0.071	0.071
0.001	0.001	0.070	0.928
>AGTGAAAG	5-AGTGAAAG	10.976046	-8.575210	0	T:3.0(12.50%),B:14.0(0.46%),P:1e-3	Tpos:58.0,Tstd:14.7,Bpos:49.3,Bstd:27.2,StrandBias:-0.4,Multiplicity:2.33
0.997	0.001	0.001	0.001
0.001	0.001	0.997	0.001
0.001	0.001	0.001	0.997
0.045	0.001	0.953	0.001
0.997	0.001	0.001	0.001
0.953	0.001	0.045	0.001
0.997	0.001	0.001	0.001
0.001	0.001	0.997	0.001
