>GACAMACC	1-GACAMACC	8.184711	-10.483627	0	T:4.0(22.22%),B:1498.0(1.01%),P:1e-4	Tpos:47.9,Tstd:25.0,Bpos:48.7,Bstd:27.4,StrandBias:-0.7,Multiplicity:2.00
0.001	0.179	0.664	0.156
0.843	0.155	0.001	0.001
0.183	0.815	0.001	0.001
0.815	0.001	0.183	0.001
0.428	0.570	0.001	0.001
0.997	0.001	0.001	0.001
0.001	0.584	0.001	0.414
0.001	0.833	0.001	0.165
>TTAAGGGG	2-TTAAGGGG	5.733477	-8.917881	0	T:8.0(44.44%),B:14356.0(9.64%),P:1e-3	Tpos:41.8,Tstd:27.3,Bpos:50.1,Bstd:27.3,StrandBias:1.3,Multiplicity:1.50
0.045	0.049	0.153	0.753
0.237	0.048	0.142	0.573
0.596	0.093	0.146	0.165
0.834	0.001	0.164	0.001
0.110	0.147	0.742	0.001
0.056	0.001	0.821	0.122
0.086	0.001	0.864	0.049
0.061	0.101	0.837	0.001
>TACAACAA	3-TACAACAA	5.830437	-6.870424	0	T:8.0(44.44%),B:19309.0(12.97%),P:1e-2	Tpos:48.1,Tstd:24.0,Bpos:50.1,Bstd:27.0,StrandBias:-0.9,Multiplicity:1.62
0.001	0.109	0.001	0.889
0.577	0.421	0.001	0.001
0.200	0.793	0.001	0.006
0.577	0.001	0.001	0.421
0.667	0.001	0.207	0.125
0.311	0.687	0.001	0.001
0.997	0.001	0.001	0.001
0.873	0.001	0.001	0.125
>GTCGAACG	4-GTCGAACG	8.236954	-6.077391	0	T:1.0(5.56%),B:19.0(0.01%),P:1e-2	Tpos:49.0,Tstd:0.0,Bpos:56.4,Bstd:22.9,StrandBias:10.0,Multiplicity:1.00
0.100	0.100	0.700	0.100
0.100	0.100	0.100	0.700
0.100	0.700	0.100	0.100
0.100	0.100	0.700	0.100
0.700	0.100	0.100	0.100
0.700	0.100	0.100	0.100
0.100	0.700	0.100	0.100
0.100	0.100	0.700	0.100
>GTTAACGA	5-GTTAACGA	8.236954	-5.216651	0	T:1.0(5.56%),B:45.0(0.03%),P:1e-2	Tpos:91.0,Tstd:0.0,Bpos:54.4,Bstd:26.9,StrandBias:10.0,Multiplicity:1.00
0.100	0.100	0.700	0.100
0.100	0.100	0.100	0.700
0.100	0.100	0.100	0.700
0.700	0.100	0.100	0.100
0.700	0.100	0.100	0.100
0.100	0.700	0.100	0.100
0.100	0.100	0.700	0.100
0.700	0.100	0.100	0.100
