>TAGATACT	1-TAGATACT	7.697504	-16.246236	0	T:10.0(22.73%),B:3824.0(2.44%),P:1e-7	Tpos:50.1,Tstd:26.8,Bpos:50.5,Bstd:27.1,StrandBias:-1.2,Multiplicity:1.00
0.001	0.102	0.120	0.777
0.832	0.001	0.075	0.092
0.001	0.001	0.997	0.001
0.856	0.001	0.142	0.001
0.001	0.116	0.001	0.882
0.997	0.001	0.001	0.001
0.168	0.830	0.001	0.001
0.072	0.001	0.001	0.926
>CTTGAGCT	2-CTTGAGCT	7.573535	-13.836300	0	T:11.0(25.00%),B:6284.0(4.02%),P:1e-6	Tpos:38.5,Tstd:27.4,Bpos:49.8,Bstd:27.6,StrandBias:-0.2,Multiplicity:1.09
0.001	0.997	0.001	0.001
0.207	0.001	0.119	0.673
0.001	0.001	0.001	0.997
0.001	0.001	0.997	0.001
0.914	0.001	0.001	0.084
0.065	0.089	0.751	0.095
0.001	0.819	0.097	0.083
0.083	0.001	0.001	0.915
>CAGTTACC	3-CAGTTACC	7.104876	-12.174307	0	T:8.0(18.18%),B:3478.0(2.22%),P:1e-5	Tpos:59.1,Tstd:27.9,Bpos:50.2,Bstd:26.2,StrandBias:1.2,Multiplicity:1.25
0.124	0.874	0.001	0.001
0.889	0.001	0.001	0.109
0.001	0.001	0.997	0.001
0.001	0.001	0.127	0.871
0.001	0.001	0.110	0.888
0.997	0.001	0.001	0.001
0.001	0.997	0.001	0.001
0.001	0.784	0.214	0.001
>AGCGCGGC	4-AGCGCGGC	7.764431	-12.079504	0	T:9.0(20.45%),B:4726.0(3.02%),P:1e-5	Tpos:37.9,Tstd:29.3,Bpos:50.6,Bstd:26.7,StrandBias:1.2,Multiplicity:1.11
0.883	0.001	0.001	0.115
0.001	0.001	0.997	0.001
0.001	0.912	0.086	0.001
0.121	0.083	0.795	0.001
0.001	0.787	0.095	0.117
0.080	0.093	0.826	0.001
0.001	0.001	0.997	0.001
0.001	0.897	0.101	0.001
>GTCGGCCC	5-GTCGGCCC	7.967626	-10.665296	0	T:8.0(18.18%),B:4289.0(2.74%),P:1e-4	Tpos:43.9,Tstd:28.8,Bpos:49.9,Bstd:27.2,StrandBias:-1.0,Multiplicity:1.12
0.001	0.001	0.997	0.001
0.001	0.001	0.178	0.820
0.001	0.997	0.001	0.001
0.064	0.001	0.565	0.370
0.001	0.001	0.935	0.063
0.001	0.997	0.001	0.001
0.032	0.966	0.001	0.001
0.001	0.747	0.001	0.251
