>AGACTTGATGAC	1-AGACTTGATGAC	6.213073	-19.678830	0	T:4.0(50.00%),B:11.1(0.25%),P:1e-8,FDR:0.4	Tpos:29.5,Tstd:24.5,Bpos:56.0,Bstd:38.6,StrandBias:-1.6,Multiplicity:1.00
0.997	0.001	0.001	0.001
0.001	0.001	0.997	0.001
0.862	0.001	0.136	0.001
0.001	0.980	0.018	0.001
0.001	0.001	0.001	0.997
0.001	0.001	0.001	0.997
0.001	0.001	0.871	0.127
0.871	0.127	0.001	0.001
0.001	0.001	0.001	0.997
0.001	0.001	0.997	0.001
0.871	0.001	0.127	0.001
0.001	0.881	0.117	0.001
>GTCTCTGCASAA	2-GTCTCTGCASAA	10.100527	-14.523843	0	T:3.0(37.50%),B:9.3(0.21%),P:1e-6,FDR:0.6	Tpos:32.0,Tstd:30.0,Bpos:43.2,Bstd:24.7,StrandBias:10.0,Multiplicity:1.00
0.001	0.220	0.585	0.194
0.001	0.001	0.193	0.805
0.198	0.775	0.001	0.026
0.193	0.001	0.001	0.805
0.001	0.997	0.001	0.001
0.387	0.001	0.001	0.611
0.001	0.001	0.805	0.193
0.001	0.805	0.001	0.193
0.805	0.001	0.193	0.001
0.194	0.387	0.418	0.001
0.805	0.001	0.193	0.001
0.392	0.194	0.194	0.220
>CCTTCCCAGTAA	3-CCTTCCCAGTAA	8.827295	-14.342640	0	T:4.0(50.00%),B:42.5(0.98%),P:1e-6,FDR:0.6	Tpos:55.2,Tstd:20.1,Bpos:52.8,Bstd:32.1,StrandBias:-0.6,Multiplicity:1.00
0.001	0.997	0.001	0.001
0.001	0.581	0.001	0.417
0.001	0.387	0.001	0.611
0.001	0.001	0.001	0.997
0.193	0.805	0.001	0.001
0.194	0.585	0.001	0.220
0.001	0.805	0.001	0.193
0.611	0.001	0.194	0.194
0.026	0.001	0.779	0.194
0.001	0.001	0.387	0.611
0.608	0.004	0.387	0.001
0.805	0.193	0.001	0.001
>CTCCAGCTGGAT	4-CTCCAGCTGGAT	12.355432	-6.299064	0	T:1.0(12.50%),B:0.7(0.02%),P:1e-2,FDR:0.8	Tpos:68.0,Tstd:0.0,Bpos:86.0,Bstd:0.0,StrandBias:-10.0,Multiplicity:1.00
0.100	0.700	0.100	0.100
0.100	0.100	0.100	0.700
0.100	0.700	0.100	0.100
0.100	0.700	0.100	0.100
0.700	0.100	0.100	0.100
0.100	0.100	0.700	0.100
0.100	0.700	0.100	0.100
0.100	0.100	0.100	0.700
0.100	0.100	0.700	0.100
0.100	0.100	0.700	0.100
0.700	0.100	0.100	0.100
0.100	0.100	0.100	0.700
>GGGGATACCCAT	5-GGGGATACCCAT	12.355432	-5.606722	0	T:1.0(12.50%),B:2.2(0.05%),P:1e-2,FDR:0.84	Tpos:82.0,Tstd:0.0,Bpos:76.0,Bstd:0.0,StrandBias:-10.0,Multiplicity:1.00
0.100	0.100	0.700	0.100
0.100	0.100	0.700	0.100
0.100	0.100	0.700	0.100
0.100	0.100	0.700	0.100
0.700	0.100	0.100	0.100
0.100	0.100	0.100	0.700
0.700	0.100	0.100	0.100
0.100	0.700	0.100	0.100
0.100	0.700	0.100	0.100
0.100	0.700	0.100	0.100
0.700	0.100	0.100	0.100
0.100	0.100	0.100	0.700
