>TGAAGTTATT	1-TGAAGTTATT	11.276337	-28.985825	0	T:7.0(4.22%),B:1.0(0.03%),P:1e-12	Tpos:42.0,Tstd:21.0,Bpos:30.0,Bstd:0.0,StrandBias:-0.4,Multiplicity:1.00
0.001	0.001	0.001	0.997
0.001	0.166	0.832	0.001
0.997	0.001	0.001	0.001
0.832	0.001	0.001	0.166
0.001	0.001	0.997	0.001
0.166	0.166	0.001	0.667
0.001	0.001	0.001	0.997
0.997	0.001	0.001	0.001
0.001	0.001	0.001	0.997
0.001	0.166	0.001	0.832
>TTAGTAAGTG	2-TTAGTAAGTG	11.276337	-19.991017	0	T:6.0(3.61%),B:2.0(0.07%),P:1e-8	Tpos:59.5,Tstd:17.4,Bpos:43.5,Bstd:16.5,StrandBias:1.0,Multiplicity:1.00
0.001	0.166	0.001	0.832
0.001	0.001	0.001	0.997
0.997	0.001	0.001	0.001
0.001	0.001	0.997	0.001
0.166	0.166	0.001	0.667
0.997	0.001	0.001	0.001
0.832	0.001	0.001	0.166
0.001	0.001	0.997	0.001
0.001	0.001	0.001	0.997
0.166	0.001	0.832	0.001
>CAAACCAGCT	3-CAAACCAGCT	10.884132	-19.420226	0	T:7.0(4.22%),B:4.0(0.13%),P:1e-8	Tpos:50.7,Tstd:33.6,Bpos:70.2,Bstd:16.3,StrandBias:1.3,Multiplicity:1.00
0.001	0.909	0.089	0.001
0.882	0.001	0.001	0.116
0.997	0.001	0.001	0.001
0.882	0.001	0.001	0.116
0.089	0.909	0.001	0.001
0.001	0.882	0.001	0.116
0.997	0.001	0.001	0.001
0.001	0.001	0.882	0.116
0.116	0.882	0.001	0.001
0.001	0.116	0.001	0.882
>GGGTTGCCTA	4-GGGTTGCCTA	11.097010	-16.674171	0	T:7.0(4.22%),B:6.0(0.20%),P:1e-7	Tpos:49.6,Tstd:28.0,Bpos:59.7,Bstd:27.7,StrandBias:-0.4,Multiplicity:1.00
0.147	0.001	0.851	0.001
0.147	0.147	0.705	0.001
0.001	0.001	0.997	0.001
0.001	0.001	0.001	0.997
0.001	0.001	0.147	0.851
0.001	0.001	0.997	0.001
0.001	0.997	0.001	0.001
0.001	0.851	0.001	0.147
0.001	0.001	0.001	0.997
0.851	0.147	0.001	0.001
>GTTAGAGGTC	5-GTTAGAGGTC	9.390586	-15.923044	0	T:6.0(3.61%),B:4.0(0.13%),P:1e-6	Tpos:46.4,Tstd:29.7,Bpos:50.2,Bstd:24.4,StrandBias:10.0,Multiplicity:1.50
0.076	0.076	0.772	0.076
0.001	0.023	0.001	0.975
0.001	0.076	0.152	0.771
0.763	0.084	0.001	0.152
0.084	0.076	0.839	0.001
0.770	0.001	0.001	0.228
0.076	0.001	0.771	0.152
0.001	0.001	0.923	0.075
0.059	0.007	0.001	0.933
0.135	0.484	0.305	0.076
>GCATATATAT	6-GCATATATAT	11.283340	-10.544594	0	T:3.0(1.81%),B:1.0(0.03%),P:1e-4	Tpos:42.3,Tstd:26.8,Bpos:50.0,Bstd:0.0,StrandBias:0.4,Multiplicity:1.33
0.379	0.001	0.619	0.001
0.001	0.829	0.001	0.169
0.997	0.001	0.001	0.001
0.001	0.001	0.001	0.997
0.829	0.169	0.001	0.001
0.001	0.001	0.001	0.997
0.890	0.001	0.108	0.001
0.001	0.001	0.001	0.997
0.997	0.001	0.001	0.001
0.001	0.001	0.001	0.997
>TATCTATCTA	7-TATCTATCTA	8.167516	-6.620009	0	T:8.0(4.82%),B:38.0(1.26%),P:1e-2	Tpos:48.8,Tstd:25.9,Bpos:53.2,Bstd:25.1,StrandBias:2.4,Multiplicity:1.38
0.130	0.001	0.125	0.744
0.997	0.001	0.001	0.001
0.001	0.125	0.125	0.749
0.011	0.764	0.100	0.125
0.001	0.250	0.001	0.748
0.997	0.001	0.001	0.001
0.001	0.004	0.001	0.994
0.001	0.737	0.137	0.125
0.125	0.205	0.001	0.669
0.743	0.001	0.001	0.255
>ACTGATTGCT	8-ACTGATTGCT	10.296193	-6.531502	0	T:2.0(1.20%),B:0.0(0.00%),P:1e-2	Tpos:54.5,Tstd:21.9,Bpos:0.0,Bstd:0.0,StrandBias:-1.6,Multiplicity:2.00
0.700	0.100	0.100	0.100
0.100	0.700	0.100	0.100
0.100	0.100	0.100	0.700
0.100	0.100	0.700	0.100
0.700	0.100	0.100	0.100
0.100	0.100	0.100	0.700
0.100	0.100	0.100	0.700
0.100	0.100	0.700	0.100
0.100	0.700	0.100	0.100
0.100	0.100	0.100	0.700
