>KCAKTGHCCS	1-KCAKTGHCCS	6.027025	-22.411322	0	T:17.0(10.24%),B:41.0(1.36%),P:1e-9	Tpos:40.0,Tstd:23.5,Bpos:48.3,Bstd:27.6,StrandBias:0.5,Multiplicity:1.06
0.036	0.235	0.336	0.392
0.012	0.921	0.031	0.036
0.629	0.295	0.001	0.075
0.213	0.140	0.274	0.373
0.036	0.012	0.180	0.772
0.036	0.311	0.620	0.033
0.239	0.375	0.135	0.251
0.259	0.464	0.229	0.048
0.205	0.472	0.036	0.288
0.214	0.369	0.286	0.131
>CTATGACTGT	2-CTATGACTGT	8.608018	-21.350126	0	T:11.0(6.63%),B:14.0(0.46%),P:1e-9	Tpos:45.6,Tstd:24.4,Bpos:40.9,Bstd:23.4,StrandBias:1.1,Multiplicity:1.45
0.001	0.711	0.216	0.072
0.072	0.072	0.216	0.640
0.867	0.060	0.072	0.001
0.001	0.001	0.001	0.997
0.072	0.149	0.651	0.128
0.590	0.144	0.265	0.001
0.144	0.783	0.001	0.072
0.001	0.001	0.071	0.927
0.001	0.001	0.997	0.001
0.001	0.143	0.001	0.855
>GGCCAAATGT	3-GGCCAAATGT	10.030661	-19.383020	0	T:5.0(3.01%),B:1.0(0.03%),P:1e-8	Tpos:53.2,Tstd:22.7,Bpos:36.0,Bstd:0.0,StrandBias:2.8,Multiplicity:1.60
0.298	0.001	0.700	0.001
0.389	0.001	0.609	0.001
0.001	0.997	0.001	0.001
0.311	0.687	0.001	0.001
0.997	0.001	0.001	0.001
0.612	0.299	0.088	0.001
0.611	0.312	0.001	0.076
0.001	0.001	0.001	0.997
0.001	0.298	0.700	0.001
0.001	0.001	0.012	0.986
>TTATCCAATG	4-TTATCCAATG	8.212750	-19.383020	0	T:5.0(3.01%),B:1.0(0.03%),P:1e-8	Tpos:48.8,Tstd:19.4,Bpos:39.0,Bstd:0.0,StrandBias:-0.6,Multiplicity:1.00
0.001	0.001	0.001	0.997
0.001	0.001	0.001	0.997
0.997	0.001	0.001	0.001
0.001	0.001	0.001	0.997
0.001	0.997	0.001	0.001
0.001	0.997	0.001	0.001
0.745	0.001	0.001	0.253
0.997	0.001	0.001	0.001
0.084	0.169	0.001	0.746
0.001	0.084	0.914	0.001
>ACTCCATGRC	5-ACTCCATGRC	9.440702	-13.978897	0	T:5.0(3.01%),B:3.0(0.10%),P:1e-6	Tpos:40.1,Tstd:24.8,Bpos:51.7,Bstd:3.9,StrandBias:-0.7,Multiplicity:1.60
0.997	0.001	0.001	0.001
0.001	0.848	0.150	0.001
0.001	0.001	0.001	0.997
0.001	0.997	0.001	0.001
0.001	0.997	0.001	0.001
0.997	0.001	0.001	0.001
0.150	0.001	0.001	0.848
0.001	0.001	0.997	0.001
0.453	0.001	0.545	0.001
0.001	0.997	0.001	0.001
>AKMATYAMCC	6-AKMATYAMCC	8.787721	-11.284177	0	T:6.0(3.61%),B:9.0(0.30%),P:1e-4	Tpos:52.1,Tstd:27.9,Bpos:40.1,Bstd:31.1,StrandBias:-2.0,Multiplicity:1.67
0.997	0.001	0.001	0.001
0.001	0.001	0.534	0.464
0.572	0.426	0.001	0.001
0.997	0.001	0.001	0.001
0.001	0.001	0.001	0.997
0.001	0.572	0.001	0.426
0.997	0.001	0.001	0.001
0.464	0.534	0.001	0.001
0.001	0.997	0.001	0.001
0.001	0.930	0.001	0.068
>GWGGTGACTG	7-GWGGTGACTG	11.146788	-10.540994	0	T:4.0(2.41%),B:3.0(0.10%),P:1e-4	Tpos:48.0,Tstd:25.8,Bpos:74.0,Bstd:12.0,StrandBias:-1.3,Multiplicity:1.75
0.001	0.001	0.997	0.001
0.449	0.001	0.170	0.380
0.001	0.001	0.997	0.001
0.001	0.001	0.997	0.001
0.001	0.001	0.001	0.997
0.169	0.001	0.829	0.001
0.997	0.001	0.001	0.001
0.001	0.997	0.001	0.001
0.001	0.001	0.001	0.997
0.001	0.108	0.890	0.001
>TTCAGGCAGA	8-TTCAGGCAGA	8.893379	-8.505603	0	T:3.0(1.81%),B:2.0(0.07%),P:1e-3	Tpos:39.2,Tstd:26.4,Bpos:19.0,Bstd:9.0,StrandBias:2.0,Multiplicity:1.67
0.064	0.092	0.121	0.723
0.116	0.121	0.129	0.634
0.096	0.639	0.126	0.139
0.734	0.105	0.011	0.150
0.086	0.054	0.785	0.075
0.150	0.121	0.654	0.075
0.172	0.681	0.072	0.075
0.807	0.011	0.053	0.129
0.150	0.115	0.714	0.021
0.635	0.123	0.159	0.083
