>GGTGACGT	1-GGTGACGT	7.358459	-18.866132	0	T:9.0(6.38%),B:12.0(0.39%),P:1e-8	Tpos:45.2,Tstd:23.1,Bpos:50.4,Bstd:28.9,StrandBias:0.2,Multiplicity:1.00
0.062	0.001	0.863	0.074
0.337	0.094	0.568	0.001
0.001	0.093	0.001	0.905
0.001	0.001	0.905	0.093
0.997	0.001	0.001	0.001
0.054	0.862	0.060	0.024
0.001	0.001	0.969	0.029
0.001	0.001	0.001	0.997
>GYGCCTCA	2-GYGCCTCA	7.134340	-11.897247	0	T:13.0(9.22%),B:62.0(2.02%),P:1e-5	Tpos:40.6,Tstd:22.9,Bpos:48.8,Bstd:26.5,StrandBias:1.6,Multiplicity:1.00
0.001	0.001	0.997	0.001
0.001	0.434	0.001	0.564
0.003	0.001	0.991	0.005
0.039	0.558	0.027	0.376
0.001	0.697	0.174	0.128
0.001	0.127	0.001	0.871
0.001	0.648	0.001	0.350
0.852	0.146	0.001	0.001
>TGTGTCTG	3-TGTGTCTG	2.077935	-11.756647	0	T:91.0(64.54%),B:1411.0(46.08%),P:1e-5	Tpos:46.8,Tstd:29.2,Bpos:49.4,Bstd:27.5,StrandBias:-0.6,Multiplicity:1.54
0.001	0.001	0.001	0.997
0.050	0.216	0.733	0.001
0.170	0.001	0.035	0.794
0.021	0.001	0.977	0.001
0.001	0.054	0.044	0.901
0.172	0.616	0.181	0.031
0.001	0.001	0.001	0.997
0.022	0.001	0.976	0.001
>TCCTCCTG	4-TCCTCCTG	4.973589	-9.552127	0	T:61.0(43.26%),B:856.0(27.96%),P:1e-4	Tpos:46.9,Tstd:27.9,Bpos:50.8,Bstd:27.5,StrandBias:0.1,Multiplicity:1.31
0.058	0.145	0.099	0.698
0.083	0.767	0.044	0.106
0.103	0.720	0.077	0.100
0.070	0.066	0.041	0.823
0.048	0.795	0.097	0.060
0.065	0.671	0.114	0.150
0.064	0.128	0.035	0.773
0.122	0.056	0.763	0.059
>CTGCAGTG	5-CTGCAGTG	8.339451	-9.162824	0	T:13.0(9.22%),B:81.0(2.65%),P:1e-3	Tpos:40.6,Tstd:29.9,Bpos:52.9,Bstd:29.4,StrandBias:-0.2,Multiplicity:1.17
0.001	0.997	0.001	0.001
0.001	0.001	0.001	0.997
0.001	0.001	0.997	0.001
0.001	0.739	0.178	0.082
0.784	0.001	0.127	0.088
0.001	0.001	0.997	0.001
0.001	0.001	0.001	0.997
0.001	0.001	0.997	0.001
