>CTGGCCCTCC	1-CTGGCCCTCC	11.091263	-22.748761	0	T:8.0(5.67%),B:5.0(0.16%),P:1e-9	Tpos:50.6,Tstd:28.8,Bpos:40.8,Bstd:24.6,StrandBias:1.6,Multiplicity:1.00
0.001	0.997	0.001	0.001
0.001	0.001	0.142	0.856
0.001	0.001	0.997	0.001
0.001	0.001	0.856	0.142
0.142	0.856	0.001	0.001
0.001	0.997	0.001	0.001
0.001	0.856	0.001	0.142
0.001	0.001	0.001	0.997
0.001	0.997	0.001	0.001
0.143	0.713	0.001	0.143
>ATTGCACACA	2-ATTGCACACA	11.121572	-15.687509	0	T:6.0(4.26%),B:5.0(0.16%),P:1e-6	Tpos:68.9,Tstd:15.6,Bpos:52.0,Bstd:31.1,StrandBias:0.0,Multiplicity:1.33
0.856	0.001	0.142	0.001
0.142	0.001	0.001	0.856
0.142	0.001	0.001	0.856
0.001	0.001	0.997	0.001
0.001	0.856	0.142	0.001
0.997	0.001	0.001	0.001
0.001	0.856	0.001	0.142
0.997	0.001	0.001	0.001
0.001	0.997	0.001	0.001
0.856	0.142	0.001	0.001
>GCCCCAGCTG	3-GCCCCAGCTG	7.430609	-13.882171	0	T:20.0(14.18%),B:122.0(3.98%),P:1e-6	Tpos:39.8,Tstd:28.6,Bpos:52.3,Bstd:27.0,StrandBias:-0.5,Multiplicity:1.30
0.053	0.051	0.861	0.035
0.049	0.751	0.101	0.099
0.082	0.736	0.049	0.133
0.099	0.770	0.082	0.049
0.099	0.752	0.001	0.148
0.851	0.001	0.001	0.147
0.049	0.001	0.802	0.148
0.001	0.950	0.048	0.001
0.001	0.126	0.001	0.872
0.001	0.150	0.671	0.178
>GACWCTTACT	4-GACWCTTACT	10.997923	-12.832129	0	T:4.0(2.84%),B:2.0(0.07%),P:1e-5	Tpos:38.6,Tstd:21.3,Bpos:52.5,Bstd:10.5,StrandBias:1.3,Multiplicity:1.75
0.001	0.001	0.997	0.001
0.997	0.001	0.001	0.001
0.001	0.997	0.001	0.001
0.455	0.001	0.001	0.543
0.001	0.997	0.001	0.001
0.151	0.001	0.001	0.847
0.001	0.001	0.001	0.997
0.847	0.001	0.001	0.151
0.001	0.997	0.001	0.001
0.001	0.001	0.001	0.997
>ATCCGTGGAC	5-ATCCGTGGAC	10.754081	-11.081122	0	T:3.0(2.13%),B:1.0(0.03%),P:1e-4	Tpos:53.2,Tstd:23.9,Bpos:96.0,Bstd:0.0,StrandBias:-10.0,Multiplicity:2.00
0.997	0.001	0.001	0.001
0.001	0.001	0.001	0.997
0.001	0.997	0.001	0.001
0.189	0.809	0.001	0.001
0.001	0.242	0.756	0.001
0.001	0.001	0.001	0.997
0.001	0.001	0.997	0.001
0.001	0.001	0.997	0.001
0.997	0.001	0.001	0.001
0.001	0.997	0.001	0.001
>GGATGACTCA	6-GGATGACTCA	13.653180	-6.886602	0	T:2.0(1.42%),B:1.0(0.03%),P:1e-2	Tpos:57.0,Tstd:27.0,Bpos:54.0,Bstd:0.0,StrandBias:2.0,Multiplicity:2.50
0.001	0.001	0.997	0.001
0.001	0.001	0.997	0.001
0.997	0.001	0.001	0.001
0.001	0.001	0.001	0.997
0.001	0.001	0.997	0.001
0.997	0.001	0.001	0.001
0.001	0.833	0.001	0.165
0.001	0.001	0.001	0.997
0.001	0.997	0.001	0.001
0.997	0.001	0.001	0.001
>AMAACAYAAH	7-AMAACAYAAH	7.971471	-6.106298	0	T:11.0(7.80%),B:86.0(2.81%),P:1e-2	Tpos:42.5,Tstd:23.8,Bpos:47.7,Bstd:23.1,StrandBias:1.6,Multiplicity:2.73
0.815	0.150	0.001	0.034
0.367	0.350	0.109	0.173
0.660	0.134	0.181	0.025
0.930	0.001	0.035	0.034
0.248	0.544	0.147	0.061
0.783	0.168	0.035	0.014
0.164	0.455	0.060	0.322
0.721	0.048	0.001	0.230
0.727	0.098	0.085	0.090
0.411	0.291	0.036	0.262
>GGTGATTCTA	8-GGTGATTCTA	10.296193	-2.430300	0	T:1.0(0.71%),B:2.0(0.07%),P:1e-1	Tpos:53.5,Tstd:27.7,Bpos:44.5,Bstd:8.5,StrandBias:10.0,Multiplicity:4.00
0.100	0.100	0.700	0.100
0.100	0.100	0.700	0.100
0.100	0.100	0.100	0.700
0.100	0.100	0.700	0.100
0.700	0.100	0.100	0.100
0.100	0.100	0.100	0.700
0.100	0.100	0.100	0.700
0.100	0.700	0.100	0.100
0.100	0.100	0.100	0.700
0.700	0.100	0.100	0.100
