>CTTACTAA	1-CTTACTAA	7.000176	-13.394756	0	T:14.0(9.93%),B:63.0(2.06%),P:1e-5	Tpos:47.5,Tstd:21.4,Bpos:57.0,Bstd:25.2,StrandBias:0.3,Multiplicity:1.29
0.001	0.971	0.027	0.001
0.101	0.001	0.001	0.897
0.001	0.052	0.042	0.905
0.926	0.026	0.047	0.001
0.067	0.830	0.001	0.102
0.104	0.047	0.001	0.848
0.805	0.193	0.001	0.001
0.872	0.080	0.047	0.001
>GKCCCGTC	2-GKCCCGTC	6.399478	-13.076538	0	T:10.0(7.09%),B:31.0(1.01%),P:1e-5	Tpos:47.3,Tstd:26.8,Bpos:51.0,Bstd:24.7,StrandBias:-0.2,Multiplicity:1.30
0.339	0.007	0.653	0.001
0.001	0.250	0.347	0.402
0.099	0.552	0.348	0.001
0.001	0.721	0.001	0.277
0.001	0.734	0.264	0.001
0.001	0.189	0.582	0.228
0.001	0.001	0.286	0.712
0.127	0.871	0.001	0.001
>GATACAGC	3-GATACAGC	8.236954	-11.081122	0	T:3.0(2.13%),B:1.0(0.03%),P:1e-4	Tpos:47.5,Tstd:23.5,Bpos:75.0,Bstd:0.0,StrandBias:10.0,Multiplicity:1.33
0.100	0.100	0.700	0.100
0.700	0.100	0.100	0.100
0.100	0.100	0.100	0.700
0.700	0.100	0.100	0.100
0.100	0.700	0.100	0.100
0.700	0.100	0.100	0.100
0.100	0.100	0.700	0.100
0.100	0.700	0.100	0.100
>AAAAAAAA	4-AAAAAAAA	7.408870	-7.593577	0	T:20.0(14.18%),B:191.0(6.24%),P:1e-3	Tpos:50.9,Tstd:21.7,Bpos:50.4,Bstd:28.4,StrandBias:1.9,Multiplicity:1.00
0.997	0.001	0.001	0.001
0.950	0.001	0.048	0.001
0.848	0.001	0.108	0.043
0.885	0.001	0.113	0.001
0.890	0.001	0.108	0.001
0.874	0.001	0.124	0.001
0.901	0.001	0.097	0.001
0.997	0.001	0.001	0.001
>CTGACCCT	5-CTGACCCT	8.236954	-0.742457	0	T:1.0(0.71%),B:14.0(0.46%),P:1e0	Tpos:57.3,Tstd:26.4,Bpos:45.7,Bstd:25.0,StrandBias:-10.0,Multiplicity:12.00
0.100	0.700	0.100	0.100
0.100	0.100	0.100	0.700
0.100	0.100	0.700	0.100
0.700	0.100	0.100	0.100
0.100	0.700	0.100	0.100
0.100	0.700	0.100	0.100
0.100	0.700	0.100	0.100
0.100	0.100	0.100	0.700
