>CTAGAAAT	1-CTAGAAAT	9.112650	-15.449328	0	T:9.0(6.38%),B:18.0(0.59%),P:1e-6	Tpos:65.6,Tstd:23.0,Bpos:51.7,Bstd:25.2,StrandBias:-0.3,Multiplicity:1.00
0.174	0.824	0.001	0.001
0.001	0.001	0.001	0.997
0.827	0.001	0.171	0.001
0.001	0.001	0.997	0.001
0.997	0.001	0.001	0.001
0.997	0.001	0.001	0.001
0.997	0.001	0.001	0.001
0.001	0.001	0.001	0.997
>TGGTTCAA	2-TGGTTCAA	6.977842	-15.064250	0	T:21.0(14.89%),B:124.0(4.05%),P:1e-6	Tpos:60.9,Tstd:24.0,Bpos:49.8,Bstd:28.5,StrandBias:1.1,Multiplicity:1.05
0.044	0.001	0.001	0.954
0.063	0.109	0.790	0.038
0.001	0.038	0.829	0.132
0.045	0.066	0.001	0.888
0.085	0.001	0.001	0.913
0.050	0.917	0.032	0.001
0.823	0.030	0.109	0.038
0.934	0.020	0.045	0.001
>TTGCCWTG	3-TTGCCWTG	7.531296	-11.528437	0	T:17.0(12.06%),B:107.0(3.49%),P:1e-5	Tpos:51.0,Tstd:23.6,Bpos:51.2,Bstd:26.3,StrandBias:-0.4,Multiplicity:1.24
0.006	0.002	0.007	0.985
0.004	0.121	0.281	0.594
0.038	0.284	0.585	0.093
0.102	0.725	0.129	0.044
0.004	0.747	0.117	0.132
0.467	0.001	0.001	0.531
0.048	0.005	0.001	0.946
0.006	0.276	0.716	0.002
>GAACTAGT	4-GAACTAGT	8.236954	-9.035380	0	T:3.0(2.13%),B:2.0(0.07%),P:1e-3	Tpos:72.2,Tstd:21.8,Bpos:79.0,Bstd:8.0,StrandBias:1.6,Multiplicity:1.00
0.100	0.100	0.700	0.100
0.700	0.100	0.100	0.100
0.700	0.100	0.100	0.100
0.100	0.700	0.100	0.100
0.100	0.100	0.100	0.700
0.700	0.100	0.100	0.100
0.100	0.100	0.700	0.100
0.100	0.100	0.100	0.700
>AACCTAAC	5-AACCTAAC	7.532699	-6.211943	0	T:6.0(4.26%),B:28.0(0.91%),P:1e-2	Tpos:57.5,Tstd:23.5,Bpos:41.3,Bstd:29.3,StrandBias:-2.0,Multiplicity:2.50
0.833	0.001	0.165	0.001
0.804	0.194	0.001	0.001
0.001	0.997	0.001	0.001
0.094	0.904	0.001	0.001
0.001	0.001	0.001	0.997
0.997	0.001	0.001	0.001
0.997	0.001	0.001	0.001
0.001	0.997	0.001	0.001
>ACACACAC	6-ACACACAC	6.558037	-5.898437	0	T:20.0(14.18%),B:220.0(7.18%),P:1e-2	Tpos:39.1,Tstd:24.2,Bpos:50.5,Bstd:27.5,StrandBias:2.1,Multiplicity:1.25
0.984	0.014	0.001	0.001
0.012	0.917	0.001	0.070
0.917	0.043	0.001	0.039
0.069	0.899	0.001	0.031
0.956	0.022	0.001	0.021
0.014	0.967	0.001	0.018
0.942	0.034	0.001	0.023
0.023	0.892	0.035	0.050
>CCCCTGAC	7-CCCCTGAC	7.453368	-5.604949	0	T:9.0(6.38%),B:66.0(2.16%),P:1e-2	Tpos:57.7,Tstd:30.3,Bpos:49.8,Bstd:27.8,StrandBias:1.4,Multiplicity:2.00
0.001	0.955	0.043	0.001
0.001	0.777	0.001	0.221
0.001	0.867	0.001	0.131
0.078	0.920	0.001	0.001
0.001	0.001	0.001	0.997
0.001	0.001	0.997	0.001
0.997	0.001	0.001	0.001
0.001	0.997	0.001	0.001
