>TGTGTCTTCC	1-TGTGTCTTCC	12.329821	-19.643634	0	T:4.0(14.81%),B:2.0(0.06%),P:1e-8	Tpos:42.8,Tstd:25.5,Bpos:54.0,Bstd:27.0,StrandBias:10.0,Multiplicity:1.00
0.001	0.001	0.001	0.997
0.001	0.001	0.997	0.001
0.001	0.001	0.001	0.997
0.001	0.001	0.997	0.001
0.001	0.001	0.001	0.997
0.001	0.666	0.001	0.332
0.001	0.001	0.001	0.997
0.001	0.001	0.001	0.997
0.001	0.997	0.001	0.001
0.001	0.666	0.001	0.332
>KGCAWTKYAG	2-KGCAWTKYAG	7.589763	-15.272807	0	T:4.0(14.81%),B:6.0(0.19%),P:1e-6	Tpos:46.3,Tstd:20.1,Bpos:48.7,Bstd:25.3,StrandBias:0.0,Multiplicity:1.00
0.001	0.001	0.452	0.546
0.023	0.001	0.975	0.001
0.001	0.975	0.001	0.023
0.997	0.001	0.001	0.001
0.523	0.001	0.001	0.475
0.001	0.001	0.001	0.997
0.001	0.001	0.546	0.452
0.001	0.546	0.001	0.452
0.997	0.001	0.001	0.001
0.001	0.001	0.997	0.001
>GTGGATGCTA	3-GTGGATGCTA	7.054123	-13.253128	0	T:4.0(14.81%),B:10.0(0.32%),P:1e-5	Tpos:51.8,Tstd:39.4,Bpos:55.4,Bstd:15.5,StrandBias:0.0,Multiplicity:1.00
0.001	0.001	0.997	0.001
0.057	0.001	0.115	0.827
0.001	0.001	0.997	0.001
0.001	0.001	0.997	0.001
0.997	0.001	0.001	0.001
0.001	0.001	0.001	0.997
0.057	0.001	0.941	0.001
0.001	0.997	0.001	0.001
0.172	0.001	0.001	0.826
0.997	0.001	0.001	0.001
>AACAGAGGCC	4-AACAGAGGCC	7.331919	-11.770464	0	T:7.0(25.93%),B:88.0(2.82%),P:1e-5	Tpos:57.2,Tstd:20.5,Bpos:48.5,Bstd:25.0,StrandBias:-1.8,Multiplicity:1.29
0.687	0.311	0.001	0.001
0.662	0.312	0.010	0.016
0.001	0.997	0.001	0.001
0.687	0.001	0.311	0.001
0.015	0.311	0.673	0.001
0.997	0.001	0.001	0.001
0.001	0.001	0.997	0.001
0.001	0.001	0.997	0.001
0.001	0.687	0.311	0.001
0.322	0.676	0.001	0.001
>GCTGCAGCCC	5-GCTGCAGCCC	7.332517	-11.295706	0	T:8.0(29.63%),B:134.0(4.30%),P:1e-4	Tpos:32.2,Tstd:24.7,Bpos:54.0,Bstd:25.2,StrandBias:0.5,Multiplicity:1.38
0.001	0.001	0.806	0.192
0.001	0.855	0.001	0.143
0.152	0.001	0.001	0.846
0.143	0.060	0.796	0.001
0.122	0.876	0.001	0.001
0.847	0.143	0.001	0.009
0.070	0.203	0.583	0.144
0.143	0.855	0.001	0.001
0.143	0.713	0.143	0.001
0.005	0.851	0.143	0.001
