>HAMACTTGKCTC	1-HAMACTTGKCTC	8.172507	-17.878830	0	T:5.0(83.33%),B:39.0(1.96%),P:1e-7	Tpos:67.9,Tstd:26.1,Bpos:58.5,Bstd:25.0,StrandBias:2.6,Multiplicity:1.40
0.351	0.351	0.001	0.298
0.701	0.001	0.001	0.297
0.472	0.526	0.001	0.001
0.823	0.175	0.001	0.001
0.001	0.648	0.350	0.001
0.001	0.267	0.001	0.731
0.091	0.001	0.001	0.907
0.122	0.351	0.526	0.001
0.001	0.175	0.351	0.473
0.001	0.648	0.001	0.350
0.092	0.001	0.351	0.556
0.001	0.731	0.267	0.001
>CACACCMGGTTT	2-CACACCMGGTTT	9.111157	-17.124549	0	T:4.0(66.67%),B:14.0(0.70%),P:1e-7	Tpos:47.0,Tstd:24.9,Bpos:48.3,Bstd:34.7,StrandBias:10.0,Multiplicity:1.00
0.001	0.759	0.001	0.239
0.997	0.001	0.001	0.001
0.001	0.759	0.001	0.239
0.725	0.239	0.035	0.001
0.001	0.521	0.239	0.239
0.001	0.759	0.001	0.239
0.478	0.520	0.001	0.001
0.034	0.001	0.964	0.001
0.239	0.035	0.725	0.001
0.281	0.239	0.001	0.479
0.281	0.001	0.239	0.479
0.239	0.001	0.001	0.759
>GGDCBABCGGAT	3-GGDCBABCGGAT	10.760605	-12.482054	0	T:2.0(33.33%),B:1.0(0.05%),P:1e-5	Tpos:22.5,Tstd:0.5,Bpos:91.0,Bstd:0.0,StrandBias:0.0,Multiplicity:1.00
0.001	0.001	0.997	0.001
0.028	0.001	0.970	0.001
0.315	0.001	0.344	0.340
0.315	0.630	0.001	0.054
0.001	0.315	0.340	0.344
0.974	0.024	0.001	0.001
0.001	0.365	0.319	0.315
0.315	0.681	0.001	0.003
0.050	0.315	0.634	0.001
0.024	0.001	0.974	0.001
0.684	0.314	0.001	0.001
0.001	0.025	0.001	0.973
>CBTGBGGAAAGC	4-CBTGBGGAAAGC	9.644590	-9.268550	0	T:2.0(33.33%),B:5.0(0.25%),P:1e-4	Tpos:71.5,Tstd:17.5,Bpos:63.8,Bstd:23.3,StrandBias:0.0,Multiplicity:1.00
0.001	0.684	0.001	0.314
0.001	0.315	0.315	0.369
0.368	0.001	0.001	0.630
0.001	0.001	0.684	0.314
0.001	0.369	0.315	0.315
0.001	0.001	0.997	0.001
0.001	0.001	0.997	0.001
0.684	0.001	0.314	0.001
0.684	0.314	0.001	0.001
0.684	0.001	0.314	0.001
0.001	0.314	0.684	0.001
0.315	0.630	0.054	0.001
>TCTTCTAACAGG	5-TCTTCTAACAGG	12.355432	-5.803880	0	T:1.0(16.67%),B:0.0(0.00%),P:1e-2	Tpos:6.0,Tstd:0.0,Bpos:0.0,Bstd:0.0,StrandBias:10.0,Multiplicity:1.00
0.100	0.100	0.100	0.700
0.100	0.700	0.100	0.100
0.100	0.100	0.100	0.700
0.100	0.100	0.100	0.700
0.100	0.700	0.100	0.100
0.100	0.100	0.100	0.700
0.700	0.100	0.100	0.100
0.700	0.100	0.100	0.100
0.100	0.700	0.100	0.100
0.700	0.100	0.100	0.100
0.100	0.100	0.700	0.100
0.100	0.100	0.700	0.100
