>AGTDGAATACAG	1-AGTDGAATACAG	9.933811	-22.127521	0	T:4.0(66.67%),B:4.0(0.20%),P:1e-9	Tpos:48.4,Tstd:31.5,Bpos:63.5,Bstd:19.6,StrandBias:2.0,Multiplicity:1.25
0.657	0.315	0.027	0.001
0.001	0.001	0.997	0.001
0.001	0.001	0.314	0.684
0.369	0.001	0.315	0.315
0.001	0.314	0.684	0.001
0.630	0.368	0.001	0.001
0.997	0.001	0.001	0.001
0.001	0.001	0.001	0.997
0.630	0.368	0.001	0.001
0.001	0.997	0.001	0.001
0.684	0.001	0.001	0.314
0.001	0.001	0.630	0.368
>ARCSYMTRSCAC	2-ARCSYMTRSCAC	8.992811	-14.418934	0	T:3.0(50.00%),B:6.0(0.30%),P:1e-6	Tpos:56.3,Tstd:15.4,Bpos:59.5,Bstd:29.6,StrandBias:1.0,Multiplicity:1.00
0.997	0.001	0.001	0.001
0.538	0.001	0.460	0.001
0.001	0.997	0.001	0.001
0.001	0.538	0.460	0.001
0.001	0.460	0.001	0.538
0.460	0.460	0.001	0.079
0.001	0.001	0.001	0.997
0.460	0.001	0.538	0.001
0.079	0.460	0.460	0.001
0.001	0.997	0.001	0.001
0.997	0.001	0.001	0.001
0.067	0.931	0.001	0.001
>MKACYWTSCAYW	3-MKACYWTSCAYW	5.446346	-12.606204	0	T:3.0(50.00%),B:11.0(0.55%),P:1e-5	Tpos:61.5,Tstd:21.9,Bpos:58.1,Bstd:24.5,StrandBias:0.0,Multiplicity:1.33
0.460	0.528	0.011	0.001
0.001	0.001	0.460	0.538
0.997	0.001	0.001	0.001
0.001	0.920	0.078	0.001
0.001	0.471	0.001	0.527
0.471	0.001	0.001	0.527
0.001	0.001	0.001	0.997
0.001	0.538	0.460	0.001
0.001	0.997	0.001	0.001
0.997	0.001	0.001	0.001
0.001	0.460	0.067	0.472
0.460	0.001	0.001	0.538
>MMSMWMCTTTSA	4-MMSMWMCTTTSA	11.654703	-10.287515	0	T:2.0(33.33%),B:3.0(0.15%),P:1e-4	Tpos:45.0,Tstd:31.0,Bpos:42.7,Bstd:30.2,StrandBias:0.0,Multiplicity:1.00
0.460	0.460	0.001	0.079
0.538	0.460	0.001	0.001
0.001	0.460	0.538	0.001
0.538	0.460	0.001	0.001
0.538	0.001	0.001	0.460
0.460	0.538	0.001	0.001
0.001	0.997	0.001	0.001
0.001	0.001	0.001	0.997
0.001	0.001	0.001	0.997
0.001	0.001	0.001	0.997
0.001	0.460	0.538	0.001
0.997	0.001	0.001	0.001
>GTGGGAGBDGCT	5-GTGGGAGBDGCT	9.480566	-9.822650	0	T:3.0(50.00%),B:28.0(1.41%),P:1e-4	Tpos:71.2,Tstd:20.8,Bpos:55.8,Bstd:26.3,StrandBias:-1.6,Multiplicity:1.33
0.001	0.314	0.684	0.001
0.001	0.314	0.001	0.684
0.314	0.001	0.684	0.001
0.001	0.314	0.684	0.001
0.001	0.001	0.997	0.001
0.630	0.001	0.001	0.368
0.001	0.001	0.997	0.001
0.001	0.315	0.369	0.315
0.315	0.001	0.369	0.315
0.001	0.314	0.684	0.001
0.314	0.684	0.001	0.001
0.001	0.001	0.001	0.997
