>CTGAGTGGGTGG	1-CTGAGTGGGTGG	10.217662	-25.657308	0	T:13.0(6.31%),B:587.2(0.42%),P:1e-11,FDR:0.2	Tpos:52.9,Tstd:27.5,Bpos:50.8,Bstd:30.7,StrandBias:1.2,Multiplicity:1.00
0.045	0.691	0.152	0.112
0.003	0.001	0.045	0.951
0.076	0.111	0.812	0.001
0.930	0.001	0.003	0.066
0.001	0.001	0.887	0.111
0.001	0.186	0.142	0.671
0.166	0.001	0.832	0.001
0.001	0.001	0.995	0.003
0.001	0.093	0.822	0.084
0.199	0.001	0.001	0.799
0.177	0.001	0.734	0.088
0.001	0.111	0.887	0.001
>CCCCCTCYATBM	2-CCCCCTCYATBM	8.857779	-19.775700	0	T:16.0(7.77%),B:1590.5(1.13%),P:1e-8,FDR:0.9	Tpos:54.6,Tstd:28.1,Bpos:51.1,Bstd:31.7,StrandBias:-0.7,Multiplicity:1.00
0.001	0.997	0.001	0.001
0.001	0.576	0.001	0.422
0.001	0.997	0.001	0.001
0.179	0.615	0.001	0.205
0.178	0.651	0.170	0.001
0.183	0.001	0.009	0.807
0.001	0.611	0.387	0.001
0.001	0.445	0.001	0.553
0.593	0.056	0.350	0.001
0.009	0.001	0.204	0.786
0.001	0.250	0.384	0.366
0.340	0.441	0.001	0.218
>CATGCTTGTGAT	3-CATGCTTGTGAT	8.477739	-17.892158	0	T:16.0(7.77%),B:1822.1(1.29%),P:1e-7,FDR:0.9	Tpos:55.8,Tstd:23.2,Bpos:49.7,Bstd:33.1,StrandBias:0.0,Multiplicity:1.00
0.140	0.858	0.001	0.001
0.685	0.123	0.001	0.191
0.200	0.001	0.192	0.607
0.001	0.216	0.634	0.149
0.001	0.874	0.001	0.124
0.216	0.189	0.001	0.594
0.001	0.001	0.066	0.932
0.001	0.216	0.732	0.051
0.074	0.001	0.001	0.924
0.001	0.001	0.881	0.117
0.616	0.100	0.283	0.001
0.075	0.010	0.248	0.667
>CATGAGGCAGCT	4-CATGAGGCAGCT	14.303401	-15.878022	0	T:4.0(1.94%),B:29.6(0.02%),P:1e-6,FDR:0.9	Tpos:43.5,Tstd:26.4,Bpos:39.0,Bstd:28.0,StrandBias:1.6,Multiplicity:1.00
0.001	0.997	0.001	0.001
0.575	0.162	0.262	0.001
0.174	0.001	0.166	0.659
0.001	0.001	0.997	0.001
0.997	0.001	0.001	0.001
0.001	0.001	0.997	0.001
0.001	0.001	0.997	0.001
0.001	0.997	0.001	0.001
0.997	0.001	0.001	0.001
0.001	0.001	0.997	0.001
0.001	0.997	0.001	0.001
0.001	0.001	0.001	0.997
>SCCTCACWGCAG	5-SCCTCACWGCAG	9.765079	-14.997240	0	T:10.0(4.85%),B:779.5(0.55%),P:1e-6,FDR:0.9	Tpos:57.2,Tstd:30.1,Bpos:51.8,Bstd:29.4,StrandBias:0.2,Multiplicity:1.20
0.001	0.507	0.394	0.098
0.001	0.882	0.115	0.002
0.227	0.771	0.001	0.001
0.253	0.001	0.001	0.745
0.001	0.900	0.098	0.001
0.732	0.108	0.159	0.001
0.265	0.713	0.021	0.001
0.496	0.001	0.001	0.502
0.001	0.261	0.737	0.001
0.001	0.997	0.001	0.001
0.879	0.001	0.001	0.119
0.021	0.111	0.867	0.001
>GGAGCAGCAGGA	6-GGAGCAGCAGGA	15.678663	-8.966135	0	T:2.0(0.97%),B:11.3(0.01%),P:1e-3,FDR:0.9	Tpos:75.5,Tstd:12.9,Bpos:47.0,Bstd:30.2,StrandBias:10.0,Multiplicity:2.00
0.001	0.001	0.997	0.001
0.001	0.001	0.997	0.001
0.997	0.001	0.001	0.001
0.001	0.001	0.997	0.001
0.001	0.997	0.001	0.001
0.997	0.001	0.001	0.001
0.001	0.001	0.601	0.397
0.001	0.997	0.001	0.001
0.997	0.001	0.001	0.001
0.001	0.001	0.997	0.001
0.001	0.001	0.997	0.001
0.997	0.001	0.001	0.001
>TCAGCTAGCCAG	7-TCAGCTAGCCAG	12.355432	-5.834953	0	T:1.0(0.49%),B:2.7(0.00%),P:1e-2,FDR:0.9	Tpos:42.6,Tstd:27.1,Bpos:45.4,Bstd:33.1,StrandBias:10.0,Multiplicity:5.00
0.100	0.100	0.100	0.700
0.100	0.700	0.100	0.100
0.700	0.100	0.100	0.100
0.100	0.100	0.700	0.100
0.100	0.700	0.100	0.100
0.100	0.100	0.100	0.700
0.700	0.100	0.100	0.100
0.100	0.100	0.700	0.100
0.100	0.700	0.100	0.100
0.100	0.700	0.100	0.100
0.700	0.100	0.100	0.100
0.100	0.100	0.700	0.100
>AAAACCAAAACC	8-AAAACCAAAACC	13.049445	-5.229895	0	T:5.0(2.43%),B:754.7(0.54%),P:1e-2,FDR:0.9	Tpos:43.1,Tstd:20.8,Bpos:51.5,Bstd:44.2,StrandBias:-2.1,Multiplicity:3.20
0.920	0.078	0.001	0.001
0.843	0.155	0.001	0.001
0.835	0.001	0.001	0.163
0.997	0.001	0.001	0.001
0.066	0.932	0.001	0.001
0.001	0.997	0.001	0.001
0.997	0.001	0.001	0.001
0.850	0.148	0.001	0.001
0.828	0.001	0.001	0.170
0.997	0.001	0.001	0.001
0.063	0.935	0.001	0.001
0.001	0.997	0.001	0.001
