>TTTGCCCC	1-TTTGCCCC	5.910943	-15.037417	0	T:14.0(27.45%),B:8111.0(5.33%),P:1e-6	Tpos:33.5,Tstd:23.3,Bpos:50.2,Bstd:27.4,StrandBias:-1.3,Multiplicity:1.08
0.001	0.071	0.001	0.927
0.112	0.051	0.083	0.754
0.001	0.122	0.001	0.876
0.001	0.066	0.932	0.001
0.001	0.894	0.001	0.104
0.099	0.899	0.001	0.001
0.001	0.803	0.128	0.068
0.001	0.997	0.001	0.001
>ATTGAGAT	2-ATTGAGAT	7.997744	-13.649166	0	T:9.0(17.65%),B:3228.0(2.12%),P:1e-5	Tpos:56.3,Tstd:23.0,Bpos:49.7,Bstd:27.3,StrandBias:-1.8,Multiplicity:1.00
0.870	0.128	0.001	0.001
0.100	0.106	0.001	0.793
0.001	0.001	0.104	0.894
0.001	0.001	0.997	0.001
0.997	0.001	0.001	0.001
0.001	0.001	0.997	0.001
0.866	0.132	0.001	0.001
0.125	0.137	0.001	0.737
>AGCTCCGC	3-AGCTCCGC	6.134943	-10.173819	0	T:16.0(31.37%),B:15848.0(10.41%),P:1e-4	Tpos:62.2,Tstd:24.4,Bpos:50.0,Bstd:26.8,StrandBias:0.3,Multiplicity:1.38
0.945	0.001	0.053	0.001
0.001	0.001	0.997	0.001
0.001	0.997	0.001	0.001
0.098	0.001	0.094	0.807
0.001	0.997	0.001	0.001
0.046	0.726	0.111	0.117
0.050	0.068	0.775	0.107
0.120	0.810	0.069	0.001
>TCCTGGAA	4-TCCTGGAA	7.199345	-9.742337	0	T:13.0(25.49%),B:11152.0(7.33%),P:1e-4	Tpos:55.7,Tstd:31.4,Bpos:49.6,Bstd:27.0,StrandBias:-0.2,Multiplicity:1.00
0.270	0.134	0.100	0.496
0.001	0.672	0.167	0.160
0.001	0.997	0.001	0.001
0.248	0.001	0.001	0.750
0.001	0.001	0.997	0.001
0.141	0.001	0.857	0.001
0.631	0.270	0.098	0.001
0.690	0.152	0.157	0.001
>GTTTTTTT	5-GTTTTTTT	5.790583	-6.191739	0	T:12.0(23.53%),B:14111.0(9.27%),P:1e-2	Tpos:38.7,Tstd:21.3,Bpos:50.5,Bstd:26.8,StrandBias:-0.4,Multiplicity:2.00
0.001	0.001	0.997	0.001
0.001	0.001	0.128	0.870
0.001	0.001	0.001	0.997
0.001	0.112	0.001	0.886
0.081	0.052	0.131	0.736
0.001	0.001	0.379	0.619
0.001	0.001	0.001	0.997
0.001	0.001	0.112	0.886
