>AGGCTCCT	1-AGGCTCCT	7.088480	-16.660724	0	T:15.0(34.09%),B:10168.0(6.50%),P:1e-7	Tpos:46.5,Tstd:29.8,Bpos:50.0,Bstd:27.3,StrandBias:0.2,Multiplicity:1.27
0.997	0.001	0.001	0.001
0.052	0.001	0.946	0.001
0.001	0.040	0.815	0.144
0.001	0.767	0.165	0.067
0.001	0.001	0.001	0.997
0.082	0.880	0.037	0.001
0.079	0.862	0.001	0.058
0.041	0.052	0.139	0.768
>AGWCGCTG	2-AGWCGCTG	8.240786	-13.351502	0	T:7.0(15.91%),B:2037.0(1.30%),P:1e-5	Tpos:40.7,Tstd:26.6,Bpos:50.5,Bstd:27.1,StrandBias:2.6,Multiplicity:1.00
0.650	0.001	0.001	0.348
0.001	0.001	0.873	0.125
0.440	0.001	0.239	0.320
0.001	0.720	0.278	0.001
0.001	0.041	0.957	0.001
0.001	0.997	0.001	0.001
0.001	0.001	0.001	0.997
0.001	0.375	0.623	0.001
>TATATCCT	3-TATATCCT	8.032744	-12.256168	0	T:6.0(13.64%),B:1546.0(0.99%),P:1e-5	Tpos:60.8,Tstd:27.4,Bpos:50.4,Bstd:27.4,StrandBias:-1.6,Multiplicity:1.33
0.001	0.001	0.286	0.712
0.746	0.097	0.061	0.096
0.001	0.001	0.001	0.997
0.997	0.001	0.001	0.001
0.127	0.001	0.001	0.871
0.001	0.997	0.001	0.001
0.001	0.997	0.001	0.001
0.001	0.001	0.199	0.799
>CATTCCTA	4-CATTCCTA	5.751356	-10.263023	0	T:9.0(20.45%),B:5946.0(3.80%),P:1e-4	Tpos:41.1,Tstd:26.4,Bpos:50.5,Bstd:27.1,StrandBias:1.9,Multiplicity:1.56
0.001	0.755	0.222	0.022
0.909	0.032	0.001	0.058
0.001	0.001	0.001	0.997
0.001	0.001	0.001	0.997
0.001	0.686	0.312	0.001
0.001	0.997	0.001	0.001
0.001	0.001	0.001	0.997
0.997	0.001	0.001	0.001
>GTGGYMAG	5-GTGGYMAG	6.829493	-9.871891	0	T:14.0(31.82%),B:15385.0(9.83%),P:1e-4	Tpos:45.2,Tstd:28.5,Bpos:50.4,Bstd:26.9,StrandBias:-0.6,Multiplicity:1.07
0.001	0.227	0.771	0.001
0.001	0.001	0.001	0.997
0.001	0.001	0.997	0.001
0.001	0.166	0.832	0.001
0.001	0.453	0.152	0.395
0.438	0.395	0.166	0.001
0.997	0.001	0.001	0.001
0.001	0.285	0.713	0.001
