>GGGGMTTGTG	1-GGGGMTTGTG	9.338081	-23.163018	0	T:12.0(5.74%),B:12.0(0.40%),P:1e-10	Tpos:55.7,Tstd:31.2,Bpos:51.6,Bstd:34.2,StrandBias:0.5,Multiplicity:1.00
0.001	0.001	0.997	0.001
0.106	0.001	0.892	0.001
0.213	0.001	0.785	0.001
0.001	0.001	0.997	0.001
0.456	0.542	0.001	0.001
0.001	0.213	0.106	0.680
0.001	0.001	0.001	0.997
0.001	0.001	0.892	0.106
0.001	0.001	0.213	0.785
0.107	0.223	0.553	0.117
>CTGAATGTTG	2-CTGAATGTTG	10.890021	-22.750166	0	T:9.0(4.31%),B:5.0(0.17%),P:1e-9	Tpos:51.9,Tstd:28.7,Bpos:47.2,Bstd:17.4,StrandBias:-1.4,Multiplicity:1.22
0.120	0.878	0.001	0.001
0.001	0.001	0.001	0.997
0.001	0.120	0.878	0.001
0.997	0.001	0.001	0.001
0.878	0.120	0.001	0.001
0.001	0.001	0.120	0.878
0.001	0.001	0.997	0.001
0.001	0.001	0.272	0.726
0.001	0.001	0.001	0.997
0.001	0.120	0.878	0.001
>AGGAGAATCA	3-AGGAGAATCA	10.302022	-21.631943	0	T:10.0(4.78%),B:8.0(0.27%),P:1e-9	Tpos:56.5,Tstd:24.6,Bpos:48.1,Bstd:14.6,StrandBias:-0.3,Multiplicity:1.10
0.997	0.001	0.001	0.001
0.115	0.001	0.883	0.001
0.001	0.116	0.767	0.116
0.997	0.001	0.001	0.001
0.001	0.001	0.997	0.001
0.767	0.116	0.116	0.001
0.927	0.071	0.001	0.001
0.001	0.001	0.001	0.997
0.001	0.883	0.115	0.001
0.883	0.001	0.001	0.115
>GTCCAGCTGC	4-GTCCAGCTGC	11.144111	-16.289539	0	T:7.0(3.35%),B:5.0(0.17%),P:1e-7	Tpos:52.0,Tstd:23.4,Bpos:58.0,Bstd:20.3,StrandBias:-0.4,Multiplicity:1.00
0.001	0.148	0.739	0.112
0.001	0.001	0.001	0.997
0.147	0.851	0.001	0.001
0.001	0.997	0.001	0.001
0.997	0.001	0.001	0.001
0.147	0.001	0.851	0.001
0.147	0.851	0.001	0.001
0.001	0.001	0.001	0.997
0.001	0.147	0.851	0.001
0.001	0.997	0.001	0.001
>TTTGTTTGCT	5-TTTGTTTGCT	8.055179	-14.702113	0	T:23.0(11.00%),B:97.0(3.24%),P:1e-6	Tpos:47.0,Tstd:25.6,Bpos:49.7,Bstd:26.6,StrandBias:-0.4,Multiplicity:1.04
0.080	0.081	0.104	0.735
0.120	0.042	0.081	0.757
0.040	0.001	0.159	0.800
0.099	0.001	0.766	0.134
0.001	0.040	0.110	0.849
0.030	0.040	0.080	0.850
0.064	0.001	0.079	0.856
0.162	0.095	0.660	0.083
0.041	0.822	0.041	0.096
0.062	0.018	0.001	0.919
>CACCTCCCCA	6-CACCTCCCCA	10.362102	-14.022941	0	T:9.0(4.31%),B:14.0(0.47%),P:1e-6	Tpos:45.3,Tstd:23.7,Bpos:55.5,Bstd:18.6,StrandBias:-1.2,Multiplicity:1.11
0.001	0.997	0.001	0.001
0.997	0.001	0.001	0.001
0.001	0.997	0.001	0.001
0.001	0.997	0.001	0.001
0.001	0.001	0.001	0.997
0.001	0.997	0.001	0.001
0.001	0.997	0.001	0.001
0.001	0.845	0.001	0.153
0.001	0.997	0.001	0.001
0.796	0.001	0.001	0.202
>TGAHTCAWGC	7-TGAHTCAWGC	5.363509	-13.648944	0	T:80.0(38.28%),B:702.0(23.45%),P:1e-5	Tpos:51.7,Tstd:27.6,Bpos:50.0,Bstd:26.2,StrandBias:-0.1,Multiplicity:1.29
0.254	0.001	0.142	0.603
0.001	0.001	0.915	0.083
0.716	0.001	0.141	0.142
0.282	0.377	0.001	0.340
0.308	0.001	0.001	0.690
0.085	0.545	0.369	0.001
0.625	0.339	0.001	0.035
0.381	0.199	0.001	0.419
0.197	0.001	0.544	0.258
0.001	0.606	0.235	0.158
>CTAGTCGTCT	8-CTAGTCGTCT	10.772290	-7.815699	0	T:3.0(1.44%),B:2.0(0.07%),P:1e-3	Tpos:64.7,Tstd:22.1,Bpos:43.0,Bstd:30.0,StrandBias:10.0,Multiplicity:2.00
0.001	0.997	0.001	0.001
0.001	0.001	0.001	0.997
0.749	0.001	0.249	0.001
0.001	0.001	0.997	0.001
0.001	0.001	0.001	0.997
0.001	0.749	0.001	0.249
0.249	0.001	0.749	0.001
0.001	0.001	0.001	0.997
0.001	0.997	0.001	0.001
0.001	0.001	0.001	0.997
