>CCTAGGCCTAAG	1-CCTAGGCCTAAG	11.467496	-32.096118	0	T:8.0(3.83%),B:0.0(0.00%),P:1e-13	Tpos:57.2,Tstd:22.8,Bpos:0.0,Bstd:0.0,StrandBias:0.7,Multiplicity:1.00
0.001	0.885	0.113	0.001
0.001	0.997	0.001	0.001
0.001	0.001	0.001	0.997
0.657	0.001	0.114	0.228
0.113	0.001	0.885	0.001
0.001	0.113	0.885	0.001
0.001	0.885	0.001	0.113
0.001	0.885	0.001	0.113
0.001	0.001	0.113	0.885
0.656	0.001	0.342	0.001
0.913	0.001	0.001	0.085
0.314	0.001	0.684	0.001
>TTTTTCCTGTTT	2-TTTTTCCTGTTT	10.255794	-18.661439	0	T:12.0(5.74%),B:18.0(0.60%),P:1e-8	Tpos:49.3,Tstd:30.0,Bpos:45.4,Bstd:21.6,StrandBias:-0.4,Multiplicity:1.08
0.128	0.009	0.001	0.862
0.264	0.001	0.001	0.734
0.001	0.001	0.001	0.997
0.001	0.001	0.001	0.997
0.001	0.127	0.001	0.871
0.128	0.813	0.001	0.058
0.001	0.813	0.001	0.185
0.001	0.127	0.001	0.871
0.001	0.128	0.606	0.265
0.001	0.008	0.001	0.990
0.128	0.001	0.128	0.743
0.128	0.001	0.128	0.743
>GGYASTMTGGCM	3-GGYASTMTGGCM	11.204081	-14.793514	0	T:5.0(2.39%),B:2.0(0.07%),P:1e-6	Tpos:43.9,Tstd:25.2,Bpos:18.5,Bstd:7.5,StrandBias:0.4,Multiplicity:1.40
0.001	0.001	0.997	0.001
0.001	0.421	0.577	0.001
0.018	0.553	0.001	0.428
0.997	0.001	0.001	0.001
0.001	0.539	0.459	0.001
0.423	0.001	0.001	0.575
0.446	0.422	0.132	0.001
0.001	0.001	0.001	0.997
0.001	0.001	0.997	0.001
0.001	0.001	0.867	0.131
0.001	0.997	0.001	0.001
0.461	0.537	0.001	0.001
>CAGTCTGGCCTT	4-CAGTCTGGCCTT	14.323862	-14.793514	0	T:5.0(2.39%),B:2.0(0.07%),P:1e-6	Tpos:57.4,Tstd:26.8,Bpos:47.0,Bstd:42.0,StrandBias:0.6,Multiplicity:1.00
0.001	0.997	0.001	0.001
0.997	0.001	0.001	0.001
0.001	0.001	0.997	0.001
0.001	0.001	0.199	0.799
0.001	0.997	0.001	0.001
0.001	0.199	0.001	0.799
0.001	0.001	0.997	0.001
0.001	0.001	0.997	0.001
0.001	0.799	0.199	0.001
0.001	0.997	0.001	0.001
0.001	0.001	0.001	0.997
0.001	0.199	0.001	0.799
>CTAGCAACTTAA	5-CTAGCAACTTAA	12.188381	-13.909770	0	T:4.0(1.91%),B:0.0(0.00%),P:1e-6	Tpos:46.8,Tstd:30.4,Bpos:0.0,Bstd:0.0,StrandBias:2.3,Multiplicity:1.50
0.211	0.787	0.001	0.001
0.001	0.001	0.001	0.997
0.997	0.001	0.001	0.001
0.001	0.001	0.997	0.001
0.001	0.997	0.001	0.001
0.997	0.001	0.001	0.001
0.997	0.001	0.001	0.001
0.001	0.997	0.001	0.001
0.058	0.212	0.001	0.729
0.001	0.001	0.001	0.997
0.997	0.001	0.001	0.001
0.729	0.001	0.269	0.001
>TGGCAGGGGTGG	6-TGGCAGGGGTGG	11.520016	-13.257116	0	T:6.0(2.87%),B:5.0(0.17%),P:1e-5	Tpos:39.6,Tstd:26.5,Bpos:58.8,Bstd:30.3,StrandBias:0.7,Multiplicity:1.33
0.024	0.001	0.218	0.757
0.001	0.001	0.955	0.043
0.001	0.001	0.804	0.194
0.196	0.610	0.193	0.001
0.655	0.001	0.343	0.001
0.001	0.001	0.997	0.001
0.001	0.148	0.829	0.022
0.001	0.001	0.807	0.191
0.001	0.194	0.804	0.001
0.195	0.001	0.001	0.803
0.001	0.001	0.997	0.001
0.001	0.194	0.804	0.001
>TGGYKACACAGT	7-TGGYKACACAGT	13.504870	-7.815699	0	T:3.0(1.44%),B:2.0(0.07%),P:1e-3	Tpos:62.8,Tstd:17.3,Bpos:50.5,Bstd:42.5,StrandBias:0.0,Multiplicity:1.33
0.001	0.001	0.001	0.997
0.001	0.001	0.997	0.001
0.001	0.001	0.577	0.421
0.001	0.422	0.156	0.422
0.001	0.052	0.422	0.525
0.997	0.001	0.001	0.001
0.001	0.997	0.001	0.001
0.997	0.001	0.001	0.001
0.001	0.997	0.001	0.001
0.997	0.001	0.001	0.001
0.051	0.001	0.947	0.001
0.001	0.001	0.001	0.997
>ACCATGGGCACA	8-ACCATGGGCACA	12.183653	-4.727384	0	T:2.0(0.96%),B:2.0(0.07%),P:1e-2	Tpos:42.2,Tstd:25.3,Bpos:62.5,Bstd:30.5,StrandBias:1.0,Multiplicity:2.00
0.787	0.211	0.001	0.001
0.001	0.997	0.001	0.001
0.001	0.997	0.001	0.001
0.997	0.001	0.001	0.001
0.001	0.001	0.001	0.997
0.001	0.001	0.997	0.001
0.001	0.001	0.997	0.001
0.001	0.001	0.787	0.211
0.001	0.729	0.001	0.269
0.997	0.001	0.001	0.001
0.001	0.997	0.001	0.001
0.997	0.001	0.001	0.001
