>GCAGTTGAGA	1-GCAGTTGAGA	11.091263	-24.698423	0	T:9.0(4.31%),B:4.0(0.13%),P:1e-10	Tpos:50.6,Tstd:32.5,Bpos:60.5,Bstd:33.4,StrandBias:0.0,Multiplicity:1.11
0.001	0.001	0.856	0.142
0.001	0.997	0.001	0.001
0.997	0.001	0.001	0.001
0.001	0.001	0.997	0.001
0.001	0.142	0.001	0.856
0.143	0.001	0.143	0.713
0.142	0.001	0.856	0.001
0.997	0.001	0.001	0.001
0.001	0.001	0.997	0.001
0.856	0.001	0.142	0.001
>GGATGTTTAC	2-GGATGTTTAC	10.845984	-22.906931	0	T:10.0(4.78%),B:7.0(0.23%),P:1e-9	Tpos:40.2,Tstd:28.7,Bpos:70.9,Bstd:21.2,StrandBias:1.2,Multiplicity:1.00
0.147	0.001	0.851	0.001
0.001	0.001	0.997	0.001
0.851	0.001	0.001	0.147
0.001	0.001	0.001	0.997
0.001	0.001	0.851	0.147
0.001	0.001	0.001	0.997
0.001	0.001	0.001	0.997
0.001	0.001	0.147	0.851
0.887	0.001	0.001	0.111
0.147	0.851	0.001	0.001
>TAATTCACTG	3-TAATTCACTG	7.351272	-22.880605	0	T:23.0(11.00%),B:62.0(2.07%),P:1e-9	Tpos:53.1,Tstd:25.6,Bpos:49.9,Bstd:26.7,StrandBias:-0.3,Multiplicity:1.17
0.030	0.090	0.131	0.749
0.850	0.060	0.060	0.030
0.767	0.083	0.060	0.090
0.060	0.143	0.060	0.737
0.030	0.060	0.090	0.820
0.120	0.700	0.150	0.030
0.815	0.124	0.001	0.060
0.034	0.906	0.030	0.030
0.165	0.001	0.001	0.833
0.001	0.071	0.838	0.090
>TACWGTAGGC	4-TACWGTAGGC	9.039653	-19.747562	0	T:7.0(3.35%),B:3.0(0.10%),P:1e-8	Tpos:53.6,Tstd:25.3,Bpos:64.3,Bstd:21.0,StrandBias:0.4,Multiplicity:1.00
0.001	0.119	0.007	0.873
0.853	0.014	0.126	0.007
0.001	0.872	0.001	0.126
0.506	0.001	0.126	0.367
0.119	0.001	0.879	0.001
0.133	0.007	0.001	0.859
0.515	0.120	0.007	0.358
0.001	0.001	0.760	0.238
0.119	0.001	0.754	0.126
0.001	0.760	0.001	0.238
>GGACYCTTAC	5-GGACYCTTAC	10.871480	-18.202584	0	T:5.0(2.39%),B:0.0(0.00%),P:1e-7	Tpos:45.9,Tstd:23.4,Bpos:0.0,Bstd:0.0,StrandBias:10.0,Multiplicity:1.60
0.001	0.001	0.997	0.001
0.001	0.001	0.997	0.001
0.997	0.001	0.001	0.001
0.001	0.997	0.001	0.001
0.001	0.522	0.001	0.476
0.001	0.997	0.001	0.001
0.001	0.001	0.001	0.997
0.130	0.001	0.001	0.868
0.868	0.001	0.130	0.001
0.001	0.868	0.001	0.130
>TCTTGGTGAT	6-TCTTGGTGAT	11.340425	-14.538110	0	T:6.0(2.87%),B:4.0(0.13%),P:1e-6	Tpos:67.9,Tstd:24.3,Bpos:54.8,Bstd:23.1,StrandBias:-2.6,Multiplicity:1.17
0.001	0.001	0.001	0.997
0.001	0.997	0.001	0.001
0.001	0.173	0.001	0.825
0.001	0.001	0.173	0.825
0.001	0.001	0.997	0.001
0.001	0.001	0.694	0.304
0.001	0.001	0.001	0.997
0.001	0.001	0.997	0.001
0.825	0.001	0.001	0.173
0.001	0.001	0.001	0.997
>GAGTCAWCAT	7-GAGTCAWCAT	11.637218	-13.909770	0	T:4.0(1.91%),B:1.0(0.03%),P:1e-6	Tpos:54.0,Tstd:23.8,Bpos:14.0,Bstd:0.0,StrandBias:-1.3,Multiplicity:1.75
0.001	0.001	0.997	0.001
0.997	0.001	0.001	0.001
0.001	0.001	0.997	0.001
0.001	0.001	0.001	0.997
0.421	0.577	0.001	0.001
0.997	0.001	0.001	0.001
0.454	0.001	0.001	0.544
0.001	0.997	0.001	0.001
0.997	0.001	0.001	0.001
0.001	0.001	0.421	0.577
>CTGAGTCCTG	8-CTGAGTCCTG	10.561135	-13.644530	0	T:10.0(4.78%),B:19.0(0.63%),P:1e-5	Tpos:46.7,Tstd:28.3,Bpos:48.0,Bstd:29.8,StrandBias:1.3,Multiplicity:1.40
0.001	0.809	0.095	0.095
0.095	0.001	0.001	0.903
0.001	0.001	0.997	0.001
0.903	0.001	0.095	0.001
0.095	0.001	0.903	0.001
0.001	0.001	0.001	0.997
0.001	0.727	0.271	0.001
0.001	0.997	0.001	0.001
0.095	0.001	0.001	0.903
0.095	0.001	0.903	0.001
