>TTTCTGGACA	1-TTTCTGGACA	11.207125	-22.526880	0	T:7.0(3.35%),B:2.0(0.07%),P:1e-9	Tpos:30.6,Tstd:22.3,Bpos:41.0,Bstd:7.0,StrandBias:1.3,Multiplicity:1.00
0.001	0.001	0.001	0.997
0.001	0.159	0.001	0.839
0.001	0.001	0.001	0.997
0.001	0.997	0.001	0.001
0.001	0.001	0.001	0.997
0.001	0.001	0.997	0.001
0.001	0.001	0.839	0.159
0.639	0.001	0.001	0.359
0.159	0.839	0.001	0.001
0.997	0.001	0.001	0.001
>TGGAAGCAAC	2-TGGAAGCAAC	10.935735	-18.700113	0	T:9.0(4.31%),B:8.0(0.27%),P:1e-8	Tpos:55.3,Tstd:27.2,Bpos:49.8,Bstd:25.0,StrandBias:-0.3,Multiplicity:1.00
0.001	0.001	0.001	0.997
0.001	0.001	0.997	0.001
0.125	0.125	0.749	0.001
0.874	0.124	0.001	0.001
0.874	0.001	0.124	0.001
0.124	0.001	0.874	0.001
0.001	0.874	0.124	0.001
0.874	0.124	0.001	0.001
0.997	0.001	0.001	0.001
0.001	0.997	0.001	0.001
>ATAATGTAGC	3-ATAATGTAGC	7.926753	-16.602566	0	T:19.0(9.09%),B:60.0(2.00%),P:1e-7	Tpos:53.5,Tstd:25.1,Bpos:44.3,Bstd:24.5,StrandBias:-0.3,Multiplicity:1.05
0.649	0.117	0.117	0.117
0.058	0.120	0.047	0.775
0.765	0.001	0.001	0.233
0.649	0.292	0.001	0.058
0.001	0.001	0.002	0.996
0.058	0.001	0.938	0.003
0.058	0.234	0.058	0.650
0.833	0.001	0.061	0.105
0.116	0.058	0.825	0.001
0.001	0.941	0.057	0.001
>TGTGGCTCTG	4-TGTGGCTCTG	10.372874	-16.348048	0	T:11.0(5.26%),B:18.0(0.60%),P:1e-7	Tpos:39.0,Tstd:26.5,Bpos:54.0,Bstd:28.2,StrandBias:0.5,Multiplicity:1.09
0.100	0.001	0.001	0.898
0.101	0.101	0.797	0.001
0.060	0.001	0.001	0.938
0.001	0.001	0.898	0.100
0.100	0.001	0.898	0.001
0.001	0.898	0.001	0.100
0.001	0.100	0.001	0.898
0.001	0.922	0.001	0.076
0.001	0.001	0.001	0.997
0.001	0.001	0.922	0.076
>AATCAGATGA	5-AATCAGATGA	6.914048	-15.971667	0	T:34.0(16.27%),B:179.0(5.98%),P:1e-6	Tpos:48.7,Tstd:24.8,Bpos:49.5,Bstd:25.8,StrandBias:-0.4,Multiplicity:1.24
0.815	0.092	0.062	0.031
0.809	0.092	0.034	0.065
0.081	0.116	0.062	0.741
0.001	0.968	0.001	0.030
0.939	0.001	0.030	0.030
0.095	0.127	0.686	0.092
0.846	0.031	0.092	0.031
0.123	0.001	0.123	0.753
0.062	0.062	0.784	0.092
0.669	0.123	0.116	0.092
>CCGGGAGACT	6-CCGGGAGACT	8.305455	-15.526781	0	T:13.0(6.22%),B:29.0(0.97%),P:1e-6	Tpos:44.4,Tstd:24.1,Bpos:51.8,Bstd:26.4,StrandBias:-0.8,Multiplicity:1.08
0.001	0.870	0.086	0.043
0.113	0.686	0.043	0.158
0.261	0.043	0.607	0.089
0.001	0.001	0.842	0.156
0.130	0.002	0.867	0.001
0.867	0.001	0.019	0.113
0.087	0.002	0.805	0.106
0.647	0.122	0.109	0.122
0.043	0.871	0.043	0.043
0.001	0.042	0.001	0.956
>ATATCGGGAT	7-ATATCGGGAT	8.350283	-13.909770	0	T:4.0(1.91%),B:1.0(0.03%),P:1e-6	Tpos:38.0,Tstd:30.4,Bpos:9.0,Bstd:0.0,StrandBias:1.6,Multiplicity:1.00
0.700	0.100	0.100	0.100
0.100	0.100	0.100	0.700
0.700	0.100	0.100	0.100
0.100	0.100	0.100	0.700
0.100	0.700	0.100	0.100
0.100	0.100	0.700	0.100
0.100	0.100	0.700	0.100
0.100	0.100	0.700	0.100
0.700	0.100	0.100	0.100
0.100	0.100	0.100	0.700
>GKAGACATGG	8-GKAGACATGG	8.843704	-11.398096	0	T:14.0(6.70%),B:49.0(1.64%),P:1e-4	Tpos:53.0,Tstd:21.0,Bpos:51.6,Bstd:22.7,StrandBias:1.3,Multiplicity:1.21
0.001	0.001	0.997	0.001
0.001	0.116	0.493	0.390
0.870	0.004	0.001	0.125
0.001	0.101	0.782	0.116
0.752	0.041	0.206	0.001
0.232	0.766	0.001	0.001
0.882	0.001	0.001	0.116
0.001	0.001	0.175	0.823
0.002	0.001	0.992	0.005
0.001	0.053	0.874	0.072
