>GCTCTAAAAHTA	1-GCTCTAAAAHTA	10.109124	-16.111629	0	T:4.0(18.18%),B:272.4(0.19%),P:1e-6,FDR:0.4	Tpos:42.2,Tstd:13.3,Bpos:49.5,Bstd:33.1,StrandBias:-10.0,Multiplicity:1.00
0.001	0.320	0.678	0.001
0.001	0.661	0.017	0.321
0.337	0.001	0.001	0.661
0.001	0.641	0.357	0.001
0.017	0.321	0.001	0.661
0.997	0.001	0.001	0.001
0.997	0.001	0.001	0.001
0.661	0.017	0.321	0.001
0.997	0.001	0.001	0.001
0.321	0.357	0.001	0.321
0.017	0.321	0.001	0.661
0.659	0.001	0.001	0.339
>CAMCGARCTTCT	2-CAMCGARCTTCT	8.817614	-14.785247	0	T:4.0(18.18%),B:380.2(0.27%),P:1e-6,FDR:0.4	Tpos:51.2,Tstd:41.4,Bpos:49.3,Bstd:31.2,StrandBias:0.0,Multiplicity:1.00
0.001	0.806	0.010	0.183
0.785	0.001	0.209	0.005
0.366	0.410	0.219	0.005
0.183	0.620	0.001	0.196
0.005	0.214	0.594	0.187
0.588	0.410	0.001	0.001
0.379	0.001	0.427	0.193
0.001	0.579	0.410	0.010
0.209	0.005	0.005	0.781
0.001	0.005	0.400	0.594
0.213	0.598	0.188	0.001
0.380	0.001	0.004	0.615
>HCTTGGCAMGTG	3-HCTTGGCAMGTG	7.826026	-12.849161	0	T:6.0(27.27%),B:2652.2(1.89%),P:1e-5,FDR:0.4	Tpos:69.5,Tstd:11.1,Bpos:49.4,Bstd:30.3,StrandBias:0.0,Multiplicity:1.00
0.327	0.329	0.164	0.180
0.001	0.997	0.001	0.001
0.180	0.164	0.164	0.493
0.326	0.001	0.001	0.672
0.163	0.001	0.835	0.001
0.001	0.163	0.673	0.163
0.001	0.997	0.001	0.001
0.819	0.179	0.001	0.001
0.346	0.327	0.164	0.164
0.163	0.001	0.673	0.163
0.001	0.001	0.326	0.672
0.327	0.163	0.509	0.001
>AAGACATGGGGG	4-AAGACATGGGGG	7.961540	-11.569099	0	T:6.0(27.27%),B:3319.2(2.37%),P:1e-5,FDR:0.4	Tpos:43.0,Tstd:28.7,Bpos:50.0,Bstd:30.6,StrandBias:-1.3,Multiplicity:1.17
0.803	0.001	0.195	0.001
0.793	0.001	0.205	0.001
0.001	0.412	0.586	0.001
0.597	0.011	0.196	0.196
0.195	0.609	0.195	0.001
0.609	0.195	0.001	0.195
0.001	0.001	0.205	0.793
0.001	0.001	0.803	0.195
0.195	0.001	0.803	0.001
0.011	0.001	0.597	0.391
0.001	0.001	0.782	0.216
0.001	0.001	0.997	0.001
>TGGTGGCCTGAA	5-TGGTGGCCTGAA	12.355432	-8.760179	0	T:1.0(4.55%),B:1.9(0.00%),P:1e-3,FDR:0.6	Tpos:64.0,Tstd:0.0,Bpos:33.9,Bstd:2.4,StrandBias:-10.0,Multiplicity:1.00
0.100	0.100	0.100	0.700
0.100	0.100	0.700	0.100
0.100	0.100	0.700	0.100
0.100	0.100	0.100	0.700
0.100	0.100	0.700	0.100
0.100	0.100	0.700	0.100
0.100	0.700	0.100	0.100
0.100	0.700	0.100	0.100
0.100	0.100	0.100	0.700
0.100	0.100	0.700	0.100
0.700	0.100	0.100	0.100
0.700	0.100	0.100	0.100
>ATGGTATTCACA	6-ATGGTATTCACA	12.355432	-8.760179	0	T:1.0(4.55%),B:1.0(0.00%),P:1e-3,FDR:0.6	Tpos:5.0,Tstd:0.0,Bpos:75.9,Bstd:2.6,StrandBias:-10.0,Multiplicity:1.00
0.700	0.100	0.100	0.100
0.100	0.100	0.100	0.700
0.100	0.100	0.700	0.100
0.100	0.100	0.700	0.100
0.100	0.100	0.100	0.700
0.700	0.100	0.100	0.100
0.100	0.100	0.100	0.700
0.100	0.100	0.100	0.700
0.100	0.700	0.100	0.100
0.700	0.100	0.100	0.100
0.100	0.700	0.100	0.100
0.700	0.100	0.100	0.100
>ACCGCACAGCAG	7-ACCGCACAGCAG	12.355432	-8.760179	0	T:1.0(4.55%),B:1.0(0.00%),P:1e-3,FDR:0.6	Tpos:17.0,Tstd:0.0,Bpos:49.9,Bstd:19.4,StrandBias:10.0,Multiplicity:1.00
0.700	0.100	0.100	0.100
0.100	0.700	0.100	0.100
0.100	0.700	0.100	0.100
0.100	0.100	0.700	0.100
0.100	0.700	0.100	0.100
0.700	0.100	0.100	0.100
0.100	0.700	0.100	0.100
0.700	0.100	0.100	0.100
0.100	0.100	0.700	0.100
0.100	0.700	0.100	0.100
0.700	0.100	0.100	0.100
0.100	0.100	0.700	0.100
>GGAGACAGATTG	8-GGAGACAGATTG	12.355432	-8.067106	0	T:1.0(4.55%),B:2.8(0.00%),P:1e-3,FDR:0.925	Tpos:11.0,Tstd:0.0,Bpos:56.3,Bstd:16.0,StrandBias:10.0,Multiplicity:1.00
0.100	0.100	0.700	0.100
0.100	0.100	0.700	0.100
0.700	0.100	0.100	0.100
0.100	0.100	0.700	0.100
0.700	0.100	0.100	0.100
0.100	0.700	0.100	0.100
0.700	0.100	0.100	0.100
0.100	0.100	0.700	0.100
0.700	0.100	0.100	0.100
0.100	0.100	0.100	0.700
0.100	0.100	0.100	0.700
0.100	0.100	0.700	0.100
