>TGTTGGCCTC	1-TGTTGGCCTC	8.762501	-16.328231	0	T:8.0(13.33%),B:1368.0(0.91%),P:1e-7	Tpos:38.6,Tstd:26.3,Bpos:48.6,Bstd:26.4,StrandBias:-2.0,Multiplicity:1.25
0.001	0.001	0.264	0.734
0.001	0.102	0.896	0.001
0.273	0.003	0.121	0.603
0.149	0.100	0.236	0.515
0.001	0.118	0.769	0.112
0.001	0.099	0.899	0.001
0.001	0.997	0.001	0.001
0.001	0.994	0.001	0.004
0.001	0.001	0.156	0.842
0.001	0.775	0.223	0.001
>AACCTGCAGG	2-AACCTGCAGG	7.217498	-14.928695	0	T:6.0(10.00%),B:671.0(0.45%),P:1e-6	Tpos:34.3,Tstd:19.7,Bpos:49.8,Bstd:25.8,StrandBias:-2.6,Multiplicity:1.00
0.774	0.224	0.001	0.001
0.992	0.001	0.001	0.006
0.001	0.816	0.001	0.182
0.001	0.997	0.001	0.001
0.001	0.001	0.010	0.988
0.001	0.001	0.997	0.001
0.001	0.816	0.001	0.182
0.989	0.001	0.009	0.001
0.001	0.001	0.997	0.001
0.001	0.001	0.997	0.001
>CTGARCCCTG	3-CTGARCCCTG	9.880933	-14.118978	0	T:7.0(11.67%),B:1250.0(0.83%),P:1e-6	Tpos:44.1,Tstd:29.9,Bpos:49.2,Bstd:26.8,StrandBias:0.0,Multiplicity:1.43
0.139	0.735	0.125	0.001
0.001	0.001	0.001	0.997
0.001	0.001	0.997	0.001
0.997	0.001	0.001	0.001
0.461	0.001	0.537	0.001
0.001	0.997	0.001	0.001
0.001	0.997	0.001	0.001
0.121	0.762	0.001	0.116
0.114	0.213	0.170	0.503
0.001	0.176	0.822	0.001
>CCTAHCCAGG	4-CCTAHCCAGG	9.635562	-12.799412	0	T:7.0(11.67%),B:1528.0(1.02%),P:1e-5	Tpos:56.0,Tstd:21.0,Bpos:49.6,Bstd:27.1,StrandBias:0.3,Multiplicity:1.29
0.001	0.997	0.001	0.001
0.001	0.997	0.001	0.001
0.001	0.307	0.001	0.691
0.685	0.001	0.001	0.313
0.308	0.321	0.001	0.370
0.001	0.997	0.001	0.001
0.001	0.685	0.001	0.313
0.997	0.001	0.001	0.001
0.001	0.001	0.997	0.001
0.297	0.001	0.701	0.001
>TGTTAATTAA	5-TGTTAATTAA	11.009094	-12.007151	0	T:3.0(5.00%),B:85.0(0.06%),P:1e-5	Tpos:47.6,Tstd:20.2,Bpos:47.1,Bstd:25.3,StrandBias:-0.6,Multiplicity:1.33
0.001	0.001	0.001	0.997
0.018	0.001	0.980	0.001
0.001	0.283	0.001	0.715
0.001	0.001	0.001	0.997
0.659	0.001	0.339	0.001
0.715	0.283	0.001	0.001
0.284	0.001	0.001	0.714
0.001	0.362	0.001	0.636
0.997	0.001	0.001	0.001
0.975	0.001	0.012	0.012
>ATAGACGCAC	6-ATAGACGCAC	10.296193	-7.822995	0	T:1.0(1.67%),B:1.0(0.00%),P:1e-3	Tpos:55.0,Tstd:0.0,Bpos:92.0,Bstd:0.0,StrandBias:10.0,Multiplicity:1.00
0.700	0.100	0.100	0.100
0.100	0.100	0.100	0.700
0.700	0.100	0.100	0.100
0.100	0.100	0.700	0.100
0.700	0.100	0.100	0.100
0.100	0.700	0.100	0.100
0.100	0.100	0.700	0.100
0.100	0.700	0.100	0.100
0.700	0.100	0.100	0.100
0.100	0.700	0.100	0.100
>AATCGGACAG	7-AATCGGACAG	10.296193	-7.130045	0	T:1.0(1.67%),B:2.0(0.00%),P:1e-3	Tpos:13.0,Tstd:0.0,Bpos:46.5,Bstd:12.5,StrandBias:10.0,Multiplicity:1.00
0.700	0.100	0.100	0.100
0.700	0.100	0.100	0.100
0.100	0.100	0.100	0.700
0.100	0.700	0.100	0.100
0.100	0.100	0.700	0.100
0.100	0.100	0.700	0.100
0.700	0.100	0.100	0.100
0.100	0.700	0.100	0.100
0.700	0.100	0.100	0.100
0.100	0.100	0.700	0.100
>TCAACGACAG	8-TCAACGACAG	10.296193	-7.130045	0	T:1.0(1.67%),B:2.0(0.00%),P:1e-3	Tpos:28.0,Tstd:0.0,Bpos:34.5,Bstd:21.5,StrandBias:-10.0,Multiplicity:1.00
0.100	0.100	0.100	0.700
0.100	0.700	0.100	0.100
0.700	0.100	0.100	0.100
0.700	0.100	0.100	0.100
0.100	0.700	0.100	0.100
0.100	0.100	0.700	0.100
0.700	0.100	0.100	0.100
0.100	0.700	0.100	0.100
0.700	0.100	0.100	0.100
0.100	0.100	0.700	0.100
