>CACSTGGA	1-CACSTGGA	5.214378	-13.262630	0	T:16.0(66.67%),B:30270.0(20.93%),P:1e-5	Tpos:46.2,Tstd:28.0,Bpos:49.9,Bstd:27.0,StrandBias:-0.4,Multiplicity:1.19
0.001	0.948	0.050	0.001
0.860	0.040	0.001	0.099
0.065	0.473	0.198	0.264
0.191	0.315	0.436	0.059
0.001	0.133	0.050	0.816
0.001	0.001	0.859	0.139
0.072	0.044	0.883	0.001
0.749	0.200	0.003	0.048
>TACTGTGC	2-TACTGTGC	7.842228	-8.676844	0	T:5.0(20.83%),B:3250.0(2.25%),P:1e-3	Tpos:46.2,Tstd:15.5,Bpos:50.0,Bstd:27.3,StrandBias:10.0,Multiplicity:1.00
0.001	0.001	0.001	0.997
0.743	0.255	0.001	0.001
0.001	0.997	0.001	0.001
0.197	0.001	0.001	0.801
0.001	0.001	0.997	0.001
0.001	0.201	0.001	0.797
0.001	0.016	0.982	0.001
0.001	0.997	0.001	0.001
>TGKAGRCA	3-TGKAGRCA	6.034945	-8.266349	0	T:12.0(50.00%),B:25144.0(17.39%),P:1e-3	Tpos:57.7,Tstd:25.1,Bpos:50.0,Bstd:27.1,StrandBias:-0.2,Multiplicity:1.36
0.007	0.001	0.325	0.667
0.001	0.258	0.732	0.009
0.001	0.008	0.433	0.558
0.685	0.001	0.053	0.261
0.001	0.001	0.997	0.001
0.425	0.106	0.469	0.001
0.049	0.949	0.001	0.001
0.699	0.299	0.001	0.001
>GTTCGGCG	4-GTTCGGCG	8.236954	-5.018014	0	T:1.0(4.17%),B:40.0(0.03%),P:1e-2	Tpos:93.0,Tstd:0.0,Bpos:39.5,Bstd:25.0,StrandBias:10.0,Multiplicity:1.00
0.100	0.100	0.700	0.100
0.100	0.100	0.100	0.700
0.100	0.100	0.100	0.700
0.100	0.700	0.100	0.100
0.100	0.100	0.700	0.100
0.100	0.100	0.700	0.100
0.100	0.700	0.100	0.100
0.100	0.100	0.700	0.100
>GTCGAGAC	5-GTCGAGAC	8.236954	-4.665193	0	T:1.0(4.17%),B:57.0(0.04%),P:1e-2	Tpos:6.0,Tstd:0.0,Bpos:62.8,Bstd:24.7,StrandBias:10.0,Multiplicity:1.00
0.100	0.100	0.700	0.100
0.100	0.100	0.100	0.700
0.100	0.700	0.100	0.100
0.100	0.100	0.700	0.100
0.700	0.100	0.100	0.100
0.100	0.100	0.700	0.100
0.700	0.100	0.100	0.100
0.100	0.700	0.100	0.100
