>SYGCTAGCYWYM	1-SYGCTAGCYWYM	12.435746	-12.419774	0	T:3.0(5.00%),B:74.0(0.05%),P:1e-5	Tpos:70.3,Tstd:16.0,Bpos:52.1,Bstd:26.4,StrandBias:10.0,Multiplicity:1.00
0.001	0.529	0.469	0.001
0.001	0.469	0.001	0.529
0.001	0.001	0.997	0.001
0.001	0.997	0.001	0.001
0.001	0.001	0.001	0.997
0.997	0.001	0.001	0.001
0.001	0.001	0.997	0.001
0.001	0.997	0.001	0.001
0.001	0.529	0.001	0.469
0.529	0.001	0.001	0.469
0.001	0.469	0.001	0.529
0.529	0.469	0.001	0.001
>TTTTYTTTTTTT	2-TTTTYTTTTTTT	11.171914	-11.959351	0	T:7.0(11.67%),B:1739.0(1.16%),P:1e-5	Tpos:60.4,Tstd:22.4,Bpos:52.6,Bstd:24.7,StrandBias:0.0,Multiplicity:1.14
0.001	0.371	0.001	0.627
0.001	0.001	0.001	0.997
0.001	0.386	0.001	0.612
0.001	0.012	0.131	0.856
0.001	0.536	0.008	0.455
0.001	0.001	0.001	0.997
0.001	0.001	0.001	0.997
0.001	0.001	0.125	0.873
0.001	0.001	0.303	0.695
0.001	0.001	0.259	0.739
0.001	0.001	0.177	0.821
0.009	0.001	0.001	0.989
>TGGAGKCGGTAA	3-TGGAGKCGGTAA	10.092282	-11.937951	0	T:3.0(5.00%),B:87.0(0.06%),P:1e-5	Tpos:64.7,Tstd:26.0,Bpos:49.5,Bstd:25.4,StrandBias:10.0,Multiplicity:1.00
0.163	0.001	0.326	0.510
0.163	0.001	0.673	0.163
0.001	0.325	0.673	0.001
0.836	0.001	0.001	0.162
0.163	0.001	0.510	0.326
0.001	0.163	0.347	0.489
0.001	0.997	0.001	0.001
0.001	0.001	0.836	0.162
0.162	0.001	0.836	0.001
0.326	0.001	0.163	0.510
0.510	0.163	0.326	0.001
0.836	0.001	0.162	0.001
>GWGTGTCTGTGG	4-GWGTGTCTGTGG	0.690032	-11.300326	0	T:46.0(76.67%),B:73701.0(49.20%),P:1e-4	Tpos:49.6,Tstd:29.6,Bpos:49.9,Bstd:26.1,StrandBias:0.1,Multiplicity:1.52
0.163	0.001	0.673	0.163
0.503	0.001	0.001	0.495
0.001	0.163	0.673	0.163
0.001	0.162	0.001	0.836
0.014	0.163	0.660	0.163
0.001	0.326	0.014	0.659
0.326	0.489	0.184	0.001
0.001	0.001	0.325	0.673
0.162	0.001	0.836	0.001
0.001	0.162	0.001	0.836
0.163	0.163	0.673	0.001
0.001	0.001	0.829	0.169
>GAATCTTGGGAC	5-GAATCTTGGGAC	12.355432	-7.130045	0	T:1.0(1.67%),B:2.0(0.00%),P:1e-3	Tpos:29.0,Tstd:0.0,Bpos:37.5,Bstd:4.5,StrandBias:10.0,Multiplicity:1.00
0.100	0.100	0.700	0.100
0.700	0.100	0.100	0.100
0.700	0.100	0.100	0.100
0.100	0.100	0.100	0.700
0.100	0.700	0.100	0.100
0.100	0.100	0.100	0.700
0.100	0.100	0.100	0.700
0.100	0.100	0.700	0.100
0.100	0.100	0.700	0.100
0.100	0.100	0.700	0.100
0.700	0.100	0.100	0.100
0.100	0.700	0.100	0.100
>ATGGTCTACATG	6-ATGGTCTACATG	12.355432	-7.130045	0	T:1.0(1.67%),B:2.0(0.00%),P:1e-3	Tpos:41.0,Tstd:0.0,Bpos:63.0,Bstd:0.0,StrandBias:10.0,Multiplicity:1.00
0.700	0.100	0.100	0.100
0.100	0.100	0.100	0.700
0.100	0.100	0.700	0.100
0.100	0.100	0.700	0.100
0.100	0.100	0.100	0.700
0.100	0.700	0.100	0.100
0.100	0.100	0.100	0.700
0.700	0.100	0.100	0.100
0.100	0.700	0.100	0.100
0.700	0.100	0.100	0.100
0.100	0.100	0.100	0.700
0.100	0.100	0.700	0.100
>TCTCTTGTGGAG	7-TCTCTTGTGGAG	12.355432	-7.130045	0	T:1.0(1.67%),B:2.0(0.00%),P:1e-3	Tpos:70.0,Tstd:0.0,Bpos:32.0,Bstd:0.0,StrandBias:10.0,Multiplicity:1.00
0.100	0.100	0.100	0.700
0.100	0.700	0.100	0.100
0.100	0.100	0.100	0.700
0.100	0.700	0.100	0.100
0.100	0.100	0.100	0.700
0.100	0.100	0.100	0.700
0.100	0.100	0.700	0.100
0.100	0.100	0.100	0.700
0.100	0.100	0.700	0.100
0.100	0.100	0.700	0.100
0.700	0.100	0.100	0.100
0.100	0.100	0.700	0.100
>CAGAACACTCAT	8-CAGAACACTCAT	12.355432	-7.130045	0	T:1.0(1.67%),B:2.0(0.00%),P:1e-3	Tpos:92.0,Tstd:0.0,Bpos:34.0,Bstd:4.0,StrandBias:10.0,Multiplicity:1.00
0.100	0.700	0.100	0.100
0.700	0.100	0.100	0.100
0.100	0.100	0.700	0.100
0.700	0.100	0.100	0.100
0.700	0.100	0.100	0.100
0.100	0.700	0.100	0.100
0.700	0.100	0.100	0.100
0.100	0.700	0.100	0.100
0.100	0.100	0.100	0.700
0.100	0.700	0.100	0.100
0.700	0.100	0.100	0.100
0.100	0.100	0.100	0.700
