>TATAGCCG	1-TATAGCCG	8.183505	-14.383718	0	T:7.0(11.67%),B:1201.0(0.80%),P:1e-6	Tpos:64.7,Tstd:31.9,Bpos:50.3,Bstd:27.4,StrandBias:1.3,Multiplicity:1.00
0.001	0.001	0.001	0.997
0.997	0.001	0.001	0.001
0.001	0.154	0.001	0.844
0.997	0.001	0.001	0.001
0.001	0.001	0.761	0.237
0.001	0.997	0.001	0.001
0.132	0.736	0.001	0.131
0.117	0.001	0.881	0.001
>GGTACCGH	2-GGTACCGH	4.467633	-11.765633	0	T:22.0(36.67%),B:20624.0(13.77%),P:1e-5	Tpos:43.3,Tstd:27.2,Bpos:49.9,Bstd:27.2,StrandBias:0.5,Multiplicity:1.18
0.154	0.001	0.844	0.001
0.001	0.001	0.997	0.001
0.001	0.001	0.001	0.997
0.781	0.084	0.001	0.134
0.291	0.707	0.001	0.001
0.001	0.860	0.138	0.001
0.007	0.392	0.600	0.001
0.317	0.271	0.139	0.272
>CCTTCCCC	3-CCTTCCCC	8.161845	-11.534176	0	T:11.0(18.33%),B:5455.0(3.64%),P:1e-5	Tpos:52.1,Tstd:26.9,Bpos:49.6,Bstd:27.5,StrandBias:-0.7,Multiplicity:1.64
0.001	0.997	0.001	0.001
0.001	0.930	0.001	0.068
0.001	0.001	0.001	0.997
0.001	0.001	0.166	0.832
0.001	0.712	0.226	0.061
0.001	0.997	0.001	0.001
0.001	0.679	0.319	0.001
0.001	0.723	0.275	0.001
>GTGGGATG	4-GTGGGATG	8.260100	-8.244399	0	T:6.0(10.00%),B:2213.0(1.48%),P:1e-3	Tpos:48.1,Tstd:27.3,Bpos:50.6,Bstd:27.2,StrandBias:-2.6,Multiplicity:1.17
0.248	0.001	0.750	0.001
0.051	0.248	0.001	0.700
0.001	0.001	0.605	0.393
0.001	0.001	0.997	0.001
0.001	0.001	0.997	0.001
0.813	0.001	0.020	0.166
0.001	0.001	0.056	0.942
0.244	0.001	0.754	0.001
>CACDCACT	5-CACDCACT	6.431849	-7.406202	0	T:17.0(28.33%),B:18237.0(12.17%),P:1e-3	Tpos:39.3,Tstd:25.2,Bpos:49.8,Bstd:27.6,StrandBias:0.7,Multiplicity:1.25
0.056	0.942	0.001	0.001
0.633	0.188	0.001	0.178
0.001	0.774	0.001	0.224
0.341	0.001	0.345	0.313
0.001	0.991	0.007	0.001
0.644	0.001	0.001	0.354
0.145	0.784	0.001	0.070
0.001	0.119	0.001	0.879
