>GSAGACYCCTCM	1-GSAGACYCCTCM	6.863630	-19.103150	0	T:17.0(28.33%),B:7647.0(5.10%),P:1e-8	Tpos:58.6,Tstd:26.4,Bpos:49.7,Bstd:26.2,StrandBias:1.8,Multiplicity:1.24
0.395	0.013	0.591	0.001
0.215	0.367	0.417	0.001
0.672	0.001	0.213	0.114
0.334	0.001	0.664	0.001
0.806	0.078	0.001	0.115
0.114	0.795	0.090	0.001
0.229	0.361	0.001	0.410
0.001	0.796	0.001	0.202
0.001	0.682	0.316	0.001
0.115	0.187	0.001	0.697
0.001	0.915	0.001	0.083
0.344	0.489	0.001	0.166
>ADHCCTAATTAA	2-ADHCCTAATTAA	6.288970	-8.030105	0	T:10.0(16.67%),B:6744.0(4.50%),P:1e-3	Tpos:45.3,Tstd:22.0,Bpos:50.3,Bstd:26.0,StrandBias:-0.6,Multiplicity:1.40
0.576	0.079	0.193	0.152
0.344	0.119	0.311	0.227
0.279	0.406	0.001	0.313
0.227	0.534	0.001	0.238
0.001	0.920	0.078	0.001
0.049	0.167	0.001	0.783
0.914	0.001	0.006	0.079
0.841	0.001	0.079	0.079
0.208	0.129	0.079	0.584
0.129	0.129	0.194	0.548
0.801	0.001	0.197	0.001
0.693	0.079	0.227	0.001
>GTGCCTTGGTCA	3-GTGCCTTGGTCA	12.355432	-7.822995	0	T:1.0(1.67%),B:0.0(0.00%),P:1e-3	Tpos:22.0,Tstd:0.0,Bpos:0.0,Bstd:0.0,StrandBias:10.0,Multiplicity:1.00
0.100	0.100	0.700	0.100
0.100	0.100	0.100	0.700
0.100	0.100	0.700	0.100
0.100	0.700	0.100	0.100
0.100	0.700	0.100	0.100
0.100	0.100	0.100	0.700
0.100	0.100	0.100	0.700
0.100	0.100	0.700	0.100
0.100	0.100	0.700	0.100
0.100	0.100	0.100	0.700
0.100	0.700	0.100	0.100
0.700	0.100	0.100	0.100
>AAAAGCCCCATG	4-AAAAGCCCCATG	12.355432	-7.130045	0	T:1.0(1.67%),B:2.0(0.00%),P:1e-3	Tpos:90.0,Tstd:0.0,Bpos:58.0,Bstd:35.0,StrandBias:-10.0,Multiplicity:1.00
0.700	0.100	0.100	0.100
0.700	0.100	0.100	0.100
0.700	0.100	0.100	0.100
0.700	0.100	0.100	0.100
0.100	0.100	0.700	0.100
0.100	0.700	0.100	0.100
0.100	0.700	0.100	0.100
0.100	0.700	0.100	0.100
0.100	0.700	0.100	0.100
0.700	0.100	0.100	0.100
0.100	0.100	0.100	0.700
0.100	0.100	0.700	0.100
>CACCCGCTGTCA	5-CACCCGCTGTCA	12.355432	-7.130045	0	T:1.0(1.67%),B:2.0(0.00%),P:1e-3	Tpos:48.0,Tstd:0.0,Bpos:61.0,Bstd:0.0,StrandBias:10.0,Multiplicity:1.00
0.100	0.700	0.100	0.100
0.700	0.100	0.100	0.100
0.100	0.700	0.100	0.100
0.100	0.700	0.100	0.100
0.100	0.700	0.100	0.100
0.100	0.100	0.700	0.100
0.100	0.700	0.100	0.100
0.100	0.100	0.100	0.700
0.100	0.100	0.700	0.100
0.100	0.100	0.100	0.700
0.100	0.700	0.100	0.100
0.700	0.100	0.100	0.100
>GTTTTTATAAGA	6-GTTTTTATAAGA	12.355432	-7.130045	0	T:1.0(1.67%),B:2.0(0.00%),P:1e-3	Tpos:9.0,Tstd:0.0,Bpos:67.5,Bstd:27.5,StrandBias:10.0,Multiplicity:1.00
0.100	0.100	0.700	0.100
0.100	0.100	0.100	0.700
0.100	0.100	0.100	0.700
0.100	0.100	0.100	0.700
0.100	0.100	0.100	0.700
0.100	0.100	0.100	0.700
0.700	0.100	0.100	0.100
0.100	0.100	0.100	0.700
0.700	0.100	0.100	0.100
0.700	0.100	0.100	0.100
0.100	0.100	0.700	0.100
0.700	0.100	0.100	0.100
>TCACAGAAGCAA	7-TCACAGAAGCAA	12.355432	-7.130045	0	T:1.0(1.67%),B:2.0(0.00%),P:1e-3	Tpos:44.0,Tstd:0.0,Bpos:19.0,Bstd:13.0,StrandBias:10.0,Multiplicity:1.00
0.100	0.100	0.100	0.700
0.100	0.700	0.100	0.100
0.700	0.100	0.100	0.100
0.100	0.700	0.100	0.100
0.700	0.100	0.100	0.100
0.100	0.100	0.700	0.100
0.700	0.100	0.100	0.100
0.700	0.100	0.100	0.100
0.100	0.100	0.700	0.100
0.100	0.700	0.100	0.100
0.700	0.100	0.100	0.100
0.700	0.100	0.100	0.100
>TCCTCCTCCTCC	8-TCCTCCTCCTCC	15.897265	-2.894811	0	T:1.0(1.67%),B:142.0(0.09%),P:1e-1	Tpos:76.0,Tstd:4.2,Bpos:56.3,Bstd:25.4,StrandBias:-10.0,Multiplicity:1.00
0.001	0.001	0.001	0.997
0.157	0.841	0.001	0.001
0.001	0.997	0.001	0.001
0.001	0.001	0.001	0.997
0.170	0.828	0.001	0.001
0.001	0.997	0.001	0.001
0.001	0.001	0.001	0.997
0.165	0.833	0.001	0.001
0.001	0.997	0.001	0.001
0.001	0.001	0.001	0.997
0.154	0.844	0.001	0.001
0.001	0.997	0.001	0.001
