>GTGTGGGTAC	1-GTGTGGGTAC	10.009414	-28.175387	0	T:15.0(2.25%),B:4.6(0.18%),P:1e-12,FDR:1	Tpos:43.2,Tstd:26.4,Bpos:57.3,Bstd:26.4,StrandBias:1.4,Multiplicity:1.20
0.061	0.148	0.730	0.061
0.001	0.001	0.001	0.997
0.001	0.001	0.997	0.001
0.001	0.060	0.001	0.938
0.060	0.001	0.938	0.001
0.001	0.001	0.635	0.363
0.061	0.061	0.877	0.001
0.001	0.001	0.001	0.997
0.938	0.060	0.001	0.001
0.001	0.997	0.001	0.001
>GTGGCCACCG	2-GTGGCCACCG	8.700343	-25.062026	0	T:11.0(1.65%),B:2.9(0.12%),P:1e-10,FDR:1	Tpos:44.4,Tstd:22.8,Bpos:59.9,Bstd:17.9,StrandBias:0.7,Multiplicity:1.09
0.107	0.059	0.780	0.054
0.054	0.054	0.054	0.838
0.053	0.001	0.941	0.005
0.001	0.001	0.940	0.058
0.053	0.893	0.001	0.053
0.107	0.732	0.001	0.160
0.887	0.005	0.054	0.054
0.053	0.893	0.053	0.001
0.166	0.460	0.107	0.268
0.272	0.001	0.674	0.053
>AGTGTCCGGT	3-AGTGTCCGGT	5.502868	-25.062026	0	T:11.0(1.65%),B:2.7(0.11%),P:1e-10,FDR:1	Tpos:42.4,Tstd:26.4,Bpos:27.3,Bstd:17.3,StrandBias:0.8,Multiplicity:1.27
0.997	0.001	0.001	0.001
0.001	0.001	0.997	0.001
0.001	0.001	0.001	0.997
0.001	0.001	0.997	0.001
0.199	0.001	0.001	0.799
0.001	0.997	0.001	0.001
0.200	0.599	0.001	0.200
0.001	0.001	0.599	0.399
0.001	0.001	0.997	0.001
0.001	0.001	0.001	0.997
>AATGAGTGTG	4-AATGAGTGTG	9.595592	-23.576287	0	T:12.0(1.80%),B:3.3(0.13%),P:1e-10,FDR:1	Tpos:45.9,Tstd:22.6,Bpos:37.5,Bstd:0.6,StrandBias:2.6,Multiplicity:1.17
0.711	0.076	0.115	0.098
0.669	0.174	0.100	0.057
0.038	0.019	0.114	0.829
0.001	0.038	0.923	0.038
0.658	0.038	0.109	0.195
0.020	0.038	0.923	0.019
0.146	0.019	0.077	0.758
0.019	0.095	0.810	0.076
0.038	0.019	0.039	0.904
0.076	0.019	0.829	0.076
>GTGCTTCTAG	5-GTGCTTCTAG	8.632951	-21.546910	0	T:18.0(2.70%),B:11.0(0.44%),P:1e-9,FDR:1	Tpos:52.1,Tstd:22.5,Bpos:48.7,Bstd:20.4,StrandBias:-1.2,Multiplicity:1.28
0.001	0.186	0.812	0.001
0.001	0.001	0.198	0.800
0.001	0.001	0.812	0.186
0.218	0.687	0.001	0.094
0.093	0.001	0.093	0.813
0.001	0.196	0.112	0.691
0.022	0.788	0.188	0.002
0.001	0.009	0.001	0.989
0.709	0.001	0.001	0.289
0.290	0.103	0.606	0.001
>CTGCTCTGCT	6-CTGCTCTGCT	11.965507	-16.201424	0	T:8.0(1.20%),B:2.6(0.10%),P:1e-7,FDR:1	Tpos:45.3,Tstd:23.7,Bpos:50.1,Bstd:12.0,StrandBias:-1.7,Multiplicity:2.12
0.001	0.963	0.001	0.035
0.001	0.001	0.001	0.997
0.001	0.001	0.963	0.035
0.001	0.997	0.001	0.001
0.001	0.035	0.001	0.963
0.177	0.610	0.212	0.001
0.035	0.001	0.001	0.963
0.001	0.001	0.997	0.001
0.001	0.997	0.001	0.001
0.001	0.001	0.001	0.997
>TCTATCTGTC	7-TCTATCTGTC	10.942576	-10.867657	0	T:6.0(0.90%),B:2.5(0.10%),P:1e-4,FDR:1	Tpos:62.1,Tstd:20.3,Bpos:30.0,Bstd:0.0,StrandBias:1.0,Multiplicity:1.00
0.001	0.001	0.213	0.785
0.001	0.785	0.001	0.213
0.001	0.213	0.001	0.785
0.991	0.007	0.001	0.001
0.001	0.001	0.001	0.997
0.001	0.997	0.001	0.001
0.001	0.001	0.001	0.997
0.145	0.001	0.853	0.001
0.001	0.001	0.213	0.785
0.001	0.997	0.001	0.001
>ATGASTCATC	8-ATGASTCATC	9.618048	-8.331586	0	T:8.0(1.20%),B:7.0(0.28%),P:1e-3,FDR:1	Tpos:58.1,Tstd:25.8,Bpos:44.7,Bstd:28.2,StrandBias:0.0,Multiplicity:1.75
0.997	0.001	0.001	0.001
0.001	0.001	0.001	0.997
0.001	0.001	0.997	0.001
0.997	0.001	0.001	0.001
0.001	0.568	0.430	0.001
0.001	0.047	0.001	0.951
0.001	0.997	0.001	0.001
0.997	0.001	0.001	0.001
0.047	0.001	0.001	0.951
0.115	0.575	0.195	0.115
>GCCCTCTAGAGG	1-GCCCTCTAGAGG	10.007592	-39.496896	0	T:19.0(2.85%),B:5.0(0.20%),P:1e-17,FDR:1	Tpos:46.1,Tstd:20.7,Bpos:60.4,Bstd:26.5,StrandBias:-0.5,Multiplicity:1.06
0.001	0.092	0.815	0.092
0.001	0.815	0.092	0.092
0.001	0.735	0.086	0.178
0.001	0.997	0.001	0.001
0.264	0.171	0.001	0.564
0.001	0.997	0.001	0.001
0.092	0.349	0.001	0.558
0.723	0.001	0.092	0.184
0.001	0.171	0.743	0.085
0.806	0.001	0.001	0.192
0.001	0.001	0.997	0.001
0.001	0.264	0.734	0.001
>CTAAGTSATTGT	2-CTAAGTSATTGT	9.351267	-32.448582	0	T:11.0(1.65%),B:1.5(0.06%),P:1e-14,FDR:1	Tpos:53.5,Tstd:29.6,Bpos:43.4,Bstd:23.7,StrandBias:1.9,Multiplicity:1.27
0.071	0.786	0.001	0.142
0.001	0.071	0.071	0.857
0.784	0.071	0.144	0.001
0.827	0.001	0.171	0.001
0.313	0.001	0.531	0.155
0.001	0.071	0.228	0.700
0.001	0.425	0.501	0.073
0.823	0.076	0.100	0.001
0.232	0.001	0.144	0.623
0.001	0.013	0.071	0.915
0.097	0.327	0.575	0.001
0.103	0.013	0.001	0.883
>CAGCGCCCCCTT	3-CAGCGCCCCCTT	8.641702	-28.704378	0	T:10.0(1.50%),B:1.2(0.05%),P:1e-12,FDR:1	Tpos:53.0,Tstd:20.9,Bpos:52.5,Bstd:12.7,StrandBias:0.0,Multiplicity:1.00
0.140	0.580	0.137	0.143
0.624	0.121	0.062	0.193
0.132	0.140	0.593	0.135
0.204	0.487	0.139	0.170
0.178	0.164	0.453	0.206
0.111	0.676	0.087	0.126
0.127	0.654	0.047	0.172
0.171	0.618	0.062	0.149
0.130	0.631	0.078	0.161
0.112	0.671	0.074	0.143
0.161	0.168	0.087	0.584
0.139	0.215	0.218	0.428
>TGTGTACTRTAC	4-TGTGTACTRTAC	9.558897	-22.009249	0	T:10.0(1.50%),B:2.5(0.10%),P:1e-9,FDR:1	Tpos:48.1,Tstd:28.9,Bpos:64.7,Bstd:8.7,StrandBias:1.9,Multiplicity:1.90
0.001	0.001	0.084	0.914
0.169	0.001	0.829	0.001
0.001	0.001	0.001	0.997
0.348	0.001	0.566	0.085
0.085	0.085	0.085	0.745
0.905	0.001	0.009	0.085
0.001	0.914	0.001	0.084
0.001	0.001	0.001	0.997
0.566	0.001	0.432	0.001
0.001	0.009	0.001	0.989
0.744	0.001	0.254	0.001
0.001	0.914	0.084	0.001
>AGCTGKGTRAGC	5-AGCTGKGTRAGC	10.975504	-18.092240	0	T:7.0(1.05%),B:1.2(0.05%),P:1e-7,FDR:1	Tpos:41.5,Tstd:23.5,Bpos:75.0,Bstd:0.0,StrandBias:0.8,Multiplicity:1.57
0.973	0.025	0.001	0.001
0.001	0.001	0.997	0.001
0.001	0.949	0.025	0.025
0.295	0.001	0.001	0.703
0.001	0.175	0.823	0.001
0.001	0.001	0.454	0.544
0.176	0.026	0.622	0.176
0.001	0.191	0.001	0.807
0.369	0.202	0.429	0.001
0.823	0.175	0.001	0.001
0.175	0.001	0.823	0.001
0.001	0.823	0.175	0.001
>ATGACTCATGGT	6-ATGACTCATGGT	8.553456	-17.912506	0	T:11.0(1.65%),B:4.3(0.17%),P:1e-7,FDR:1	Tpos:54.5,Tstd:25.2,Bpos:29.6,Bstd:18.8,StrandBias:-0.4,Multiplicity:1.64
0.997	0.001	0.001	0.001
0.001	0.001	0.001	0.997
0.001	0.001	0.997	0.001
0.997	0.001	0.001	0.001
0.001	0.822	0.176	0.001
0.001	0.151	0.001	0.847
0.001	0.997	0.001	0.001
0.997	0.001	0.001	0.001
0.162	0.043	0.001	0.794
0.021	0.362	0.594	0.023
0.210	0.173	0.616	0.001
0.010	0.001	0.044	0.945
>GAGCARAGCACA	7-GAGCARAGCACA	10.361530	-7.151997	0	T:6.0(0.90%),B:4.9(0.20%),P:1e-3,FDR:1	Tpos:41.9,Tstd:26.1,Bpos:51.0,Bstd:22.9,StrandBias:2.3,Multiplicity:1.67
0.213	0.001	0.785	0.001
0.997	0.001	0.001	0.001
0.001	0.001	0.997	0.001
0.001	0.997	0.001	0.001
0.783	0.215	0.001	0.001
0.426	0.001	0.572	0.001
0.997	0.001	0.001	0.001
0.001	0.001	0.997	0.001
0.001	0.677	0.213	0.109
0.731	0.267	0.001	0.001
0.001	0.699	0.087	0.213
0.785	0.001	0.213	0.001
>TATCTATCTATC	8-TATCTATCTATC	6.517702	-2.124913	0	T:58.0(8.71%),B:187.5(7.45%),P:1e0,FDR:1	Tpos:46.1,Tstd:24.0,Bpos:50.6,Bstd:34.9,StrandBias:-0.0,Multiplicity:1.31
0.100	0.100	0.100	0.700
0.700	0.100	0.100	0.100
0.100	0.100	0.100	0.700
0.100	0.700	0.100	0.100
0.100	0.100	0.100	0.700
0.700	0.100	0.100	0.100
0.100	0.100	0.100	0.700
0.100	0.700	0.100	0.100
0.100	0.100	0.100	0.700
0.700	0.100	0.100	0.100
0.100	0.100	0.100	0.700
0.100	0.700	0.100	0.100
>TGAGTGCA	1-TGAGTGCA	6.046372	-27.861412	0	T:30.0(4.50%),B:22.4(0.89%),P:1e-12,FDR:0.2	Tpos:47.9,Tstd:22.8,Bpos:38.3,Bstd:19.1,StrandBias:-0.2,Multiplicity:1.03
0.001	0.001	0.001	0.997
0.001	0.001	0.997	0.001
0.690	0.308	0.001	0.001
0.001	0.001	0.997	0.001
0.001	0.001	0.001	0.997
0.001	0.001	0.997	0.001
0.001	0.690	0.001	0.308
0.929	0.001	0.069	0.001
>GGTACTGC	2-GGTACTGC	7.797126	-21.700678	0	T:25.0(3.75%),B:20.3(0.81%),P:1e-9,FDR:0.4	Tpos:45.3,Tstd:28.6,Bpos:41.0,Bstd:25.4,StrandBias:-0.2,Multiplicity:1.04
0.001	0.054	0.944	0.001
0.001	0.001	0.997	0.001
0.217	0.001	0.001	0.781
0.997	0.001	0.001	0.001
0.001	0.997	0.001	0.001
0.001	0.054	0.001	0.944
0.001	0.054	0.944	0.001
0.001	0.997	0.001	0.001
>TGTATGGT	3-TGTATGGT	9.814375	-20.839635	0	T:11.0(1.65%),B:3.0(0.12%),P:1e-9,FDR:0.4	Tpos:45.7,Tstd:29.7,Bpos:48.7,Bstd:30.0,StrandBias:-0.7,Multiplicity:1.18
0.043	0.001	0.001	0.955
0.001	0.001	0.997	0.001
0.352	0.001	0.001	0.646
0.997	0.001	0.001	0.001
0.001	0.001	0.001	0.997
0.001	0.001	0.997	0.001
0.001	0.001	0.843	0.155
0.001	0.001	0.001	0.997
>GCAGACTC	4-GCAGACTC	8.599760	-19.849577	0	T:20.0(3.00%),B:14.0(0.56%),P:1e-8,FDR:0.4	Tpos:54.3,Tstd:27.6,Bpos:37.7,Bstd:27.8,StrandBias:0.0,Multiplicity:1.00
0.001	0.001	0.997	0.001
0.001	0.997	0.001	0.001
0.997	0.001	0.001	0.001
0.001	0.001	0.997	0.001
0.997	0.001	0.001	0.001
0.001	0.880	0.001	0.118
0.001	0.001	0.135	0.863
0.001	0.826	0.001	0.172
>AWGTCATC	5-AWGTCATC	7.061974	-15.827093	0	T:35.0(5.26%),B:48.3(1.92%),P:1e-6,FDR:0.76	Tpos:51.8,Tstd:27.7,Bpos:49.1,Bstd:29.5,StrandBias:-0.8,Multiplicity:1.26
0.651	0.176	0.126	0.047
0.490	0.001	0.047	0.462
0.023	0.121	0.855	0.001
0.081	0.001	0.081	0.837
0.154	0.792	0.030	0.024
0.859	0.001	0.001	0.139
0.024	0.081	0.141	0.754
0.047	0.813	0.024	0.116
>GAATCGCC	6-GAATCGCC	6.671205	-14.711576	0	T:28.0(4.20%),B:35.5(1.41%),P:1e-6,FDR:0.766666666666667	Tpos:55.2,Tstd:26.7,Bpos:56.0,Bstd:27.9,StrandBias:1.0,Multiplicity:1.29
0.001	0.001	0.941	0.057
0.997	0.001	0.001	0.001
0.941	0.057	0.001	0.001
0.058	0.001	0.058	0.883
0.067	0.825	0.050	0.058
0.179	0.232	0.467	0.123
0.001	0.997	0.001	0.001
0.001	0.997	0.001	0.001
>CTGAATGA	7-CTGAATGA	9.577667	-14.689908	0	T:15.0(2.25%),B:11.3(0.45%),P:1e-6,FDR:0.766666666666667	Tpos:55.6,Tstd:27.0,Bpos:45.0,Bstd:28.6,StrandBias:-1.0,Multiplicity:1.00
0.001	0.997	0.001	0.001
0.001	0.001	0.001	0.997
0.001	0.001	0.997	0.001
0.997	0.001	0.001	0.001
0.997	0.001	0.001	0.001
0.001	0.001	0.001	0.997
0.001	0.001	0.997	0.001
0.720	0.001	0.054	0.225
>ACAGTATA	8-ACAGTATA	9.807014	-11.505227	0	T:9.0(1.35%),B:6.0(0.24%),P:1e-4,FDR:0.766666666666667	Tpos:51.0,Tstd:24.3,Bpos:55.3,Bstd:25.3,StrandBias:-2.8,Multiplicity:1.78
0.997	0.001	0.001	0.001
0.001	0.997	0.001	0.001
0.997	0.001	0.001	0.001
0.001	0.001	0.997	0.001
0.001	0.001	0.001	0.997
0.997	0.001	0.001	0.001
0.001	0.001	0.283	0.715
0.997	0.001	0.001	0.001
