>TGAGTGCA	1-TGAGTGCA	6.046372	-27.861412	0	T:30.0(4.50%),B:22.4(0.89%),P:1e-12,FDR:0.2	Tpos:47.9,Tstd:22.8,Bpos:38.3,Bstd:19.1,StrandBias:-0.2,Multiplicity:1.03
0.001	0.001	0.001	0.997
0.001	0.001	0.997	0.001
0.690	0.308	0.001	0.001
0.001	0.001	0.997	0.001
0.001	0.001	0.001	0.997
0.001	0.001	0.997	0.001
0.001	0.690	0.001	0.308
0.929	0.001	0.069	0.001
>GGTACTGC	2-GGTACTGC	7.797126	-21.700678	0	T:25.0(3.75%),B:20.3(0.81%),P:1e-9,FDR:0.4	Tpos:45.3,Tstd:28.6,Bpos:41.0,Bstd:25.4,StrandBias:-0.2,Multiplicity:1.04
0.001	0.054	0.944	0.001
0.001	0.001	0.997	0.001
0.217	0.001	0.001	0.781
0.997	0.001	0.001	0.001
0.001	0.997	0.001	0.001
0.001	0.054	0.001	0.944
0.001	0.054	0.944	0.001
0.001	0.997	0.001	0.001
>TGTATGGT	3-TGTATGGT	9.814375	-20.839635	0	T:11.0(1.65%),B:3.0(0.12%),P:1e-9,FDR:0.4	Tpos:45.7,Tstd:29.7,Bpos:48.7,Bstd:30.0,StrandBias:-0.7,Multiplicity:1.18
0.043	0.001	0.001	0.955
0.001	0.001	0.997	0.001
0.352	0.001	0.001	0.646
0.997	0.001	0.001	0.001
0.001	0.001	0.001	0.997
0.001	0.001	0.997	0.001
0.001	0.001	0.843	0.155
0.001	0.001	0.001	0.997
>GCAGACTC	4-GCAGACTC	8.599760	-19.849577	0	T:20.0(3.00%),B:14.0(0.56%),P:1e-8,FDR:0.4	Tpos:54.3,Tstd:27.6,Bpos:37.7,Bstd:27.8,StrandBias:0.0,Multiplicity:1.00
0.001	0.001	0.997	0.001
0.001	0.997	0.001	0.001
0.997	0.001	0.001	0.001
0.001	0.001	0.997	0.001
0.997	0.001	0.001	0.001
0.001	0.880	0.001	0.118
0.001	0.001	0.135	0.863
0.001	0.826	0.001	0.172
>AWGTCATC	5-AWGTCATC	7.061974	-15.827093	0	T:35.0(5.26%),B:48.3(1.92%),P:1e-6,FDR:0.76	Tpos:51.8,Tstd:27.7,Bpos:49.1,Bstd:29.5,StrandBias:-0.8,Multiplicity:1.26
0.651	0.176	0.126	0.047
0.490	0.001	0.047	0.462
0.023	0.121	0.855	0.001
0.081	0.001	0.081	0.837
0.154	0.792	0.030	0.024
0.859	0.001	0.001	0.139
0.024	0.081	0.141	0.754
0.047	0.813	0.024	0.116
>GAATCGCC	6-GAATCGCC	6.671205	-14.711576	0	T:28.0(4.20%),B:35.5(1.41%),P:1e-6,FDR:0.766666666666667	Tpos:55.2,Tstd:26.7,Bpos:56.0,Bstd:27.9,StrandBias:1.0,Multiplicity:1.29
0.001	0.001	0.941	0.057
0.997	0.001	0.001	0.001
0.941	0.057	0.001	0.001
0.058	0.001	0.058	0.883
0.067	0.825	0.050	0.058
0.179	0.232	0.467	0.123
0.001	0.997	0.001	0.001
0.001	0.997	0.001	0.001
>CTGAATGA	7-CTGAATGA	9.577667	-14.689908	0	T:15.0(2.25%),B:11.3(0.45%),P:1e-6,FDR:0.766666666666667	Tpos:55.6,Tstd:27.0,Bpos:45.0,Bstd:28.6,StrandBias:-1.0,Multiplicity:1.00
0.001	0.997	0.001	0.001
0.001	0.001	0.001	0.997
0.001	0.001	0.997	0.001
0.997	0.001	0.001	0.001
0.997	0.001	0.001	0.001
0.001	0.001	0.001	0.997
0.001	0.001	0.997	0.001
0.720	0.001	0.054	0.225
>ACAGTATA	8-ACAGTATA	9.807014	-11.505227	0	T:9.0(1.35%),B:6.0(0.24%),P:1e-4,FDR:0.766666666666667	Tpos:51.0,Tstd:24.3,Bpos:55.3,Bstd:25.3,StrandBias:-2.8,Multiplicity:1.78
0.997	0.001	0.001	0.001
0.001	0.997	0.001	0.001
0.997	0.001	0.001	0.001
0.001	0.001	0.997	0.001
0.001	0.001	0.001	0.997
0.997	0.001	0.001	0.001
0.001	0.001	0.283	0.715
0.997	0.001	0.001	0.001
