>GTGTGGGTAC	1-GTGTGGGTAC	10.009414	-28.175387	0	T:15.0(2.25%),B:4.6(0.18%),P:1e-12,FDR:1	Tpos:43.2,Tstd:26.4,Bpos:57.3,Bstd:26.4,StrandBias:1.4,Multiplicity:1.20
0.061	0.148	0.730	0.061
0.001	0.001	0.001	0.997
0.001	0.001	0.997	0.001
0.001	0.060	0.001	0.938
0.060	0.001	0.938	0.001
0.001	0.001	0.635	0.363
0.061	0.061	0.877	0.001
0.001	0.001	0.001	0.997
0.938	0.060	0.001	0.001
0.001	0.997	0.001	0.001
>GTGGCCACCG	2-GTGGCCACCG	8.700343	-25.062026	0	T:11.0(1.65%),B:2.9(0.12%),P:1e-10,FDR:1	Tpos:44.4,Tstd:22.8,Bpos:59.9,Bstd:17.9,StrandBias:0.7,Multiplicity:1.09
0.107	0.059	0.780	0.054
0.054	0.054	0.054	0.838
0.053	0.001	0.941	0.005
0.001	0.001	0.940	0.058
0.053	0.893	0.001	0.053
0.107	0.732	0.001	0.160
0.887	0.005	0.054	0.054
0.053	0.893	0.053	0.001
0.166	0.460	0.107	0.268
0.272	0.001	0.674	0.053
>AGTGTCCGGT	3-AGTGTCCGGT	5.502868	-25.062026	0	T:11.0(1.65%),B:2.7(0.11%),P:1e-10,FDR:1	Tpos:42.4,Tstd:26.4,Bpos:27.3,Bstd:17.3,StrandBias:0.8,Multiplicity:1.27
0.997	0.001	0.001	0.001
0.001	0.001	0.997	0.001
0.001	0.001	0.001	0.997
0.001	0.001	0.997	0.001
0.199	0.001	0.001	0.799
0.001	0.997	0.001	0.001
0.200	0.599	0.001	0.200
0.001	0.001	0.599	0.399
0.001	0.001	0.997	0.001
0.001	0.001	0.001	0.997
>AATGAGTGTG	4-AATGAGTGTG	9.595592	-23.576287	0	T:12.0(1.80%),B:3.3(0.13%),P:1e-10,FDR:1	Tpos:45.9,Tstd:22.6,Bpos:37.5,Bstd:0.6,StrandBias:2.6,Multiplicity:1.17
0.711	0.076	0.115	0.098
0.669	0.174	0.100	0.057
0.038	0.019	0.114	0.829
0.001	0.038	0.923	0.038
0.658	0.038	0.109	0.195
0.020	0.038	0.923	0.019
0.146	0.019	0.077	0.758
0.019	0.095	0.810	0.076
0.038	0.019	0.039	0.904
0.076	0.019	0.829	0.076
>GTGCTTCTAG	5-GTGCTTCTAG	8.632951	-21.546910	0	T:18.0(2.70%),B:11.0(0.44%),P:1e-9,FDR:1	Tpos:52.1,Tstd:22.5,Bpos:48.7,Bstd:20.4,StrandBias:-1.2,Multiplicity:1.28
0.001	0.186	0.812	0.001
0.001	0.001	0.198	0.800
0.001	0.001	0.812	0.186
0.218	0.687	0.001	0.094
0.093	0.001	0.093	0.813
0.001	0.196	0.112	0.691
0.022	0.788	0.188	0.002
0.001	0.009	0.001	0.989
0.709	0.001	0.001	0.289
0.290	0.103	0.606	0.001
>CTGCTCTGCT	6-CTGCTCTGCT	11.965507	-16.201424	0	T:8.0(1.20%),B:2.6(0.10%),P:1e-7,FDR:1	Tpos:45.3,Tstd:23.7,Bpos:50.1,Bstd:12.0,StrandBias:-1.7,Multiplicity:2.12
0.001	0.963	0.001	0.035
0.001	0.001	0.001	0.997
0.001	0.001	0.963	0.035
0.001	0.997	0.001	0.001
0.001	0.035	0.001	0.963
0.177	0.610	0.212	0.001
0.035	0.001	0.001	0.963
0.001	0.001	0.997	0.001
0.001	0.997	0.001	0.001
0.001	0.001	0.001	0.997
>TCTATCTGTC	7-TCTATCTGTC	10.942576	-10.867657	0	T:6.0(0.90%),B:2.5(0.10%),P:1e-4,FDR:1	Tpos:62.1,Tstd:20.3,Bpos:30.0,Bstd:0.0,StrandBias:1.0,Multiplicity:1.00
0.001	0.001	0.213	0.785
0.001	0.785	0.001	0.213
0.001	0.213	0.001	0.785
0.991	0.007	0.001	0.001
0.001	0.001	0.001	0.997
0.001	0.997	0.001	0.001
0.001	0.001	0.001	0.997
0.145	0.001	0.853	0.001
0.001	0.001	0.213	0.785
0.001	0.997	0.001	0.001
>ATGASTCATC	8-ATGASTCATC	9.618048	-8.331586	0	T:8.0(1.20%),B:7.0(0.28%),P:1e-3,FDR:1	Tpos:58.1,Tstd:25.8,Bpos:44.7,Bstd:28.2,StrandBias:0.0,Multiplicity:1.75
0.997	0.001	0.001	0.001
0.001	0.001	0.001	0.997
0.001	0.001	0.997	0.001
0.997	0.001	0.001	0.001
0.001	0.568	0.430	0.001
0.001	0.047	0.001	0.951
0.001	0.997	0.001	0.001
0.997	0.001	0.001	0.001
0.047	0.001	0.001	0.951
0.115	0.575	0.195	0.115
