>AGGACCGG	1-AGGACCGG	5.924330	-18.334338	0	T:14.0(41.18%),B:9493.0(6.57%),P:1e-7	Tpos:44.0,Tstd:28.7,Bpos:49.7,Bstd:27.4,StrandBias:1.1,Multiplicity:1.14
0.860	0.048	0.058	0.034
0.128	0.058	0.572	0.242
0.107	0.121	0.731	0.041
0.660	0.201	0.088	0.051
0.001	0.817	0.181	0.001
0.105	0.844	0.001	0.050
0.091	0.102	0.748	0.059
0.030	0.182	0.787	0.001
>ACCAGAAC	2-ACCAGAAC	4.781437	-12.831759	0	T:11.0(32.35%),B:8621.0(5.96%),P:1e-5	Tpos:48.3,Tstd:21.7,Bpos:50.1,Bstd:27.3,StrandBias:1.6,Multiplicity:1.09
0.997	0.001	0.001	0.001
0.001	0.997	0.001	0.001
0.001	0.997	0.001	0.001
0.893	0.001	0.001	0.105
0.001	0.032	0.966	0.001
0.997	0.001	0.001	0.001
0.705	0.001	0.293	0.001
0.220	0.778	0.001	0.001
>GGGTGTCA	3-GGGTGTCA	9.072982	-11.048089	0	T:5.0(14.71%),B:1353.0(0.94%),P:1e-4	Tpos:49.6,Tstd:28.4,Bpos:49.3,Bstd:27.1,StrandBias:-2.0,Multiplicity:1.00
0.001	0.001	0.997	0.001
0.262	0.001	0.736	0.001
0.001	0.001	0.997	0.001
0.001	0.001	0.001	0.997
0.001	0.001	0.997	0.001
0.001	0.001	0.001	0.997
0.001	0.814	0.184	0.001
0.997	0.001	0.001	0.001
>CCAAATTT	4-CCAAATTT	8.632733	-8.743389	0	T:4.0(11.76%),B:1162.0(0.80%),P:1e-3	Tpos:42.3,Tstd:34.7,Bpos:49.1,Bstd:26.8,StrandBias:0.4,Multiplicity:1.25
0.001	0.997	0.001	0.001
0.001	0.769	0.001	0.229
0.997	0.001	0.001	0.001
0.809	0.001	0.001	0.189
0.997	0.001	0.001	0.001
0.001	0.001	0.172	0.826
0.188	0.001	0.001	0.810
0.001	0.001	0.001	0.997
>MTTGACTG	5-MTTGACTG	7.140509	-7.284389	0	T:5.0(14.71%),B:3039.0(2.10%),P:1e-3	Tpos:33.2,Tstd:16.3,Bpos:49.2,Bstd:27.3,StrandBias:1.0,Multiplicity:1.20
0.470	0.357	0.172	0.001
0.001	0.001	0.001	0.997
0.001	0.001	0.001	0.997
0.001	0.001	0.997	0.001
0.884	0.001	0.001	0.114
0.001	0.997	0.001	0.001
0.001	0.001	0.001	0.997
0.001	0.001	0.997	0.001
