>TACTACTA	1-TACTACTA	6.098886	-13.179731	0	T:12.0(35.29%),B:10191.0(7.05%),P:1e-5	Tpos:56.3,Tstd:30.7,Bpos:50.1,Bstd:27.2,StrandBias:0.6,Multiplicity:1.08
0.001	0.191	0.205	0.603
0.936	0.001	0.062	0.001
0.001	0.878	0.001	0.120
0.190	0.001	0.001	0.808
0.675	0.083	0.241	0.001
0.001	0.803	0.001	0.195
0.001	0.007	0.141	0.851
0.494	0.001	0.329	0.175
>AGCCTTGG	2-AGCCTTGG	7.483749	-12.301924	0	T:10.0(29.41%),B:7291.0(5.04%),P:1e-5	Tpos:56.5,Tstd:21.8,Bpos:50.5,Bstd:27.5,StrandBias:0.7,Multiplicity:1.20
0.997	0.001	0.001	0.001
0.001	0.110	0.782	0.107
0.001	0.893	0.001	0.105
0.001	0.997	0.001	0.001
0.073	0.001	0.001	0.925
0.218	0.001	0.050	0.731
0.001	0.001	0.997	0.001
0.091	0.085	0.735	0.089
>CCCCCCCC	3-CCCCCCCC	5.879783	-10.097251	0	T:16.0(47.06%),B:24306.0(16.81%),P:1e-4	Tpos:58.1,Tstd:21.6,Bpos:50.3,Bstd:27.0,StrandBias:-0.5,Multiplicity:1.50
0.001	0.997	0.001	0.001
0.001	0.898	0.001	0.100
0.001	0.816	0.063	0.120
0.093	0.872	0.001	0.034
0.167	0.750	0.001	0.082
0.001	0.944	0.001	0.054
0.001	0.997	0.001	0.001
0.001	0.997	0.001	0.001
>TCTGGCCG	4-TCTGGCCG	7.970026	-9.556897	0	T:7.0(20.59%),B:4482.0(3.10%),P:1e-4	Tpos:32.6,Tstd:19.0,Bpos:49.5,Bstd:26.9,StrandBias:-1.0,Multiplicity:1.29
0.001	0.001	0.166	0.832
0.001	0.997	0.001	0.001
0.001	0.001	0.001	0.997
0.001	0.001	0.997	0.001
0.001	0.185	0.813	0.001
0.001	0.813	0.185	0.001
0.113	0.799	0.001	0.087
0.001	0.001	0.931	0.067
>CTTAAGAA	5-CTTAAGAA	9.360913	-7.937288	0	T:3.0(8.82%),B:583.0(0.40%),P:1e-3	Tpos:71.0,Tstd:6.6,Bpos:48.3,Bstd:27.5,StrandBias:0.0,Multiplicity:1.00
0.001	0.997	0.001	0.001
0.001	0.001	0.001	0.997
0.001	0.001	0.001	0.997
0.862	0.136	0.001	0.001
0.997	0.001	0.001	0.001
0.001	0.001	0.742	0.256
0.816	0.001	0.182	0.001
0.997	0.001	0.001	0.001
