>ACTGNTTACA	1-ACTGNTTACA	6.923185	-9.562386	0	T:5.0(50.00%),B:117.0(5.10%),P:1e-4	Tpos:57.8,Tstd:19.6,Bpos:50.4,Bstd:25.4,StrandBias:-1.0,Multiplicity:1.20
0.760	0.238	0.001	0.001
0.001	0.760	0.001	0.238
0.238	0.001	0.001	0.760
0.001	0.001	0.760	0.238
0.239	0.239	0.239	0.283
0.001	0.238	0.001	0.760
0.001	0.238	0.001	0.760
0.760	0.001	0.238	0.001
0.001	0.997	0.001	0.001
0.478	0.239	0.239	0.044
>GCGCYTGYGC	2-GCGCYTGYGC	9.794068	-5.436558	0	T:1.0(10.00%),B:1.0(0.04%),P:1e-2	Tpos:14.0,Tstd:0.0,Bpos:50.0,Bstd:0.0,StrandBias:10.0,Multiplicity:1.00
0.111	0.127	0.761	0.001
0.238	0.508	0.127	0.127
0.127	0.001	0.771	0.101
0.001	0.997	0.001	0.001
0.127	0.363	0.008	0.502
0.001	0.001	0.001	0.997
0.127	0.127	0.745	0.001
0.229	0.278	0.111	0.382
0.001	0.127	0.745	0.127
0.127	0.745	0.127	0.001
>GGAAAATGGC	3-GGAAAATGGC	10.296193	-5.436558	0	T:1.0(10.00%),B:1.0(0.04%),P:1e-2	Tpos:26.0,Tstd:0.0,Bpos:44.0,Bstd:0.0,StrandBias:10.0,Multiplicity:1.00
0.100	0.100	0.700	0.100
0.100	0.100	0.700	0.100
0.700	0.100	0.100	0.100
0.700	0.100	0.100	0.100
0.700	0.100	0.100	0.100
0.700	0.100	0.100	0.100
0.100	0.100	0.100	0.700
0.100	0.100	0.700	0.100
0.100	0.100	0.700	0.100
0.100	0.700	0.100	0.100
>GCTGCTTTTA	4-GCTGCTTTTA	10.296193	-4.745373	0	T:1.0(10.00%),B:2.0(0.09%),P:1e-2	Tpos:36.0,Tstd:0.0,Bpos:49.0,Bstd:39.0,StrandBias:10.0,Multiplicity:1.00
0.100	0.100	0.700	0.100
0.100	0.700	0.100	0.100
0.100	0.100	0.100	0.700
0.100	0.100	0.700	0.100
0.100	0.700	0.100	0.100
0.100	0.100	0.100	0.700
0.100	0.100	0.100	0.700
0.100	0.100	0.100	0.700
0.100	0.100	0.100	0.700
0.700	0.100	0.100	0.100
>TCTGCCTCCA	5-TCTGCCTCCA	10.296193	-4.745373	0	T:1.0(10.00%),B:2.0(0.09%),P:1e-2	Tpos:58.0,Tstd:0.0,Bpos:56.5,Bstd:21.5,StrandBias:-10.0,Multiplicity:1.00
0.100	0.100	0.100	0.700
0.100	0.700	0.100	0.100
0.100	0.100	0.100	0.700
0.100	0.100	0.700	0.100
0.100	0.700	0.100	0.100
0.100	0.700	0.100	0.100
0.100	0.100	0.100	0.700
0.100	0.700	0.100	0.100
0.100	0.700	0.100	0.100
0.700	0.100	0.100	0.100
