>GGAGKGRYTYSA	1-GGAGKGRYTYSA	10.192017	-20.064817	0	T:4.0(40.00%),B:4.0(0.17%),P:1e-8	Tpos:56.8,Tstd:29.1,Bpos:46.8,Bstd:32.9,StrandBias:1.6,Multiplicity:1.00
0.001	0.001	0.997	0.001
0.041	0.001	0.957	0.001
0.997	0.001	0.001	0.001
0.001	0.001	0.997	0.001
0.001	0.001	0.541	0.457
0.001	0.001	0.997	0.001
0.500	0.042	0.458	0.001
0.001	0.499	0.001	0.499
0.001	0.001	0.001	0.997
0.001	0.457	0.001	0.541
0.001	0.457	0.541	0.001
0.997	0.001	0.001	0.001
>TCTGTGAACAAC	2-TCTGTGAACAAC	4.778858	-16.205287	0	T:5.0(50.00%),B:30.0(1.31%),P:1e-7	Tpos:56.6,Tstd:29.1,Bpos:47.9,Bstd:20.4,StrandBias:0.6,Multiplicity:1.00
0.001	0.001	0.070	0.928
0.001	0.997	0.001	0.001
0.083	0.001	0.001	0.915
0.001	0.001	0.997	0.001
0.001	0.152	0.001	0.846
0.082	0.073	0.844	0.001
0.928	0.001	0.070	0.001
0.855	0.143	0.001	0.001
0.001	0.997	0.001	0.001
0.928	0.001	0.001	0.070
0.845	0.073	0.071	0.011
0.001	0.997	0.001	0.001
>CCWCCACCWWTC	3-CCWCCACCWWTC	12.912352	-11.670025	0	T:2.0(20.00%),B:0.0(0.00%),P:1e-5	Tpos:39.8,Tstd:22.4,Bpos:0.0,Bstd:0.0,StrandBias:10.0,Multiplicity:2.00
0.001	0.655	0.001	0.343
0.001	0.997	0.001	0.001
0.444	0.001	0.001	0.554
0.001	0.997	0.001	0.001
0.343	0.655	0.001	0.001
0.997	0.001	0.001	0.001
0.001	0.997	0.001	0.001
0.001	0.997	0.001	0.001
0.444	0.001	0.001	0.554
0.554	0.001	0.001	0.444
0.001	0.343	0.001	0.655
0.001	0.997	0.001	0.001
>KTGGGSYSRRMA	4-KTGGGSYSRRMA	11.600345	-11.670025	0	T:2.0(20.00%),B:0.0(0.00%),P:1e-5	Tpos:42.0,Tstd:13.0,Bpos:0.0,Bstd:0.0,StrandBias:10.0,Multiplicity:1.00
0.020	0.020	0.502	0.458
0.020	0.001	0.020	0.959
0.020	0.001	0.959	0.020
0.001	0.001	0.979	0.019
0.019	0.001	0.979	0.001
0.001	0.457	0.541	0.001
0.020	0.482	0.020	0.478
0.001	0.458	0.521	0.020
0.478	0.001	0.501	0.020
0.478	0.020	0.501	0.001
0.541	0.457	0.001	0.001
0.997	0.001	0.001	0.001
>AGGCAGAAGCAA	5-AGGCAGAAGCAA	12.355432	-5.436558	0	T:1.0(10.00%),B:0.0(0.00%),P:1e-2	Tpos:49.0,Tstd:25.3,Bpos:0.0,Bstd:0.0,StrandBias:10.0,Multiplicity:3.00
0.700	0.100	0.100	0.100
0.100	0.100	0.700	0.100
0.100	0.100	0.700	0.100
0.100	0.700	0.100	0.100
0.700	0.100	0.100	0.100
0.100	0.100	0.700	0.100
0.700	0.100	0.100	0.100
0.700	0.100	0.100	0.100
0.100	0.100	0.700	0.100
0.100	0.700	0.100	0.100
0.700	0.100	0.100	0.100
0.700	0.100	0.100	0.100
