>GCGGCTGGGGCR	1-GCGGCTGGGGCR	9.426955	-17.909347	0	T:4.0(100.00%),B:3.0(1.14%),P:1e-7	Tpos:49.8,Tstd:29.9,Bpos:58.2,Bstd:18.0,StrandBias:10.0,Multiplicity:1.25
0.001	0.001	0.770	0.228
0.001	0.767	0.228	0.004
0.001	0.191	0.617	0.191
0.001	0.041	0.767	0.191
0.001	0.617	0.381	0.001
0.040	0.001	0.191	0.768
0.001	0.036	0.962	0.001
0.192	0.195	0.382	0.232
0.003	0.001	0.995	0.001
0.001	0.001	0.807	0.191
0.001	0.804	0.004	0.191
0.382	0.004	0.419	0.196
>BGBCAGYGSCYG	2-BGBCAGYGSCYG	8.438887	-15.344398	0	T:3.0(75.00%),B:1.0(0.38%),P:1e-6	Tpos:31.7,Tstd:20.8,Bpos:47.0,Bstd:0.0,StrandBias:1.0,Multiplicity:1.00
0.108	0.325	0.350	0.217
0.221	0.108	0.454	0.217
0.129	0.325	0.330	0.217
0.001	0.891	0.107	0.001
0.891	0.107	0.001	0.001
0.001	0.108	0.783	0.108
0.108	0.325	0.129	0.438
0.001	0.237	0.654	0.108
0.108	0.325	0.459	0.108
0.001	0.997	0.001	0.001
0.108	0.325	0.108	0.459
0.217	0.108	0.567	0.108
>TTATDAVCTCTT	3-TTATDAVCTCTT	6.905186	-10.527546	0	T:3.0(75.00%),B:5.0(1.89%),P:1e-4	Tpos:47.0,Tstd:26.4,Bpos:75.4,Bstd:13.8,StrandBias:1.6,Multiplicity:1.33
0.010	0.330	0.042	0.618
0.031	0.011	0.330	0.628
0.617	0.330	0.011	0.042
0.011	0.041	0.309	0.639
0.339	0.011	0.320	0.330
0.618	0.031	0.011	0.340
0.340	0.320	0.309	0.031
0.020	0.938	0.041	0.001
0.320	0.032	0.030	0.618
0.001	0.639	0.329	0.031
0.001	0.031	0.350	0.618
0.021	0.320	0.021	0.638
>GRGSMACWRSRR	4-GRGSMACWRSRR	10.964431	-9.365195	0	T:2.0(50.00%),B:1.0(0.38%),P:1e-4	Tpos:50.0,Tstd:39.8,Bpos:36.0,Bstd:0.0,StrandBias:10.0,Multiplicity:2.00
0.001	0.001	0.997	0.001
0.446	0.001	0.552	0.001
0.001	0.001	0.997	0.001
0.001	0.446	0.552	0.001
0.446	0.552	0.001	0.001
0.997	0.001	0.001	0.001
0.001	0.946	0.052	0.001
0.552	0.001	0.001	0.446
0.552	0.001	0.446	0.001
0.001	0.446	0.552	0.001
0.446	0.001	0.552	0.001
0.446	0.001	0.552	0.001
>ARSYTYACASTG	5-ARSYTYACASTG	12.895852	-4.195338	0	T:1.0(25.00%),B:1.0(0.38%),P:1e-1	Tpos:62.0,Tstd:4.0,Bpos:63.0,Bstd:0.0,StrandBias:0.0,Multiplicity:2.00
0.997	0.001	0.001	0.001
0.446	0.001	0.552	0.001
0.001	0.446	0.552	0.001
0.001	0.447	0.106	0.447
0.001	0.001	0.001	0.997
0.001	0.552	0.001	0.446
0.997	0.001	0.001	0.001
0.001	0.997	0.001	0.001
0.893	0.001	0.001	0.105
0.001	0.446	0.552	0.001
0.001	0.001	0.001	0.997
0.001	0.001	0.997	0.001
