>TMTSCYYK	1-TMTSCYYK	4.623126	-4.395543	0	T:3.0(75.00%),B:40.0(15.15%),P:1e-1	Tpos:47.4,Tstd:29.4,Bpos:50.8,Bstd:26.9,StrandBias:2.0,Multiplicity:1.67
0.001	0.001	0.001	0.997
0.446	0.552	0.001	0.001
0.001	0.001	0.001	0.997
0.001	0.532	0.466	0.001
0.001	0.997	0.001	0.001
0.020	0.532	0.001	0.447
0.001	0.552	0.001	0.446
0.001	0.001	0.446	0.552
>GTCCAGAC	2-GTCCAGAC	8.236954	-4.195338	0	T:1.0(25.00%),B:1.0(0.38%),P:1e-1	Tpos:68.0,Tstd:0.0,Bpos:89.0,Bstd:0.0,StrandBias:10.0,Multiplicity:1.00
0.100	0.100	0.700	0.100
0.100	0.100	0.100	0.700
0.100	0.700	0.100	0.100
0.100	0.700	0.100	0.100
0.700	0.100	0.100	0.100
0.100	0.100	0.700	0.100
0.700	0.100	0.100	0.100
0.100	0.700	0.100	0.100
>CCTATCCA	3-CCTATCCA	8.236954	-4.195338	0	T:1.0(25.00%),B:1.0(0.38%),P:1e-1	Tpos:15.0,Tstd:0.0,Bpos:51.0,Bstd:0.0,StrandBias:-10.0,Multiplicity:1.00
0.100	0.700	0.100	0.100
0.100	0.700	0.100	0.100
0.100	0.100	0.100	0.700
0.700	0.100	0.100	0.100
0.100	0.100	0.100	0.700
0.100	0.700	0.100	0.100
0.100	0.700	0.100	0.100
0.700	0.100	0.100	0.100
>DTAADGCC	4-DTAADGCC	6.949279	-4.195338	0	T:1.0(25.00%),B:0.0(0.00%),P:1e-1	Tpos:96.0,Tstd:0.0,Bpos:0.0,Bstd:0.0,StrandBias:10.0,Multiplicity:1.00
0.327	0.018	0.327	0.328
0.336	0.036	0.001	0.627
0.635	0.001	0.001	0.363
0.964	0.009	0.018	0.009
0.309	0.009	0.355	0.327
0.001	0.018	0.972	0.009
0.028	0.626	0.319	0.027
0.318	0.635	0.029	0.018
>TCTAGGCA	5-TCTAGGCA	6.291044	-2.596222	0	T:2.0(50.00%),B:32.0(12.12%),P:1e-1	Tpos:52.4,Tstd:25.4,Bpos:50.0,Bstd:25.4,StrandBias:-0.6,Multiplicity:2.50
0.100	0.100	0.100	0.700
0.100	0.700	0.100	0.100
0.100	0.100	0.100	0.700
0.700	0.100	0.100	0.100
0.100	0.100	0.700	0.100
0.100	0.100	0.700	0.100
0.100	0.700	0.100	0.100
0.700	0.100	0.100	0.100
