>CAGHGHVCAC	1-CAGHGHVCAC	8.619979	-17.909347	0	T:4.0(100.00%),B:3.0(1.14%),P:1e-7	Tpos:48.4,Tstd:27.0,Bpos:18.0,Bstd:1.4,StrandBias:-2.0,Multiplicity:1.25
0.001	0.997	0.001	0.001
0.997	0.001	0.001	0.001
0.001	0.001	0.997	0.001
0.382	0.309	0.001	0.309
0.001	0.001	0.997	0.001
0.309	0.309	0.001	0.382
0.309	0.382	0.309	0.001
0.308	0.690	0.001	0.001
0.690	0.001	0.308	0.001
0.308	0.690	0.001	0.001
>GGGCMCMAGG	2-GGGCMCMAGG	11.225754	-9.365195	0	T:2.0(50.00%),B:0.0(0.00%),P:1e-4	Tpos:22.0,Tstd:16.0,Bpos:0.0,Bstd:0.0,StrandBias:10.0,Multiplicity:1.00
0.001	0.001	0.997	0.001
0.001	0.001	0.997	0.001
0.001	0.001	0.997	0.001
0.001	0.997	0.001	0.001
0.527	0.471	0.001	0.001
0.236	0.735	0.028	0.001
0.527	0.471	0.001	0.001
0.763	0.001	0.235	0.001
0.235	0.001	0.763	0.001
0.001	0.235	0.763	0.001
>GTTGGGCCAA	3-GTTGGGCCAA	8.350283	-9.365195	0	T:2.0(50.00%),B:1.0(0.38%),P:1e-4	Tpos:64.7,Tstd:6.6,Bpos:7.0,Bstd:0.0,StrandBias:-1.0,Multiplicity:1.00
0.100	0.100	0.700	0.100
0.100	0.100	0.100	0.700
0.100	0.100	0.100	0.700
0.100	0.100	0.700	0.100
0.100	0.100	0.700	0.100
0.100	0.100	0.700	0.100
0.100	0.700	0.100	0.100
0.100	0.700	0.100	0.100
0.700	0.100	0.100	0.100
0.700	0.100	0.100	0.100
>GGGCAAAGGG	4-GGGCAAAGGG	10.527943	-9.365195	0	T:2.0(50.00%),B:1.0(0.38%),P:1e-4	Tpos:52.0,Tstd:25.7,Bpos:91.0,Bstd:0.0,StrandBias:1.0,Multiplicity:1.50
0.001	0.001	0.997	0.001
0.001	0.001	0.997	0.001
0.001	0.001	0.997	0.001
0.001	0.997	0.001	0.001
0.997	0.001	0.001	0.001
0.807	0.001	0.191	0.001
0.997	0.001	0.001	0.001
0.191	0.001	0.807	0.001
0.001	0.001	0.997	0.001
0.001	0.001	0.997	0.001
>AAATCTCGCA	5-AAATCTCGCA	8.369486	-4.195338	0	T:1.0(25.00%),B:1.0(0.38%),P:1e-1	Tpos:9.0,Tstd:0.0,Bpos:20.0,Bstd:0.0,StrandBias:10.0,Multiplicity:1.00
0.927	0.025	0.032	0.016
0.642	0.325	0.008	0.025
0.625	0.342	0.025	0.008
0.317	0.057	0.008	0.618
0.350	0.626	0.008	0.016
0.024	0.325	0.033	0.618
0.001	0.658	0.008	0.333
0.033	0.333	0.626	0.008
0.008	0.634	0.318	0.040
0.626	0.017	0.333	0.024
