>BHTCTCAGACCB	1-BHTCTCAGACCB	10.000397	-22.303796	0	T:4.0(100.00%),B:1.0(0.38%),P:1e-9	Tpos:36.5,Tstd:23.0,Bpos:13.0,Bstd:0.0,StrandBias:-1.6,Multiplicity:1.00
0.001	0.382	0.309	0.309
0.309	0.382	0.001	0.309
0.001	0.001	0.001	0.997
0.001	0.997	0.001	0.001
0.001	0.001	0.308	0.690
0.001	0.997	0.001	0.001
0.997	0.001	0.001	0.001
0.001	0.001	0.997	0.001
0.690	0.001	0.001	0.308
0.308	0.690	0.001	0.001
0.001	0.617	0.001	0.381
0.073	0.309	0.309	0.309
>CYYTCCRYCYCM	2-CYYTCCRYCYCM	12.412574	-11.194099	0	T:3.0(75.00%),B:4.0(1.52%),P:1e-4	Tpos:52.3,Tstd:15.5,Bpos:57.0,Bstd:28.9,StrandBias:-10.0,Multiplicity:1.00
0.001	0.997	0.001	0.001
0.001	0.552	0.001	0.446
0.001	0.552	0.001	0.446
0.001	0.001	0.001	0.997
0.001	0.997	0.001	0.001
0.001	0.997	0.001	0.001
0.552	0.001	0.446	0.001
0.001	0.446	0.001	0.552
0.001	0.997	0.001	0.001
0.001	0.446	0.001	0.552
0.001	0.997	0.001	0.001
0.446	0.552	0.001	0.001
>TCCCGGCVTGGC	3-TCCCGGCVTGGC	7.609317	-9.983467	0	T:3.0(75.00%),B:6.0(2.27%),P:1e-4	Tpos:44.5,Tstd:19.9,Bpos:43.8,Bstd:24.2,StrandBias:0.0,Multiplicity:1.33
0.308	0.001	0.001	0.690
0.001	0.997	0.001	0.001
0.073	0.617	0.001	0.309
0.073	0.617	0.309	0.001
0.001	0.308	0.690	0.001
0.308	0.001	0.690	0.001
0.308	0.690	0.001	0.001
0.309	0.382	0.309	0.001
0.001	0.001	0.001	0.997
0.001	0.001	0.617	0.381
0.001	0.001	0.997	0.001
0.001	0.690	0.001	0.308
>GGGKTMYYGGCK	4-GGGKTMYYGGCK	12.684862	-9.365195	0	T:2.0(50.00%),B:0.0(0.00%),P:1e-4	Tpos:29.5,Tstd:17.5,Bpos:0.0,Bstd:0.0,StrandBias:10.0,Multiplicity:1.00
0.001	0.001	0.997	0.001
0.001	0.001	0.997	0.001
0.001	0.001	0.997	0.001
0.001	0.001	0.552	0.446
0.001	0.001	0.105	0.893
0.446	0.552	0.001	0.001
0.001	0.446	0.001	0.552
0.001	0.447	0.106	0.447
0.001	0.001	0.997	0.001
0.001	0.001	0.997	0.001
0.001	0.997	0.001	0.001
0.106	0.001	0.447	0.447
>GCGGGGAGCATT	5-GCGGGGAGCATT	12.355432	-4.195338	0	T:1.0(25.00%),B:0.0(0.00%),P:1e-1	Tpos:6.0,Tstd:0.0,Bpos:0.0,Bstd:0.0,StrandBias:10.0,Multiplicity:1.00
0.100	0.100	0.700	0.100
0.100	0.700	0.100	0.100
0.100	0.100	0.700	0.100
0.100	0.100	0.700	0.100
0.100	0.100	0.700	0.100
0.100	0.100	0.700	0.100
0.700	0.100	0.100	0.100
0.100	0.100	0.700	0.100
0.100	0.700	0.100	0.100
0.700	0.100	0.100	0.100
0.100	0.100	0.100	0.700
0.100	0.100	0.100	0.700
