>CVCAGVAGGTHT	1-CVCAGVAGGTHT	7.835150	-10.970943	0	T:4.0(100.00%),B:17.0(6.44%),P:1e-4	Tpos:60.0,Tstd:18.2,Bpos:49.5,Bstd:25.1,StrandBias:-0.6,Multiplicity:1.25
0.001	0.690	0.308	0.001
0.309	0.382	0.309	0.001
0.001	0.690	0.308	0.001
0.690	0.001	0.001	0.308
0.001	0.001	0.997	0.001
0.309	0.309	0.309	0.073
0.997	0.001	0.001	0.001
0.001	0.308	0.690	0.001
0.001	0.308	0.690	0.001
0.308	0.001	0.001	0.690
0.309	0.309	0.073	0.309
0.001	0.001	0.308	0.690
>RGGCCAMARSTS	2-RGGCCAMARSTS	7.051754	-5.643997	0	T:3.0(75.00%),B:26.0(9.85%),P:1e-2	Tpos:71.2,Tstd:17.9,Bpos:49.7,Bstd:20.6,StrandBias:2.0,Multiplicity:1.67
0.427	0.001	0.382	0.191
0.001	0.191	0.772	0.036
0.001	0.190	0.808	0.001
0.227	0.771	0.001	0.001
0.001	0.962	0.036	0.001
0.427	0.191	0.191	0.191
0.390	0.382	0.037	0.191
0.617	0.381	0.001	0.001
0.382	0.001	0.427	0.191
0.001	0.572	0.426	0.001
0.381	0.001	0.001	0.617
0.001	0.382	0.427	0.191
>GCCKGCTGGSCT	3-GCCKGCTGGSCT	11.483816	-4.195338	0	T:1.0(25.00%),B:0.0(0.00%),P:1e-1	Tpos:18.0,Tstd:0.0,Bpos:0.0,Bstd:0.0,StrandBias:10.0,Multiplicity:1.00
0.001	0.235	0.763	0.001
0.236	0.527	0.001	0.236
0.236	0.472	0.292	0.001
0.001	0.001	0.527	0.471
0.001	0.001	0.997	0.001
0.001	0.763	0.235	0.001
0.001	0.235	0.001	0.763
0.235	0.001	0.763	0.001
0.001	0.001	0.997	0.001
0.001	0.527	0.471	0.001
0.235	0.763	0.001	0.001
0.236	0.236	0.001	0.527
>KYYKKSCWTGCM	4-KYYKKSCWTGCM	11.869855	-4.195338	0	T:1.0(25.00%),B:0.0(0.00%),P:1e-1	Tpos:30.0,Tstd:0.0,Bpos:0.0,Bstd:0.0,StrandBias:10.0,Multiplicity:1.00
0.001	0.001	0.552	0.446
0.001	0.552	0.001	0.446
0.001	0.446	0.001	0.552
0.001	0.001	0.552	0.446
0.001	0.001	0.552	0.446
0.001	0.446	0.552	0.001
0.001	0.997	0.001	0.001
0.552	0.001	0.001	0.446
0.001	0.001	0.001	0.997
0.001	0.001	0.997	0.001
0.001	0.997	0.001	0.001
0.552	0.446	0.001	0.001
>STCTVDCAGCCT	5-STCTVDCAGCCT	6.658087	-3.897226	0	T:2.0(50.00%),B:16.0(6.06%),P:1e-1	Tpos:7.0,Tstd:1.0,Bpos:50.3,Bstd:24.2,StrandBias:0.0,Multiplicity:1.00
0.121	0.364	0.364	0.150
0.121	0.121	0.121	0.637
0.001	0.606	0.266	0.127
0.243	0.243	0.023	0.491
0.248	0.364	0.266	0.121
0.370	0.121	0.266	0.243
0.001	0.636	0.242	0.121
0.515	0.121	0.243	0.121
0.001	0.121	0.636	0.242
0.001	0.855	0.023	0.121
0.242	0.756	0.001	0.001
0.121	0.001	0.242	0.636
