>AAGCAAAGCAAA	1-AAGCAAAGCAAA	8.463612	-11.634436	0	T:10.0(16.39%),B:4144.0(2.87%),P:1e-5	Tpos:39.2,Tstd:25.5,Bpos:50.6,Bstd:25.8,StrandBias:-0.4,Multiplicity:1.10
0.700	0.100	0.100	0.100
0.700	0.100	0.100	0.100
0.100	0.100	0.700	0.100
0.100	0.700	0.100	0.100
0.700	0.100	0.100	0.100
0.700	0.100	0.100	0.100
0.700	0.100	0.100	0.100
0.100	0.100	0.700	0.100
0.100	0.700	0.100	0.100
0.700	0.100	0.100	0.100
0.700	0.100	0.100	0.100
0.700	0.100	0.100	0.100
>CACAGCTGGAGT	2-CACAGCTGGAGT	11.185391	-10.370695	0	T:3.0(4.92%),B:140.0(0.10%),P:1e-4	Tpos:60.0,Tstd:22.4,Bpos:49.9,Bstd:24.6,StrandBias:-2.0,Multiplicity:1.67
0.001	0.997	0.001	0.001
0.791	0.207	0.001	0.001
0.001	0.791	0.001	0.207
0.895	0.001	0.001	0.103
0.001	0.001	0.997	0.001
0.001	0.997	0.001	0.001
0.001	0.001	0.001	0.997
0.001	0.001	0.997	0.001
0.001	0.001	0.997	0.001
0.997	0.001	0.001	0.001
0.001	0.001	0.997	0.001
0.001	0.001	0.001	0.997
>CGCCTTTGCTTG	3-CGCCTTTGCTTG	10.625633	-9.737551	0	T:4.0(6.56%),B:490.0(0.34%),P:1e-4	Tpos:44.4,Tstd:19.7,Bpos:48.8,Bstd:26.2,StrandBias:2.0,Multiplicity:1.25
0.001	0.997	0.001	0.001
0.001	0.001	0.638	0.360
0.001	0.679	0.001	0.319
0.001	0.997	0.001	0.001
0.001	0.001	0.001	0.997
0.001	0.319	0.001	0.679
0.319	0.001	0.001	0.679
0.001	0.001	0.679	0.319
0.319	0.679	0.001	0.001
0.001	0.001	0.001	0.997
0.319	0.001	0.001	0.679
0.001	0.319	0.679	0.001
>HACAGTTGAGTN	4-HACAGTTGAGTN	5.584565	-8.027974	0	T:13.0(21.31%),B:10356.0(7.16%),P:1e-3	Tpos:41.6,Tstd:22.8,Bpos:49.8,Bstd:26.2,StrandBias:0.0,Multiplicity:1.00
0.304	0.298	0.149	0.248
0.652	0.050	0.199	0.099
0.298	0.504	0.099	0.099
0.702	0.050	0.099	0.149
0.050	0.050	0.850	0.050
0.099	0.050	0.050	0.801
0.149	0.199	0.149	0.503
0.099	0.149	0.647	0.105
0.752	0.001	0.198	0.049
0.204	0.199	0.398	0.199
0.050	0.155	0.099	0.696
0.199	0.254	0.248	0.298
>CACTAGCCATCT	5-CACTAGCCATCT	12.355432	-7.770846	0	T:1.0(1.64%),B:1.0(0.00%),P:1e-3	Tpos:31.0,Tstd:0.0,Bpos:11.0,Bstd:0.0,StrandBias:10.0,Multiplicity:1.00
0.100	0.700	0.100	0.100
0.700	0.100	0.100	0.100
0.100	0.700	0.100	0.100
0.100	0.100	0.100	0.700
0.700	0.100	0.100	0.100
0.100	0.100	0.700	0.100
0.100	0.700	0.100	0.100
0.100	0.700	0.100	0.100
0.700	0.100	0.100	0.100
0.100	0.100	0.100	0.700
0.100	0.700	0.100	0.100
0.100	0.100	0.100	0.700
