>ACTTGGGACA	1-ACTTGGGACA	7.867595	-24.979297	0	T:12.0(19.67%),B:1805.0(1.25%),P:1e-10	Tpos:59.9,Tstd:17.9,Bpos:49.4,Bstd:26.9,StrandBias:-1.2,Multiplicity:1.08
0.655	0.142	0.130	0.073
0.082	0.789	0.075	0.054
0.068	0.001	0.149	0.782
0.182	0.131	0.001	0.686
0.001	0.001	0.869	0.129
0.054	0.042	0.822	0.082
0.001	0.001	0.810	0.188
0.995	0.001	0.003	0.001
0.134	0.605	0.115	0.146
0.997	0.001	0.001	0.001
>AGTTCACAAG	2-AGTTCACAAG	9.212245	-21.068416	0	T:8.0(13.11%),B:700.0(0.48%),P:1e-9	Tpos:38.9,Tstd:20.6,Bpos:50.1,Bstd:25.2,StrandBias:0.7,Multiplicity:1.00
0.900	0.001	0.098	0.001
0.001	0.001	0.997	0.001
0.001	0.142	0.001	0.856
0.001	0.001	0.187	0.811
0.001	0.997	0.001	0.001
0.607	0.143	0.249	0.001
0.001	0.997	0.001	0.001
0.997	0.001	0.001	0.001
0.997	0.001	0.001	0.001
0.001	0.001	0.997	0.001
>ATTCTTATTC	3-ATTCTTATTC	11.593207	-11.714393	0	T:3.0(4.92%),B:89.0(0.06%),P:1e-5	Tpos:38.7,Tstd:19.7,Bpos:49.0,Bstd:27.5,StrandBias:1.0,Multiplicity:1.00
0.997	0.001	0.001	0.001
0.001	0.001	0.001	0.997
0.001	0.001	0.001	0.997
0.050	0.504	0.212	0.234
0.001	0.001	0.001	0.997
0.001	0.001	0.267	0.731
0.997	0.001	0.001	0.001
0.001	0.001	0.001	0.997
0.001	0.001	0.001	0.997
0.317	0.681	0.001	0.001
>ATAATAATAG	4-ATAATAATAG	11.294025	-11.124591	0	T:2.0(3.28%),B:13.0(0.01%),P:1e-4	Tpos:74.0,Tstd:12.0,Bpos:43.0,Bstd:25.7,StrandBias:0.0,Multiplicity:1.00
0.997	0.001	0.001	0.001
0.263	0.001	0.001	0.735
0.997	0.001	0.001	0.001
0.670	0.328	0.001	0.001
0.001	0.001	0.001	0.997
0.735	0.001	0.263	0.001
0.997	0.001	0.001	0.001
0.001	0.001	0.001	0.997
0.638	0.001	0.001	0.360
0.310	0.001	0.688	0.001
>GGTCGATCTA	5-GGTCGATCTA	10.296193	-7.770846	0	T:1.0(1.64%),B:1.0(0.00%),P:1e-3	Tpos:73.0,Tstd:0.0,Bpos:26.0,Bstd:0.0,StrandBias:10.0,Multiplicity:1.00
0.100	0.100	0.700	0.100
0.100	0.100	0.700	0.100
0.100	0.100	0.100	0.700
0.100	0.700	0.100	0.100
0.100	0.100	0.700	0.100
0.700	0.100	0.100	0.100
0.100	0.100	0.100	0.700
0.100	0.700	0.100	0.100
0.100	0.100	0.100	0.700
0.700	0.100	0.100	0.100
