>GCCCCTGTCTAG	1-GCCCCTGTCTAG	10.879486	-19.025301	0	T:6.0(9.84%),B:316.0(0.22%),P:1e-8	Tpos:33.6,Tstd:24.8,Bpos:50.7,Bstd:24.8,StrandBias:1.6,Multiplicity:1.33
0.001	0.001	0.997	0.001
0.001	0.749	0.014	0.236
0.228	0.770	0.001	0.001
0.001	0.740	0.001	0.258
0.001	0.997	0.001	0.001
0.001	0.258	0.001	0.740
0.001	0.001	0.740	0.258
0.001	0.032	0.001	0.966
0.001	0.763	0.001	0.235
0.213	0.030	0.001	0.756
0.997	0.001	0.001	0.001
0.001	0.258	0.740	0.001
>CTSAGTGRGRGR	2-CTSAGTGRGRGR	9.048137	-17.506831	0	T:10.0(16.39%),B:2160.0(1.49%),P:1e-7	Tpos:47.2,Tstd:24.8,Bpos:49.9,Bstd:26.1,StrandBias:0.2,Multiplicity:1.40
0.001	0.997	0.001	0.001
0.202	0.123	0.008	0.667
0.001	0.472	0.526	0.001
0.803	0.195	0.001	0.001
0.119	0.200	0.680	0.001
0.001	0.162	0.001	0.836
0.189	0.001	0.809	0.001
0.292	0.148	0.387	0.174
0.139	0.001	0.687	0.173
0.490	0.003	0.506	0.001
0.001	0.010	0.988	0.001
0.559	0.001	0.439	0.001
>GMAKTMRSTAGC	3-GMAKTMRSTAGC	7.480096	-14.321238	0	T:5.0(8.20%),B:373.0(0.26%),P:1e-6	Tpos:60.2,Tstd:15.0,Bpos:49.6,Bstd:26.2,StrandBias:-2.0,Multiplicity:1.00
0.001	0.055	0.943	0.001
0.490	0.453	0.056	0.001
0.942	0.056	0.001	0.001
0.056	0.001	0.490	0.453
0.001	0.055	0.001	0.943
0.502	0.496	0.001	0.001
0.453	0.001	0.545	0.001
0.001	0.552	0.446	0.001
0.001	0.001	0.001	0.997
0.997	0.001	0.001	0.001
0.001	0.001	0.997	0.001
0.001	0.993	0.005	0.001
>HTCTCGCCTCTN	4-HTCTCGCCTCTN	5.977038	-11.263796	0	T:24.0(39.34%),B:23431.0(16.21%),P:1e-4	Tpos:61.3,Tstd:27.5,Bpos:49.8,Bstd:25.9,StrandBias:0.3,Multiplicity:1.17
0.237	0.228	0.189	0.346
0.116	0.230	0.073	0.581
0.230	0.538	0.230	0.002
0.116	0.344	0.001	0.539
0.114	0.536	0.234	0.116
0.002	0.002	0.809	0.187
0.001	0.467	0.305	0.228
0.001	0.995	0.001	0.003
0.230	0.228	0.001	0.541
0.115	0.883	0.001	0.001
0.228	0.002	0.118	0.652
0.232	0.230	0.301	0.237
>CAGGCACTACCT	5-CAGGCACTACCT	12.355432	-7.077906	0	T:1.0(1.64%),B:2.0(0.00%),P:1e-3	Tpos:80.0,Tstd:0.0,Bpos:38.5,Bstd:28.5,StrandBias:-10.0,Multiplicity:1.00
0.100	0.700	0.100	0.100
0.700	0.100	0.100	0.100
0.100	0.100	0.700	0.100
0.100	0.100	0.700	0.100
0.100	0.700	0.100	0.100
0.700	0.100	0.100	0.100
0.100	0.700	0.100	0.100
0.100	0.100	0.100	0.700
0.700	0.100	0.100	0.100
0.100	0.700	0.100	0.100
0.100	0.700	0.100	0.100
0.100	0.100	0.100	0.700
