>CACTTGAA	1-CACTTGAA	7.359716	-17.418236	0	T:13.0(21.31%),B:4339.0(3.00%),P:1e-7	Tpos:45.1,Tstd:28.6,Bpos:50.1,Bstd:27.6,StrandBias:-0.2,Multiplicity:1.00
0.001	0.997	0.001	0.001
0.997	0.001	0.001	0.001
0.001	0.997	0.001	0.001
0.083	0.001	0.119	0.797
0.001	0.001	0.063	0.935
0.106	0.087	0.806	0.001
0.848	0.079	0.072	0.001
0.705	0.001	0.189	0.105
>GTCCCGCC	2-GTCCCGCC	6.991845	-14.413187	0	T:9.0(14.75%),B:2307.0(1.60%),P:1e-6	Tpos:52.4,Tstd:21.9,Bpos:49.9,Bstd:26.8,StrandBias:-1.0,Multiplicity:1.00
0.001	0.001	0.884	0.114
0.001	0.001	0.001	0.997
0.001	0.997	0.001	0.001
0.001	0.997	0.001	0.001
0.001	0.821	0.177	0.001
0.001	0.001	0.997	0.001
0.001	0.997	0.001	0.001
0.001	0.835	0.001	0.163
>MGGTTGGG	3-MGGTTGGG	7.022699	-13.060312	0	T:13.0(21.31%),B:6375.0(4.41%),P:1e-5	Tpos:61.6,Tstd:27.4,Bpos:50.0,Bstd:27.5,StrandBias:0.0,Multiplicity:1.08
0.469	0.443	0.001	0.087
0.132	0.009	0.793	0.066
0.001	0.048	0.950	0.001
0.001	0.077	0.232	0.690
0.161	0.001	0.001	0.837
0.011	0.001	0.987	0.001
0.001	0.001	0.926	0.072
0.130	0.073	0.508	0.289
>TAAGAGCG	4-TAAGAGCG	9.503695	-11.244953	0	T:4.0(6.56%),B:332.0(0.23%),P:1e-4	Tpos:48.0,Tstd:21.9,Bpos:47.4,Bstd:26.1,StrandBias:-10.0,Multiplicity:1.00
0.001	0.001	0.001	0.997
0.747	0.001	0.001	0.251
0.997	0.001	0.001	0.001
0.001	0.001	0.997	0.001
0.997	0.001	0.001	0.001
0.001	0.001	0.997	0.001
0.001	0.830	0.168	0.001
0.001	0.001	0.997	0.001
>GTGCGTGC	5-GTGCGTGC	8.776688	-2.776379	0	T:2.0(3.28%),B:959.0(0.66%),P:1e-1	Tpos:79.7,Tstd:8.7,Bpos:49.3,Bstd:26.5,StrandBias:10.0,Multiplicity:4.50
0.001	0.101	0.897	0.001
0.001	0.001	0.001	0.997
0.001	0.001	0.997	0.001
0.001	0.997	0.001	0.001
0.001	0.001	0.997	0.001
0.001	0.001	0.001	0.997
0.001	0.001	0.997	0.001
0.001	0.997	0.001	0.001
