>TGGTGGTG	1-TGGTGGTG	5.415561	-10.796398	0	T:14.0(22.95%),B:9100.0(6.29%),P:1e-4	Tpos:39.9,Tstd:24.8,Bpos:50.4,Bstd:27.2,StrandBias:1.3,Multiplicity:1.14
0.050	0.001	0.001	0.948
0.001	0.001	0.997	0.001
0.001	0.001	0.997	0.001
0.046	0.001	0.001	0.952
0.096	0.001	0.854	0.049
0.069	0.001	0.863	0.067
0.001	0.066	0.055	0.878
0.001	0.001	0.997	0.001
>ATCATGGR	2-ATCATGGR	7.058512	-10.322549	0	T:8.0(13.11%),B:2939.0(2.03%),P:1e-4	Tpos:53.2,Tstd:29.1,Bpos:49.4,Bstd:27.2,StrandBias:0.3,Multiplicity:1.38
0.587	0.211	0.001	0.201
0.191	0.001	0.001	0.807
0.001	0.619	0.001	0.379
0.825	0.001	0.173	0.001
0.001	0.200	0.015	0.784
0.001	0.001	0.997	0.001
0.001	0.001	0.613	0.385
0.447	0.001	0.357	0.196
>AGGTTGCG	3-AGGTTGCG	8.687790	-10.246604	0	T:3.0(4.92%),B:146.0(0.10%),P:1e-4	Tpos:57.3,Tstd:13.3,Bpos:50.9,Bstd:26.3,StrandBias:-1.0,Multiplicity:1.00
0.519	0.294	0.186	0.001
0.101	0.001	0.822	0.076
0.178	0.001	0.820	0.001
0.282	0.001	0.184	0.533
0.103	0.184	0.001	0.712
0.085	0.008	0.863	0.044
0.001	0.827	0.001	0.171
0.043	0.001	0.955	0.001
>TTTGGTTT	4-TTTGGTTT	7.288456	-9.019438	0	T:10.0(16.39%),B:5654.0(3.91%),P:1e-3	Tpos:46.8,Tstd:18.1,Bpos:50.8,Bstd:27.2,StrandBias:-2.0,Multiplicity:1.30
0.001	0.001	0.001	0.997
0.001	0.249	0.240	0.510
0.001	0.001	0.303	0.695
0.001	0.001	0.966	0.032
0.001	0.001	0.997	0.001
0.001	0.116	0.066	0.817
0.001	0.001	0.001	0.997
0.001	0.001	0.001	0.997
>ATGTKGAG	5-ATGTKGAG	7.123377	-8.965953	0	T:11.0(18.03%),B:6866.0(4.75%),P:1e-3	Tpos:52.0,Tstd:29.8,Bpos:49.9,Bstd:27.5,StrandBias:-1.0,Multiplicity:1.36
0.668	0.109	0.001	0.222
0.001	0.001	0.068	0.930
0.001	0.001	0.997	0.001
0.060	0.158	0.127	0.655
0.001	0.001	0.551	0.447
0.075	0.001	0.923	0.001
0.759	0.001	0.151	0.089
0.074	0.024	0.749	0.153
