>STCTTAGG	1-STCTTAGG	7.855347	-17.326072	0	T:14.0(24.56%),B:6144.0(3.90%),P:1e-7	Tpos:59.9,Tstd:23.7,Bpos:50.0,Bstd:27.8,StrandBias:0.4,Multiplicity:1.08
0.001	0.555	0.443	0.001
0.001	0.001	0.001	0.997
0.001	0.997	0.001	0.001
0.001	0.285	0.001	0.713
0.001	0.001	0.001	0.997
0.697	0.001	0.301	0.001
0.419	0.001	0.579	0.001
0.001	0.001	0.997	0.001
>CCGCGCTG	2-CCGCGCTG	7.494410	-12.097263	0	T:11.0(19.30%),B:5705.0(3.62%),P:1e-5	Tpos:45.4,Tstd:21.5,Bpos:50.0,Bstd:27.0,StrandBias:0.0,Multiplicity:1.18
0.001	0.912	0.086	0.001
0.001	0.929	0.001	0.069
0.001	0.001	0.907	0.091
0.089	0.845	0.065	0.001
0.001	0.001	0.912	0.086
0.001	0.997	0.001	0.001
0.001	0.001	0.141	0.857
0.174	0.095	0.730	0.001
>TGCTCCDT	3-TGCTCCDT	7.295836	-10.516325	0	T:15.0(26.32%),B:12480.0(7.93%),P:1e-4	Tpos:50.7,Tstd:29.0,Bpos:49.9,Bstd:27.4,StrandBias:-0.4,Multiplicity:1.14
0.112	0.047	0.115	0.726
0.001	0.001	0.602	0.396
0.001	0.997	0.001	0.001
0.001	0.001	0.001	0.997
0.001	0.997	0.001	0.001
0.001	0.626	0.001	0.372
0.356	0.001	0.371	0.272
0.001	0.305	0.001	0.693
>CATGAGTG	4-CATGAGTG	6.653954	-8.818801	0	T:13.0(22.81%),B:11193.0(7.11%),P:1e-3	Tpos:65.6,Tstd:25.1,Bpos:50.1,Bstd:27.7,StrandBias:1.3,Multiplicity:1.08
0.294	0.579	0.126	0.001
0.818	0.180	0.001	0.001
0.092	0.001	0.067	0.840
0.001	0.001	0.997	0.001
0.603	0.001	0.311	0.085
0.001	0.117	0.881	0.001
0.202	0.001	0.001	0.796
0.001	0.126	0.734	0.139
>CCCCCCCC	5-CCCCCCCC	-1.332993	-3.214035	0	T:26.0(45.61%),B:52949.0(33.64%),P:1e-1	Tpos:36.6,Tstd:23.3,Bpos:50.1,Bstd:27.0,StrandBias:0.0,Multiplicity:1.23
0.063	0.882	0.001	0.054
0.040	0.958	0.001	0.001
0.001	0.997	0.001	0.001
0.001	0.997	0.001	0.001
0.001	0.997	0.001	0.001
0.001	0.997	0.001	0.001
0.001	0.941	0.057	0.001
0.047	0.871	0.081	0.001
