>GAGGATCC	1-GAGGATCC	8.629318	-15.454012	0	T:8.0(17.02%),B:1936.0(1.33%),P:1e-6	Tpos:50.5,Tstd:22.4,Bpos:49.1,Bstd:27.3,StrandBias:0.0,Multiplicity:1.00
0.001	0.237	0.761	0.001
0.997	0.001	0.001	0.001
0.001	0.001	0.997	0.001
0.133	0.001	0.865	0.001
0.997	0.001	0.001	0.001
0.001	0.001	0.001	0.997
0.142	0.856	0.001	0.001
0.001	0.997	0.001	0.001
>SAGATATC	2-SAGATATC	6.291199	-15.234663	0	T:12.0(25.53%),B:5834.0(4.01%),P:1e-6	Tpos:64.2,Tstd:27.9,Bpos:50.0,Bstd:27.4,StrandBias:0.2,Multiplicity:1.00
0.001	0.435	0.401	0.163
0.583	0.001	0.411	0.005
0.001	0.001	0.991	0.007
0.807	0.108	0.005	0.080
0.190	0.197	0.124	0.489
0.561	0.009	0.340	0.090
0.001	0.001	0.152	0.846
0.006	0.693	0.091	0.210
>ATGCCATG	3-ATGCCATG	6.409651	-12.916631	0	T:8.0(17.02%),B:2722.0(1.87%),P:1e-5	Tpos:36.3,Tstd:17.5,Bpos:50.3,Bstd:27.2,StrandBias:-0.3,Multiplicity:1.00
0.948	0.001	0.050	0.001
0.001	0.001	0.042	0.956
0.001	0.087	0.911	0.001
0.001	0.703	0.235	0.061
0.001	0.997	0.001	0.001
0.993	0.005	0.001	0.001
0.001	0.080	0.001	0.918
0.001	0.001	0.997	0.001
>AAGTACTA	4-AAGTACTA	5.791080	-8.775623	0	T:9.0(19.15%),B:6256.0(4.30%),P:1e-3	Tpos:52.1,Tstd:22.0,Bpos:49.5,Bstd:27.5,StrandBias:0.3,Multiplicity:1.22
0.714	0.112	0.173	0.001
0.691	0.156	0.152	0.001
0.044	0.277	0.561	0.118
0.058	0.091	0.044	0.807
0.959	0.001	0.039	0.001
0.001	0.692	0.146	0.161
0.040	0.092	0.001	0.867
0.740	0.117	0.096	0.047
>CCCCCCCC	5-CCCCCCCC	7.744121	-6.913258	0	T:6.0(12.77%),B:3575.0(2.46%),P:1e-3	Tpos:37.1,Tstd:13.3,Bpos:50.2,Bstd:26.5,StrandBias:-10.0,Multiplicity:1.00
0.102	0.807	0.001	0.090
0.001	0.861	0.079	0.059
0.001	0.907	0.091	0.001
0.001	0.997	0.001	0.001
0.001	0.997	0.001	0.001
0.027	0.971	0.001	0.001
0.058	0.878	0.001	0.063
0.079	0.919	0.001	0.001
