>ACCTGAAA	1-ACCTGAAA	7.690909	-18.190350	0	T:14.0(29.79%),B:6590.0(4.53%),P:1e-7	Tpos:56.9,Tstd:29.2,Bpos:49.9,Bstd:27.6,StrandBias:-0.4,Multiplicity:1.00
0.757	0.087	0.082	0.074
0.001	0.823	0.076	0.100
0.001	0.997	0.001	0.001
0.093	0.001	0.123	0.783
0.001	0.001	0.997	0.001
0.928	0.001	0.070	0.001
0.806	0.105	0.088	0.001
0.997	0.001	0.001	0.001
>GTCAGACA	2-GTCAGACA	7.640165	-17.229267	0	T:12.0(25.53%),B:4849.0(3.33%),P:1e-7	Tpos:57.7,Tstd:21.7,Bpos:49.2,Bstd:27.3,StrandBias:2.5,Multiplicity:1.00
0.111	0.001	0.806	0.082
0.078	0.001	0.001	0.920
0.001	0.914	0.084	0.001
0.884	0.001	0.001	0.114
0.001	0.114	0.884	0.001
0.802	0.196	0.001	0.001
0.001	0.997	0.001	0.001
0.884	0.114	0.001	0.001
>CTCCATGA	3-CTCCATGA	4.899160	-12.103889	0	T:11.0(23.40%),B:6504.0(4.47%),P:1e-5	Tpos:55.2,Tstd:25.3,Bpos:49.3,Bstd:26.9,StrandBias:-0.7,Multiplicity:1.09
0.001	0.849	0.149	0.001
0.001	0.001	0.001	0.997
0.001	0.853	0.001	0.145
0.001	0.997	0.001	0.001
0.997	0.001	0.001	0.001
0.001	0.001	0.001	0.997
0.001	0.001	0.859	0.139
0.690	0.001	0.308	0.001
>TGCAGTGA	4-TGCAGTGA	3.406698	-11.592804	0	T:12.0(25.53%),B:8282.0(5.69%),P:1e-5	Tpos:48.3,Tstd:25.9,Bpos:50.7,Bstd:26.8,StrandBias:0.8,Multiplicity:1.17
0.001	0.361	0.001	0.637
0.001	0.001	0.997	0.001
0.001	0.864	0.001	0.134
0.997	0.001	0.001	0.001
0.001	0.260	0.738	0.001
0.001	0.096	0.001	0.902
0.001	0.001	0.997	0.001
0.780	0.001	0.218	0.001
>GAAAAAGT	5-GAAAAAGT	6.602804	-5.190808	0	T:7.0(14.89%),B:6726.0(4.62%),P:1e-2	Tpos:47.5,Tstd:27.2,Bpos:49.9,Bstd:27.2,StrandBias:-0.7,Multiplicity:1.14
0.134	0.001	0.864	0.001
0.997	0.001	0.001	0.001
0.997	0.001	0.001	0.001
0.814	0.184	0.001	0.001
0.997	0.001	0.001	0.001
0.997	0.001	0.001	0.001
0.319	0.001	0.679	0.001
0.304	0.001	0.015	0.680
