>GTAAAGAATA	1-GTAAAGAATA	8.872563	-23.684350	0	T:10.0(7.09%),B:508.0(0.32%),P:1e-10	Tpos:47.9,Tstd:29.3,Bpos:49.9,Bstd:25.9,StrandBias:0.0,Multiplicity:1.00
0.001	0.001	0.997	0.001
0.001	0.001	0.001	0.997
0.993	0.001	0.001	0.005
0.794	0.001	0.204	0.001
0.688	0.125	0.186	0.001
0.176	0.001	0.488	0.335
0.997	0.001	0.001	0.001
0.666	0.192	0.141	0.001
0.136	0.140	0.001	0.723
0.691	0.132	0.176	0.001
>CCTTGACCCT	2-CCTTGACCCT	6.705002	-19.996664	0	T:29.0(20.57%),B:9064.0(5.76%),P:1e-8	Tpos:55.6,Tstd:30.2,Bpos:50.3,Bstd:27.0,StrandBias:0.7,Multiplicity:1.17
0.114	0.762	0.071	0.053
0.047	0.894	0.001	0.058
0.073	0.039	0.036	0.852
0.078	0.053	0.128	0.741
0.001	0.115	0.820	0.064
0.739	0.120	0.051	0.090
0.074	0.681	0.134	0.111
0.102	0.807	0.001	0.090
0.034	0.920	0.044	0.002
0.001	0.069	0.135	0.795
>CGGATGACAC	3-CGGATGACAC	8.843388	-17.103447	0	T:8.0(5.67%),B:534.0(0.34%),P:1e-7	Tpos:39.8,Tstd:22.8,Bpos:49.5,Bstd:26.6,StrandBias:0.7,Multiplicity:1.00
0.089	0.758	0.001	0.152
0.001	0.001	0.747	0.251
0.001	0.208	0.790	0.001
0.997	0.001	0.001	0.001
0.171	0.001	0.197	0.631
0.001	0.001	0.997	0.001
0.878	0.120	0.001	0.001
0.133	0.695	0.001	0.171
0.881	0.001	0.001	0.117
0.001	0.657	0.209	0.133
>GCCGGCGCCG	4-GCCGGCGCCG	7.648045	-9.339046	0	T:11.0(7.80%),B:2985.0(1.90%),P:1e-4	Tpos:44.6,Tstd:21.0,Bpos:51.0,Bstd:26.4,StrandBias:-0.2,Multiplicity:1.27
0.052	0.165	0.694	0.089
0.057	0.789	0.081	0.073
0.070	0.831	0.032	0.067
0.086	0.094	0.795	0.025
0.031	0.144	0.824	0.001
0.099	0.631	0.071	0.199
0.085	0.088	0.758	0.069
0.001	0.990	0.008	0.001
0.092	0.869	0.038	0.001
0.020	0.071	0.829	0.080
>ACACACACAC	5-ACACACACAC	13.639911	-3.295150	0	T:3.0(2.13%),B:811.0(0.52%),P:1e-1	Tpos:26.5,Tstd:12.3,Bpos:49.3,Bstd:28.0,StrandBias:-1.0,Multiplicity:1.33
0.961	0.018	0.001	0.020
0.001	0.976	0.001	0.022
0.997	0.001	0.001	0.001
0.001	0.974	0.001	0.024
0.997	0.001	0.001	0.001
0.001	0.972	0.001	0.026
0.975	0.001	0.023	0.001
0.001	0.973	0.001	0.025
0.976	0.001	0.022	0.001
0.001	0.979	0.001	0.019
