>AGCAACACTMTT	1-AGCAACACTMTT	9.767514	-20.213655	0	T:8.0(5.67%),B:356.0(0.23%),P:1e-8	Tpos:44.2,Tstd:19.2,Bpos:49.6,Bstd:24.0,StrandBias:-0.7,Multiplicity:1.00
0.983	0.015	0.001	0.001
0.013	0.001	0.985	0.001
0.001	0.584	0.001	0.414
0.997	0.001	0.001	0.001
0.625	0.373	0.001	0.001
0.001	0.997	0.001	0.001
0.985	0.013	0.001	0.001
0.151	0.847	0.001	0.001
0.001	0.001	0.001	0.997
0.415	0.433	0.152	0.001
0.001	0.001	0.001	0.997
0.001	0.001	0.373	0.625
>GGAAACAKWAAT	2-GGAAACAKWAAT	7.210463	-19.429665	0	T:23.0(16.31%),B:5923.0(3.76%),P:1e-8	Tpos:48.4,Tstd:28.1,Bpos:49.9,Bstd:26.1,StrandBias:-0.8,Multiplicity:1.04
0.154	0.001	0.841	0.004
0.054	0.168	0.777	0.001
0.826	0.001	0.001	0.172
0.824	0.001	0.001	0.174
0.997	0.001	0.001	0.001
0.053	0.610	0.170	0.167
0.743	0.090	0.166	0.001
0.056	0.158	0.439	0.347
0.327	0.001	0.260	0.411
0.584	0.413	0.001	0.002
0.668	0.093	0.238	0.001
0.165	0.139	0.133	0.563
>GAGCCTGGGATC	3-GAGCCTGGGATC	8.806654	-13.347387	0	T:11.0(7.80%),B:1928.0(1.23%),P:1e-5	Tpos:41.5,Tstd:22.3,Bpos:50.2,Bstd:26.3,StrandBias:0.7,Multiplicity:1.18
0.133	0.307	0.533	0.027
0.723	0.001	0.136	0.140
0.001	0.001	0.955	0.043
0.154	0.652	0.138	0.056
0.097	0.808	0.056	0.039
0.193	0.100	0.039	0.668
0.113	0.044	0.786	0.057
0.122	0.001	0.876	0.001
0.035	0.040	0.869	0.056
0.789	0.209	0.001	0.001
0.153	0.122	0.138	0.587
0.027	0.759	0.120	0.094
>CATGCTCCTAYG	4-CATGCTCCTAYG	15.907333	-7.017818	0	T:1.0(0.71%),B:0.0(0.00%),P:1e-3	Tpos:53.7,Tstd:30.3,Bpos:0.0,Bstd:0.0,StrandBias:10.0,Multiplicity:3.00
0.001	0.997	0.001	0.001
0.997	0.001	0.001	0.001
0.001	0.001	0.001	0.997
0.001	0.001	0.997	0.001
0.001	0.997	0.001	0.001
0.001	0.001	0.001	0.997
0.001	0.997	0.001	0.001
0.001	0.997	0.001	0.001
0.001	0.001	0.001	0.997
0.997	0.001	0.001	0.001
0.001	0.499	0.001	0.499
0.001	0.001	0.997	0.001
>TCCACCCACCAG	5-TCCACCCACCAG	12.355432	-4.824150	0	T:1.0(0.71%),B:9.0(0.01%),P:1e-2	Tpos:52.0,Tstd:29.7,Bpos:65.7,Bstd:26.0,StrandBias:10.0,Multiplicity:5.00
0.100	0.100	0.100	0.700
0.100	0.700	0.100	0.100
0.100	0.700	0.100	0.100
0.700	0.100	0.100	0.100
0.100	0.700	0.100	0.100
0.100	0.700	0.100	0.100
0.100	0.700	0.100	0.100
0.700	0.100	0.100	0.100
0.100	0.700	0.100	0.100
0.100	0.700	0.100	0.100
0.700	0.100	0.100	0.100
0.100	0.100	0.700	0.100
