>HBTAAAACTCTT	1-HBTAAAACTCTT	9.335119	-24.788626	0	T:10.0(7.09%),B:453.0(0.29%),P:1e-10	Tpos:50.0,Tstd:30.6,Bpos:48.1,Bstd:26.8,StrandBias:2.0,Multiplicity:1.00
0.328	0.327	0.001	0.344
0.001	0.318	0.318	0.363
0.001	0.009	0.010	0.980
0.991	0.001	0.007	0.001
0.997	0.001	0.001	0.001
0.655	0.325	0.001	0.019
0.672	0.318	0.009	0.001
0.317	0.681	0.001	0.001
0.001	0.318	0.001	0.680
0.001	0.974	0.001	0.024
0.001	0.317	0.001	0.681
0.017	0.007	0.001	0.975
>CCTGCTGGTTGG	2-CCTGCTGGTTGG	13.051368	-24.471268	0	T:6.0(4.26%),B:58.0(0.04%),P:1e-10	Tpos:61.8,Tstd:21.7,Bpos:45.9,Bstd:25.7,StrandBias:0.0,Multiplicity:1.00
0.366	0.632	0.001	0.001
0.001	0.997	0.001	0.001
0.001	0.001	0.001	0.997
0.001	0.213	0.785	0.001
0.001	0.997	0.001	0.001
0.001	0.366	0.001	0.632
0.001	0.001	0.997	0.001
0.001	0.213	0.785	0.001
0.001	0.001	0.001	0.997
0.001	0.001	0.265	0.733
0.001	0.001	0.997	0.001
0.001	0.001	0.997	0.001
>TWGGCTGCAGCC	3-TWGGCTGCAGCC	8.012412	-17.763084	0	T:17.0(12.06%),B:3484.0(2.21%),P:1e-7	Tpos:47.2,Tstd:19.7,Bpos:50.5,Bstd:25.9,StrandBias:0.7,Multiplicity:1.00
0.156	0.182	0.093	0.569
0.366	0.037	0.170	0.427
0.071	0.072	0.767	0.090
0.001	0.001	0.782	0.216
0.001	0.907	0.038	0.054
0.050	0.001	0.054	0.895
0.107	0.041	0.759	0.093
0.055	0.793	0.139	0.013
0.892	0.054	0.001	0.053
0.001	0.158	0.840	0.001
0.281	0.620	0.001	0.098
0.094	0.756	0.031	0.119
>CAACAAAVCAAA	4-CAACAAAVCAAA	9.723825	-10.656575	0	T:12.0(8.51%),B:3068.0(1.95%),P:1e-4	Tpos:65.1,Tstd:23.2,Bpos:51.0,Bstd:24.9,StrandBias:-1.9,Multiplicity:1.08
0.275	0.723	0.001	0.001
0.997	0.001	0.001	0.001
0.880	0.001	0.118	0.001
0.393	0.605	0.001	0.001
0.887	0.001	0.111	0.001
0.997	0.001	0.001	0.001
0.986	0.001	0.001	0.012
0.406	0.300	0.293	0.001
0.001	0.867	0.131	0.001
0.997	0.001	0.001	0.001
0.699	0.001	0.299	0.001
0.997	0.001	0.001	0.001
>TTTGGYTSTWGT	5-TTTGGYTSTWGT	7.804114	-10.419660	0	T:5.0(3.55%),B:388.0(0.25%),P:1e-4	Tpos:49.7,Tstd:15.1,Bpos:51.8,Bstd:26.0,StrandBias:-1.3,Multiplicity:1.40
0.001	0.001	0.001	0.997
0.001	0.023	0.412	0.564
0.001	0.001	0.001	0.997
0.001	0.001	0.997	0.001
0.001	0.001	0.997	0.001
0.001	0.430	0.001	0.568
0.001	0.001	0.001	0.997
0.001	0.436	0.513	0.050
0.001	0.001	0.001	0.997
0.513	0.001	0.001	0.485
0.001	0.001	0.997	0.001
0.001	0.001	0.054	0.944
