>KGGGTAGCWC	1-KGGGTAGCWC	8.015965	-18.711083	0	T:18.0(12.77%),B:3700.0(2.35%),P:1e-8	Tpos:30.1,Tstd:26.8,Bpos:50.3,Bstd:26.6,StrandBias:0.8,Multiplicity:1.06
0.001	0.003	0.495	0.501
0.211	0.096	0.692	0.001
0.173	0.001	0.520	0.306
0.001	0.186	0.810	0.003
0.174	0.318	0.002	0.506
0.825	0.001	0.172	0.002
0.104	0.002	0.893	0.001
0.002	0.996	0.001	0.001
0.442	0.001	0.170	0.387
0.056	0.942	0.001	0.001
>GGCAGGCAGS	2-GGCAGGCAGS	9.820457	-16.634426	0	T:14.0(9.93%),B:2463.0(1.57%),P:1e-7	Tpos:49.7,Tstd:29.3,Bpos:49.6,Bstd:26.9,StrandBias:-1.1,Multiplicity:1.00
0.001	0.001	0.997	0.001
0.132	0.262	0.605	0.001
0.001	0.997	0.001	0.001
0.744	0.001	0.002	0.253
0.001	0.001	0.997	0.001
0.156	0.001	0.842	0.001
0.310	0.685	0.004	0.001
0.728	0.001	0.270	0.001
0.001	0.001	0.997	0.001
0.094	0.455	0.450	0.001
>TGCATGCCCG	3-TGCATGCCCG	8.363071	-16.390432	0	T:5.0(3.55%),B:113.0(0.07%),P:1e-7	Tpos:40.5,Tstd:25.3,Bpos:53.5,Bstd:27.0,StrandBias:2.3,Multiplicity:1.20
0.001	0.001	0.195	0.803
0.001	0.001	0.997	0.001
0.001	0.997	0.001	0.001
0.859	0.001	0.139	0.001
0.001	0.001	0.001	0.997
0.001	0.001	0.997	0.001
0.001	0.844	0.001	0.154
0.001	0.997	0.001	0.001
0.001	0.997	0.001	0.001
0.001	0.001	0.997	0.001
>ACAAGGCCAC	4-ACAAGGCCAC	7.640407	-12.512801	0	T:16.0(11.35%),B:4543.0(2.89%),P:1e-5	Tpos:52.2,Tstd:26.3,Bpos:50.0,Bstd:26.1,StrandBias:0.1,Multiplicity:1.56
0.823	0.052	0.001	0.124
0.001	0.773	0.083	0.143
0.873	0.064	0.062	0.001
0.885	0.001	0.064	0.050
0.220	0.063	0.716	0.001
0.170	0.072	0.757	0.001
0.220	0.723	0.055	0.002
0.120	0.815	0.001	0.064
0.918	0.001	0.080	0.001
0.081	0.736	0.181	0.002
>CCCCCMAAAA	5-CCCCCMAAAA	9.178477	-11.273297	0	T:7.0(4.96%),B:842.0(0.54%),P:1e-4	Tpos:54.0,Tstd:18.2,Bpos:51.3,Bstd:26.6,StrandBias:0.0,Multiplicity:1.00
0.396	0.602	0.001	0.001
0.001	0.886	0.001	0.112
0.001	0.810	0.188	0.001
0.001	0.997	0.001	0.001
0.163	0.835	0.001	0.001
0.533	0.465	0.001	0.001
0.870	0.128	0.001	0.001
0.865	0.133	0.001	0.001
0.635	0.363	0.001	0.001
0.997	0.001	0.001	0.001
