>CTAATGGCTG	1-CTAATGGCTG	8.391620	-16.688761	0	T:14.0(9.93%),B:2452.0(1.56%),P:1e-7	Tpos:47.2,Tstd:18.5,Bpos:50.7,Bstd:26.3,StrandBias:0.4,Multiplicity:1.00
0.001	0.745	0.159	0.095
0.001	0.370	0.082	0.547
0.534	0.299	0.166	0.001
0.675	0.003	0.001	0.321
0.001	0.214	0.001	0.784
0.132	0.001	0.794	0.073
0.001	0.004	0.994	0.001
0.170	0.755	0.006	0.069
0.001	0.006	0.005	0.988
0.001	0.001	0.935	0.063
>GAGTGACTCT	2-GAGTGACTCT	7.757797	-13.033504	0	T:13.0(9.22%),B:2865.0(1.82%),P:1e-5	Tpos:64.9,Tstd:25.5,Bpos:49.0,Bstd:27.1,StrandBias:0.2,Multiplicity:1.00
0.001	0.001	0.897	0.101
0.574	0.127	0.205	0.094
0.016	0.111	0.872	0.001
0.001	0.001	0.106	0.892
0.114	0.303	0.582	0.001
0.494	0.108	0.115	0.283
0.001	0.908	0.090	0.001
0.231	0.001	0.001	0.767
0.001	0.997	0.001	0.001
0.001	0.001	0.128	0.870
>TTGCTAGGTT	3-TTGCTAGGTT	10.296193	-10.773582	0	T:3.0(2.13%),B:57.0(0.04%),P:1e-4	Tpos:61.5,Tstd:20.0,Bpos:47.3,Bstd:22.6,StrandBias:10.0,Multiplicity:1.33
0.100	0.100	0.100	0.700
0.100	0.100	0.100	0.700
0.100	0.100	0.700	0.100
0.100	0.700	0.100	0.100
0.100	0.100	0.100	0.700
0.700	0.100	0.100	0.100
0.100	0.100	0.700	0.100
0.100	0.100	0.700	0.100
0.100	0.100	0.100	0.700
0.100	0.100	0.100	0.700
>CTAGCCTAGC	4-CTAGCCTAGC	8.036671	-6.769325	0	T:8.0(5.67%),B:2289.0(1.45%),P:1e-2	Tpos:75.6,Tstd:24.4,Bpos:48.6,Bstd:26.7,StrandBias:0.0,Multiplicity:1.25
0.001	0.872	0.126	0.001
0.118	0.178	0.136	0.568
0.814	0.001	0.001	0.184
0.001	0.098	0.900	0.001
0.001	0.798	0.200	0.001
0.209	0.683	0.107	0.001
0.001	0.061	0.086	0.852
0.997	0.001	0.001	0.001
0.001	0.007	0.991	0.001
0.136	0.560	0.186	0.118
>AAGGCCCGTA	5-AAGGCCCGTA	10.296193	-6.325115	0	T:1.0(0.71%),B:2.0(0.00%),P:1e-2	Tpos:7.0,Tstd:0.0,Bpos:60.5,Bstd:29.5,StrandBias:-10.0,Multiplicity:1.00
0.700	0.100	0.100	0.100
0.700	0.100	0.100	0.100
0.100	0.100	0.700	0.100
0.100	0.100	0.700	0.100
0.100	0.700	0.100	0.100
0.100	0.700	0.100	0.100
0.100	0.700	0.100	0.100
0.100	0.100	0.700	0.100
0.100	0.100	0.100	0.700
0.700	0.100	0.100	0.100
