>CTTTAGCC	1-CTTTAGCC	7.403522	-18.960780	0	T:20.0(14.18%),B:4562.0(2.90%),P:1e-8	Tpos:52.9,Tstd:27.3,Bpos:49.8,Bstd:27.8,StrandBias:0.0,Multiplicity:1.00
0.072	0.926	0.001	0.001
0.064	0.038	0.001	0.897
0.058	0.134	0.062	0.746
0.001	0.016	0.040	0.943
0.892	0.076	0.031	0.001
0.001	0.001	0.997	0.001
0.061	0.827	0.056	0.056
0.050	0.817	0.001	0.132
>GGTGACTG	2-GGTGACTG	6.562954	-18.300724	0	T:31.0(21.99%),B:11047.0(7.02%),P:1e-7	Tpos:51.1,Tstd:23.5,Bpos:49.9,Bstd:27.4,StrandBias:0.2,Multiplicity:1.03
0.126	0.001	0.831	0.042
0.001	0.081	0.846	0.072
0.071	0.001	0.001	0.927
0.001	0.001	0.997	0.001
0.861	0.031	0.076	0.032
0.071	0.695	0.091	0.143
0.061	0.001	0.001	0.937
0.001	0.047	0.951	0.001
>AGGCCCCC	3-AGGCCCCC	8.673933	-14.261557	0	T:11.0(7.80%),B:1753.0(1.11%),P:1e-6	Tpos:49.7,Tstd:25.1,Bpos:50.1,Bstd:27.6,StrandBias:0.8,Multiplicity:1.00
0.730	0.001	0.231	0.038
0.001	0.001	0.956	0.042
0.001	0.048	0.950	0.001
0.001	0.889	0.068	0.042
0.033	0.965	0.001	0.001
0.001	0.953	0.033	0.013
0.196	0.750	0.029	0.025
0.101	0.840	0.001	0.058
>TAATTGTG	4-TAATTGTG	6.459079	-11.724185	0	T:17.0(12.06%),B:5415.0(3.44%),P:1e-5	Tpos:45.7,Tstd:24.5,Bpos:50.2,Bstd:27.1,StrandBias:0.5,Multiplicity:1.12
0.001	0.001	0.076	0.922
0.817	0.045	0.067	0.071
0.938	0.001	0.001	0.060
0.067	0.022	0.070	0.841
0.001	0.001	0.085	0.913
0.001	0.069	0.865	0.065
0.001	0.001	0.090	0.908
0.071	0.001	0.874	0.054
>TTATGGTW	5-TTATGGTW	5.575772	-8.591433	0	T:18.0(12.77%),B:7667.0(4.87%),P:1e-3	Tpos:40.0,Tstd:24.4,Bpos:50.1,Bstd:27.1,StrandBias:1.0,Multiplicity:1.33
0.057	0.001	0.001	0.941
0.001	0.001	0.111	0.887
0.782	0.001	0.001	0.216
0.001	0.001	0.001	0.997
0.001	0.001	0.997	0.001
0.001	0.001	0.997	0.001
0.001	0.337	0.001	0.661
0.435	0.001	0.001	0.563
