>CCAGGGAAGGAG	1-CCAGGGAAGGAG	6.881014	-18.744596	0	T:34.0(24.11%),B:12794.0(8.13%),P:1e-8	Tpos:51.8,Tstd:22.2,Bpos:49.9,Bstd:26.4,StrandBias:-0.6,Multiplicity:1.12
0.001	0.872	0.126	0.001
0.001	0.856	0.078	0.065
0.528	0.131	0.001	0.340
0.304	0.088	0.607	0.001
0.001	0.001	0.780	0.218
0.350	0.080	0.569	0.001
0.498	0.068	0.131	0.303
0.681	0.001	0.230	0.088
0.001	0.001	0.936	0.062
0.119	0.136	0.514	0.231
0.659	0.001	0.141	0.199
0.063	0.001	0.640	0.296
>GAAAGGTTATYT	2-GAAAGGTTATYT	9.556372	-18.722714	0	T:8.0(5.67%),B:432.0(0.27%),P:1e-8	Tpos:59.0,Tstd:26.8,Bpos:50.8,Bstd:26.1,StrandBias:-1.6,Multiplicity:1.00
0.325	0.001	0.512	0.162
0.997	0.001	0.001	0.001
0.673	0.325	0.001	0.001
0.997	0.001	0.001	0.001
0.001	0.162	0.836	0.001
0.001	0.001	0.997	0.001
0.001	0.162	0.001	0.836
0.001	0.325	0.162	0.512
0.836	0.001	0.162	0.001
0.001	0.162	0.325	0.512
0.001	0.511	0.001	0.487
0.001	0.162	0.001	0.836
>GCATGCAGGAGC	3-GCATGCAGGAGC	11.034838	-12.441978	0	T:5.0(3.55%),B:254.0(0.16%),P:1e-5	Tpos:64.3,Tstd:11.0,Bpos:48.3,Bstd:24.7,StrandBias:0.0,Multiplicity:1.40
0.001	0.001	0.788	0.210
0.001	0.825	0.173	0.001
0.997	0.001	0.001	0.001
0.001	0.349	0.001	0.649
0.001	0.001	0.997	0.001
0.233	0.765	0.001	0.001
0.761	0.001	0.237	0.001
0.001	0.001	0.581	0.417
0.001	0.001	0.997	0.001
0.641	0.357	0.001	0.001
0.001	0.001	0.997	0.001
0.001	0.651	0.001	0.347
>ATGCTGTATGGA	4-ATGCTGTATGGA	12.355432	-6.325115	0	T:1.0(0.71%),B:2.0(0.00%),P:1e-2	Tpos:29.0,Tstd:0.0,Bpos:58.0,Bstd:37.0,StrandBias:10.0,Multiplicity:1.00
0.700	0.100	0.100	0.100
0.100	0.100	0.100	0.700
0.100	0.100	0.700	0.100
0.100	0.700	0.100	0.100
0.100	0.100	0.100	0.700
0.100	0.100	0.700	0.100
0.100	0.100	0.100	0.700
0.700	0.100	0.100	0.100
0.100	0.100	0.100	0.700
0.100	0.100	0.700	0.100
0.100	0.100	0.700	0.100
0.700	0.100	0.100	0.100
>CCCCCCCMCCCC	5-CCCCCCCMCCCC	9.647586	-4.785557	0	T:8.0(5.67%),B:3187.0(2.03%),P:1e-2	Tpos:48.9,Tstd:23.3,Bpos:49.8,Bstd:25.7,StrandBias:3.1,Multiplicity:1.12
0.070	0.928	0.001	0.001
0.072	0.827	0.001	0.100
0.068	0.678	0.138	0.116
0.065	0.772	0.042	0.121
0.295	0.602	0.001	0.102
0.163	0.835	0.001	0.001
0.187	0.811	0.001	0.001
0.431	0.567	0.001	0.001
0.140	0.730	0.129	0.001
0.347	0.651	0.001	0.001
0.332	0.666	0.001	0.001
0.057	0.869	0.073	0.001
