>GAAATAGC	1-GAAATAGC	6.895188	-11.599444	0	T:18.0(12.77%),B:6064.0(3.85%),P:1e-5	Tpos:44.3,Tstd:26.3,Bpos:49.5,Bstd:27.5,StrandBias:-0.3,Multiplicity:1.22
0.042	0.057	0.900	0.001
0.997	0.001	0.001	0.001
0.933	0.001	0.065	0.001
0.955	0.001	0.043	0.001
0.043	0.362	0.001	0.594
0.821	0.001	0.118	0.060
0.001	0.081	0.917	0.001
0.001	0.936	0.062	0.001
>KAACAYCC	2-KAACAYCC	7.645665	-10.863300	0	T:15.0(10.64%),B:4614.0(2.93%),P:1e-4	Tpos:60.3,Tstd:23.8,Bpos:50.0,Bstd:27.2,StrandBias:-1.7,Multiplicity:1.13
0.001	0.225	0.385	0.389
0.997	0.001	0.001	0.001
0.997	0.001	0.001	0.001
0.001	0.997	0.001	0.001
0.615	0.214	0.170	0.001
0.001	0.503	0.001	0.495
0.001	0.997	0.001	0.001
0.001	0.997	0.001	0.001
>ATGGGATA	3-ATGGGATA	7.047751	-9.290022	0	T:8.0(5.67%),B:1561.0(0.99%),P:1e-4	Tpos:60.9,Tstd:22.3,Bpos:50.1,Bstd:27.9,StrandBias:1.4,Multiplicity:1.38
0.594	0.001	0.023	0.382
0.001	0.001	0.001	0.997
0.001	0.001	0.997	0.001
0.001	0.001	0.997	0.001
0.001	0.001	0.997	0.001
0.997	0.001	0.001	0.001
0.001	0.221	0.001	0.777
0.997	0.001	0.001	0.001
>CCCTATAG	4-CCCTATAG	7.886937	-7.132635	0	T:7.0(4.96%),B:1658.0(1.05%),P:1e-3	Tpos:39.4,Tstd:27.5,Bpos:50.9,Bstd:26.7,StrandBias:-0.6,Multiplicity:1.00
0.134	0.737	0.128	0.001
0.021	0.513	0.337	0.129
0.001	0.997	0.001	0.001
0.001	0.001	0.001	0.997
0.956	0.001	0.042	0.001
0.001	0.001	0.001	0.997
0.997	0.001	0.001	0.001
0.001	0.001	0.997	0.001
>GCGCCACW	5-GCGCCACW	6.145572	-5.502646	0	T:19.0(13.48%),B:10888.0(6.92%),P:1e-2	Tpos:46.1,Tstd:24.5,Bpos:50.2,Bstd:26.4,StrandBias:0.7,Multiplicity:1.37
0.001	0.064	0.934	0.001
0.202	0.739	0.001	0.058
0.001	0.029	0.937	0.033
0.132	0.753	0.001	0.114
0.001	0.894	0.001	0.104
0.885	0.052	0.001	0.062
0.118	0.880	0.001	0.001
0.431	0.021	0.033	0.515
