>TCCAAACTGTGA	1-TCCAAACTGTGA	10.153634	-20.011278	0	T:4.0(8.51%),B:1.0(0.03%),P:1e-8	Tpos:40.5,Tstd:18.3,Bpos:87.0,Bstd:0.0,StrandBias:1.6,Multiplicity:1.00
0.128	0.001	0.064	0.807
0.001	0.997	0.001	0.001
0.001	0.997	0.001	0.001
0.806	0.001	0.001	0.192
0.997	0.001	0.001	0.001
0.807	0.001	0.064	0.128
0.001	0.997	0.001	0.001
0.001	0.001	0.001	0.997
0.001	0.001	0.997	0.001
0.001	0.001	0.001	0.997
0.001	0.001	0.997	0.001
0.997	0.001	0.001	0.001
>CTTGSYWCCTGC	2-CTTGSYWCCTGC	8.288199	-16.839037	0	T:10.0(21.28%),B:65.0(2.13%),P:1e-7	Tpos:55.6,Tstd:27.3,Bpos:50.1,Bstd:26.4,StrandBias:-1.2,Multiplicity:1.00
0.216	0.782	0.001	0.001
0.001	0.109	0.011	0.879
0.001	0.108	0.324	0.567
0.001	0.001	0.662	0.336
0.001	0.444	0.337	0.217
0.108	0.444	0.108	0.339
0.336	0.218	0.012	0.434
0.216	0.554	0.013	0.217
0.108	0.782	0.001	0.109
0.107	0.001	0.001	0.891
0.001	0.001	0.891	0.107
0.108	0.759	0.001	0.132
>GACCTCTTATTA	3-GACCTCTTATTA	13.593323	-14.385816	0	T:3.0(6.38%),B:0.0(0.00%),P:1e-6	Tpos:36.7,Tstd:26.8,Bpos:0.0,Bstd:0.0,StrandBias:1.0,Multiplicity:1.00
0.001	0.001	0.997	0.001
0.666	0.332	0.001	0.001
0.001	0.666	0.332	0.001
0.001	0.997	0.001	0.001
0.332	0.001	0.001	0.666
0.001	0.997	0.001	0.001
0.001	0.001	0.001	0.997
0.001	0.001	0.001	0.997
0.997	0.001	0.001	0.001
0.001	0.001	0.001	0.997
0.001	0.332	0.001	0.666
0.997	0.001	0.001	0.001
>AGAGAGAGAGAG	4-AGAGAGAGAGAG	11.664251	-8.058245	0	T:4.0(8.51%),B:21.0(0.69%),P:1e-3	Tpos:58.1,Tstd:9.3,Bpos:45.0,Bstd:26.5,StrandBias:1.0,Multiplicity:1.25
0.874	0.001	0.124	0.001
0.373	0.049	0.577	0.001
0.958	0.001	0.001	0.040
0.248	0.001	0.750	0.001
0.982	0.001	0.016	0.001
0.124	0.001	0.874	0.001
0.874	0.001	0.124	0.001
0.124	0.001	0.874	0.001
0.874	0.001	0.124	0.001
0.001	0.001	0.997	0.001
0.817	0.001	0.124	0.058
0.307	0.001	0.568	0.124
>ACACACACACAC	5-ACACACACACAC	12.724263	-6.229693	0	T:3.0(6.38%),B:16.0(0.52%),P:1e-2	Tpos:41.6,Tstd:19.4,Bpos:47.5,Bstd:27.7,StrandBias:10.0,Multiplicity:2.33
0.997	0.001	0.001	0.001
0.004	0.687	0.001	0.308
0.690	0.001	0.001	0.308
0.006	0.987	0.001	0.006
0.997	0.001	0.001	0.001
0.006	0.987	0.001	0.006
0.690	0.308	0.001	0.001
0.006	0.679	0.309	0.006
0.997	0.001	0.001	0.001
0.308	0.685	0.001	0.006
0.997	0.001	0.001	0.001
0.001	0.686	0.308	0.005
