>AAGTCTTC	1-AAGTCTTC	7.399714	-15.958488	0	T:7.0(14.89%),B:25.0(0.82%),P:1e-6	Tpos:58.4,Tstd:25.9,Bpos:49.7,Bstd:29.0,StrandBias:1.3,Multiplicity:1.00
0.997	0.001	0.001	0.001
0.997	0.001	0.001	0.001
0.228	0.001	0.770	0.001
0.001	0.001	0.001	0.997
0.001	0.997	0.001	0.001
0.033	0.228	0.001	0.738
0.001	0.001	0.001	0.997
0.001	0.997	0.001	0.001
>GAAATTGC	2-GAAATTGC	8.785497	-12.277698	0	T:6.0(12.77%),B:28.0(0.92%),P:1e-5	Tpos:42.7,Tstd:18.6,Bpos:56.3,Bstd:23.3,StrandBias:1.0,Multiplicity:1.00
0.001	0.001	0.997	0.001
0.997	0.001	0.001	0.001
0.780	0.001	0.218	0.001
0.997	0.001	0.001	0.001
0.001	0.001	0.001	0.997
0.001	0.001	0.001	0.997
0.001	0.001	0.997	0.001
0.001	0.466	0.247	0.286
>CTTGSCAA	3-CTTGSCAA	7.224414	-12.149863	0	T:9.0(19.15%),B:85.0(2.79%),P:1e-5	Tpos:49.7,Tstd:25.7,Bpos:52.0,Bstd:25.3,StrandBias:0.8,Multiplicity:1.11
0.001	0.688	0.146	0.165
0.028	0.079	0.172	0.721
0.001	0.001	0.001	0.997
0.001	0.001	0.933	0.065
0.001	0.432	0.566	0.001
0.001	0.683	0.001	0.315
0.895	0.026	0.001	0.078
0.547	0.385	0.067	0.001
>GCTTGCTC	4-GCTTGCTC	7.623226	-7.803536	0	T:8.0(17.02%),B:118.0(3.87%),P:1e-3	Tpos:42.2,Tstd:25.8,Bpos:47.0,Bstd:28.3,StrandBias:-1.7,Multiplicity:1.62
0.001	0.076	0.837	0.086
0.001	0.818	0.099	0.082
0.001	0.085	0.001	0.913
0.001	0.126	0.053	0.820
0.001	0.001	0.997	0.001
0.001	0.997	0.001	0.001
0.001	0.070	0.001	0.928
0.001	0.737	0.196	0.066
>TTAAAAAA	5-TTAAAAAA	7.552794	-5.743365	0	T:5.0(10.64%),B:65.0(2.13%),P:1e-2	Tpos:45.7,Tstd:27.3,Bpos:53.4,Bstd:24.7,StrandBias:0.0,Multiplicity:1.20
0.001	0.078	0.139	0.782
0.078	0.001	0.001	0.920
0.948	0.012	0.005	0.035
0.609	0.001	0.001	0.389
0.965	0.033	0.001	0.001
0.848	0.001	0.150	0.001
0.694	0.166	0.139	0.001
0.807	0.088	0.001	0.104
