>TCAAACAGTTCC	1-TCAAACAGTTCC	12.115798	-25.882610	0	T:5.0(10.64%),B:0.0(0.00%),P:1e-11	Tpos:60.6,Tstd:18.2,Bpos:0.0,Bstd:0.0,StrandBias:-0.6,Multiplicity:1.00
0.001	0.001	0.001	0.997
0.001	0.617	0.381	0.001
0.997	0.001	0.001	0.001
0.617	0.001	0.381	0.001
0.997	0.001	0.001	0.001
0.001	0.997	0.001	0.001
0.617	0.001	0.001	0.381
0.001	0.001	0.997	0.001
0.001	0.345	0.001	0.653
0.001	0.001	0.001	0.997
0.001	0.690	0.308	0.001
0.001	0.997	0.001	0.001
>GGGTTAAGGTGA	2-GGGTTAAGGTGA	8.092455	-15.565712	0	T:5.0(10.64%),B:8.0(0.26%),P:1e-6	Tpos:50.6,Tstd:27.3,Bpos:26.2,Bstd:17.1,StrandBias:3.0,Multiplicity:3.60
0.001	0.001	0.997	0.001
0.001	0.001	0.939	0.059
0.001	0.001	0.997	0.001
0.001	0.308	0.001	0.690
0.001	0.308	0.001	0.690
0.997	0.001	0.001	0.001
0.617	0.001	0.381	0.001
0.001	0.001	0.997	0.001
0.367	0.001	0.631	0.001
0.001	0.001	0.308	0.690
0.001	0.001	0.925	0.073
0.997	0.001	0.001	0.001
>GAWAYAAGKKMA	3-GAWAYAAGKKMA	11.397721	-14.007853	0	T:5.0(10.64%),B:11.0(0.36%),P:1e-6	Tpos:32.8,Tstd:21.4,Bpos:52.8,Bstd:29.3,StrandBias:2.8,Multiplicity:1.60
0.001	0.001	0.997	0.001
0.997	0.001	0.001	0.001
0.446	0.001	0.106	0.446
0.995	0.001	0.003	0.001
0.001	0.544	0.001	0.454
0.997	0.001	0.001	0.001
0.997	0.001	0.001	0.001
0.001	0.001	0.997	0.001
0.001	0.001	0.454	0.544
0.001	0.001	0.454	0.544
0.548	0.450	0.001	0.001
0.997	0.001	0.001	0.001
>CATGGAGTCACA	4-CATGGAGTCACA	9.890367	-10.063440	0	T:5.0(10.64%),B:25.0(0.82%),P:1e-4	Tpos:50.0,Tstd:32.1,Bpos:46.1,Bstd:25.1,StrandBias:2.8,Multiplicity:1.60
0.001	0.763	0.235	0.001
0.763	0.235	0.001	0.001
0.001	0.001	0.001	0.997
0.001	0.001	0.763	0.235
0.001	0.236	0.527	0.236
0.763	0.001	0.001	0.235
0.236	0.253	0.510	0.001
0.236	0.001	0.236	0.527
0.235	0.763	0.001	0.001
0.997	0.001	0.001	0.001
0.001	0.997	0.001	0.001
0.763	0.001	0.001	0.235
>ATCTGTGTAGTG	5-ATCTGTGTAGTG	12.355432	-4.180282	0	T:1.0(2.13%),B:0.0(0.00%),P:1e-1	Tpos:31.0,Tstd:0.0,Bpos:0.0,Bstd:0.0,StrandBias:10.0,Multiplicity:1.00
0.700	0.100	0.100	0.100
0.100	0.100	0.100	0.700
0.100	0.700	0.100	0.100
0.100	0.100	0.100	0.700
0.100	0.100	0.700	0.100
0.100	0.100	0.100	0.700
0.100	0.100	0.700	0.100
0.100	0.100	0.100	0.700
0.700	0.100	0.100	0.100
0.100	0.100	0.700	0.100
0.100	0.100	0.100	0.700
0.100	0.100	0.700	0.100
