>ACCAATMCMG	1-ACCAATMCMG	8.713697	-20.946804	0	T:7.0(14.89%),B:12.0(0.39%),P:1e-9	Tpos:48.3,Tstd:31.1,Bpos:29.2,Bstd:25.0,StrandBias:0.3,Multiplicity:1.57
0.811	0.001	0.187	0.001
0.001	0.997	0.001	0.001
0.001	0.843	0.155	0.001
0.997	0.001	0.001	0.001
0.997	0.001	0.001	0.001
0.156	0.156	0.001	0.687
0.468	0.530	0.001	0.001
0.001	0.997	0.001	0.001
0.475	0.368	0.001	0.156
0.005	0.001	0.656	0.338
>RASAAKTTRG	2-RASAAKTTRG	7.749690	-17.687525	0	T:6.0(12.77%),B:11.0(0.36%),P:1e-7	Tpos:47.7,Tstd:13.2,Bpos:61.5,Bstd:30.8,StrandBias:1.0,Multiplicity:1.00
0.446	0.001	0.552	0.001
0.997	0.001	0.001	0.001
0.001	0.552	0.446	0.001
0.997	0.001	0.001	0.001
0.972	0.001	0.001	0.026
0.026	0.001	0.446	0.527
0.001	0.001	0.026	0.972
0.001	0.001	0.001	0.997
0.552	0.001	0.446	0.001
0.001	0.001	0.997	0.001
>ACACTGACAC	3-ACACTGACAC	7.831685	-8.920099	0	T:8.0(17.02%),B:100.0(3.28%),P:1e-3	Tpos:69.3,Tstd:25.3,Bpos:44.5,Bstd:26.5,StrandBias:1.1,Multiplicity:1.00
0.989	0.001	0.001	0.009
0.293	0.609	0.001	0.097
0.706	0.098	0.098	0.098
0.195	0.499	0.305	0.001
0.411	0.001	0.001	0.587
0.001	0.205	0.793	0.001
0.598	0.001	0.001	0.400
0.108	0.597	0.197	0.098
0.901	0.001	0.001	0.097
0.195	0.599	0.108	0.098
>AGCAGGAGGA	4-AGCAGGAGGA	11.058463	-8.223070	0	T:3.0(6.38%),B:8.0(0.26%),P:1e-3	Tpos:68.1,Tstd:27.5,Bpos:65.4,Bstd:32.5,StrandBias:1.8,Multiplicity:2.00
0.856	0.001	0.142	0.001
0.001	0.001	0.997	0.001
0.001	0.997	0.001	0.001
0.997	0.001	0.001	0.001
0.001	0.001	0.856	0.142
0.001	0.262	0.736	0.001
0.997	0.001	0.001	0.001
0.001	0.001	0.997	0.001
0.001	0.309	0.689	0.001
0.997	0.001	0.001	0.001
>AAACACACAC	5-AAACACACAC	7.815111	-4.753831	0	T:2.0(4.26%),B:9.0(0.30%),P:1e-2	Tpos:71.0,Tstd:5.0,Bpos:40.4,Bstd:26.0,StrandBias:10.0,Multiplicity:1.00
0.561	0.219	0.146	0.074
0.591	0.146	0.088	0.175
0.590	0.124	0.103	0.183
0.132	0.702	0.118	0.048
0.590	0.117	0.059	0.234
0.120	0.602	0.161	0.117
0.650	0.168	0.001	0.181
0.205	0.513	0.132	0.150
0.598	0.167	0.059	0.176
0.158	0.608	0.161	0.073
>CGCGCRCRTA	6-CGCGCRCRTA	3.352020	-4.753831	0	T:2.0(4.26%),B:9.0(0.30%),P:1e-2	Tpos:68.1,Tstd:12.8,Bpos:58.5,Bstd:14.3,StrandBias:0.3,Multiplicity:2.00
0.001	0.972	0.001	0.026
0.001	0.001	0.997	0.001
0.001	0.997	0.001	0.001
0.001	0.001	0.997	0.001
0.026	0.972	0.001	0.001
0.472	0.001	0.526	0.001
0.001	0.997	0.001	0.001
0.500	0.026	0.473	0.001
0.001	0.080	0.026	0.893
0.997	0.001	0.001	0.001
