>TGCAGAAGGC	1-TGCAGAAGGC	11.557282	-20.412497	0	T:5.0(10.64%),B:3.0(0.10%),P:1e-8	Tpos:57.0,Tstd:24.2,Bpos:84.0,Bstd:2.9,StrandBias:0.6,Multiplicity:1.00
0.001	0.001	0.001	0.997
0.001	0.001	0.799	0.199
0.001	0.799	0.199	0.001
0.997	0.001	0.001	0.001
0.001	0.001	0.997	0.001
0.997	0.001	0.001	0.001
0.997	0.001	0.001	0.001
0.199	0.001	0.799	0.001
0.001	0.001	0.997	0.001
0.199	0.799	0.001	0.001
>TTTTCAGGTG	2-TTTTCAGGTG	11.873576	-20.011278	0	T:4.0(8.51%),B:1.0(0.03%),P:1e-8	Tpos:46.5,Tstd:18.0,Bpos:67.0,Bstd:0.0,StrandBias:0.0,Multiplicity:1.00
0.001	0.001	0.001	0.997
0.001	0.001	0.249	0.749
0.001	0.001	0.001	0.997
0.001	0.001	0.001	0.997
0.249	0.749	0.001	0.001
0.997	0.001	0.001	0.001
0.001	0.001	0.997	0.001
0.001	0.001	0.997	0.001
0.001	0.001	0.001	0.997
0.249	0.001	0.749	0.001
>GGTCTACAGT	3-GGTCTACAGT	11.741438	-15.639377	0	T:4.0(8.51%),B:3.0(0.10%),P:1e-6	Tpos:56.2,Tstd:22.1,Bpos:39.7,Bstd:19.6,StrandBias:0.0,Multiplicity:1.00
0.001	0.001	0.997	0.001
0.001	0.226	0.772	0.001
0.226	0.001	0.001	0.772
0.001	0.997	0.001	0.001
0.001	0.001	0.001	0.997
0.772	0.001	0.226	0.001
0.001	0.997	0.001	0.001
0.997	0.001	0.001	0.001
0.001	0.001	0.997	0.001
0.092	0.001	0.001	0.906
>TTTTAAAAAA	4-TTTTAAAAAA	7.433826	-9.095808	0	T:7.0(14.89%),B:72.0(2.36%),P:1e-3	Tpos:51.4,Tstd:26.0,Bpos:49.2,Bstd:25.9,StrandBias:0.0,Multiplicity:1.00
0.001	0.068	0.050	0.881
0.081	0.081	0.001	0.837
0.040	0.163	0.060	0.737
0.184	0.086	0.068	0.662
0.509	0.214	0.273	0.004
0.997	0.001	0.001	0.001
0.769	0.001	0.149	0.081
0.836	0.001	0.001	0.162
0.876	0.122	0.001	0.001
0.914	0.081	0.004	0.001
>ACAGCCAGAC	5-ACAGCCAGAC	6.366687	-8.844708	0	T:7.0(14.89%),B:75.0(2.46%),P:1e-3	Tpos:73.0,Tstd:17.7,Bpos:46.0,Bstd:26.8,StrandBias:1.8,Multiplicity:1.14
0.997	0.001	0.001	0.001
0.001	0.997	0.001	0.001
0.632	0.059	0.001	0.308
0.001	0.379	0.619	0.001
0.013	0.985	0.001	0.001
0.001	0.690	0.001	0.308
0.997	0.001	0.001	0.001
0.001	0.379	0.619	0.001
0.997	0.001	0.001	0.001
0.308	0.690	0.001	0.001
