>AAGGAGGATA	1-AAGGAGGATA	11.873576	-18.692753	0	T:4.0(6.25%),B:1.6(0.05%),P:1e-8,FDR:1	Tpos:52.2,Tstd:29.4,Bpos:20.3,Bstd:0.4,StrandBias:1.6,Multiplicity:1.00
0.997	0.001	0.001	0.001
0.997	0.001	0.001	0.001
0.001	0.001	0.997	0.001
0.001	0.001	0.997	0.001
0.997	0.001	0.001	0.001
0.001	0.001	0.749	0.249
0.001	0.001	0.997	0.001
0.749	0.001	0.001	0.249
0.001	0.001	0.001	0.997
0.749	0.001	0.249	0.001
>MTGACAACAG	2-MTGACAACAG	10.612983	-15.936102	0	T:4.0(6.25%),B:2.7(0.09%),P:1e-6,FDR:1	Tpos:50.1,Tstd:25.4,Bpos:61.6,Bstd:17.4,StrandBias:1.8,Multiplicity:2.25
0.423	0.435	0.141	0.001
0.001	0.140	0.001	0.858
0.001	0.140	0.858	0.001
0.858	0.001	0.001	0.140
0.001	0.883	0.115	0.001
0.997	0.001	0.001	0.001
0.597	0.001	0.261	0.141
0.001	0.858	0.001	0.140
0.858	0.001	0.001	0.140
0.001	0.001	0.858	0.140
>TTTAACACCG	3-TTTAACACCG	4.690031	-15.719765	0	T:6.0(9.38%),B:11.3(0.38%),P:1e-6,FDR:1	Tpos:52.6,Tstd:26.9,Bpos:47.3,Bstd:24.8,StrandBias:0.4,Multiplicity:1.17
0.001	0.001	0.001	0.997
0.001	0.001	0.001	0.997
0.012	0.001	0.001	0.986
0.997	0.001	0.001	0.001
0.895	0.103	0.001	0.001
0.001	0.997	0.001	0.001
0.887	0.111	0.001	0.001
0.001	0.997	0.001	0.001
0.001	0.898	0.001	0.100
0.001	0.001	0.884	0.114
>CTGGTCCAGG	4-CTGGTCCAGG	8.144438	-12.633618	0	T:11.0(17.19%),B:91.9(3.05%),P:1e-5,FDR:1	Tpos:56.9,Tstd:22.7,Bpos:45.5,Bstd:33.5,StrandBias:-0.2,Multiplicity:1.09
0.001	0.861	0.137	0.001
0.132	0.001	0.001	0.866
0.053	0.069	0.877	0.001
0.001	0.005	0.775	0.219
0.102	0.249	0.238	0.411
0.001	0.726	0.176	0.097
0.001	0.902	0.001	0.096
0.902	0.001	0.001	0.096
0.001	0.001	0.902	0.096
0.193	0.001	0.801	0.005
>ATTTTTTTTT	5-ATTTTTTTTT	11.378579	-7.011515	0	T:4.0(6.25%),B:20.1(0.67%),P:1e-3,FDR:1	Tpos:70.8,Tstd:31.9,Bpos:52.1,Bstd:24.9,StrandBias:-0.6,Multiplicity:1.25
0.872	0.001	0.050	0.077
0.001	0.242	0.202	0.555
0.001	0.245	0.001	0.753
0.001	0.001	0.001	0.997
0.245	0.001	0.001	0.753
0.001	0.001	0.001	0.997
0.001	0.001	0.001	0.997
0.001	0.001	0.001	0.997
0.001	0.001	0.001	0.997
0.001	0.050	0.001	0.948
