>TGYGTKCGTG	1-TGYGTKCGTG	8.906341	-15.878386	0	T:6.0(12.77%),B:715.0(0.49%),P:1e-6	Tpos:27.8,Tstd:20.5,Bpos:50.0,Bstd:25.4,StrandBias:2.5,Multiplicity:1.00
0.001	0.001	0.241	0.757
0.001	0.001	0.815	0.183
0.176	0.473	0.001	0.350
0.001	0.196	0.802	0.001
0.166	0.001	0.001	0.832
0.001	0.001	0.560	0.438
0.001	0.997	0.001	0.001
0.001	0.001	0.997	0.001
0.001	0.001	0.175	0.823
0.001	0.001	0.997	0.001
>GTCTGGWCTT	2-GTCTGGWCTT	10.985787	-10.399832	0	T:3.0(6.38%),B:182.0(0.13%),P:1e-4	Tpos:43.8,Tstd:23.2,Bpos:50.5,Bstd:25.8,StrandBias:2.0,Multiplicity:1.67
0.225	0.001	0.773	0.001
0.001	0.001	0.225	0.773
0.001	0.997	0.001	0.001
0.238	0.001	0.001	0.760
0.260	0.001	0.463	0.275
0.001	0.001	0.997	0.001
0.484	0.001	0.001	0.514
0.001	0.997	0.001	0.001
0.001	0.001	0.001	0.997
0.001	0.001	0.001	0.997
>AATTAATAGT	3-AATTAATAGT	10.296193	-7.345124	0	T:1.0(2.13%),B:2.0(0.00%),P:1e-3	Tpos:7.0,Tstd:0.0,Bpos:56.0,Bstd:20.0,StrandBias:-10.0,Multiplicity:1.00
0.700	0.100	0.100	0.100
0.700	0.100	0.100	0.100
0.100	0.100	0.100	0.700
0.100	0.100	0.100	0.700
0.700	0.100	0.100	0.100
0.700	0.100	0.100	0.100
0.100	0.100	0.100	0.700
0.700	0.100	0.100	0.100
0.100	0.100	0.700	0.100
0.100	0.100	0.100	0.700
>ACGTTGACCG	4-ACGTTGACCG	10.296193	-7.345124	0	T:1.0(2.13%),B:2.0(0.00%),P:1e-3	Tpos:20.0,Tstd:0.0,Bpos:72.0,Bstd:2.0,StrandBias:10.0,Multiplicity:1.00
0.700	0.100	0.100	0.100
0.100	0.700	0.100	0.100
0.100	0.100	0.700	0.100
0.100	0.100	0.100	0.700
0.100	0.100	0.100	0.700
0.100	0.100	0.700	0.100
0.700	0.100	0.100	0.100
0.100	0.700	0.100	0.100
0.100	0.700	0.100	0.100
0.100	0.100	0.700	0.100
>AGTGGCGCCG	5-AGTGGCGCCG	10.296193	-7.345124	0	T:1.0(2.13%),B:2.0(0.00%),P:1e-3	Tpos:64.0,Tstd:0.0,Bpos:34.5,Bstd:18.5,StrandBias:10.0,Multiplicity:1.00
0.700	0.100	0.100	0.100
0.100	0.100	0.700	0.100
0.100	0.100	0.100	0.700
0.100	0.100	0.700	0.100
0.100	0.100	0.700	0.100
0.100	0.700	0.100	0.100
0.100	0.100	0.700	0.100
0.100	0.700	0.100	0.100
0.100	0.700	0.100	0.100
0.100	0.100	0.700	0.100
>TCCATCGTAA	6-TCCATCGTAA	10.296193	-7.345124	0	T:1.0(2.13%),B:2.0(0.00%),P:1e-3	Tpos:48.0,Tstd:0.0,Bpos:75.5,Bstd:13.5,StrandBias:10.0,Multiplicity:1.00
0.100	0.100	0.100	0.700
0.100	0.700	0.100	0.100
0.100	0.700	0.100	0.100
0.700	0.100	0.100	0.100
0.100	0.100	0.100	0.700
0.100	0.700	0.100	0.100
0.100	0.100	0.700	0.100
0.100	0.100	0.100	0.700
0.700	0.100	0.100	0.100
0.700	0.100	0.100	0.100
>TAGATGCACG	7-TAGATGCACG	10.296193	-7.345124	0	T:1.0(2.13%),B:2.0(0.00%),P:1e-3	Tpos:80.0,Tstd:0.0,Bpos:52.5,Bstd:19.5,StrandBias:10.0,Multiplicity:1.00
0.100	0.100	0.100	0.700
0.700	0.100	0.100	0.100
0.100	0.100	0.700	0.100
0.700	0.100	0.100	0.100
0.100	0.100	0.100	0.700
0.100	0.100	0.700	0.100
0.100	0.700	0.100	0.100
0.700	0.100	0.100	0.100
0.100	0.700	0.100	0.100
0.100	0.100	0.700	0.100
>AACCAAAGCA	8-AACCAAAGCA	7.702366	-7.095226	0	T:8.0(17.02%),B:6272.0(4.31%),P:1e-3	Tpos:61.3,Tstd:18.2,Bpos:50.8,Bstd:26.7,StrandBias:2.0,Multiplicity:1.88
0.702	0.001	0.296	0.001
0.845	0.001	0.153	0.001
0.157	0.528	0.314	0.001
0.133	0.727	0.139	0.001
0.997	0.001	0.001	0.001
0.846	0.001	0.152	0.001
0.997	0.001	0.001	0.001
0.008	0.221	0.770	0.001
0.001	0.866	0.132	0.001
0.997	0.001	0.001	0.001
