>GAAAKAAWCAAC	1-GAAAKAAWCAAC	10.626117	-74.803490	0	T:33.0(4.90%),B:5.7(0.25%),P:1e-32,FDR:0.2	Tpos:48.0,Tstd:25.4,Bpos:37.0,Bstd:24.2,StrandBias:0.1,Multiplicity:1.21
0.146	0.308	0.545	0.001
0.853	0.073	0.073	0.001
0.853	0.001	0.145	0.001
0.627	0.001	0.371	0.001
0.073	0.147	0.454	0.327
0.902	0.001	0.013	0.084
0.913	0.001	0.085	0.001
0.450	0.001	0.146	0.403
0.083	0.915	0.001	0.001
0.997	0.001	0.001	0.001
0.853	0.001	0.145	0.001
0.177	0.821	0.001	0.001
>TGATTGGACAGG	2-TGATTGGACAGG	9.511246	-71.876783	0	T:21.0(3.12%),B:1.1(0.05%),P:1e-31,FDR:0.2	Tpos:52.5,Tstd:27.6,Bpos:76.4,Bstd:7.7,StrandBias:0.4,Multiplicity:1.24
0.119	0.001	0.119	0.761
0.021	0.060	0.918	0.001
0.879	0.060	0.001	0.060
0.060	0.001	0.060	0.879
0.060	0.001	0.060	0.879
0.001	0.001	0.939	0.059
0.060	0.001	0.879	0.060
0.638	0.179	0.063	0.120
0.179	0.701	0.060	0.060
0.997	0.001	0.001	0.001
0.060	0.001	0.876	0.063
0.120	0.060	0.700	0.120
>ATGTTTCCACTT	3-ATGTTTCCACTT	10.531586	-57.589882	0	T:21.0(3.12%),B:2.3(0.10%),P:1e-25,FDR:0.2	Tpos:49.8,Tstd:25.6,Bpos:57.3,Bstd:13.6,StrandBias:0.1,Multiplicity:1.00
0.967	0.001	0.001	0.031
0.412	0.001	0.001	0.586
0.001	0.366	0.632	0.001
0.001	0.001	0.001	0.997
0.412	0.001	0.001	0.586
0.001	0.001	0.001	0.997
0.001	0.997	0.001	0.001
0.001	0.997	0.001	0.001
0.907	0.046	0.001	0.046
0.001	0.811	0.001	0.187
0.001	0.001	0.001	0.997
0.001	0.001	0.412	0.586
>GCTCCVCYTCCM	4-GCTCCVCYTCCM	10.085177	-39.155054	0	T:21.0(3.12%),B:5.5(0.24%),P:1e-17,FDR:0.2	Tpos:51.3,Tstd:28.2,Bpos:18.5,Bstd:14.0,StrandBias:-1.5,Multiplicity:1.06
0.001	0.205	0.791	0.003
0.001	0.983	0.001	0.015
0.001	0.016	0.103	0.880
0.254	0.636	0.109	0.001
0.001	0.580	0.001	0.418
0.358	0.327	0.209	0.106
0.015	0.983	0.001	0.001
0.125	0.460	0.103	0.313
0.102	0.001	0.001	0.896
0.001	0.778	0.103	0.118
0.103	0.793	0.001	0.103
0.371	0.422	0.001	0.206
>CCCACTTCCTCT	5-CCCACTTCCTCT	13.170249	-38.974772	0	T:13.0(1.93%),B:0.5(0.02%),P:1e-16,FDR:0.2	Tpos:41.4,Tstd:17.0,Bpos:0.0,Bstd:0.0,StrandBias:0.5,Multiplicity:1.00
0.001	0.997	0.001	0.001
0.001	0.917	0.081	0.001
0.001	0.997	0.001	0.001
0.917	0.081	0.001	0.001
0.001	0.917	0.081	0.001
0.001	0.081	0.001	0.917
0.001	0.001	0.081	0.917
0.001	0.917	0.001	0.081
0.001	0.997	0.001	0.001
0.001	0.001	0.001	0.997
0.001	0.657	0.341	0.001
0.001	0.081	0.001	0.917
>ACGAGGAGTTGA	6-ACGAGGAGTTGA	8.463612	-30.262585	0	T:20.0(2.97%),B:7.9(0.34%),P:1e-13,FDR:0.233333333333333	Tpos:43.4,Tstd:24.2,Bpos:45.0,Bstd:45.0,StrandBias:-0.2,Multiplicity:1.00
0.700	0.100	0.100	0.100
0.100	0.700	0.100	0.100
0.100	0.100	0.700	0.100
0.700	0.100	0.100	0.100
0.100	0.100	0.700	0.100
0.100	0.100	0.700	0.100
0.700	0.100	0.100	0.100
0.100	0.100	0.700	0.100
0.100	0.100	0.100	0.700
0.100	0.100	0.100	0.700
0.100	0.100	0.700	0.100
0.700	0.100	0.100	0.100
>DGGTGGGWGGRN	7-DGGTGGGWGGRN	5.698523	-29.403666	0	T:100.0(14.84%),B:156.9(6.77%),P:1e-12,FDR:0.233333333333333	Tpos:51.5,Tstd:26.4,Bpos:46.1,Bstd:28.5,StrandBias:0.0,Multiplicity:1.11
0.283	0.118	0.357	0.242
0.226	0.043	0.481	0.251
0.109	0.233	0.533	0.125
0.279	0.050	0.237	0.433
0.190	0.002	0.625	0.183
0.185	0.030	0.610	0.175
0.111	0.063	0.657	0.169
0.267	0.098	0.237	0.398
0.161	0.034	0.644	0.161
0.188	0.120	0.511	0.181
0.256	0.136	0.385	0.223
0.235	0.258	0.262	0.246
>YTGCTGCTGCTG	8-YTGCTGCTGCTG	11.727936	-20.773138	0	T:8.0(1.19%),B:1.7(0.07%),P:1e-9,FDR:0.65	Tpos:52.2,Tstd:25.3,Bpos:51.3,Bstd:11.2,StrandBias:0.6,Multiplicity:1.62
0.001	0.530	0.001	0.468
0.037	0.001	0.001	0.961
0.001	0.169	0.792	0.038
0.001	0.597	0.001	0.401
0.001	0.001	0.001	0.997
0.079	0.114	0.729	0.078
0.002	0.633	0.001	0.364
0.001	0.001	0.001	0.997
0.004	0.040	0.806	0.150
0.038	0.591	0.001	0.370
0.001	0.074	0.001	0.924
0.114	0.169	0.565	0.152
