>CATGTTTATT	1-CATGTTTATT	8.337930	-92.075391	0	T:30.0(4.45%),B:2.2(0.10%),P:1e-39,FDR:0.2	Tpos:52.5,Tstd:25.0,Bpos:55.9,Bstd:21.0,StrandBias:-0.2,Multiplicity:1.00
0.048	0.786	0.095	0.071
0.535	0.240	0.047	0.178
0.141	0.001	0.023	0.835
0.047	0.101	0.733	0.119
0.047	0.071	0.001	0.881
0.023	0.071	0.001	0.905
0.001	0.047	0.175	0.777
0.832	0.025	0.072	0.071
0.024	0.025	0.024	0.927
0.047	0.122	0.025	0.806
>TACTTCCTGC	2-TACTTCCTGC	10.210711	-61.253680	0	T:22.0(3.26%),B:2.8(0.12%),P:1e-26,FDR:0.2	Tpos:50.1,Tstd:24.7,Bpos:78.0,Bstd:4.1,StrandBias:0.8,Multiplicity:1.00
0.092	0.001	0.001	0.906
0.812	0.186	0.001	0.001
0.001	0.781	0.025	0.193
0.092	0.001	0.001	0.906
0.001	0.092	0.001	0.906
0.187	0.627	0.093	0.093
0.001	0.997	0.001	0.001
0.001	0.001	0.001	0.997
0.001	0.001	0.906	0.092
0.005	0.959	0.025	0.011
>AAABAATCAA	3-AAABAATCAA	9.704647	-61.253680	0	T:22.0(3.26%),B:2.7(0.12%),P:1e-26,FDR:0.2	Tpos:43.2,Tstd:24.6,Bpos:16.0,Bstd:0.0,StrandBias:0.4,Multiplicity:1.11
0.958	0.040	0.001	0.001
0.667	0.001	0.143	0.189
0.836	0.041	0.082	0.041
0.017	0.313	0.334	0.335
0.706	0.001	0.170	0.123
0.917	0.001	0.041	0.041
0.100	0.135	0.001	0.764
0.001	0.958	0.040	0.001
0.835	0.082	0.001	0.082
0.917	0.041	0.001	0.041
>TSTGTTTACT	4-TSTGTTTACT	8.334392	-58.255693	0	T:65.0(9.64%),B:44.9(1.94%),P:1e-25,FDR:0.2	Tpos:51.6,Tstd:24.9,Bpos:52.9,Bstd:34.1,StrandBias:-0.2,Multiplicity:1.08
0.175	0.142	0.192	0.491
0.001	0.375	0.484	0.140
0.116	0.001	0.001	0.882
0.001	0.002	0.876	0.121
0.001	0.058	0.001	0.940
0.001	0.001	0.001	0.997
0.058	0.001	0.058	0.883
0.700	0.183	0.116	0.001
0.001	0.746	0.116	0.137
0.001	0.001	0.001	0.997
>AAACTCAGGG	5-AAACTCAGGG	10.127947	-57.589882	0	T:21.0(3.12%),B:2.0(0.09%),P:1e-25,FDR:0.2	Tpos:54.3,Tstd:23.1,Bpos:21.0,Bstd:13.9,StrandBias:0.7,Multiplicity:1.00
0.997	0.001	0.001	0.001
0.997	0.001	0.001	0.001
0.965	0.001	0.001	0.033
0.001	0.965	0.033	0.001
0.001	0.001	0.001	0.997
0.001	0.965	0.001	0.033
0.997	0.001	0.001	0.001
0.001	0.001	0.997	0.001
0.081	0.001	0.917	0.001
0.138	0.001	0.860	0.001
>GTCCAATYAC	6-GTCCAATYAC	9.706947	-50.861683	0	T:16.0(2.37%),B:1.9(0.08%),P:1e-22,FDR:0.2	Tpos:50.0,Tstd:28.8,Bpos:71.3,Bstd:17.0,StrandBias:0.6,Multiplicity:1.25
0.001	0.114	0.782	0.103
0.001	0.129	0.001	0.869
0.001	0.793	0.103	0.103
0.102	0.896	0.001	0.001
0.896	0.102	0.001	0.001
0.793	0.001	0.001	0.205
0.027	0.001	0.103	0.869
0.001	0.545	0.001	0.453
0.896	0.001	0.102	0.001
0.001	0.997	0.001	0.001
>CCTCCCACTC	7-CCTCCCACTC	6.654077	-41.856644	0	T:144.0(21.36%),B:228.9(9.89%),P:1e-18,FDR:0.2	Tpos:51.6,Tstd:26.1,Bpos:47.1,Bstd:28.7,StrandBias:-0.2,Multiplicity:1.17
0.070	0.837	0.038	0.055
0.025	0.889	0.001	0.085
0.122	0.077	0.081	0.720
0.034	0.817	0.051	0.098
0.034	0.892	0.001	0.073
0.034	0.876	0.009	0.081
0.636	0.190	0.035	0.139
0.026	0.883	0.048	0.043
0.153	0.142	0.060	0.645
0.026	0.808	0.096	0.070
>GTTGTTGTTG	8-GTTGTTGTTG	7.564940	-14.852610	0	T:25.0(3.71%),B:26.5(1.14%),P:1e-6,FDR:0.725	Tpos:49.4,Tstd:26.7,Bpos:51.8,Bstd:32.9,StrandBias:0.7,Multiplicity:1.48
0.094	0.001	0.904	0.001
0.001	0.162	0.015	0.822
0.015	0.001	0.001	0.983
0.015	0.001	0.969	0.015
0.015	0.095	0.001	0.889
0.001	0.001	0.001	0.997
0.015	0.001	0.969	0.015
0.001	0.162	0.001	0.836
0.001	0.001	0.001	0.997
0.016	0.016	0.769	0.199
>GAAAKAAWCAAC	1-GAAAKAAWCAAC	10.626117	-74.803490	0	T:33.0(4.90%),B:5.7(0.25%),P:1e-32,FDR:0.2	Tpos:48.0,Tstd:25.4,Bpos:37.0,Bstd:24.2,StrandBias:0.1,Multiplicity:1.21
0.146	0.308	0.545	0.001
0.853	0.073	0.073	0.001
0.853	0.001	0.145	0.001
0.627	0.001	0.371	0.001
0.073	0.147	0.454	0.327
0.902	0.001	0.013	0.084
0.913	0.001	0.085	0.001
0.450	0.001	0.146	0.403
0.083	0.915	0.001	0.001
0.997	0.001	0.001	0.001
0.853	0.001	0.145	0.001
0.177	0.821	0.001	0.001
>TGATTGGACAGG	2-TGATTGGACAGG	9.511246	-71.876783	0	T:21.0(3.12%),B:1.1(0.05%),P:1e-31,FDR:0.2	Tpos:52.5,Tstd:27.6,Bpos:76.4,Bstd:7.7,StrandBias:0.4,Multiplicity:1.24
0.119	0.001	0.119	0.761
0.021	0.060	0.918	0.001
0.879	0.060	0.001	0.060
0.060	0.001	0.060	0.879
0.060	0.001	0.060	0.879
0.001	0.001	0.939	0.059
0.060	0.001	0.879	0.060
0.638	0.179	0.063	0.120
0.179	0.701	0.060	0.060
0.997	0.001	0.001	0.001
0.060	0.001	0.876	0.063
0.120	0.060	0.700	0.120
>ATGTTTCCACTT	3-ATGTTTCCACTT	10.531586	-57.589882	0	T:21.0(3.12%),B:2.3(0.10%),P:1e-25,FDR:0.2	Tpos:49.8,Tstd:25.6,Bpos:57.3,Bstd:13.6,StrandBias:0.1,Multiplicity:1.00
0.967	0.001	0.001	0.031
0.412	0.001	0.001	0.586
0.001	0.366	0.632	0.001
0.001	0.001	0.001	0.997
0.412	0.001	0.001	0.586
0.001	0.001	0.001	0.997
0.001	0.997	0.001	0.001
0.001	0.997	0.001	0.001
0.907	0.046	0.001	0.046
0.001	0.811	0.001	0.187
0.001	0.001	0.001	0.997
0.001	0.001	0.412	0.586
>GCTCCVCYTCCM	4-GCTCCVCYTCCM	10.085177	-39.155054	0	T:21.0(3.12%),B:5.5(0.24%),P:1e-17,FDR:0.2	Tpos:51.3,Tstd:28.2,Bpos:18.5,Bstd:14.0,StrandBias:-1.5,Multiplicity:1.06
0.001	0.205	0.791	0.003
0.001	0.983	0.001	0.015
0.001	0.016	0.103	0.880
0.254	0.636	0.109	0.001
0.001	0.580	0.001	0.418
0.358	0.327	0.209	0.106
0.015	0.983	0.001	0.001
0.125	0.460	0.103	0.313
0.102	0.001	0.001	0.896
0.001	0.778	0.103	0.118
0.103	0.793	0.001	0.103
0.371	0.422	0.001	0.206
>CCCACTTCCTCT	5-CCCACTTCCTCT	13.170249	-38.974772	0	T:13.0(1.93%),B:0.5(0.02%),P:1e-16,FDR:0.2	Tpos:41.4,Tstd:17.0,Bpos:0.0,Bstd:0.0,StrandBias:0.5,Multiplicity:1.00
0.001	0.997	0.001	0.001
0.001	0.917	0.081	0.001
0.001	0.997	0.001	0.001
0.917	0.081	0.001	0.001
0.001	0.917	0.081	0.001
0.001	0.081	0.001	0.917
0.001	0.001	0.081	0.917
0.001	0.917	0.001	0.081
0.001	0.997	0.001	0.001
0.001	0.001	0.001	0.997
0.001	0.657	0.341	0.001
0.001	0.081	0.001	0.917
>ACGAGGAGTTGA	6-ACGAGGAGTTGA	8.463612	-30.262585	0	T:20.0(2.97%),B:7.9(0.34%),P:1e-13,FDR:0.233333333333333	Tpos:43.4,Tstd:24.2,Bpos:45.0,Bstd:45.0,StrandBias:-0.2,Multiplicity:1.00
0.700	0.100	0.100	0.100
0.100	0.700	0.100	0.100
0.100	0.100	0.700	0.100
0.700	0.100	0.100	0.100
0.100	0.100	0.700	0.100
0.100	0.100	0.700	0.100
0.700	0.100	0.100	0.100
0.100	0.100	0.700	0.100
0.100	0.100	0.100	0.700
0.100	0.100	0.100	0.700
0.100	0.100	0.700	0.100
0.700	0.100	0.100	0.100
>DGGTGGGWGGRN	7-DGGTGGGWGGRN	5.698523	-29.403666	0	T:100.0(14.84%),B:156.9(6.77%),P:1e-12,FDR:0.233333333333333	Tpos:51.5,Tstd:26.4,Bpos:46.1,Bstd:28.5,StrandBias:0.0,Multiplicity:1.11
0.283	0.118	0.357	0.242
0.226	0.043	0.481	0.251
0.109	0.233	0.533	0.125
0.279	0.050	0.237	0.433
0.190	0.002	0.625	0.183
0.185	0.030	0.610	0.175
0.111	0.063	0.657	0.169
0.267	0.098	0.237	0.398
0.161	0.034	0.644	0.161
0.188	0.120	0.511	0.181
0.256	0.136	0.385	0.223
0.235	0.258	0.262	0.246
>YTGCTGCTGCTG	8-YTGCTGCTGCTG	11.727936	-20.773138	0	T:8.0(1.19%),B:1.7(0.07%),P:1e-9,FDR:0.65	Tpos:52.2,Tstd:25.3,Bpos:51.3,Bstd:11.2,StrandBias:0.6,Multiplicity:1.62
0.001	0.530	0.001	0.468
0.037	0.001	0.001	0.961
0.001	0.169	0.792	0.038
0.001	0.597	0.001	0.401
0.001	0.001	0.001	0.997
0.079	0.114	0.729	0.078
0.002	0.633	0.001	0.364
0.001	0.001	0.001	0.997
0.004	0.040	0.806	0.150
0.038	0.591	0.001	0.370
0.001	0.074	0.001	0.924
0.114	0.169	0.565	0.152
>TGTTTATT	1-TGTTTATT	9.378213	-60.047541	0	T:57.0(8.46%),B:33.0(1.42%),P:1e-26,FDR:0.2	Tpos:54.9,Tstd:25.6,Bpos:64.7,Bstd:17.4,StrandBias:-0.3,Multiplicity:1.05
0.001	0.001	0.001	0.997
0.001	0.001	0.997	0.001
0.001	0.001	0.001	0.997
0.001	0.001	0.001	0.997
0.001	0.001	0.001	0.997
0.997	0.001	0.001	0.001
0.001	0.249	0.001	0.749
0.001	0.260	0.001	0.738
>CAGGAAGT	2-CAGGAAGT	7.164848	-56.152722	0	T:124.0(18.40%),B:152.9(6.60%),P:1e-24,FDR:0.2	Tpos:50.8,Tstd:26.0,Bpos:49.4,Bstd:38.2,StrandBias:0.0,Multiplicity:1.11
0.015	0.947	0.037	0.001
0.970	0.013	0.016	0.001
0.152	0.016	0.831	0.001
0.015	0.009	0.975	0.001
0.997	0.001	0.001	0.001
0.850	0.001	0.001	0.148
0.207	0.096	0.696	0.001
0.052	0.079	0.001	0.868
>TAATTACC	3-TAATTACC	4.768471	-52.921827	0	T:155.0(23.00%),B:227.7(9.83%),P:1e-22,FDR:0.2	Tpos:48.7,Tstd:28.7,Bpos:49.8,Bstd:37.4,StrandBias:0.3,Multiplicity:1.08
0.117	0.131	0.019	0.733
0.879	0.036	0.044	0.041
0.809	0.049	0.086	0.056
0.064	0.061	0.038	0.837
0.077	0.136	0.118	0.669
0.762	0.051	0.145	0.042
0.147	0.561	0.203	0.089
0.106	0.754	0.061	0.079
>TTTSCAAT	4-TTTSCAAT	8.291359	-36.032855	0	T:33.0(4.90%),B:18.8(0.81%),P:1e-15,FDR:0.2	Tpos:50.3,Tstd:23.9,Bpos:48.7,Bstd:24.0,StrandBias:-0.7,Multiplicity:1.12
0.001	0.060	0.030	0.909
0.001	0.074	0.350	0.575
0.020	0.001	0.001	0.978
0.074	0.462	0.360	0.104
0.073	0.792	0.134	0.001
0.968	0.001	0.030	0.001
0.570	0.369	0.060	0.001
0.001	0.029	0.001	0.969
>AAACTCAG	5-AAACTCAG	8.236954	-32.627040	0	T:21.0(3.12%),B:7.4(0.32%),P:1e-14,FDR:0.2	Tpos:54.7,Tstd:27.0,Bpos:54.8,Bstd:33.9,StrandBias:-0.1,Multiplicity:1.05
0.700	0.100	0.100	0.100
0.700	0.100	0.100	0.100
0.700	0.100	0.100	0.100
0.100	0.700	0.100	0.100
0.100	0.100	0.100	0.700
0.100	0.700	0.100	0.100
0.700	0.100	0.100	0.100
0.100	0.100	0.700	0.100
>TTGTTGAT	6-TTGTTGAT	5.011133	-27.060739	0	T:153.0(22.70%),B:298.3(12.88%),P:1e-11,FDR:0.2	Tpos:48.6,Tstd:27.5,Bpos:49.1,Bstd:36.8,StrandBias:0.2,Multiplicity:1.37
0.100	0.119	0.142	0.639
0.140	0.087	0.140	0.633
0.115	0.119	0.636	0.130
0.116	0.176	0.084	0.624
0.116	0.051	0.106	0.727
0.139	0.093	0.602	0.166
0.470	0.211	0.173	0.146
0.116	0.100	0.116	0.668
>AATGAATA	7-AATGAATA	8.236954	-24.057277	0	T:11.0(1.63%),B:2.1(0.09%),P:1e-10,FDR:0.2	Tpos:47.0,Tstd:20.5,Bpos:79.0,Bstd:0.0,StrandBias:-0.6,Multiplicity:1.00
0.700	0.100	0.100	0.100
0.700	0.100	0.100	0.100
0.100	0.100	0.100	0.700
0.100	0.100	0.700	0.100
0.700	0.100	0.100	0.100
0.700	0.100	0.100	0.100
0.100	0.100	0.100	0.700
0.700	0.100	0.100	0.100
>CCCACCCA	8-CCCACCCA	4.739206	-22.589087	0	T:264.0(39.17%),B:645.7(27.89%),P:1e-9,FDR:0.2	Tpos:50.8,Tstd:27.0,Bpos:47.8,Bstd:29.4,StrandBias:-0.0,Multiplicity:1.61
0.131	0.729	0.077	0.063
0.093	0.786	0.052	0.069
0.042	0.853	0.024	0.081
0.708	0.070	0.105	0.117
0.058	0.895	0.019	0.028
0.064	0.745	0.053	0.138
0.260	0.584	0.038	0.118
0.707	0.176	0.001	0.116
