>ACCTCGCG	1-ACCTCGCG	8.015809	-12.931509	0	T:7.0(9.59%),B:1282.0(0.81%),P:1e-5	Tpos:41.7,Tstd:26.7,Bpos:50.8,Bstd:26.3,StrandBias:1.3,Multiplicity:1.00
0.897	0.001	0.001	0.101
0.001	0.864	0.001	0.134
0.001	0.997	0.001	0.001
0.118	0.001	0.110	0.771
0.119	0.879	0.001	0.001
0.001	0.076	0.922	0.001
0.001	0.997	0.001	0.001
0.116	0.096	0.787	0.001
>TGTAACCY	2-TGTAACCY	6.663225	-12.525471	0	T:11.0(15.07%),B:4183.0(2.66%),P:1e-5	Tpos:49.1,Tstd:23.2,Bpos:50.2,Bstd:26.4,StrandBias:-1.0,Multiplicity:1.20
0.001	0.001	0.001	0.997
0.001	0.001	0.997	0.001
0.001	0.001	0.001	0.997
0.997	0.001	0.001	0.001
0.941	0.001	0.001	0.057
0.001	0.618	0.380	0.001
0.001	0.997	0.001	0.001
0.001	0.438	0.001	0.560
>AACTAGTA	3-AACTAGTA	5.372423	-10.767092	0	T:21.0(28.77%),B:17065.0(10.84%),P:1e-4	Tpos:53.9,Tstd:23.5,Bpos:50.1,Bstd:26.8,StrandBias:-0.6,Multiplicity:1.38
0.832	0.166	0.001	0.001
0.681	0.206	0.112	0.001
0.067	0.731	0.126	0.076
0.157	0.026	0.033	0.784
0.629	0.004	0.154	0.213
0.035	0.048	0.796	0.121
0.046	0.176	0.048	0.730
0.835	0.038	0.091	0.036
>GCGCAGCG	4-GCGCAGCG	6.354270	-9.652443	0	T:13.0(17.81%),B:7895.0(5.02%),P:1e-4	Tpos:55.5,Tstd:26.5,Bpos:50.7,Bstd:26.3,StrandBias:-0.3,Multiplicity:1.69
0.162	0.102	0.718	0.018
0.108	0.776	0.001	0.115
0.233	0.001	0.765	0.001
0.299	0.699	0.001	0.001
0.759	0.017	0.009	0.215
0.001	0.001	0.997	0.001
0.001	0.931	0.067	0.001
0.012	0.001	0.986	0.001
>ACTGAGTB	5-ACTGAGTB	7.081862	-6.948397	0	T:9.0(12.33%),B:5469.0(3.47%),P:1e-3	Tpos:46.5,Tstd:23.6,Bpos:50.6,Bstd:27.5,StrandBias:-0.7,Multiplicity:1.44
0.895	0.103	0.001	0.001
0.071	0.872	0.056	0.001
0.091	0.001	0.103	0.805
0.209	0.178	0.589	0.024
0.956	0.001	0.001	0.042
0.154	0.001	0.802	0.043
0.001	0.001	0.280	0.718
0.001	0.414	0.295	0.290
