>CTTTGCGT	1-CTTTGCGT	8.442167	-12.138171	0	T:6.0(8.22%),B:936.0(0.59%),P:1e-5	Tpos:38.0,Tstd:29.7,Bpos:50.6,Bstd:27.2,StrandBias:0.0,Multiplicity:1.00
0.001	0.817	0.001	0.181
0.001	0.001	0.001	0.997
0.001	0.001	0.001	0.997
0.001	0.160	0.001	0.838
0.001	0.001	0.997	0.001
0.079	0.680	0.198	0.043
0.001	0.044	0.912	0.043
0.001	0.001	0.117	0.881
>GCCRTCCG	2-GCCRTCCG	6.845696	-11.183544	0	T:6.0(8.22%),B:1109.0(0.70%),P:1e-4	Tpos:41.7,Tstd:18.2,Bpos:48.8,Bstd:26.5,StrandBias:1.3,Multiplicity:1.17
0.001	0.044	0.906	0.049
0.001	0.602	0.396	0.001
0.001	0.997	0.001	0.001
0.429	0.001	0.569	0.001
0.001	0.001	0.001	0.997
0.001	0.963	0.035	0.001
0.001	0.997	0.001	0.001
0.001	0.001	0.997	0.001
>CTTCAACA	3-CTTCAACA	7.218521	-9.962658	0	T:11.0(15.07%),B:5521.0(3.51%),P:1e-4	Tpos:46.6,Tstd:30.0,Bpos:49.5,Bstd:26.8,StrandBias:0.0,Multiplicity:1.45
0.001	0.997	0.001	0.001
0.198	0.079	0.001	0.722
0.088	0.158	0.042	0.712
0.001	0.997	0.001	0.001
0.776	0.141	0.001	0.082
0.868	0.001	0.042	0.089
0.001	0.997	0.001	0.001
0.997	0.001	0.001	0.001
>AAACACAY	4-AAACACAY	6.718955	-5.452384	0	T:12.0(16.44%),B:10920.0(6.94%),P:1e-2	Tpos:32.0,Tstd:25.3,Bpos:49.5,Bstd:28.0,StrandBias:2.4,Multiplicity:1.08
0.754	0.139	0.106	0.001
0.765	0.233	0.001	0.001
0.709	0.189	0.101	0.001
0.134	0.864	0.001	0.001
0.883	0.094	0.001	0.022
0.001	0.906	0.092	0.001
0.899	0.080	0.001	0.020
0.001	0.467	0.001	0.531
>CCCCCCCC	5-CCCCCCCC	8.542691	-3.586346	0	T:3.0(4.11%),B:1402.0(0.89%),P:1e-1	Tpos:71.4,Tstd:18.9,Bpos:49.7,Bstd:26.7,StrandBias:2.6,Multiplicity:1.33
0.069	0.872	0.001	0.058
0.107	0.891	0.001	0.001
0.001	0.997	0.001	0.001
0.001	0.997	0.001	0.001
0.001	0.997	0.001	0.001
0.001	0.997	0.001	0.001
0.001	0.936	0.062	0.001
0.001	0.907	0.091	0.001
