>GGTAAATA	1-GGTAAATA	7.882199	-19.220155	0	T:11.0(15.07%),B:2126.0(1.35%),P:1e-8	Tpos:51.5,Tstd:21.2,Bpos:50.1,Bstd:26.9,StrandBias:-0.3,Multiplicity:1.00
0.001	0.199	0.799	0.001
0.121	0.001	0.877	0.001
0.098	0.001	0.001	0.900
0.871	0.001	0.127	0.001
0.867	0.001	0.131	0.001
0.997	0.001	0.001	0.001
0.001	0.001	0.096	0.902
0.887	0.001	0.111	0.001
>TGCTGTGT	2-TGCTGTGT	6.911332	-17.949565	0	T:19.0(26.03%),B:8896.0(5.65%),P:1e-7	Tpos:53.8,Tstd:22.8,Bpos:50.1,Bstd:27.4,StrandBias:-1.1,Multiplicity:1.00
0.031	0.163	0.001	0.805
0.046	0.001	0.952	0.001
0.001	0.950	0.048	0.001
0.042	0.101	0.001	0.856
0.001	0.031	0.937	0.031
0.037	0.001	0.036	0.926
0.001	0.250	0.717	0.032
0.036	0.001	0.078	0.885
>CCTCGCCT	3-CCTCGCCT	7.455577	-16.903281	0	T:12.0(16.44%),B:3337.0(2.12%),P:1e-7	Tpos:62.5,Tstd:21.7,Bpos:49.6,Bstd:27.0,StrandBias:-0.7,Multiplicity:1.08
0.001	0.997	0.001	0.001
0.001	0.997	0.001	0.001
0.044	0.001	0.001	0.954
0.134	0.864	0.001	0.001
0.039	0.001	0.959	0.001
0.001	0.825	0.064	0.110
0.001	0.630	0.276	0.093
0.080	0.001	0.086	0.833
>GGAATCTC	4-GGAATCTC	8.558225	-14.943409	0	T:9.0(12.33%),B:1948.0(1.24%),P:1e-6	Tpos:52.2,Tstd:28.1,Bpos:49.7,Bstd:27.8,StrandBias:-0.3,Multiplicity:1.00
0.001	0.001	0.868	0.130
0.001	0.001	0.997	0.001
0.871	0.001	0.127	0.001
0.997	0.001	0.001	0.001
0.001	0.001	0.001	0.997
0.001	0.732	0.133	0.134
0.001	0.001	0.001	0.997
0.001	0.997	0.001	0.001
>CAATGACC	5-CAATGACC	7.540307	-14.900580	0	T:12.0(16.44%),B:4026.0(2.56%),P:1e-6	Tpos:67.6,Tstd:18.4,Bpos:51.0,Bstd:26.9,StrandBias:-0.2,Multiplicity:1.08
0.001	0.754	0.116	0.129
0.997	0.001	0.001	0.001
0.997	0.001	0.001	0.001
0.072	0.001	0.001	0.926
0.001	0.079	0.919	0.001
0.823	0.080	0.001	0.096
0.001	0.926	0.072	0.001
0.001	0.760	0.151	0.088
