>RAARAGATAA	1-RAARAGATAA	8.953048	-17.295114	0	T:4.0(8.70%),B:2.0(0.07%),P:1e-7	Tpos:43.0,Tstd:20.6,Bpos:64.5,Bstd:6.5,StrandBias:-1.6,Multiplicity:1.00
0.552	0.001	0.446	0.001
0.997	0.001	0.001	0.001
0.997	0.001	0.001	0.001
0.446	0.001	0.552	0.001
0.997	0.001	0.001	0.001
0.001	0.001	0.997	0.001
0.972	0.026	0.001	0.001
0.001	0.001	0.026	0.972
0.893	0.026	0.001	0.080
0.997	0.001	0.001	0.001
>GGCGCGCTGC	2-GGCGCGCTGC	7.963593	-16.042372	0	T:8.0(17.39%),B:38.0(1.26%),P:1e-6	Tpos:51.4,Tstd:25.0,Bpos:50.3,Bstd:26.6,StrandBias:0.6,Multiplicity:1.25
0.001	0.190	0.808	0.001
0.001	0.001	0.997	0.001
0.001	0.574	0.234	0.191
0.001	0.236	0.572	0.191
0.191	0.617	0.001	0.191
0.191	0.191	0.419	0.199
0.001	0.997	0.001	0.001
0.190	0.001	0.001	0.808
0.001	0.190	0.808	0.001
0.227	0.771	0.001	0.001
>CWGCCTCAGA	3-CWGCCTCAGA	8.805897	-13.276060	0	T:8.0(17.39%),B:55.0(1.82%),P:1e-5	Tpos:54.0,Tstd:24.7,Bpos:52.5,Bstd:26.0,StrandBias:0.3,Multiplicity:1.25
0.016	0.751	0.232	0.001
0.526	0.001	0.001	0.472
0.218	0.001	0.780	0.001
0.207	0.779	0.001	0.013
0.001	0.997	0.001	0.001
0.001	0.001	0.001	0.997
0.001	0.460	0.278	0.262
0.997	0.001	0.001	0.001
0.234	0.001	0.764	0.001
0.721	0.001	0.277	0.001
>CTGCGGCGCA	4-CTGCGGCGCA	8.620404	-9.091598	0	T:2.0(4.35%),B:1.0(0.03%),P:1e-3	Tpos:40.7,Tstd:29.5,Bpos:33.0,Bstd:0.0,StrandBias:-2.3,Multiplicity:2.50
0.191	0.807	0.001	0.001
0.001	0.001	0.001	0.997
0.001	0.001	0.997	0.001
0.001	0.997	0.001	0.001
0.001	0.001	0.997	0.001
0.001	0.191	0.807	0.001
0.001	0.997	0.001	0.001
0.148	0.001	0.850	0.001
0.001	0.997	0.001	0.001
0.997	0.001	0.001	0.001
>GGGGTSAGGC	5-GGGGTSAGGC	8.692186	-5.498135	0	T:3.0(6.52%),B:21.0(0.70%),P:1e-2	Tpos:54.0,Tstd:28.9,Bpos:47.8,Bstd:21.9,StrandBias:1.0,Multiplicity:2.00
0.001	0.001	0.997	0.001
0.001	0.001	0.997	0.001
0.001	0.001	0.997	0.001
0.133	0.001	0.865	0.001
0.388	0.001	0.001	0.610
0.001	0.462	0.536	0.001
0.997	0.001	0.001	0.001
0.001	0.001	0.997	0.001
0.001	0.001	0.865	0.133
0.001	0.997	0.001	0.001
