>TSACCCAAAAGS	1-TSACCCAAAAGS	11.292741	-24.438587	0	T:6.0(11.11%),B:3.0(0.10%),P:1e-10	Tpos:55.7,Tstd:24.5,Bpos:51.0,Bstd:27.2,StrandBias:2.6,Multiplicity:1.17
0.235	0.001	0.001	0.763
0.001	0.472	0.526	0.001
0.997	0.001	0.001	0.001
0.001	0.753	0.245	0.001
0.235	0.482	0.001	0.282
0.001	0.950	0.048	0.001
0.951	0.047	0.001	0.001
0.997	0.001	0.001	0.001
0.762	0.001	0.001	0.236
0.997	0.001	0.001	0.001
0.001	0.001	0.997	0.001
0.001	0.519	0.479	0.001
>AYAGTTGGGMGG	2-AYAGTTGGGMGG	12.969855	-13.922037	0	T:3.0(5.56%),B:0.0(0.00%),P:1e-6	Tpos:50.2,Tstd:11.4,Bpos:0.0,Bstd:0.0,StrandBias:0.0,Multiplicity:1.33
0.749	0.249	0.001	0.001
0.001	0.499	0.001	0.499
0.997	0.001	0.001	0.001
0.001	0.001	0.749	0.249
0.001	0.249	0.001	0.749
0.001	0.001	0.001	0.997
0.001	0.001	0.997	0.001
0.001	0.001	0.997	0.001
0.249	0.001	0.749	0.001
0.499	0.499	0.001	0.001
0.001	0.001	0.997	0.001
0.001	0.001	0.997	0.001
>ACASAGRAYMTY	3-ACASAGRAYMTY	8.844841	-12.285816	0	T:4.0(7.41%),B:6.0(0.20%),P:1e-5	Tpos:62.6,Tstd:23.8,Bpos:21.3,Bstd:8.9,StrandBias:-0.6,Multiplicity:1.25
0.997	0.001	0.001	0.001
0.001	0.988	0.010	0.001
0.997	0.001	0.001	0.001
0.001	0.444	0.554	0.001
0.997	0.001	0.001	0.001
0.001	0.001	0.997	0.001
0.543	0.001	0.455	0.001
0.910	0.001	0.001	0.088
0.001	0.534	0.001	0.464
0.552	0.446	0.001	0.001
0.009	0.001	0.098	0.892
0.001	0.554	0.001	0.444
>CCACCTCACCTC	4-CCACCTCACCTC	8.660774	-7.509996	0	T:6.0(11.11%),B:57.0(1.89%),P:1e-3	Tpos:50.4,Tstd:24.7,Bpos:51.4,Bstd:24.8,StrandBias:0.3,Multiplicity:1.33
0.001	0.777	0.001	0.221
0.001	0.743	0.255	0.001
0.743	0.001	0.128	0.128
0.128	0.743	0.128	0.001
0.153	0.717	0.002	0.128
0.128	0.027	0.001	0.844
0.128	0.615	0.256	0.001
0.997	0.001	0.001	0.001
0.128	0.510	0.128	0.234
0.001	0.997	0.001	0.001
0.221	0.234	0.001	0.544
0.106	0.800	0.093	0.001
>TTGTTGTTGTTG	5-TTGTTGTTGTTG	14.756876	-6.589874	0	T:2.0(3.70%),B:3.0(0.10%),P:1e-2	Tpos:41.0,Tstd:3.9,Bpos:74.0,Bstd:16.3,StrandBias:10.0,Multiplicity:1.00
0.001	0.001	0.001	0.997
0.001	0.001	0.001	0.997
0.111	0.001	0.665	0.223
0.001	0.001	0.001	0.997
0.001	0.001	0.001	0.997
0.111	0.001	0.777	0.111
0.001	0.001	0.001	0.997
0.001	0.001	0.001	0.997
0.001	0.001	0.997	0.001
0.001	0.001	0.001	0.997
0.001	0.001	0.001	0.997
0.001	0.001	0.906	0.092
