>TGGACTAAGC	1-TGGACTAAGC	8.218158	-23.385864	0	T:10.0(21.74%),B:33.0(1.09%),P:1e-10	Tpos:54.6,Tstd:26.5,Bpos:51.3,Bstd:26.8,StrandBias:-0.6,Multiplicity:1.00
0.001	0.001	0.116	0.882
0.232	0.001	0.766	0.001
0.040	0.004	0.832	0.124
0.649	0.117	0.117	0.117
0.001	0.875	0.123	0.001
0.232	0.001	0.001	0.766
0.882	0.001	0.116	0.001
0.766	0.001	0.001	0.232
0.001	0.155	0.843	0.001
0.001	0.766	0.232	0.001
>TCCTTCCCTG	2-TCCTTCCCTG	8.306351	-20.442600	0	T:12.0(26.09%),B:77.0(2.55%),P:1e-8	Tpos:37.8,Tstd:21.4,Bpos:48.1,Bstd:25.7,StrandBias:1.0,Multiplicity:1.00
0.001	0.001	0.001	0.997
0.001	0.757	0.119	0.123
0.119	0.761	0.001	0.119
0.001	0.079	0.001	0.919
0.119	0.001	0.123	0.757
0.238	0.642	0.001	0.119
0.001	0.796	0.001	0.202
0.004	0.937	0.001	0.058
0.121	0.001	0.001	0.877
0.119	0.063	0.580	0.238
>GGCGCTAGHT	3-GGCGCTAGHT	11.233212	-15.684385	0	T:4.0(8.70%),B:3.0(0.10%),P:1e-6	Tpos:72.2,Tstd:14.6,Bpos:23.0,Bstd:17.9,StrandBias:10.0,Multiplicity:1.00
0.001	0.001	0.997	0.001
0.001	0.001	0.997	0.001
0.001	0.666	0.001	0.332
0.001	0.332	0.666	0.001
0.001	0.997	0.001	0.001
0.001	0.001	0.001	0.997
0.997	0.001	0.001	0.001
0.001	0.001	0.997	0.001
0.333	0.333	0.001	0.333
0.001	0.001	0.001	0.997
>TCATTATCAT	4-TCATTATCAT	6.794121	-13.290641	0	T:12.0(26.09%),B:149.0(4.94%),P:1e-5	Tpos:62.3,Tstd:27.5,Bpos:49.0,Bstd:26.0,StrandBias:0.0,Multiplicity:1.50
0.001	0.143	0.001	0.855
0.143	0.713	0.143	0.001
0.997	0.001	0.001	0.001
0.001	0.143	0.001	0.855
0.287	0.143	0.001	0.569
0.609	0.001	0.143	0.247
0.001	0.013	0.104	0.882
0.143	0.569	0.001	0.287
0.997	0.001	0.001	0.001
0.001	0.013	0.001	0.985
>ACYYACACAY	5-ACYYACACAY	10.409180	-4.614305	0	T:3.0(6.52%),B:29.0(0.96%),P:1e-2	Tpos:78.1,Tstd:16.9,Bpos:43.0,Bstd:26.8,StrandBias:4.0,Multiplicity:1.00
0.997	0.001	0.001	0.001
0.001	0.997	0.001	0.001
0.106	0.447	0.001	0.447
0.001	0.552	0.001	0.446
0.997	0.001	0.001	0.001
0.001	0.997	0.001	0.001
0.997	0.001	0.001	0.001
0.001	0.997	0.001	0.001
0.997	0.001	0.001	0.001
0.001	0.552	0.001	0.446
