>KGYCTACTAGGC	1-KGYCTACTAGGC	11.370372	-19.386452	0	T:4.0(7.41%),B:1.0(0.03%),P:1e-8	Tpos:36.4,Tstd:16.8,Bpos:8.0,Bstd:0.0,StrandBias:0.6,Multiplicity:1.00
0.190	0.001	0.428	0.381
0.001	0.001	0.983	0.015
0.001	0.427	0.001	0.571
0.190	0.808	0.001	0.001
0.001	0.001	0.001	0.997
0.618	0.001	0.001	0.380
0.001	0.603	0.206	0.190
0.001	0.001	0.001	0.997
0.997	0.001	0.001	0.001
0.190	0.001	0.619	0.190
0.001	0.001	0.997	0.001
0.190	0.619	0.001	0.190
>TGTTTTTGVTGC	2-TGTTTTTGVTGC	9.109751	-16.202538	0	T:5.0(9.26%),B:6.0(0.20%),P:1e-7	Tpos:61.6,Tstd:22.4,Bpos:42.7,Bstd:26.1,StrandBias:0.6,Multiplicity:1.00
0.383	0.001	0.001	0.615
0.001	0.001	0.997	0.001
0.001	0.001	0.001	0.997
0.001	0.001	0.001	0.997
0.001	0.332	0.001	0.666
0.358	0.025	0.001	0.616
0.024	0.001	0.001	0.974
0.307	0.001	0.691	0.001
0.384	0.308	0.308	0.001
0.308	0.001	0.025	0.666
0.001	0.001	0.997	0.001
0.001	0.997	0.001	0.001
>CCAGCCTCTCCA	3-CCAGCCTCTCCA	7.720214	-13.012472	0	T:10.0(18.52%),B:84.0(2.79%),P:1e-5	Tpos:47.7,Tstd:30.2,Bpos:49.4,Bstd:26.1,StrandBias:-1.0,Multiplicity:1.20
0.001	0.691	0.001	0.307
0.001	0.997	0.001	0.001
0.669	0.001	0.001	0.329
0.001	0.001	0.691	0.307
0.308	0.673	0.001	0.018
0.001	0.997	0.001	0.001
0.310	0.052	0.001	0.637
0.001	0.997	0.001	0.001
0.015	0.001	0.001	0.983
0.016	0.668	0.315	0.001
0.016	0.675	0.001	0.308
0.631	0.367	0.001	0.001
>WGTGGGTGGAAS	4-WGTGGGTGGAAS	10.251952	-9.514910	0	T:5.0(9.26%),B:24.0(0.80%),P:1e-4	Tpos:47.8,Tstd:18.5,Bpos:51.5,Bstd:30.4,StrandBias:1.0,Multiplicity:1.20
0.457	0.001	0.203	0.338
0.135	0.203	0.661	0.001
0.203	0.001	0.203	0.593
0.338	0.001	0.645	0.016
0.001	0.001	0.997	0.001
0.001	0.203	0.795	0.001
0.001	0.001	0.203	0.795
0.001	0.001	0.997	0.001
0.001	0.001	0.997	0.001
0.997	0.001	0.001	0.001
0.795	0.001	0.203	0.001
0.203	0.372	0.424	0.001
>CAGGAATCCTGT	5-CAGGAATCCTGT	14.436663	-8.764111	0	T:2.0(3.70%),B:0.0(0.00%),P:1e-3	Tpos:92.0,Tstd:3.0,Bpos:0.0,Bstd:0.0,StrandBias:0.0,Multiplicity:1.00
0.001	0.997	0.001	0.001
0.997	0.001	0.001	0.001
0.001	0.001	0.997	0.001
0.001	0.001	0.997	0.001
0.997	0.001	0.001	0.001
0.866	0.001	0.001	0.132
0.001	0.001	0.001	0.997
0.001	0.997	0.001	0.001
0.001	0.997	0.001	0.001
0.001	0.001	0.001	0.997
0.001	0.001	0.997	0.001
0.132	0.001	0.066	0.801
