>GTTCCCAA	1-GTTCCCAA	7.465655	-16.915447	0	T:12.0(26.09%),B:106.0(3.51%),P:1e-7	Tpos:55.4,Tstd:26.8,Bpos:49.3,Bstd:29.4,StrandBias:0.0,Multiplicity:1.00
0.001	0.001	0.898	0.100
0.117	0.001	0.001	0.881
0.001	0.001	0.159	0.839
0.001	0.930	0.001	0.068
0.092	0.772	0.001	0.135
0.001	0.997	0.001	0.001
0.907	0.091	0.001	0.001
0.846	0.092	0.061	0.001
>TAVGCGTG	2-TAVGCGTG	6.945520	-12.396703	0	T:8.0(17.39%),B:62.0(2.06%),P:1e-5	Tpos:70.4,Tstd:18.8,Bpos:50.8,Bstd:27.4,StrandBias:-0.6,Multiplicity:1.25
0.001	0.124	0.001	0.874
0.997	0.001	0.001	0.001
0.321	0.382	0.296	0.001
0.001	0.001	0.814	0.184
0.001	0.602	0.162	0.235
0.020	0.001	0.889	0.090
0.001	0.001	0.001	0.997
0.001	0.001	0.997	0.001
>TCTCCTTA	3-TCTCCTTA	8.281662	-11.471372	0	T:7.0(15.22%),B:50.0(1.66%),P:1e-4	Tpos:48.4,Tstd:29.5,Bpos:55.8,Bstd:26.6,StrandBias:0.0,Multiplicity:1.14
0.097	0.001	0.001	0.901
0.001	0.631	0.001	0.367
0.001	0.001	0.001	0.997
0.001	0.580	0.418	0.001
0.001	0.799	0.001	0.199
0.001	0.001	0.001	0.997
0.001	0.001	0.001	0.997
0.927	0.001	0.001	0.071
>AAGATTGC	4-AAGATTGC	8.236954	-11.144530	0	T:3.0(6.52%),B:3.0(0.10%),P:1e-4	Tpos:42.0,Tstd:18.8,Bpos:63.7,Bstd:19.3,StrandBias:-1.0,Multiplicity:1.00
0.700	0.100	0.100	0.100
0.700	0.100	0.100	0.100
0.100	0.100	0.700	0.100
0.700	0.100	0.100	0.100
0.100	0.100	0.100	0.700
0.100	0.100	0.100	0.700
0.100	0.100	0.700	0.100
0.100	0.700	0.100	0.100
>CCCTTCTC	5-CCCTTCTC	10.820397	-7.925736	0	T:4.0(8.70%),B:22.0(0.73%),P:1e-3	Tpos:56.0,Tstd:25.6,Bpos:51.2,Bstd:27.8,StrandBias:2.0,Multiplicity:1.25
0.001	0.997	0.001	0.001
0.001	0.857	0.001	0.141
0.001	0.907	0.001	0.091
0.001	0.001	0.001	0.997
0.001	0.001	0.001	0.997
0.001	0.997	0.001	0.001
0.001	0.001	0.001	0.997
0.001	0.997	0.001	0.001
