>GTGTGTCCCA	1-GTGTGTCCCA	6.549743	-17.928955	0	T:6.0(11.11%),B:9.0(0.30%),P:1e-7	Tpos:30.2,Tstd:21.2,Bpos:43.8,Bstd:29.2,StrandBias:2.3,Multiplicity:1.00
0.001	0.049	0.801	0.149
0.001	0.001	0.001	0.997
0.148	0.001	0.850	0.001
0.001	0.001	0.001	0.997
0.001	0.001	0.997	0.001
0.001	0.001	0.001	0.997
0.001	0.949	0.001	0.049
0.001	0.997	0.001	0.001
0.001	0.997	0.001	0.001
0.997	0.001	0.001	0.001
>CAAGGGCARG	2-CAAGGGCARG	8.154621	-17.200383	0	T:10.0(18.52%),B:53.0(1.76%),P:1e-7	Tpos:37.4,Tstd:21.8,Bpos:47.0,Bstd:25.8,StrandBias:1.3,Multiplicity:1.40
0.102	0.795	0.102	0.001
0.794	0.204	0.001	0.001
0.795	0.102	0.001	0.102
0.085	0.001	0.829	0.085
0.102	0.001	0.692	0.205
0.001	0.001	0.896	0.102
0.001	0.997	0.001	0.001
0.812	0.001	0.102	0.085
0.538	0.001	0.460	0.001
0.102	0.001	0.896	0.001
>TTGATTGCCA	3-TTGATTGCCA	11.873576	-10.651594	0	T:3.0(5.56%),B:3.0(0.10%),P:1e-4	Tpos:29.8,Tstd:12.5,Bpos:30.3,Bstd:3.8,StrandBias:1.6,Multiplicity:1.00
0.001	0.001	0.001	0.997
0.001	0.001	0.001	0.997
0.001	0.001	0.749	0.249
0.997	0.001	0.001	0.001
0.001	0.001	0.001	0.997
0.001	0.001	0.001	0.997
0.001	0.249	0.749	0.001
0.001	0.749	0.249	0.001
0.001	0.997	0.001	0.001
0.997	0.001	0.001	0.001
>TGTTGCTGCT	4-TGTTGCTGCT	12.878734	-2.010626	0	T:1.0(1.85%),B:8.0(0.27%),P:1e0	Tpos:50.0,Tstd:25.5,Bpos:54.3,Bstd:19.1,StrandBias:-10.0,Multiplicity:3.00
0.001	0.001	0.001	0.997
0.001	0.001	0.828	0.170
0.001	0.291	0.001	0.707
0.001	0.001	0.001	0.997
0.001	0.001	0.997	0.001
0.001	0.652	0.001	0.346
0.001	0.001	0.001	0.997
0.001	0.001	0.997	0.001
0.001	0.997	0.001	0.001
0.001	0.001	0.001	0.997
>AAAAAAAAAA	5-AAAAAAAAAA	8.350283	-1.455796	0	T:3.0(5.56%),B:93.0(3.09%),P:1e0	Tpos:18.8,Tstd:4.0,Bpos:50.4,Bstd:26.4,StrandBias:10.0,Multiplicity:1.00
0.700	0.100	0.100	0.100
0.700	0.100	0.100	0.100
0.700	0.100	0.100	0.100
0.700	0.100	0.100	0.100
0.700	0.100	0.100	0.100
0.700	0.100	0.100	0.100
0.700	0.100	0.100	0.100
0.700	0.100	0.100	0.100
0.700	0.100	0.100	0.100
0.700	0.100	0.100	0.100
