>ATGTATACAGTW	1-ATGTATACAGTW	10.439718	-15.684385	0	T:4.0(8.70%),B:3.0(0.10%),P:1e-6	Tpos:50.9,Tstd:26.6,Bpos:58.7,Bstd:25.8,StrandBias:1.0,Multiplicity:2.25
0.713	0.001	0.050	0.236
0.001	0.001	0.001	0.997
0.001	0.235	0.763	0.001
0.001	0.001	0.001	0.997
0.502	0.001	0.261	0.236
0.001	0.001	0.001	0.997
0.997	0.001	0.001	0.001
0.261	0.502	0.001	0.236
0.472	0.001	0.237	0.290
0.001	0.001	0.997	0.001
0.001	0.001	0.235	0.763
0.527	0.001	0.001	0.471
>GAGATAAGGGAA	2-GAGATAAGGGAA	9.060445	-15.684385	0	T:4.0(8.70%),B:3.0(0.10%),P:1e-6	Tpos:44.5,Tstd:38.1,Bpos:57.0,Bstd:17.3,StrandBias:0.0,Multiplicity:1.00
0.001	0.001	0.997	0.001
0.807	0.001	0.191	0.001
0.001	0.001	0.997	0.001
0.997	0.001	0.001	0.001
0.191	0.001	0.001	0.807
0.997	0.001	0.001	0.001
0.807	0.191	0.001	0.001
0.001	0.001	0.997	0.001
0.001	0.001	0.997	0.001
0.001	0.001	0.997	0.001
0.997	0.001	0.001	0.001
0.997	0.001	0.001	0.001
>TTTCTDTHTGTC	3-TTTCTDTHTGTC	12.418480	-12.350248	0	T:3.0(6.52%),B:2.0(0.07%),P:1e-5	Tpos:66.3,Tstd:28.6,Bpos:15.5,Bstd:0.5,StrandBias:1.0,Multiplicity:1.00
0.001	0.001	0.001	0.997
0.330	0.001	0.052	0.617
0.001	0.001	0.001	0.997
0.329	0.669	0.001	0.001
0.001	0.001	0.001	0.997
0.309	0.001	0.382	0.309
0.001	0.001	0.001	0.997
0.309	0.382	0.001	0.309
0.001	0.001	0.001	0.997
0.021	0.001	0.669	0.309
0.001	0.001	0.001	0.997
0.001	0.997	0.001	0.001
>ASCTGGGGGGGG	4-ASCTGGGGGGGG	11.171261	-11.356680	0	T:4.0(8.70%),B:9.0(0.30%),P:1e-4	Tpos:64.2,Tstd:14.8,Bpos:55.9,Bstd:35.6,StrandBias:1.6,Multiplicity:1.00
0.997	0.001	0.001	0.001
0.191	0.402	0.406	0.001
0.001	0.786	0.001	0.212
0.191	0.001	0.213	0.595
0.001	0.001	0.997	0.001
0.001	0.001	0.997	0.001
0.001	0.019	0.979	0.001
0.001	0.001	0.806	0.192
0.190	0.001	0.808	0.001
0.001	0.211	0.786	0.002
0.191	0.191	0.427	0.191
0.001	0.001	0.997	0.001
>CCCTCTTCTGGY	5-CCCTCTTCTGGY	9.797780	-10.746303	0	T:7.0(15.22%),B:56.0(1.86%),P:1e-4	Tpos:44.9,Tstd:19.0,Bpos:45.8,Bstd:21.2,StrandBias:-0.3,Multiplicity:1.29
0.235	0.763	0.001	0.001
0.001	0.763	0.001	0.235
0.001	0.997	0.001	0.001
0.001	0.011	0.001	0.987
0.001	0.763	0.001	0.235
0.001	0.001	0.001	0.997
0.235	0.001	0.001	0.763
0.014	0.749	0.001	0.236
0.001	0.001	0.001	0.997
0.001	0.001	0.997	0.001
0.014	0.001	0.749	0.236
0.008	0.472	0.001	0.519
