>ATGGCTCC	1-ATGGCTCC	7.241913	-18.954544	0	T:11.0(47.83%),B:6998.0(5.22%),P:1e-8	Tpos:52.5,Tstd:21.6,Bpos:50.0,Bstd:26.9,StrandBias:-2.3,Multiplicity:1.09
0.691	0.001	0.212	0.096
0.097	0.001	0.001	0.901
0.001	0.397	0.601	0.001
0.001	0.001	0.911	0.087
0.001	0.997	0.001	0.001
0.001	0.001	0.001	0.997
0.275	0.723	0.001	0.001
0.087	0.911	0.001	0.001
>GACAGACA	2-GACAGACA	8.963992	-7.199022	0	T:3.0(13.04%),B:1046.0(0.78%),P:1e-3	Tpos:53.9,Tstd:26.4,Bpos:47.9,Bstd:27.7,StrandBias:2.6,Multiplicity:2.33
0.001	0.001	0.997	0.001
0.880	0.001	0.001	0.118
0.001	0.997	0.001	0.001
0.997	0.001	0.001	0.001
0.001	0.001	0.997	0.001
0.860	0.001	0.001	0.138
0.001	0.997	0.001	0.001
0.997	0.001	0.001	0.001
>CTCCCCCC	3-CTCCCCCC	7.474931	-6.003415	0	T:7.0(30.43%),B:11533.0(8.60%),P:1e-2	Tpos:60.5,Tstd:27.4,Bpos:50.0,Bstd:26.9,StrandBias:0.0,Multiplicity:1.29
0.001	0.586	0.001	0.412
0.001	0.288	0.001	0.710
0.001	0.788	0.001	0.210
0.001	0.861	0.001	0.137
0.001	0.776	0.001	0.222
0.001	0.724	0.001	0.274
0.001	0.846	0.001	0.152
0.001	0.997	0.001	0.001
>GGTTCAGG	4-GGTTCAGG	8.236954	-5.397398	0	T:2.0(8.70%),B:585.0(0.44%),P:1e-2	Tpos:44.5,Tstd:29.5,Bpos:50.9,Bstd:27.4,StrandBias:-1.6,Multiplicity:2.00
0.100	0.100	0.700	0.100
0.100	0.100	0.700	0.100
0.100	0.100	0.100	0.700
0.100	0.100	0.100	0.700
0.100	0.700	0.100	0.100
0.700	0.100	0.100	0.100
0.100	0.100	0.700	0.100
0.100	0.100	0.700	0.100
>AATACGAC	5-AATACGAC	8.236954	-5.377425	0	T:1.0(4.35%),B:27.0(0.02%),P:1e-2	Tpos:5.0,Tstd:0.0,Bpos:52.0,Bstd:27.1,StrandBias:10.0,Multiplicity:1.00
0.700	0.100	0.100	0.100
0.700	0.100	0.100	0.100
0.100	0.100	0.100	0.700
0.700	0.100	0.100	0.100
0.100	0.700	0.100	0.100
0.100	0.100	0.700	0.100
0.700	0.100	0.100	0.100
0.100	0.700	0.100	0.100
