>GTGTCCAGMMTC	1-GTGTCCAGMMTC	10.653951	-16.411658	0	T:7.0(5.65%),B:443.0(0.28%),P:1e-7	Tpos:57.7,Tstd:26.5,Bpos:51.1,Bstd:25.8,StrandBias:-1.0,Multiplicity:1.29
0.001	0.258	0.740	0.001
0.271	0.001	0.135	0.593
0.270	0.001	0.728	0.001
0.001	0.244	0.072	0.683
0.001	0.997	0.001	0.001
0.001	0.997	0.001	0.001
0.997	0.001	0.001	0.001
0.001	0.001	0.997	0.001
0.380	0.497	0.001	0.122
0.519	0.479	0.001	0.001
0.135	0.001	0.135	0.729
0.001	0.654	0.344	0.001
>AACGGGCGCTTG	2-AACGGGCGCTTG	12.381557	-13.625609	0	T:2.0(1.61%),B:2.0(0.00%),P:1e-5	Tpos:48.8,Tstd:31.5,Bpos:40.5,Bstd:2.5,StrandBias:10.0,Multiplicity:2.50
0.877	0.001	0.121	0.001
0.997	0.001	0.001	0.001
0.001	0.997	0.001	0.001
0.001	0.001	0.997	0.001
0.001	0.001	0.997	0.001
0.001	0.001	0.997	0.001
0.001	0.997	0.001	0.001
0.001	0.121	0.877	0.001
0.001	0.997	0.001	0.001
0.001	0.001	0.001	0.997
0.001	0.001	0.001	0.997
0.001	0.001	0.997	0.001
>CRGTGTTACTGT	3-CRGTGTTACTGT	6.692798	-12.343598	0	T:12.0(9.68%),B:2980.0(1.88%),P:1e-5	Tpos:47.9,Tstd:24.1,Bpos:50.7,Bstd:24.7,StrandBias:1.0,Multiplicity:1.17
0.291	0.474	0.001	0.234
0.490	0.001	0.508	0.001
0.194	0.262	0.519	0.025
0.004	0.001	0.001	0.994
0.001	0.006	0.987	0.006
0.279	0.262	0.006	0.453
0.001	0.284	0.001	0.714
0.997	0.001	0.001	0.001
0.001	0.993	0.005	0.001
0.005	0.001	0.006	0.988
0.219	0.012	0.496	0.274
0.193	0.001	0.001	0.805
>GAGAGGGAGAGA	4-GAGAGGGAGAGA	9.429116	-9.496081	0	T:10.0(8.06%),B:2794.0(1.76%),P:1e-4	Tpos:54.5,Tstd:19.5,Bpos:48.7,Bstd:26.6,StrandBias:-1.4,Multiplicity:1.30
0.104	0.004	0.780	0.112
0.628	0.101	0.167	0.104
0.082	0.001	0.916	0.001
0.939	0.001	0.059	0.001
0.090	0.001	0.908	0.001
0.314	0.001	0.684	0.001
0.001	0.001	0.997	0.001
0.941	0.001	0.057	0.001
0.077	0.001	0.815	0.107
0.766	0.001	0.232	0.001
0.001	0.001	0.997	0.001
0.638	0.180	0.181	0.001
>ACTGTGGCTGCG	5-ACTGTGGCTGCG	12.355432	-6.462444	0	T:1.0(0.81%),B:2.0(0.00%),P:1e-2	Tpos:47.0,Tstd:26.8,Bpos:52.0,Bstd:1.0,StrandBias:10.0,Multiplicity:4.00
0.700	0.100	0.100	0.100
0.100	0.700	0.100	0.100
0.100	0.100	0.100	0.700
0.100	0.100	0.700	0.100
0.100	0.100	0.100	0.700
0.100	0.100	0.700	0.100
0.100	0.100	0.700	0.100
0.100	0.700	0.100	0.100
0.100	0.100	0.100	0.700
0.100	0.100	0.700	0.100
0.100	0.700	0.100	0.100
0.100	0.100	0.700	0.100
