>CTAAGTGGGT	1-CTAAGTGGGT	8.814473	-22.533365	0	T:13.0(8.55%),B:1172.0(0.74%),P:1e-9	Tpos:42.0,Tstd:25.4,Bpos:49.1,Bstd:27.0,StrandBias:1.3,Multiplicity:1.17
0.001	0.725	0.001	0.273
0.001	0.099	0.001	0.899
0.616	0.299	0.084	0.001
0.997	0.001	0.001	0.001
0.001	0.134	0.761	0.104
0.001	0.001	0.001	0.997
0.127	0.122	0.660	0.091
0.074	0.001	0.924	0.001
0.100	0.180	0.719	0.001
0.001	0.271	0.001	0.727
>GCCGCAGAGG	2-GCCGCAGAGG	7.962006	-17.563716	0	T:22.0(14.47%),B:5599.0(3.53%),P:1e-7	Tpos:42.3,Tstd:24.1,Bpos:50.2,Bstd:26.3,StrandBias:-0.2,Multiplicity:1.05
0.001	0.001	0.800	0.198
0.001	0.997	0.001	0.001
0.143	0.532	0.240	0.085
0.167	0.054	0.732	0.047
0.001	0.892	0.106	0.001
0.747	0.001	0.111	0.141
0.001	0.154	0.736	0.109
0.806	0.004	0.149	0.041
0.001	0.001	0.997	0.001
0.141	0.101	0.757	0.001
>TGCAGCAGCT	3-TGCAGCAGCT	8.828840	-12.656893	0	T:9.0(5.92%),B:1216.0(0.77%),P:1e-5	Tpos:68.4,Tstd:17.4,Bpos:52.0,Bstd:26.1,StrandBias:-0.3,Multiplicity:1.11
0.024	0.247	0.169	0.560
0.068	0.058	0.845	0.029
0.033	0.602	0.204	0.161
0.758	0.001	0.076	0.165
0.001	0.142	0.856	0.001
0.255	0.629	0.115	0.001
0.668	0.001	0.152	0.179
0.001	0.048	0.863	0.088
0.188	0.525	0.214	0.073
0.225	0.034	0.049	0.692
>YCACACACAC	4-YCACACACAC	10.708486	-6.339325	0	T:5.0(3.29%),B:889.0(0.56%),P:1e-2	Tpos:51.2,Tstd:27.3,Bpos:49.4,Bstd:27.6,StrandBias:10.0,Multiplicity:1.00
0.049	0.530	0.001	0.420
0.001	0.997	0.001	0.001
0.680	0.318	0.001	0.001
0.001	0.997	0.001	0.001
0.997	0.001	0.001	0.001
0.001	0.997	0.001	0.001
0.754	0.001	0.001	0.244
0.001	0.997	0.001	0.001
0.965	0.033	0.001	0.001
0.001	0.644	0.157	0.198
>AAGAAAAGAA	5-AAGAAAAGAA	11.357530	-5.717130	0	T:3.0(1.97%),B:305.0(0.19%),P:1e-2	Tpos:74.6,Tstd:15.4,Bpos:49.9,Bstd:26.2,StrandBias:10.0,Multiplicity:3.67
0.909	0.001	0.001	0.089
0.997	0.001	0.001	0.001
0.001	0.001	0.997	0.001
0.997	0.001	0.001	0.001
0.997	0.001	0.001	0.001
0.997	0.001	0.001	0.001
0.906	0.001	0.001	0.092
0.001	0.001	0.997	0.001
0.997	0.001	0.001	0.001
0.997	0.001	0.001	0.001
