>CGTTCAKR	1-CGTTCAKR	5.984221	-22.051999	0	T:21.0(16.94%),B:4902.0(3.09%),P:1e-9	Tpos:54.9,Tstd:24.4,Bpos:49.6,Bstd:27.1,StrandBias:0.1,Multiplicity:1.00
0.051	0.600	0.060	0.289
0.001	0.001	0.957	0.041
0.047	0.053	0.137	0.763
0.130	0.001	0.001	0.868
0.001	0.880	0.115	0.004
0.558	0.184	0.221	0.037
0.005	0.047	0.424	0.524
0.511	0.056	0.384	0.049
>TCTTTTGG	2-TCTTTTGG	4.765971	-18.183104	0	T:59.0(47.58%),B:38371.0(24.17%),P:1e-7	Tpos:46.7,Tstd:26.0,Bpos:50.2,Bstd:26.9,StrandBias:0.3,Multiplicity:1.29
0.025	0.094	0.065	0.816
0.104	0.750	0.059	0.087
0.202	0.148	0.084	0.566
0.116	0.051	0.058	0.775
0.096	0.158	0.002	0.744
0.001	0.175	0.112	0.712
0.122	0.001	0.872	0.005
0.062	0.112	0.793	0.033
>AGTACTGT	3-AGTACTGT	6.775096	-16.176847	0	T:17.0(13.71%),B:4499.0(2.83%),P:1e-7	Tpos:53.2,Tstd:27.1,Bpos:49.9,Bstd:27.4,StrandBias:1.1,Multiplicity:1.00
0.641	0.136	0.069	0.154
0.001	0.078	0.920	0.001
0.041	0.001	0.040	0.918
0.855	0.001	0.033	0.111
0.001	0.997	0.001	0.001
0.001	0.001	0.137	0.861
0.001	0.061	0.874	0.064
0.001	0.001	0.001	0.997
>TTGGTTTT	4-TTGGTTTT	8.118187	-8.513816	0	T:9.0(7.26%),B:2565.0(1.62%),P:1e-3	Tpos:33.0,Tstd:24.8,Bpos:49.9,Bstd:26.9,StrandBias:-1.3,Multiplicity:1.89
0.061	0.001	0.001	0.937
0.072	0.001	0.001	0.926
0.001	0.078	0.920	0.001
0.001	0.001	0.997	0.001
0.001	0.001	0.001	0.997
0.001	0.001	0.001	0.997
0.001	0.001	0.001	0.997
0.001	0.001	0.001	0.997
>AGGCCACG	5-AGGCCACG	7.076049	-5.675204	0	T:12.0(9.68%),B:6186.0(3.90%),P:1e-2	Tpos:60.3,Tstd:21.7,Bpos:49.6,Bstd:26.9,StrandBias:0.0,Multiplicity:1.33
0.819	0.068	0.060	0.053
0.054	0.001	0.944	0.001
0.001	0.057	0.941	0.001
0.001	0.917	0.081	0.001
0.094	0.794	0.001	0.111
0.843	0.032	0.059	0.066
0.033	0.879	0.044	0.044
0.001	0.049	0.904	0.046
