>AGTAGTAGAAAC	1-AGTAGTAGAAAC	7.720048	-24.112031	0	T:17.0(11.18%),B:2119.0(1.34%),P:1e-10	Tpos:49.2,Tstd:27.5,Bpos:49.5,Bstd:26.4,StrandBias:0.3,Multiplicity:1.18
0.851	0.001	0.147	0.001
0.080	0.073	0.614	0.233
0.067	0.147	0.001	0.785
0.774	0.001	0.001	0.224
0.080	0.001	0.852	0.067
0.157	0.001	0.001	0.841
0.847	0.072	0.080	0.001
0.152	0.080	0.688	0.080
0.766	0.153	0.001	0.080
0.526	0.241	0.080	0.153
0.997	0.001	0.001	0.001
0.080	0.464	0.295	0.160
>CTGAGCTTGTCA	2-CTGAGCTTGTCA	10.369407	-13.247488	0	T:5.0(3.29%),B:201.0(0.13%),P:1e-5	Tpos:50.7,Tstd:28.0,Bpos:50.7,Bstd:27.4,StrandBias:2.6,Multiplicity:1.40
0.001	0.997	0.001	0.001
0.001	0.001	0.260	0.738
0.001	0.001	0.738	0.260
0.997	0.001	0.001	0.001
0.037	0.001	0.701	0.261
0.001	0.738	0.260	0.001
0.001	0.178	0.001	0.820
0.001	0.001	0.001	0.997
0.001	0.216	0.522	0.261
0.178	0.001	0.001	0.820
0.001	0.997	0.001	0.001
0.997	0.001	0.001	0.001
>KGTAMTTCTGAC	3-KGTAMTTCTGAC	15.075969	-12.406496	0	T:2.0(1.32%),B:3.0(0.00%),P:1e-5	Tpos:84.5,Tstd:8.5,Bpos:53.0,Bstd:29.1,StrandBias:-10.0,Multiplicity:1.00
0.001	0.001	0.466	0.532
0.001	0.001	0.997	0.001
0.066	0.001	0.001	0.932
0.997	0.001	0.001	0.001
0.466	0.532	0.001	0.001
0.001	0.001	0.001	0.997
0.001	0.001	0.001	0.997
0.001	0.997	0.001	0.001
0.001	0.001	0.001	0.997
0.001	0.066	0.932	0.001
0.997	0.001	0.001	0.001
0.001	0.997	0.001	0.001
>CCGCCGCCGCCG	4-CCGCCGCCGCCG	11.330339	-7.054364	0	T:5.0(3.29%),B:755.0(0.48%),P:1e-3	Tpos:47.9,Tstd:17.4,Bpos:49.4,Bstd:26.2,StrandBias:0.6,Multiplicity:1.40
0.001	0.997	0.001	0.001
0.212	0.613	0.174	0.001
0.001	0.374	0.621	0.004
0.001	0.997	0.001	0.001
0.204	0.629	0.166	0.001
0.001	0.001	0.994	0.004
0.001	0.997	0.001	0.001
0.001	0.795	0.203	0.001
0.001	0.001	0.995	0.003
0.001	0.795	0.203	0.001
0.001	0.995	0.003	0.001
0.381	0.001	0.615	0.003
>AAAAAAAAAAAA	5-AAAAAAAAAAAA	-3.400006	-3.801252	0	T:41.0(26.97%),B:31673.0(19.95%),P:1e-1	Tpos:56.5,Tstd:24.8,Bpos:50.4,Bstd:25.4,StrandBias:-0.4,Multiplicity:1.17
0.850	0.001	0.148	0.001
0.846	0.001	0.152	0.001
0.997	0.001	0.001	0.001
0.997	0.001	0.001	0.001
0.888	0.110	0.001	0.001
0.904	0.094	0.001	0.001
0.997	0.001	0.001	0.001
0.997	0.001	0.001	0.001
0.865	0.133	0.001	0.001
0.845	0.153	0.001	0.001
0.989	0.009	0.001	0.001
0.851	0.147	0.001	0.001
