>CGATTAAT	1-CGATTAAT	5.879989	-9.513668	0	T:10.0(8.06%),B:2788.0(1.76%),P:1e-4	Tpos:70.2,Tstd:15.4,Bpos:49.6,Bstd:27.1,StrandBias:-0.7,Multiplicity:1.10
0.106	0.639	0.078	0.177
0.126	0.127	0.653	0.094
0.882	0.045	0.053	0.020
0.027	0.069	0.059	0.845
0.046	0.160	0.116	0.678
0.660	0.090	0.227	0.023
0.850	0.064	0.030	0.056
0.079	0.051	0.061	0.809
>GTTCGGCT	2-GTTCGGCT	6.848490	-6.986725	0	T:9.0(7.26%),B:3176.0(2.00%),P:1e-3	Tpos:38.6,Tstd:22.4,Bpos:49.5,Bstd:27.3,StrandBias:-0.2,Multiplicity:1.67
0.001	0.001	0.881	0.117
0.001	0.111	0.078	0.810
0.001	0.189	0.001	0.809
0.012	0.968	0.001	0.019
0.001	0.001	0.997	0.001
0.001	0.273	0.725	0.001
0.001	0.692	0.306	0.001
0.001	0.001	0.001	0.997
>CCCCCCCC	3-CCCCCCCC	9.374559	-6.343228	0	T:9.0(7.26%),B:3489.0(2.20%),P:1e-2	Tpos:45.9,Tstd:20.8,Bpos:49.8,Bstd:26.3,StrandBias:-0.3,Multiplicity:1.11
0.001	0.855	0.001	0.143
0.001	0.997	0.001	0.001
0.001	0.754	0.244	0.001
0.001	0.997	0.001	0.001
0.001	0.997	0.001	0.001
0.001	0.997	0.001	0.001
0.001	0.997	0.001	0.001
0.123	0.875	0.001	0.001
>CGCGCGCC	4-CGCGCGCC	8.594522	-4.670597	0	T:5.0(4.03%),B:1629.0(1.03%),P:1e-2	Tpos:36.6,Tstd:22.5,Bpos:50.1,Bstd:26.4,StrandBias:1.3,Multiplicity:1.20
0.001	0.791	0.207	0.001
0.200	0.001	0.798	0.001
0.024	0.865	0.110	0.001
0.001	0.001	0.997	0.001
0.001	0.753	0.001	0.245
0.001	0.001	0.904	0.094
0.097	0.891	0.001	0.011
0.001	0.954	0.044	0.001
>GGTTTGGT	5-GGTTTGGT	8.236954	-0.864111	0	T:1.0(0.81%),B:699.0(0.44%),P:1e0	Tpos:55.0,Tstd:18.7,Bpos:53.3,Bstd:27.8,StrandBias:-10.0,Multiplicity:13.00
0.100	0.100	0.700	0.100
0.100	0.100	0.700	0.100
0.100	0.100	0.100	0.700
0.100	0.100	0.100	0.700
0.100	0.100	0.100	0.700
0.100	0.100	0.700	0.100
0.100	0.100	0.700	0.100
0.100	0.100	0.100	0.700
