>TAKTCTTAMCCA	1-TAKTCTTAMCCA	11.067994	-19.736152	0	T:5.0(4.03%),B:66.0(0.04%),P:1e-8	Tpos:35.4,Tstd:30.0,Bpos:46.9,Bstd:27.7,StrandBias:1.3,Multiplicity:1.40
0.001	0.001	0.001	0.997
0.682	0.001	0.316	0.001
0.001	0.001	0.515	0.483
0.001	0.001	0.001	0.997
0.001	0.997	0.001	0.001
0.001	0.001	0.001	0.997
0.001	0.001	0.001	0.997
0.832	0.001	0.166	0.001
0.515	0.483	0.001	0.001
0.001	0.997	0.001	0.001
0.001	0.832	0.001	0.166
0.683	0.001	0.166	0.150
>AGGSACGCCCAC	2-AGGSACGCCCAC	9.191121	-17.152569	0	T:9.0(7.26%),B:869.0(0.55%),P:1e-7	Tpos:39.7,Tstd:28.4,Bpos:50.7,Bstd:25.7,StrandBias:-1.2,Multiplicity:1.25
0.932	0.001	0.066	0.001
0.084	0.001	0.822	0.093
0.084	0.062	0.798	0.056
0.084	0.382	0.357	0.177
0.567	0.187	0.084	0.162
0.062	0.677	0.084	0.177
0.140	0.001	0.688	0.171
0.001	0.915	0.083	0.001
0.001	0.997	0.001	0.001
0.001	0.915	0.001	0.083
0.646	0.177	0.093	0.084
0.176	0.669	0.154	0.001
>GTGCGTGTGCGT	3-GTGCGTGTGCGT	10.807257	-15.390089	0	T:6.0(4.84%),B:311.0(0.20%),P:1e-6	Tpos:57.5,Tstd:22.9,Bpos:49.3,Bstd:25.5,StrandBias:-2.7,Multiplicity:2.33
0.001	0.001	0.997	0.001
0.001	0.084	0.167	0.748
0.001	0.001	0.997	0.001
0.167	0.688	0.144	0.001
0.136	0.001	0.678	0.185
0.001	0.076	0.001	0.922
0.001	0.001	0.997	0.001
0.001	0.087	0.001	0.911
0.001	0.185	0.813	0.001
0.185	0.812	0.001	0.002
0.136	0.144	0.719	0.001
0.001	0.259	0.001	0.739
>MCCAAAWCAAAA	4-MCCAAAWCAAAA	14.088044	-11.794564	0	T:2.0(1.61%),B:5.0(0.00%),P:1e-5	Tpos:67.0,Tstd:19.0,Bpos:58.8,Bstd:28.8,StrandBias:10.0,Multiplicity:1.00
0.434	0.564	0.001	0.001
0.001	0.579	0.001	0.419
0.001	0.997	0.001	0.001
0.997	0.001	0.001	0.001
0.997	0.001	0.001	0.001
0.997	0.001	0.001	0.001
0.428	0.001	0.001	0.570
0.063	0.935	0.001	0.001
0.927	0.071	0.001	0.001
0.997	0.001	0.001	0.001
0.997	0.001	0.001	0.001
0.642	0.001	0.356	0.001
>GCAAGCAAGCAA	5-GCAAGCAAGCAA	16.068548	-3.833441	0	T:1.0(0.81%),B:28.0(0.02%),P:1e-1	Tpos:82.0,Tstd:10.3,Bpos:55.3,Bstd:23.7,StrandBias:-10.0,Multiplicity:2.00
0.090	0.001	0.908	0.001
0.001	0.997	0.001	0.001
0.997	0.001	0.001	0.001
0.997	0.001	0.001	0.001
0.133	0.001	0.865	0.001
0.001	0.997	0.001	0.001
0.997	0.001	0.001	0.001
0.997	0.001	0.001	0.001
0.092	0.165	0.742	0.001
0.001	0.997	0.001	0.001
0.997	0.001	0.001	0.001
0.997	0.001	0.001	0.001
>TTGGTTTTGGTT	6-TTGGTTTTGGTT	12.355432	-2.015413	0	T:1.0(0.81%),B:183.0(0.12%),P:1e0	Tpos:22.0,Tstd:10.2,Bpos:51.8,Bstd:24.1,StrandBias:10.0,Multiplicity:6.00
0.100	0.100	0.100	0.700
0.100	0.100	0.100	0.700
0.100	0.100	0.700	0.100
0.100	0.100	0.700	0.100
0.100	0.100	0.100	0.700
0.100	0.100	0.100	0.700
0.100	0.100	0.100	0.700
0.100	0.100	0.100	0.700
0.100	0.100	0.700	0.100
0.100	0.100	0.700	0.100
0.100	0.100	0.100	0.700
0.100	0.100	0.100	0.700
