>AGTAACGGCC	1-AGTAACGGCC	9.674931	-18.834723	0	T:9.0(5.92%),B:578.0(0.36%),P:1e-8	Tpos:50.8,Tstd:28.6,Bpos:49.8,Bstd:25.5,StrandBias:0.8,Multiplicity:1.22
0.997	0.001	0.001	0.001
0.001	0.001	0.997	0.001
0.236	0.001	0.001	0.762
0.698	0.300	0.001	0.001
0.684	0.001	0.314	0.001
0.201	0.797	0.001	0.001
0.001	0.001	0.792	0.206
0.001	0.001	0.659	0.339
0.001	0.997	0.001	0.001
0.001	0.997	0.001	0.001
>CACYCWGAGR	2-CACYCWGAGR	6.240003	-16.674138	0	T:25.0(16.45%),B:7501.0(4.73%),P:1e-7	Tpos:47.8,Tstd:27.1,Bpos:50.0,Bstd:26.9,StrandBias:-0.4,Multiplicity:1.12
0.001	0.997	0.001	0.001
0.997	0.001	0.001	0.001
0.121	0.847	0.031	0.001
0.001	0.477	0.117	0.405
0.001	0.609	0.389	0.001
0.553	0.001	0.001	0.445
0.001	0.001	0.609	0.389
0.593	0.001	0.001	0.405
0.001	0.001	0.997	0.001
0.492	0.001	0.506	0.001
>CGCAGGCCGC	3-CGCAGGCCGC	11.521512	-14.089899	0	T:5.0(3.29%),B:169.0(0.11%),P:1e-6	Tpos:38.3,Tstd:23.9,Bpos:53.1,Bstd:25.0,StrandBias:1.8,Multiplicity:1.80
0.001	0.997	0.001	0.001
0.001	0.001	0.997	0.001
0.001	0.997	0.001	0.001
0.997	0.001	0.001	0.001
0.001	0.001	0.997	0.001
0.163	0.001	0.835	0.001
0.001	0.997	0.001	0.001
0.001	0.997	0.001	0.001
0.144	0.001	0.737	0.118
0.001	0.997	0.001	0.001
>GGGCTTAAAG	4-GGGCTTAAAG	10.921904	-11.511990	0	T:7.0(4.61%),B:758.0(0.48%),P:1e-4	Tpos:68.9,Tstd:26.8,Bpos:49.7,Bstd:27.6,StrandBias:-1.2,Multiplicity:1.14
0.001	0.001	0.817	0.181
0.001	0.001	0.997	0.001
0.001	0.186	0.646	0.167
0.121	0.877	0.001	0.001
0.001	0.001	0.001	0.997
0.001	0.001	0.001	0.997
0.842	0.001	0.001	0.156
0.997	0.001	0.001	0.001
0.997	0.001	0.001	0.001
0.001	0.001	0.997	0.001
>GGTCTTCCGC	5-GGTCTTCCGC	9.029265	-10.759516	0	T:6.0(3.95%),B:570.0(0.36%),P:1e-4	Tpos:51.0,Tstd:24.2,Bpos:49.3,Bstd:26.5,StrandBias:1.0,Multiplicity:1.50
0.001	0.001	0.997	0.001
0.001	0.001	0.997	0.001
0.001	0.221	0.191	0.587
0.001	0.840	0.001	0.158
0.190	0.001	0.001	0.808
0.221	0.001	0.164	0.614
0.001	0.782	0.216	0.001
0.158	0.840	0.001	0.001
0.163	0.001	0.835	0.001
0.001	0.782	0.001	0.216
>TTWGRCGTGC	6-TTWGRCGTGC	11.342200	-8.724915	0	T:2.0(1.32%),B:19.0(0.01%),P:1e-3	Tpos:61.8,Tstd:25.6,Bpos:39.9,Bstd:22.1,StrandBias:-1.6,Multiplicity:2.00
0.001	0.001	0.001	0.997
0.001	0.001	0.001	0.997
0.546	0.001	0.001	0.452
0.001	0.001	0.997	0.001
0.452	0.001	0.546	0.001
0.001	0.997	0.001	0.001
0.365	0.001	0.633	0.001
0.001	0.001	0.001	0.997
0.001	0.001	0.997	0.001
0.001	0.633	0.365	0.001
>TTTCYYTTTT	7-TTTCYYTTTT	8.843191	-7.640819	0	T:14.0(9.21%),B:5162.0(3.25%),P:1e-3	Tpos:66.2,Tstd:20.0,Bpos:50.9,Bstd:25.7,StrandBias:2.6,Multiplicity:1.07
0.001	0.001	0.001	0.997
0.001	0.001	0.001	0.997
0.001	0.085	0.262	0.652
0.001	0.644	0.001	0.354
0.085	0.433	0.001	0.481
0.262	0.428	0.001	0.309
0.001	0.001	0.193	0.805
0.001	0.001	0.239	0.759
0.001	0.001	0.001	0.997
0.001	0.001	0.188	0.810
>AAACCAAAAC	8-AAACCAAAAC	10.296193	-4.849930	0	T:3.0(1.97%),B:418.0(0.26%),P:1e-2	Tpos:52.4,Tstd:28.6,Bpos:51.3,Bstd:24.9,StrandBias:-1.0,Multiplicity:4.00
0.700	0.100	0.100	0.100
0.700	0.100	0.100	0.100
0.700	0.100	0.100	0.100
0.100	0.700	0.100	0.100
0.100	0.700	0.100	0.100
0.700	0.100	0.100	0.100
0.700	0.100	0.100	0.100
0.700	0.100	0.100	0.100
0.700	0.100	0.100	0.100
0.100	0.700	0.100	0.100
