>CTGACAARAGRA	1-CTGACAARAGRA	10.235634	-24.382621	0	T:7.0(4.61%),B:112.0(0.07%),P:1e-10	Tpos:34.4,Tstd:15.2,Bpos:43.8,Bstd:27.0,StrandBias:-0.4,Multiplicity:1.00
0.001	0.997	0.001	0.001
0.001	0.001	0.001	0.997
0.001	0.423	0.575	0.001
0.575	0.001	0.001	0.423
0.001	0.977	0.021	0.001
0.967	0.001	0.001	0.031
0.997	0.001	0.001	0.001
0.502	0.001	0.496	0.001
0.997	0.001	0.001	0.001
0.001	0.001	0.997	0.001
0.502	0.001	0.496	0.001
0.997	0.001	0.001	0.001
>TACTTTGWCTWT	2-TACTTTGWCTWT	11.139728	-23.865507	0	T:9.0(5.92%),B:323.0(0.20%),P:1e-10	Tpos:48.2,Tstd:20.7,Bpos:51.3,Bstd:24.4,StrandBias:1.4,Multiplicity:1.22
0.134	0.265	0.001	0.600
0.887	0.011	0.001	0.101
0.001	0.997	0.001	0.001
0.001	0.001	0.001	0.997
0.001	0.001	0.001	0.997
0.167	0.001	0.001	0.831
0.001	0.294	0.704	0.001
0.474	0.151	0.001	0.374
0.301	0.697	0.001	0.001
0.001	0.150	0.001	0.848
0.468	0.001	0.001	0.530
0.001	0.001	0.001	0.997
>GGGCATGTTGGC	3-GGGCATGTTGGC	14.624963	-22.710201	0	T:4.0(2.63%),B:8.0(0.01%),P:1e-9	Tpos:68.2,Tstd:29.3,Bpos:67.1,Bstd:22.0,StrandBias:1.6,Multiplicity:1.00
0.001	0.001	0.997	0.001
0.001	0.001	0.997	0.001
0.001	0.001	0.997	0.001
0.001	0.997	0.001	0.001
0.997	0.001	0.001	0.001
0.001	0.001	0.001	0.997
0.001	0.001	0.729	0.269
0.001	0.001	0.001	0.997
0.001	0.001	0.001	0.997
0.001	0.001	0.997	0.001
0.001	0.001	0.997	0.001
0.270	0.513	0.216	0.001
>AGGGGCCTYCCA	4-AGGGGCCTYCCA	9.608252	-21.624569	0	T:11.0(7.24%),B:787.0(0.50%),P:1e-9	Tpos:52.7,Tstd:24.9,Bpos:50.6,Bstd:25.2,StrandBias:1.0,Multiplicity:1.09
0.735	0.242	0.022	0.001
0.001	0.128	0.699	0.172
0.001	0.001	0.827	0.171
0.024	0.001	0.847	0.128
0.173	0.001	0.825	0.001
0.021	0.718	0.260	0.001
0.021	0.682	0.001	0.296
0.001	0.001	0.260	0.738
0.001	0.524	0.001	0.474
0.001	0.997	0.001	0.001
0.001	0.997	0.001	0.001
0.709	0.172	0.118	0.001
>TTAGCAGGCCCT	5-TTAGCAGGCCCT	12.355432	-6.258846	0	T:1.0(0.66%),B:2.0(0.00%),P:1e-2	Tpos:12.0,Tstd:0.0,Bpos:14.0,Bstd:8.0,StrandBias:10.0,Multiplicity:1.00
0.100	0.100	0.100	0.700
0.100	0.100	0.100	0.700
0.700	0.100	0.100	0.100
0.100	0.100	0.700	0.100
0.100	0.700	0.100	0.100
0.700	0.100	0.100	0.100
0.100	0.100	0.700	0.100
0.100	0.100	0.700	0.100
0.100	0.700	0.100	0.100
0.100	0.700	0.100	0.100
0.100	0.700	0.100	0.100
0.100	0.100	0.100	0.700
