>ATTTHVTGATCA	1-ATTTHVTGATCA	10.828248	-11.204421	0	T:2.0(10.00%),B:38.0(0.03%),P:1e-4	Tpos:21.5,Tstd:2.5,Bpos:42.7,Bstd:26.2,StrandBias:0.0,Multiplicity:1.00
0.997	0.001	0.001	0.001
0.001	0.320	0.001	0.678
0.320	0.001	0.001	0.678
0.001	0.001	0.320	0.678
0.321	0.321	0.001	0.357
0.357	0.321	0.321	0.001
0.001	0.001	0.356	0.642
0.320	0.001	0.678	0.001
0.678	0.001	0.320	0.001
0.001	0.001	0.001	0.997
0.001	0.997	0.001	0.001
0.678	0.001	0.320	0.001
>GMAGGMTGCCTC	2-GMAGGMTGCCTC	7.640765	-9.128938	0	T:5.0(25.00%),B:3529.0(2.49%),P:1e-3	Tpos:55.2,Tstd:23.1,Bpos:50.4,Bstd:26.0,StrandBias:0.6,Multiplicity:1.00
0.140	0.001	0.703	0.156
0.563	0.421	0.001	0.015
0.851	0.147	0.001	0.001
0.001	0.281	0.570	0.148
0.281	0.001	0.578	0.140
0.563	0.429	0.001	0.007
0.001	0.001	0.140	0.858
0.140	0.001	0.719	0.140
0.141	0.562	0.156	0.141
0.280	0.718	0.001	0.001
0.001	0.001	0.280	0.718
0.156	0.562	0.281	0.001
>GCCTTCCTGCCT	3-GCCTTCCTGCCT	11.103377	-8.960237	0	T:3.0(15.00%),B:699.0(0.49%),P:1e-3	Tpos:21.8,Tstd:17.8,Bpos:50.8,Bstd:26.5,StrandBias:2.0,Multiplicity:1.00
0.001	0.001	0.730	0.268
0.001	0.697	0.001	0.301
0.001	0.997	0.001	0.001
0.001	0.301	0.001	0.697
0.002	0.001	0.341	0.656
0.386	0.576	0.037	0.001
0.001	0.997	0.001	0.001
0.001	0.001	0.001	0.997
0.001	0.037	0.689	0.273
0.001	0.730	0.001	0.268
0.001	0.997	0.001	0.001
0.385	0.001	0.001	0.613
>TGGAAGAAGGAC	4-TGGAAGAAGGAC	12.355432	-8.866035	0	T:1.0(5.00%),B:1.0(0.00%),P:1e-3	Tpos:14.0,Tstd:0.0,Bpos:21.0,Bstd:0.0,StrandBias:-10.0,Multiplicity:1.00
0.100	0.100	0.100	0.700
0.100	0.100	0.700	0.100
0.100	0.100	0.700	0.100
0.700	0.100	0.100	0.100
0.700	0.100	0.100	0.100
0.100	0.100	0.700	0.100
0.700	0.100	0.100	0.100
0.700	0.100	0.100	0.100
0.100	0.100	0.700	0.100
0.100	0.100	0.700	0.100
0.700	0.100	0.100	0.100
0.100	0.700	0.100	0.100
>GCTAACTGGAGG	5-GCTAACTGGAGG	12.355432	-8.866035	0	T:1.0(5.00%),B:1.0(0.00%),P:1e-3	Tpos:79.0,Tstd:0.0,Bpos:58.0,Bstd:0.0,StrandBias:-10.0,Multiplicity:1.00
0.100	0.100	0.700	0.100
0.100	0.700	0.100	0.100
0.100	0.100	0.100	0.700
0.700	0.100	0.100	0.100
0.700	0.100	0.100	0.100
0.100	0.700	0.100	0.100
0.100	0.100	0.100	0.700
0.100	0.100	0.700	0.100
0.100	0.100	0.700	0.100
0.700	0.100	0.100	0.100
0.100	0.100	0.700	0.100
0.100	0.100	0.700	0.100
>GACCAGGGTAGC	6-GACCAGGGTAGC	12.355432	-8.866035	0	T:1.0(5.00%),B:1.0(0.00%),P:1e-3	Tpos:87.0,Tstd:0.0,Bpos:49.0,Bstd:0.0,StrandBias:10.0,Multiplicity:1.00
0.100	0.100	0.700	0.100
0.700	0.100	0.100	0.100
0.100	0.700	0.100	0.100
0.100	0.700	0.100	0.100
0.700	0.100	0.100	0.100
0.100	0.100	0.700	0.100
0.100	0.100	0.700	0.100
0.100	0.100	0.700	0.100
0.100	0.100	0.100	0.700
0.700	0.100	0.100	0.100
0.100	0.100	0.700	0.100
0.100	0.700	0.100	0.100
>CTAGTTACAAAT	7-CTAGTTACAAAT	12.355432	-8.172955	0	T:1.0(5.00%),B:2.0(0.00%),P:1e-3	Tpos:93.0,Tstd:0.0,Bpos:57.0,Bstd:20.0,StrandBias:-10.0,Multiplicity:1.00
0.100	0.700	0.100	0.100
0.100	0.100	0.100	0.700
0.700	0.100	0.100	0.100
0.100	0.100	0.700	0.100
0.100	0.100	0.100	0.700
0.100	0.100	0.100	0.700
0.700	0.100	0.100	0.100
0.100	0.700	0.100	0.100
0.700	0.100	0.100	0.100
0.700	0.100	0.100	0.100
0.700	0.100	0.100	0.100
0.100	0.100	0.100	0.700
>GTCAGAGGGCGT	8-GTCAGAGGGCGT	12.355432	-8.172955	0	T:1.0(5.00%),B:2.0(0.00%),P:1e-3	Tpos:46.0,Tstd:0.0,Bpos:70.0,Bstd:21.0,StrandBias:10.0,Multiplicity:1.00
0.100	0.100	0.700	0.100
0.100	0.100	0.100	0.700
0.100	0.700	0.100	0.100
0.700	0.100	0.100	0.100
0.100	0.100	0.700	0.100
0.700	0.100	0.100	0.100
0.100	0.100	0.700	0.100
0.100	0.100	0.700	0.100
0.100	0.100	0.700	0.100
0.100	0.700	0.100	0.100
0.100	0.100	0.700	0.100
0.100	0.100	0.100	0.700
