>AAGGGGAGCT	1-AAGGGGAGCT	11.140623	-20.266721	0	T:8.0(7.48%),B:447.0(0.30%),P:1e-8	Tpos:39.6,Tstd:28.2,Bpos:50.3,Bstd:27.2,StrandBias:0.0,Multiplicity:1.00
0.843	0.001	0.155	0.001
0.997	0.001	0.001	0.001
0.156	0.001	0.842	0.001
0.001	0.001	0.997	0.001
0.148	0.001	0.850	0.001
0.001	0.001	0.997	0.001
0.997	0.001	0.001	0.001
0.001	0.001	0.997	0.001
0.001	0.997	0.001	0.001
0.178	0.184	0.001	0.637
>TAWCGCWTCW	2-TAWCGCWTCW	4.354957	-8.086735	0	T:38.0(35.51%),B:31125.0(20.78%),P:1e-3	Tpos:52.8,Tstd:27.3,Bpos:49.9,Bstd:26.6,StrandBias:-0.1,Multiplicity:1.38
0.001	0.087	0.152	0.760
0.575	0.152	0.094	0.179
0.395	0.094	0.152	0.358
0.087	0.808	0.104	0.001
0.001	0.001	0.807	0.191
0.104	0.716	0.179	0.001
0.368	0.179	0.179	0.274
0.179	0.182	0.179	0.460
0.179	0.641	0.179	0.001
0.564	0.001	0.001	0.434
>GATAGTTCGA	3-GATAGTTCGA	10.296193	-6.551561	0	T:1.0(0.93%),B:2.0(0.00%),P:1e-2	Tpos:29.0,Tstd:0.0,Bpos:63.0,Bstd:1.0,StrandBias:10.0,Multiplicity:1.00
0.100	0.100	0.700	0.100
0.700	0.100	0.100	0.100
0.100	0.100	0.100	0.700
0.700	0.100	0.100	0.100
0.100	0.100	0.700	0.100
0.100	0.100	0.100	0.700
0.100	0.100	0.100	0.700
0.100	0.700	0.100	0.100
0.100	0.100	0.700	0.100
0.700	0.100	0.100	0.100
>AATTCCGATC	4-AATTCCGATC	10.296193	-6.551561	0	T:1.0(0.93%),B:2.0(0.00%),P:1e-2	Tpos:24.0,Tstd:0.0,Bpos:92.5,Bstd:1.5,StrandBias:-10.0,Multiplicity:1.00
0.700	0.100	0.100	0.100
0.700	0.100	0.100	0.100
0.100	0.100	0.100	0.700
0.100	0.100	0.100	0.700
0.100	0.700	0.100	0.100
0.100	0.700	0.100	0.100
0.100	0.100	0.700	0.100
0.700	0.100	0.100	0.100
0.100	0.100	0.100	0.700
0.100	0.700	0.100	0.100
>GAGAGAGAGA	5-GAGAGAGAGA	13.542792	-6.072382	0	T:3.0(2.80%),B:361.0(0.24%),P:1e-2	Tpos:62.9,Tstd:21.1,Bpos:47.7,Bstd:28.2,StrandBias:-2.5,Multiplicity:1.00
0.001	0.001	0.997	0.001
0.997	0.001	0.001	0.001
0.001	0.064	0.934	0.001
0.997	0.001	0.001	0.001
0.001	0.049	0.949	0.001
0.997	0.001	0.001	0.001
0.001	0.001	0.997	0.001
0.997	0.001	0.001	0.001
0.001	0.001	0.892	0.106
0.935	0.001	0.001	0.063
