>GAAAGAGA	1-GAAAGAGA	8.134338	-13.229351	0	T:15.0(14.02%),B:4801.0(3.21%),P:1e-5	Tpos:46.9,Tstd:21.1,Bpos:49.5,Bstd:27.6,StrandBias:0.7,Multiplicity:1.07
0.001	0.001	0.872	0.126
0.542	0.249	0.208	0.001
0.886	0.001	0.112	0.001
0.997	0.001	0.001	0.001
0.001	0.075	0.923	0.001
0.997	0.001	0.001	0.001
0.001	0.058	0.940	0.001
0.997	0.001	0.001	0.001
>TTRATGGC	2-TTRATGGC	6.844032	-12.312712	0	T:14.0(13.08%),B:4518.0(3.02%),P:1e-5	Tpos:52.2,Tstd:24.3,Bpos:49.9,Bstd:27.8,StrandBias:0.6,Multiplicity:1.07
0.001	0.001	0.404	0.594
0.001	0.001	0.001	0.997
0.411	0.047	0.541	0.001
0.852	0.001	0.001	0.146
0.001	0.210	0.205	0.584
0.001	0.001	0.842	0.156
0.115	0.001	0.883	0.001
0.105	0.735	0.001	0.159
>GCGGGATT	3-GCGGGATT	7.984113	-10.148879	0	T:9.0(8.41%),B:2265.0(1.51%),P:1e-4	Tpos:51.6,Tstd:29.2,Bpos:50.6,Bstd:26.9,StrandBias:-0.8,Multiplicity:1.22
0.001	0.001	0.997	0.001
0.161	0.837	0.001	0.001
0.001	0.322	0.676	0.001
0.001	0.001	0.997	0.001
0.001	0.001	0.997	0.001
0.616	0.187	0.196	0.001
0.001	0.130	0.001	0.868
0.001	0.001	0.001	0.997
>ACAATGTC	4-ACAATGTC	6.005103	-9.180043	0	T:25.0(23.36%),B:15768.0(10.53%),P:1e-3	Tpos:48.8,Tstd:25.9,Bpos:50.6,Bstd:25.3,StrandBias:0.5,Multiplicity:1.16
0.875	0.001	0.067	0.057
0.069	0.792	0.087	0.052
0.823	0.113	0.001	0.063
0.581	0.052	0.143	0.224
0.044	0.001	0.120	0.835
0.069	0.052	0.650	0.229
0.172	0.001	0.052	0.775
0.108	0.718	0.048	0.126
>CTCGGCGC	5-CTCGGCGC	7.842226	-7.637500	0	T:8.0(7.48%),B:2523.0(1.68%),P:1e-3	Tpos:45.9,Tstd:16.4,Bpos:49.8,Bstd:26.7,StrandBias:0.0,Multiplicity:1.12
0.001	0.997	0.001	0.001
0.001	0.114	0.001	0.884
0.001	0.811	0.082	0.106
0.079	0.112	0.746	0.063
0.001	0.129	0.869	0.001
0.001	0.906	0.092	0.001
0.001	0.001	0.914	0.084
0.001	0.997	0.001	0.001
