>TGACCGCCMCTC	1-TGACCGCCMCTC	7.045262	-20.369987	0	T:5.0(10.64%),B:3.0(0.10%),P:1e-8	Tpos:36.4,Tstd:26.0,Bpos:41.7,Bstd:28.6,StrandBias:-0.6,Multiplicity:1.00
0.001	0.001	0.001	0.997
0.001	0.001	0.997	0.001
0.749	0.249	0.001	0.001
0.001	0.997	0.001	0.001
0.001	0.997	0.001	0.001
0.001	0.001	0.749	0.249
0.001	0.997	0.001	0.001
0.001	0.997	0.001	0.001
0.499	0.499	0.001	0.001
0.001	0.997	0.001	0.001
0.249	0.001	0.001	0.749
0.250	0.500	0.001	0.250
>TGATGTCACCVT	2-TGATGTCACCVT	11.424528	-17.215914	0	T:4.0(8.51%),B:2.0(0.07%),P:1e-7	Tpos:54.5,Tstd:21.9,Bpos:75.5,Bstd:4.5,StrandBias:2.8,Multiplicity:2.00
0.308	0.001	0.001	0.690
0.308	0.001	0.690	0.001
0.997	0.001	0.001	0.001
0.001	0.001	0.001	0.997
0.001	0.001	0.997	0.001
0.001	0.001	0.001	0.997
0.001	0.616	0.001	0.382
0.690	0.001	0.308	0.001
0.001	0.690	0.001	0.308
0.001	0.997	0.001	0.001
0.355	0.309	0.322	0.014
0.001	0.001	0.001	0.997
>CACCAGATACCT	3-CACCAGATACCT	10.386993	-14.466063	0	T:4.0(8.51%),B:4.0(0.13%),P:1e-6	Tpos:50.1,Tstd:22.5,Bpos:48.8,Bstd:10.4,StrandBias:2.6,Multiplicity:1.75
0.237	0.753	0.001	0.009
0.990	0.001	0.001	0.008
0.045	0.718	0.001	0.236
0.001	0.763	0.235	0.001
0.527	0.236	0.001	0.236
0.001	0.235	0.763	0.001
0.945	0.001	0.001	0.053
0.001	0.001	0.001	0.997
0.718	0.236	0.001	0.045
0.236	0.527	0.001	0.236
0.001	0.997	0.001	0.001
0.235	0.001	0.001	0.763
>TGGGGACGAATC	4-TGGGGACGAATC	10.161742	-14.360225	0	T:3.0(6.38%),B:1.0(0.03%),P:1e-6	Tpos:46.0,Tstd:25.9,Bpos:74.0,Bstd:0.0,StrandBias:10.0,Multiplicity:2.00
0.001	0.001	0.001	0.997
0.001	0.001	0.997	0.001
0.001	0.045	0.953	0.001
0.001	0.001	0.997	0.001
0.001	0.001	0.997	0.001
0.997	0.001	0.001	0.001
0.001	0.806	0.001	0.192
0.001	0.001	0.997	0.001
0.997	0.001	0.001	0.001
0.806	0.192	0.001	0.001
0.001	0.001	0.001	0.997
0.001	0.953	0.045	0.001
>CATCCAVTCACT	5-CATCCAVTCACT	11.645228	-14.360225	0	T:3.0(6.38%),B:1.0(0.03%),P:1e-6	Tpos:54.0,Tstd:24.3,Bpos:76.0,Bstd:0.0,StrandBias:2.0,Multiplicity:1.67
0.001	0.997	0.001	0.001
0.997	0.001	0.001	0.001
0.001	0.308	0.059	0.632
0.001	0.690	0.001	0.308
0.001	0.690	0.308	0.001
0.997	0.001	0.001	0.001
0.382	0.308	0.308	0.001
0.059	0.001	0.001	0.939
0.308	0.690	0.001	0.001
0.690	0.001	0.308	0.001
0.001	0.616	0.382	0.001
0.001	0.001	0.001	0.997
>ACAMACACACAC	6-ACAMACACACAC	15.411900	-1.769279	0	T:1.0(2.13%),B:12.0(0.40%),P:1e0	Tpos:55.0,Tstd:8.6,Bpos:44.9,Bstd:29.7,StrandBias:10.0,Multiplicity:1.00
0.997	0.001	0.001	0.001
0.031	0.967	0.001	0.001
0.997	0.001	0.001	0.001
0.460	0.538	0.001	0.001
0.997	0.001	0.001	0.001
0.018	0.980	0.001	0.001
0.997	0.001	0.001	0.001
0.001	0.997	0.001	0.001
0.997	0.001	0.001	0.001
0.001	0.997	0.001	0.001
0.997	0.001	0.001	0.001
0.407	0.591	0.001	0.001
