>CCTGTCAT	1-CCTGTCAT	9.910960	-16.583240	0	T:4.0(7.02%),B:2.0(0.06%),P:1e-7	Tpos:50.2,Tstd:27.5,Bpos:33.0,Bstd:5.0,StrandBias:1.6,Multiplicity:1.00
0.001	0.997	0.001	0.001
0.001	0.997	0.001	0.001
0.001	0.314	0.001	0.684
0.001	0.001	0.997	0.001
0.001	0.001	0.001	0.997
0.001	0.997	0.001	0.001
0.997	0.001	0.001	0.001
0.001	0.001	0.001	0.997
>AGAGGCTT	2-AGAGGCTT	5.328436	-14.079731	0	T:15.0(26.32%),B:186.0(5.91%),P:1e-6	Tpos:59.1,Tstd:28.8,Bpos:50.1,Bstd:27.7,StrandBias:0.4,Multiplicity:1.07
0.620	0.001	0.026	0.353
0.001	0.001	0.997	0.001
0.997	0.001	0.001	0.001
0.001	0.303	0.695	0.001
0.048	0.001	0.950	0.001
0.001	0.620	0.378	0.001
0.001	0.001	0.001	0.997
0.001	0.001	0.001	0.997
>ATGCCTGC	3-ATGCCTGC	5.829047	-10.857126	0	T:21.0(36.84%),B:448.0(14.24%),P:1e-4	Tpos:49.7,Tstd:27.4,Bpos:49.2,Bstd:27.8,StrandBias:-0.1,Multiplicity:1.25
0.642	0.115	0.242	0.001
0.070	0.164	0.001	0.765
0.001	0.213	0.671	0.115
0.325	0.640	0.001	0.034
0.001	0.801	0.001	0.197
0.001	0.001	0.001	0.997
0.001	0.001	0.802	0.196
0.121	0.741	0.093	0.045
>ACATTGTA	4-ACATTGTA	6.337000	-10.078091	0	T:15.0(26.32%),B:259.0(8.23%),P:1e-4	Tpos:56.4,Tstd:27.0,Bpos:51.7,Bstd:26.0,StrandBias:0.2,Multiplicity:1.20
0.582	0.001	0.001	0.416
0.001	0.997	0.001	0.001
0.997	0.001	0.001	0.001
0.047	0.001	0.001	0.951
0.131	0.001	0.001	0.867
0.001	0.001	0.997	0.001
0.050	0.001	0.001	0.948
0.611	0.387	0.001	0.001
>GATGTCTA	5-GATGTCTA	8.236954	-7.369506	0	T:2.0(3.51%),B:2.0(0.06%),P:1e-3	Tpos:60.3,Tstd:21.9,Bpos:57.0,Bstd:31.0,StrandBias:-10.0,Multiplicity:1.50
0.100	0.100	0.700	0.100
0.700	0.100	0.100	0.100
0.100	0.100	0.100	0.700
0.100	0.100	0.700	0.100
0.100	0.100	0.100	0.700
0.100	0.700	0.100	0.100
0.100	0.100	0.100	0.700
0.700	0.100	0.100	0.100
