>GRTSCTGSTT	1-GRTSCTGSTT	10.755362	-18.550824	0	T:6.0(10.53%),B:8.0(0.25%),P:1e-8	Tpos:59.7,Tstd:28.1,Bpos:64.8,Bstd:17.2,StrandBias:-2.3,Multiplicity:1.00
0.001	0.001	0.997	0.001
0.489	0.001	0.509	0.001
0.203	0.001	0.001	0.795
0.001	0.492	0.506	0.001
0.001	0.997	0.001	0.001
0.244	0.001	0.001	0.754
0.001	0.001	0.997	0.001
0.245	0.306	0.448	0.001
0.001	0.001	0.001	0.997
0.001	0.001	0.001	0.997
>GGATASGGKS	2-GGATASGGKS	9.592579	-11.639484	0	T:4.0(7.02%),B:7.0(0.22%),P:1e-5	Tpos:52.8,Tstd:14.7,Bpos:41.6,Bstd:23.9,StrandBias:0.0,Multiplicity:1.00
0.001	0.001	0.997	0.001
0.001	0.001	0.997	0.001
0.997	0.001	0.001	0.001
0.001	0.001	0.001	0.997
0.997	0.001	0.001	0.001
0.001	0.435	0.563	0.001
0.096	0.001	0.534	0.369
0.001	0.001	0.997	0.001
0.001	0.001	0.533	0.465
0.001	0.504	0.494	0.001
>GCCCACTGTG	3-GCCCACTGTG	7.274340	-10.620433	0	T:3.0(5.26%),B:3.0(0.10%),P:1e-4	Tpos:35.0,Tstd:17.9,Bpos:39.0,Bstd:19.9,StrandBias:0.0,Multiplicity:2.00
0.001	0.001	0.997	0.001
0.001	0.997	0.001	0.001
0.151	0.801	0.001	0.047
0.001	0.997	0.001	0.001
0.997	0.001	0.001	0.001
0.001	0.997	0.001	0.001
0.001	0.047	0.001	0.951
0.001	0.001	0.997	0.001
0.001	0.001	0.001	0.997
0.198	0.001	0.800	0.001
>AKCCCTSTGT	4-AKCCCTSTGT	8.345783	-8.763429	0	T:7.0(12.28%),B:64.0(2.03%),P:1e-3	Tpos:36.3,Tstd:19.5,Bpos:48.5,Bstd:24.1,StrandBias:-1.0,Multiplicity:1.29
0.941	0.002	0.055	0.002
0.001	0.013	0.470	0.516
0.001	0.971	0.027	0.001
0.235	0.515	0.001	0.249
0.001	0.997	0.001	0.001
0.001	0.001	0.013	0.985
0.001	0.502	0.484	0.013
0.013	0.001	0.001	0.985
0.001	0.234	0.764	0.001
0.001	0.001	0.235	0.763
>TAYCTAWKTA	5-TAYCTAWKTA	11.589966	-4.442382	0	T:2.0(3.51%),B:9.0(0.29%),P:1e-1	Tpos:50.9,Tstd:27.0,Bpos:52.4,Bstd:27.8,StrandBias:3.2,Multiplicity:5.00
0.001	0.001	0.001	0.997
0.997	0.001	0.001	0.001
0.001	0.444	0.001	0.554
0.001	0.956	0.042	0.001
0.001	0.001	0.001	0.997
0.997	0.001	0.001	0.001
0.445	0.009	0.001	0.545
0.001	0.071	0.484	0.445
0.001	0.001	0.001	0.997
0.997	0.001	0.001	0.001
>CTCTCTCTCT	6-CTCTCTCTCT	9.521552	-4.033884	0	T:4.0(7.02%),B:55.0(1.75%),P:1e-1	Tpos:43.8,Tstd:32.2,Bpos:47.2,Bstd:25.3,StrandBias:-0.3,Multiplicity:1.50
0.001	0.750	0.248	0.001
0.001	0.075	0.001	0.923
0.001	0.720	0.272	0.007
0.248	0.001	0.124	0.627
0.001	0.976	0.022	0.001
0.001	0.103	0.124	0.772
0.124	0.631	0.244	0.001
0.001	0.001	0.123	0.875
0.001	0.875	0.001	0.123
0.001	0.123	0.001	0.875
>TCACTGCAGT	7-TCACTGCAGT	13.432225	-3.335440	0	T:1.0(1.75%),B:2.0(0.06%),P:1e-1	Tpos:76.0,Tstd:19.3,Bpos:85.0,Bstd:6.0,StrandBias:1.6,Multiplicity:3.00
0.001	0.182	0.001	0.816
0.001	0.997	0.001	0.001
0.997	0.001	0.001	0.001
0.001	0.997	0.001	0.001
0.001	0.001	0.001	0.997
0.001	0.001	0.997	0.001
0.001	0.816	0.001	0.182
0.997	0.001	0.001	0.001
0.001	0.001	0.997	0.001
0.001	0.001	0.001	0.997
