>AAGAACTTAG	1-AAGAACTTAG	11.557282	-19.977130	0	T:4.0(8.51%),B:0.0(0.00%),P:1e-8	Tpos:34.8,Tstd:22.5,Bpos:0.0,Bstd:0.0,StrandBias:0.6,Multiplicity:1.25
0.799	0.001	0.001	0.199
0.997	0.001	0.001	0.001
0.001	0.199	0.799	0.001
0.997	0.001	0.001	0.001
0.997	0.001	0.001	0.001
0.199	0.799	0.001	0.001
0.001	0.001	0.001	0.997
0.001	0.199	0.001	0.799
0.997	0.001	0.001	0.001
0.001	0.001	0.997	0.001
>CCTAGAACTA	2-CCTAGAACTA	5.807409	-13.986278	0	T:15.0(31.91%),B:224.0(7.41%),P:1e-6	Tpos:46.4,Tstd:26.2,Bpos:52.3,Bstd:25.9,StrandBias:0.2,Multiplicity:1.07
0.072	0.602	0.109	0.217
0.036	0.856	0.072	0.036
0.109	0.027	0.036	0.828
0.853	0.072	0.001	0.074
0.217	0.069	0.639	0.075
0.611	0.066	0.068	0.255
0.652	0.104	0.099	0.145
0.036	0.717	0.175	0.072
0.250	0.072	0.036	0.642
0.609	0.145	0.174	0.072
>TATTAAACAG	3-TATTAAACAG	13.321828	-4.171785	0	T:1.0(2.13%),B:1.0(0.03%),P:1e-1	Tpos:12.0,Tstd:0.0,Bpos:76.0,Bstd:0.0,StrandBias:10.0,Multiplicity:1.00
0.001	0.001	0.001	0.997
0.997	0.001	0.001	0.001
0.001	0.001	0.001	0.997
0.001	0.192	0.001	0.806
0.997	0.001	0.001	0.001
0.997	0.001	0.001	0.001
0.877	0.001	0.001	0.121
0.001	0.997	0.001	0.001
0.841	0.001	0.001	0.157
0.001	0.001	0.997	0.001
>ATCAATCTGT	4-ATCAATCTGT	13.175473	-4.171785	0	T:1.0(2.13%),B:0.0(0.00%),P:1e-1	Tpos:53.0,Tstd:22.4,Bpos:0.0,Bstd:0.0,StrandBias:10.0,Multiplicity:4.00
0.997	0.001	0.001	0.001
0.001	0.001	0.001	0.997
0.001	0.997	0.001	0.001
0.997	0.001	0.001	0.001
0.997	0.001	0.001	0.001
0.366	0.001	0.001	0.632
0.001	0.997	0.001	0.001
0.183	0.001	0.001	0.815
0.001	0.001	0.997	0.001
0.001	0.001	0.001	0.997
>CTGTCTGTCT	5-CTGTCTGTCT	8.350283	-3.201946	0	T:3.0(6.38%),B:49.0(1.62%),P:1e-1	Tpos:44.3,Tstd:28.7,Bpos:47.8,Bstd:26.3,StrandBias:-10.0,Multiplicity:2.00
0.100	0.700	0.100	0.100
0.100	0.100	0.100	0.700
0.100	0.100	0.700	0.100
0.100	0.100	0.100	0.700
0.100	0.700	0.100	0.100
0.100	0.100	0.100	0.700
0.100	0.100	0.700	0.100
0.100	0.100	0.100	0.700
0.100	0.700	0.100	0.100
0.100	0.100	0.100	0.700
