>AAGTGCVTTTTC	1-AAGTGCVTTTTC	10.967259	-25.035688	0	T:5.0(8.77%),B:1.0(0.03%),P:1e-10	Tpos:43.6,Tstd:21.7,Bpos:84.0,Bstd:0.0,StrandBias:0.6,Multiplicity:1.00
0.691	0.307	0.001	0.001
0.997	0.001	0.001	0.001
0.001	0.001	0.997	0.001
0.001	0.317	0.001	0.681
0.001	0.001	0.997	0.001
0.001	0.686	0.312	0.001
0.308	0.312	0.379	0.001
0.001	0.001	0.378	0.620
0.001	0.001	0.373	0.625
0.001	0.001	0.307	0.691
0.061	0.001	0.308	0.630
0.001	0.997	0.001	0.001
>ATTGGGAACTCA	2-ATTGGGAACTCA	7.928246	-19.342357	0	T:4.0(7.02%),B:0.0(0.00%),P:1e-8	Tpos:46.8,Tstd:21.2,Bpos:0.0,Bstd:0.0,StrandBias:0.0,Multiplicity:1.00
0.966	0.002	0.001	0.031
0.001	0.198	0.001	0.800
0.033	0.001	0.001	0.965
0.001	0.001	0.997	0.001
0.001	0.001	0.997	0.001
0.001	0.002	0.838	0.159
0.997	0.001	0.001	0.001
0.997	0.001	0.001	0.001
0.001	0.997	0.001	0.001
0.001	0.001	0.001	0.997
0.002	0.995	0.001	0.002
0.997	0.001	0.001	0.001
>TTCAAATCTWTC	3-TTCAAATCTWTC	7.374421	-15.625384	0	T:10.0(17.54%),B:62.0(1.97%),P:1e-6	Tpos:55.0,Tstd:24.5,Bpos:49.9,Bstd:27.5,StrandBias:1.2,Multiplicity:1.00
0.001	0.001	0.071	0.927
0.143	0.074	0.038	0.745
0.131	0.690	0.143	0.036
0.785	0.107	0.001	0.107
0.580	0.239	0.036	0.145
0.604	0.250	0.001	0.145
0.107	0.179	0.110	0.604
0.072	0.612	0.209	0.107
0.107	0.179	0.036	0.678
0.396	0.205	0.074	0.325
0.181	0.143	0.072	0.604
0.143	0.785	0.036	0.036
>GGAGGGAGGGAG	4-GGAGGGAGGGAG	13.960762	-11.823974	0	T:3.0(5.26%),B:2.0(0.06%),P:1e-5	Tpos:51.0,Tstd:28.8,Bpos:40.0,Bstd:8.0,StrandBias:0.0,Multiplicity:1.00
0.269	0.001	0.729	0.001
0.001	0.001	0.997	0.001
0.997	0.001	0.001	0.001
0.001	0.001	0.997	0.001
0.001	0.001	0.997	0.001
0.001	0.001	0.997	0.001
0.674	0.001	0.324	0.001
0.001	0.001	0.997	0.001
0.001	0.324	0.674	0.001
0.001	0.001	0.656	0.342
0.997	0.001	0.001	0.001
0.324	0.001	0.674	0.001
>GTCCGCCGCSGA	5-GTCCGCCGCSGA	6.486026	-9.615908	0	T:8.0(14.04%),B:76.0(2.42%),P:1e-4	Tpos:48.9,Tstd:28.5,Bpos:47.3,Bstd:26.2,StrandBias:-0.5,Multiplicity:1.12
0.195	0.105	0.699	0.001
0.098	0.098	0.098	0.706
0.097	0.894	0.008	0.001
0.001	0.609	0.195	0.195
0.195	0.098	0.609	0.098
0.001	0.707	0.195	0.097
0.001	0.609	0.195	0.195
0.008	0.106	0.593	0.293
0.001	0.901	0.097	0.001
0.098	0.317	0.390	0.195
0.097	0.195	0.707	0.001
0.707	0.195	0.001	0.097
