>TRGGTCTGMC	1-TRGGTCTGMC	8.868492	-22.654131	0	T:6.0(10.53%),B:4.0(0.13%),P:1e-9	Tpos:52.4,Tstd:30.0,Bpos:48.5,Bstd:7.9,StrandBias:-1.6,Multiplicity:1.33
0.001	0.001	0.001	0.997
0.545	0.001	0.453	0.001
0.001	0.001	0.997	0.001
0.001	0.001	0.943	0.055
0.001	0.001	0.001	0.997
0.001	0.997	0.001	0.001
0.001	0.001	0.225	0.773
0.001	0.001	0.997	0.001
0.536	0.462	0.001	0.001
0.225	0.773	0.001	0.001
>GAGGAAAAGG	2-GAGGAAAAGG	6.806368	-16.163602	0	T:8.0(14.04%),B:31.0(0.99%),P:1e-7	Tpos:53.3,Tstd:29.6,Bpos:48.3,Bstd:26.1,StrandBias:-1.0,Multiplicity:1.12
0.001	0.001	0.997	0.001
0.997	0.001	0.001	0.001
0.001	0.001	0.997	0.001
0.001	0.100	0.898	0.001
0.800	0.005	0.074	0.121
0.997	0.001	0.001	0.001
0.802	0.001	0.196	0.001
0.997	0.001	0.001	0.001
0.001	0.001	0.997	0.001
0.001	0.001	0.997	0.001
>TMAGCATGCT	3-TMAGCATGCT	10.636857	-13.890554	0	T:3.0(5.26%),B:0.0(0.00%),P:1e-6	Tpos:66.0,Tstd:22.0,Bpos:0.0,Bstd:0.0,StrandBias:10.0,Multiplicity:1.00
0.022	0.022	0.001	0.955
0.455	0.543	0.001	0.001
0.611	0.001	0.387	0.001
0.001	0.001	0.997	0.001
0.001	0.997	0.001	0.001
0.727	0.001	0.271	0.001
0.001	0.001	0.001	0.997
0.001	0.001	0.727	0.271
0.001	0.727	0.271	0.001
0.115	0.001	0.001	0.883
>CACTGTAGAG	4-CACTGTAGAG	11.569496	-12.242636	0	T:4.0(7.02%),B:6.0(0.19%),P:1e-5	Tpos:48.2,Tstd:21.2,Bpos:44.8,Bstd:24.3,StrandBias:-0.6,Multiplicity:1.25
0.001	0.997	0.001	0.001
0.788	0.001	0.001	0.210
0.001	0.997	0.001	0.001
0.001	0.001	0.001	0.997
0.001	0.001	0.997	0.001
0.210	0.001	0.001	0.788
0.997	0.001	0.001	0.001
0.001	0.001	0.997	0.001
0.788	0.210	0.001	0.001
0.001	0.210	0.788	0.001
>GTGGCCCACC	5-GTGGCCCACC	12.446642	-11.823974	0	T:3.0(5.26%),B:2.0(0.06%),P:1e-5	Tpos:51.7,Tstd:7.8,Bpos:33.0,Bstd:20.0,StrandBias:-10.0,Multiplicity:1.00
0.001	0.001	0.997	0.001
0.001	0.001	0.001	0.997
0.001	0.001	0.997	0.001
0.001	0.001	0.997	0.001
0.001	0.706	0.292	0.001
0.001	0.997	0.001	0.001
0.001	0.997	0.001	0.001
0.997	0.001	0.001	0.001
0.001	0.997	0.001	0.001
0.001	0.646	0.352	0.001
