>GAAAGTAC	1-GAAAGTAC	7.361124	-12.891031	0	T:10.0(17.54%),B:84.0(2.67%),P:1e-5	Tpos:59.5,Tstd:23.7,Bpos:53.1,Bstd:27.2,StrandBias:-0.2,Multiplicity:1.30
0.087	0.001	0.911	0.001
0.785	0.001	0.107	0.107
0.997	0.001	0.001	0.001
0.997	0.001	0.001	0.001
0.001	0.116	0.882	0.001
0.060	0.001	0.001	0.938
0.899	0.001	0.099	0.001
0.226	0.710	0.001	0.063
>CAGGCYGA	2-CAGGCYGA	6.144261	-9.707929	0	T:8.0(14.04%),B:75.0(2.38%),P:1e-4	Tpos:47.9,Tstd:25.3,Bpos:52.3,Bstd:24.8,StrandBias:-0.6,Multiplicity:1.00
0.001	0.982	0.009	0.008
0.653	0.001	0.345	0.001
0.011	0.001	0.979	0.009
0.009	0.045	0.945	0.001
0.001	0.997	0.001	0.001
0.001	0.303	0.254	0.443
0.001	0.001	0.997	0.001
0.997	0.001	0.001	0.001
>CACTSAGT	3-CACTSAGT	9.103209	-8.913954	0	T:5.0(8.77%),B:27.0(0.86%),P:1e-3	Tpos:47.3,Tstd:26.5,Bpos:55.7,Bstd:30.1,StrandBias:0.0,Multiplicity:1.40
0.001	0.997	0.001	0.001
0.997	0.001	0.001	0.001
0.001	0.997	0.001	0.001
0.001	0.001	0.001	0.997
0.140	0.376	0.483	0.001
0.997	0.001	0.001	0.001
0.001	0.001	0.997	0.001
0.001	0.001	0.001	0.997
>CATGCGAG	4-CATGCGAG	8.236954	-7.369506	0	T:2.0(3.51%),B:2.0(0.06%),P:1e-3	Tpos:52.7,Tstd:26.7,Bpos:38.5,Bstd:10.5,StrandBias:1.0,Multiplicity:1.50
0.100	0.700	0.100	0.100
0.700	0.100	0.100	0.100
0.100	0.100	0.100	0.700
0.100	0.100	0.700	0.100
0.100	0.700	0.100	0.100
0.100	0.100	0.700	0.100
0.700	0.100	0.100	0.100
0.100	0.100	0.700	0.100
>CCCGGGGG	5-CCCGGGGG	4.950165	-4.789951	0	T:10.0(17.54%),B:232.0(7.37%),P:1e-2	Tpos:49.7,Tstd:29.6,Bpos:51.1,Bstd:26.8,StrandBias:-1.4,Multiplicity:1.30
0.001	0.839	0.001	0.159
0.001	0.997	0.001	0.001
0.001	0.799	0.160	0.040
0.036	0.133	0.805	0.026
0.084	0.001	0.914	0.001
0.105	0.001	0.893	0.001
0.001	0.001	0.997	0.001
0.001	0.079	0.836	0.084
