>CTTCCCCTTTGC	1-CTTCCCCTTTGC	13.267367	-25.434736	0	T:8.0(1.40%),B:44.0(0.03%),P:1e-11	Tpos:53.9,Tstd:26.5,Bpos:51.6,Bstd:25.2,StrandBias:1.6,Multiplicity:1.00
0.001	0.997	0.001	0.001
0.001	0.001	0.001	0.997
0.001	0.001	0.001	0.997
0.001	0.997	0.001	0.001
0.001	0.847	0.151	0.001
0.151	0.847	0.001	0.001
0.001	0.997	0.001	0.001
0.151	0.001	0.001	0.847
0.122	0.077	0.001	0.800
0.001	0.001	0.001	0.997
0.001	0.001	0.997	0.001
0.133	0.752	0.001	0.114
>GCTTTGGGTTAG	2-GCTTTGGGTTAG	14.302051	-22.503148	0	T:5.0(0.87%),B:8.0(0.01%),P:1e-9	Tpos:66.6,Tstd:25.1,Bpos:43.0,Bstd:23.0,StrandBias:0.6,Multiplicity:1.00
0.001	0.001	0.997	0.001
0.001	0.997	0.001	0.001
0.001	0.001	0.001	0.997
0.204	0.001	0.001	0.794
0.001	0.001	0.001	0.997
0.001	0.001	0.997	0.001
0.001	0.001	0.997	0.001
0.001	0.001	0.997	0.001
0.205	0.001	0.179	0.615
0.001	0.001	0.204	0.794
0.997	0.001	0.001	0.001
0.001	0.001	0.997	0.001
>TCWGCTAGGGAA	3-TCWGCTAGGGAA	11.182087	-17.778545	0	T:8.0(1.40%),B:118.0(0.08%),P:1e-7	Tpos:33.9,Tstd:25.2,Bpos:51.3,Bstd:27.0,StrandBias:1.2,Multiplicity:1.25
0.001	0.001	0.228	0.770
0.001	0.997	0.001	0.001
0.325	0.134	0.134	0.408
0.001	0.001	0.997	0.001
0.001	0.997	0.001	0.001
0.116	0.001	0.001	0.882
0.997	0.001	0.001	0.001
0.228	0.001	0.770	0.001
0.001	0.001	0.997	0.001
0.133	0.001	0.865	0.001
0.749	0.001	0.117	0.133
0.598	0.134	0.134	0.134
>AAACAACHCACA	4-AAACAACHCACA	10.170690	-17.285472	0	T:16.0(2.80%),B:750.0(0.48%),P:1e-7	Tpos:41.8,Tstd:23.1,Bpos:51.2,Bstd:26.0,StrandBias:0.6,Multiplicity:1.25
0.802	0.196	0.001	0.001
0.747	0.251	0.001	0.001
0.997	0.001	0.001	0.001
0.001	0.593	0.405	0.001
0.699	0.299	0.001	0.001
0.832	0.166	0.001	0.001
0.001	0.997	0.001	0.001
0.298	0.311	0.092	0.299
0.001	0.622	0.001	0.376
0.708	0.290	0.001	0.001
0.189	0.809	0.001	0.001
0.997	0.001	0.001	0.001
>AGGGTAKCTCTT	5-AGGGTAKCTCTT	8.775717	-17.014803	0	T:21.0(3.67%),B:1333.0(0.85%),P:1e-7	Tpos:49.5,Tstd:23.9,Bpos:51.5,Bstd:25.5,StrandBias:0.1,Multiplicity:1.10
0.545	0.247	0.207	0.001
0.004	0.295	0.619	0.082
0.272	0.001	0.682	0.045
0.001	0.049	0.949	0.001
0.308	0.165	0.005	0.522
0.690	0.001	0.203	0.106
0.138	0.001	0.466	0.395
0.001	0.806	0.001	0.192
0.001	0.001	0.001	0.997
0.062	0.608	0.329	0.001
0.062	0.228	0.001	0.709
0.081	0.001	0.001	0.917
>WKCCTGTTGCCT	6-WKCCTGTTGCCT	9.090068	-14.736902	0	T:27.0(4.72%),B:2391.0(1.52%),P:1e-6	Tpos:57.0,Tstd:25.8,Bpos:49.4,Bstd:26.2,StrandBias:-0.1,Multiplicity:1.07
0.348	0.001	0.204	0.447
0.001	0.094	0.470	0.435
0.001	0.910	0.001	0.088
0.001	0.980	0.001	0.018
0.001	0.092	0.001	0.906
0.001	0.092	0.628	0.279
0.001	0.167	0.211	0.621
0.001	0.186	0.001	0.812
0.083	0.001	0.611	0.305
0.211	0.718	0.001	0.070
0.001	0.997	0.001	0.001
0.002	0.058	0.001	0.939
>GCCTCAGCCTCA	7-GCCTCAGCCTCA	13.779098	-6.566775	0	T:3.0(0.52%),B:59.0(0.04%),P:1e-2	Tpos:69.8,Tstd:16.0,Bpos:49.0,Bstd:24.6,StrandBias:-10.0,Multiplicity:3.33
0.001	0.001	0.997	0.001
0.001	0.866	0.001	0.132
0.001	0.997	0.001	0.001
0.311	0.132	0.001	0.556
0.001	0.997	0.001	0.001
0.997	0.001	0.001	0.001
0.001	0.001	0.997	0.001
0.001	0.997	0.001	0.001
0.001	0.997	0.001	0.001
0.141	0.001	0.001	0.857
0.001	0.997	0.001	0.001
0.936	0.062	0.001	0.001
>AAAAAAARVAAA	8-AAAAAAARVAAA	9.242086	-6.390347	0	T:8.0(1.40%),B:590.0(0.38%),P:1e-2	Tpos:66.6,Tstd:29.5,Bpos:54.3,Bstd:24.1,StrandBias:2.4,Multiplicity:1.00
0.482	0.287	0.024	0.207
0.753	0.064	0.144	0.039
0.486	0.212	0.270	0.032
0.517	0.291	0.045	0.147
0.798	0.088	0.078	0.036
0.462	0.087	0.266	0.185
0.634	0.042	0.264	0.060
0.379	0.107	0.463	0.051
0.320	0.383	0.286	0.011
0.557	0.281	0.115	0.047
0.797	0.099	0.053	0.051
0.660	0.147	0.042	0.151
