>GTTAGGTTTC	1-GTTAGGTTTC	6.949051	-28.814914	0	T:55.0(9.62%),B:4862.0(3.10%),P:1e-12	Tpos:52.0,Tstd:26.5,Bpos:50.8,Bstd:26.9,StrandBias:0.3,Multiplicity:1.04
0.075	0.086	0.773	0.066
0.001	0.116	0.031	0.852
0.082	0.109	0.061	0.748
0.743	0.011	0.147	0.099
0.116	0.056	0.801	0.027
0.001	0.040	0.838	0.121
0.034	0.076	0.046	0.844
0.071	0.058	0.022	0.849
0.037	0.049	0.071	0.843
0.062	0.720	0.073	0.145
>CCGTGATGHG	2-CCGTGATGHG	8.561179	-22.269295	0	T:9.0(1.57%),B:100.0(0.06%),P:1e-9	Tpos:56.8,Tstd:17.0,Bpos:51.5,Bstd:26.6,StrandBias:0.6,Multiplicity:1.11
0.001	0.997	0.001	0.001
0.001	0.997	0.001	0.001
0.001	0.005	0.993	0.001
0.001	0.001	0.020	0.978
0.053	0.007	0.939	0.001
0.997	0.001	0.001	0.001
0.001	0.005	0.001	0.993
0.337	0.001	0.661	0.001
0.412	0.287	0.001	0.300
0.001	0.001	0.997	0.001
>ACTTGCCCGT	3-ACTTGCCCGT	10.098724	-20.137690	0	T:9.0(1.57%),B:128.0(0.08%),P:1e-8	Tpos:52.0,Tstd:20.0,Bpos:50.2,Bstd:27.0,StrandBias:-0.6,Multiplicity:1.11
0.899	0.001	0.001	0.099
0.001	0.892	0.106	0.001
0.127	0.001	0.001	0.871
0.001	0.001	0.001	0.997
0.169	0.001	0.730	0.100
0.001	0.997	0.001	0.001
0.001	0.830	0.168	0.001
0.001	0.937	0.001	0.061
0.001	0.059	0.939	0.001
0.001	0.001	0.001	0.997
>TTGTTGTTGA	4-TTGTTGTTGA	6.701621	-14.020316	0	T:66.0(11.54%),B:9614.0(6.13%),P:1e-6	Tpos:50.2,Tstd:27.1,Bpos:50.3,Bstd:26.1,StrandBias:0.0,Multiplicity:1.08
0.085	0.052	0.085	0.778
0.051	0.001	0.084	0.864
0.040	0.110	0.750	0.100
0.067	0.072	0.048	0.813
0.065	0.037	0.079	0.819
0.048	0.067	0.805	0.080
0.069	0.089	0.043	0.799
0.047	0.045	0.029	0.879
0.087	0.108	0.767	0.038
0.732	0.114	0.047	0.107
>KTGATCCCAC	5-KTGATCCCAC	10.593190	-12.637130	0	T:6.0(1.05%),B:106.0(0.07%),P:1e-5	Tpos:39.6,Tstd:26.4,Bpos:45.9,Bstd:27.4,StrandBias:-1.6,Multiplicity:1.33
0.001	0.001	0.516	0.482
0.001	0.001	0.001	0.997
0.001	0.001	0.997	0.001
0.878	0.001	0.120	0.001
0.001	0.001	0.001	0.997
0.001	0.997	0.001	0.001
0.001	0.997	0.001	0.001
0.001	0.997	0.001	0.001
0.627	0.001	0.001	0.371
0.001	0.997	0.001	0.001
>TCCTCTCCTC	6-TCCTCTCCTC	9.850829	-12.040823	0	T:18.0(3.15%),B:1395.0(0.89%),P:1e-5	Tpos:46.8,Tstd:30.1,Bpos:49.3,Bstd:26.5,StrandBias:-1.0,Multiplicity:1.11
0.001	0.015	0.024	0.960
0.001	0.901	0.001	0.097
0.064	0.890	0.001	0.045
0.052	0.119	0.073	0.756
0.001	0.997	0.001	0.001
0.046	0.097	0.001	0.856
0.076	0.853	0.035	0.036
0.073	0.896	0.001	0.030
0.001	0.074	0.001	0.924
0.001	0.960	0.001	0.038
>TCTGAGGCGC	7-TCTGAGGCGC	11.655535	-7.341677	0	T:3.0(0.52%),B:45.0(0.03%),P:1e-3	Tpos:48.9,Tstd:27.0,Bpos:49.7,Bstd:26.2,StrandBias:0.0,Multiplicity:2.67
0.001	0.001	0.001	0.997
0.001	0.997	0.001	0.001
0.001	0.113	0.001	0.885
0.001	0.001	0.997	0.001
0.997	0.001	0.001	0.001
0.001	0.001	0.997	0.001
0.001	0.001	0.997	0.001
0.001	0.997	0.001	0.001
0.001	0.001	0.997	0.001
0.001	0.997	0.001	0.001
>ATACAATACT	8-ATACAATACT	12.421208	-5.130153	0	T:2.0(0.35%),B:31.0(0.02%),P:1e-2	Tpos:47.8,Tstd:28.4,Bpos:46.8,Bstd:26.9,StrandBias:2.0,Multiplicity:2.50
0.997	0.001	0.001	0.001
0.001	0.001	0.001	0.997
0.755	0.243	0.001	0.001
0.001	0.997	0.001	0.001
0.997	0.001	0.001	0.001
0.997	0.001	0.001	0.001
0.001	0.001	0.001	0.997
0.997	0.001	0.001	0.001
0.001	0.997	0.001	0.001
0.001	0.001	0.001	0.997
