>CTTTCGTT	1-CTTTCGTT	7.948934	-14.292090	0	T:18.0(3.15%),B:1184.0(0.75%),P:1e-6	Tpos:36.4,Tstd:26.4,Bpos:48.9,Bstd:27.1,StrandBias:0.2,Multiplicity:1.06
0.345	0.653	0.001	0.001
0.155	0.001	0.001	0.843
0.277	0.001	0.001	0.721
0.001	0.001	0.001	0.997
0.162	0.836	0.001	0.001
0.326	0.067	0.606	0.001
0.018	0.001	0.001	0.980
0.220	0.127	0.001	0.652
>CATYGATW	2-CATYGATW	6.712937	-11.501558	0	T:24.0(4.20%),B:2364.0(1.51%),P:1e-4	Tpos:49.7,Tstd:25.8,Bpos:49.6,Bstd:27.0,StrandBias:-0.8,Multiplicity:1.17
0.333	0.596	0.070	0.001
0.997	0.001	0.001	0.001
0.001	0.215	0.001	0.783
0.001	0.502	0.089	0.408
0.001	0.070	0.895	0.034
0.757	0.108	0.001	0.134
0.001	0.001	0.137	0.861
0.413	0.110	0.001	0.475
>GAGCACAC	3-GAGCACAC	9.178847	-10.977905	0	T:16.0(2.80%),B:1228.0(0.78%),P:1e-4	Tpos:55.7,Tstd:28.1,Bpos:49.9,Bstd:27.8,StrandBias:1.4,Multiplicity:1.12
0.001	0.001	0.997	0.001
0.997	0.001	0.001	0.001
0.001	0.001	0.997	0.001
0.001	0.997	0.001	0.001
0.997	0.001	0.001	0.001
0.001	0.997	0.001	0.001
0.997	0.001	0.001	0.001
0.151	0.847	0.001	0.001
>ACAATACA	4-ACAATACA	5.847911	-9.705777	0	T:65.0(11.36%),B:10805.0(6.89%),P:1e-4	Tpos:55.6,Tstd:23.9,Bpos:50.2,Bstd:26.7,StrandBias:-0.6,Multiplicity:1.57
0.878	0.001	0.104	0.017
0.020	0.953	0.001	0.026
0.943	0.001	0.039	0.017
0.943	0.040	0.001	0.016
0.332	0.070	0.001	0.597
0.986	0.001	0.001	0.012
0.014	0.892	0.001	0.093
0.892	0.001	0.001	0.106
>GGTTAGGG	5-GGTTAGGG	8.236954	-1.569512	0	T:3.0(0.52%),B:430.0(0.27%),P:1e0	Tpos:50.5,Tstd:24.8,Bpos:49.9,Bstd:28.1,StrandBias:3.8,Multiplicity:5.00
0.100	0.100	0.700	0.100
0.100	0.100	0.700	0.100
0.100	0.100	0.100	0.700
0.100	0.100	0.100	0.700
0.700	0.100	0.100	0.100
0.100	0.100	0.700	0.100
0.100	0.100	0.700	0.100
0.100	0.100	0.700	0.100
