>CCACTCAG	1-CCACTCAG	7.809884	-19.362429	0	T:61.0(10.66%),B:7374.0(4.70%),P:1e-8	Tpos:52.4,Tstd:25.8,Bpos:49.4,Bstd:27.2,StrandBias:-0.1,Multiplicity:1.07
0.001	0.997	0.001	0.001
0.026	0.951	0.022	0.001
0.762	0.112	0.005	0.121
0.033	0.850	0.116	0.001
0.025	0.001	0.001	0.973
0.001	0.882	0.116	0.001
0.939	0.001	0.012	0.048
0.001	0.076	0.776	0.147
>TCGTCTAG	2-TCGTCTAG	7.797356	-18.340515	0	T:20.0(3.50%),B:1116.0(0.71%),P:1e-7	Tpos:45.2,Tstd:28.6,Bpos:51.0,Bstd:27.7,StrandBias:-0.2,Multiplicity:1.00
0.178	0.001	0.001	0.820
0.001	0.891	0.107	0.001
0.185	0.001	0.813	0.001
0.001	0.001	0.001	0.997
0.001	0.997	0.001	0.001
0.001	0.264	0.001	0.734
0.997	0.001	0.001	0.001
0.239	0.001	0.759	0.001
>GTACGCGT	3-GTACGCGT	6.821699	-14.631305	0	T:17.0(2.97%),B:1034.0(0.66%),P:1e-6	Tpos:47.8,Tstd:27.1,Bpos:50.7,Bstd:27.2,StrandBias:0.3,Multiplicity:1.06
0.001	0.001	0.997	0.001
0.001	0.096	0.001	0.902
0.864	0.043	0.015	0.078
0.001	0.799	0.135	0.065
0.001	0.001	0.814	0.184
0.087	0.779	0.073	0.061
0.001	0.001	0.997	0.001
0.001	0.001	0.064	0.934
>ATGGTTTC	4-ATGGTTTC	6.580173	-14.334236	0	T:65.0(11.36%),B:9325.0(5.94%),P:1e-6	Tpos:49.8,Tstd:29.4,Bpos:50.4,Bstd:26.6,StrandBias:0.3,Multiplicity:1.05
0.725	0.182	0.043	0.050
0.088	0.042	0.092	0.778
0.001	0.059	0.853	0.087
0.001	0.068	0.930	0.001
0.001	0.001	0.001	0.997
0.029	0.036	0.015	0.920
0.041	0.016	0.011	0.932
0.001	0.912	0.086	0.001
>TTGGKTAG	5-TTGGKTAG	6.071234	-14.102293	0	T:56.0(9.79%),B:7609.0(4.85%),P:1e-6	Tpos:51.6,Tstd:28.1,Bpos:50.2,Bstd:27.3,StrandBias:-0.9,Multiplicity:1.12
0.002	0.007	0.338	0.653
0.101	0.327	0.001	0.571
0.071	0.262	0.666	0.001
0.045	0.001	0.951	0.003
0.116	0.177	0.386	0.320
0.219	0.002	0.001	0.778
0.764	0.001	0.099	0.136
0.001	0.065	0.812	0.122
