>GAGGKGAARAAC	1-GAGGKGAARAAC	11.310048	-16.812197	0	T:8.0(1.40%),B:134.0(0.09%),P:1e-7	Tpos:35.7,Tstd:28.2,Bpos:45.3,Bstd:27.0,StrandBias:-0.6,Multiplicity:1.25
0.383	0.001	0.615	0.001
0.722	0.001	0.001	0.276
0.001	0.001	0.997	0.001
0.001	0.001	0.997	0.001
0.093	0.001	0.427	0.479
0.001	0.123	0.723	0.153
0.997	0.001	0.001	0.001
0.997	0.001	0.001	0.001
0.537	0.001	0.461	0.001
0.997	0.001	0.001	0.001
0.832	0.166	0.001	0.001
0.001	0.997	0.001	0.001
>CGCAGACGCAGA	2-CGCAGACGCAGA	12.300834	-14.351453	0	T:7.0(1.22%),B:127.0(0.08%),P:1e-6	Tpos:68.6,Tstd:22.6,Bpos:48.1,Bstd:26.5,StrandBias:-1.2,Multiplicity:1.43
0.235	0.763	0.001	0.001
0.387	0.001	0.611	0.001
0.001	0.997	0.001	0.001
0.636	0.001	0.001	0.362
0.315	0.001	0.683	0.001
0.683	0.001	0.315	0.001
0.253	0.745	0.001	0.001
0.391	0.001	0.607	0.001
0.001	0.997	0.001	0.001
0.997	0.001	0.001	0.001
0.001	0.001	0.997	0.001
0.997	0.001	0.001	0.001
>CTGCCCACTGAW	3-CTGCCCACTGAW	10.785940	-14.215218	0	T:9.0(1.57%),B:259.0(0.17%),P:1e-6	Tpos:54.1,Tstd:25.1,Bpos:51.2,Bstd:27.8,StrandBias:-2.2,Multiplicity:1.22
0.005	0.993	0.001	0.001
0.161	0.038	0.001	0.800
0.008	0.226	0.752	0.014
0.226	0.625	0.148	0.001
0.198	0.566	0.226	0.010
0.001	0.997	0.001	0.001
0.960	0.001	0.001	0.038
0.001	0.997	0.001	0.001
0.001	0.001	0.001	0.997
0.001	0.001	0.997	0.001
0.659	0.031	0.162	0.148
0.425	0.023	0.001	0.551
>TAGHTGCTGTCT	4-TAGHTGCTGTCT	11.705541	-13.897303	0	T:6.0(1.05%),B:85.0(0.05%),P:1e-6	Tpos:45.9,Tstd:26.2,Bpos:50.2,Bstd:27.2,StrandBias:1.8,Multiplicity:1.50
0.001	0.001	0.001	0.997
0.997	0.001	0.001	0.001
0.001	0.349	0.649	0.001
0.349	0.343	0.001	0.306
0.001	0.001	0.001	0.997
0.001	0.001	0.997	0.001
0.001	0.997	0.001	0.001
0.001	0.001	0.001	0.997
0.001	0.306	0.692	0.001
0.281	0.001	0.001	0.717
0.281	0.717	0.001	0.001
0.001	0.001	0.001	0.997
>CADTCAGTGGAA	5-CADTCAGTGGAA	13.210753	-9.858036	0	T:3.0(0.52%),B:19.0(0.01%),P:1e-4	Tpos:66.0,Tstd:22.5,Bpos:58.4,Bstd:23.0,StrandBias:2.0,Multiplicity:1.67
0.001	0.643	0.355	0.001
0.997	0.001	0.001	0.001
0.331	0.001	0.312	0.356
0.001	0.001	0.001	0.997
0.001	0.997	0.001	0.001
0.997	0.001	0.001	0.001
0.001	0.001	0.997	0.001
0.001	0.001	0.268	0.730
0.001	0.001	0.997	0.001
0.001	0.001	0.997	0.001
0.730	0.268	0.001	0.001
0.687	0.001	0.001	0.311
>CACTCCAGCARG	6-CACTCCAGCARG	13.878334	-8.152876	0	T:3.0(0.52%),B:34.0(0.02%),P:1e-3	Tpos:42.7,Tstd:25.2,Bpos:50.2,Bstd:25.1,StrandBias:2.6,Multiplicity:2.33
0.001	0.764	0.234	0.001
0.572	0.235	0.001	0.192
0.001	0.997	0.001	0.001
0.001	0.001	0.001	0.997
0.001	0.997	0.001	0.001
0.001	0.997	0.001	0.001
0.997	0.001	0.001	0.001
0.001	0.001	0.997	0.001
0.001	0.997	0.001	0.001
0.832	0.166	0.001	0.001
0.469	0.001	0.529	0.001
0.337	0.167	0.495	0.001
>ACCAAAATCAAA	7-ACCAAAATCAAA	13.672058	-7.116422	0	T:5.0(0.87%),B:194.0(0.12%),P:1e-3	Tpos:32.7,Tstd:19.5,Bpos:52.7,Bstd:23.9,StrandBias:10.0,Multiplicity:3.00
0.997	0.001	0.001	0.001
0.001	0.997	0.001	0.001
0.121	0.877	0.001	0.001
0.809	0.001	0.189	0.001
0.997	0.001	0.001	0.001
0.997	0.001	0.001	0.001
0.782	0.001	0.216	0.001
0.001	0.307	0.001	0.691
0.001	0.997	0.001	0.001
0.997	0.001	0.001	0.001
0.997	0.001	0.001	0.001
0.997	0.001	0.001	0.001
>CGGCCAGCCCCA	8-CGGCCAGCCCCA	12.355432	-4.924740	0	T:1.0(0.17%),B:2.0(0.00%),P:1e-2	Tpos:55.0,Tstd:26.9,Bpos:36.5,Bstd:11.5,StrandBias:10.0,Multiplicity:5.00
0.100	0.700	0.100	0.100
0.100	0.100	0.700	0.100
0.100	0.100	0.700	0.100
0.100	0.700	0.100	0.100
0.100	0.700	0.100	0.100
0.700	0.100	0.100	0.100
0.100	0.100	0.700	0.100
0.100	0.700	0.100	0.100
0.100	0.700	0.100	0.100
0.100	0.700	0.100	0.100
0.100	0.700	0.100	0.100
0.700	0.100	0.100	0.100
