>CAGCCGKTAGGT	1-CAGCCGKTAGGT	9.178215	-25.089391	0	T:20.0(3.50%),B:749.0(0.48%),P:1e-10	Tpos:54.9,Tstd:24.3,Bpos:49.5,Bstd:25.8,StrandBias:-0.8,Multiplicity:1.00
0.164	0.733	0.001	0.102
0.794	0.001	0.001	0.204
0.001	0.089	0.808	0.102
0.001	0.997	0.001	0.001
0.001	0.526	0.102	0.371
0.001	0.014	0.984	0.001
0.090	0.001	0.520	0.389
0.001	0.172	0.229	0.598
0.760	0.070	0.155	0.015
0.001	0.082	0.815	0.102
0.001	0.248	0.649	0.102
0.001	0.001	0.174	0.824
>RCMCCTTGGAGR	2-RCMCCTTGGAGR	10.105585	-24.541618	0	T:14.0(2.45%),B:313.0(0.20%),P:1e-10	Tpos:46.1,Tstd:23.5,Bpos:51.1,Bstd:25.9,StrandBias:0.8,Multiplicity:1.00
0.446	0.131	0.351	0.072
0.082	0.609	0.058	0.251
0.548	0.450	0.001	0.001
0.197	0.701	0.001	0.101
0.001	0.927	0.001	0.071
0.088	0.058	0.001	0.853
0.072	0.101	0.073	0.754
0.001	0.001	0.997	0.001
0.190	0.082	0.656	0.072
0.997	0.001	0.001	0.001
0.005	0.039	0.955	0.001
0.396	0.158	0.352	0.094
>GGGGMGGTGGGA	3-GGGGMGGTGGGA	8.804066	-18.255216	0	T:29.0(5.07%),B:2275.0(1.45%),P:1e-7	Tpos:58.0,Tstd:20.3,Bpos:49.1,Bstd:26.1,StrandBias:-1.6,Multiplicity:1.10
0.338	0.001	0.660	0.001
0.001	0.203	0.795	0.001
0.005	0.001	0.840	0.154
0.073	0.001	0.925	0.001
0.363	0.363	0.136	0.138
0.085	0.001	0.913	0.001
0.001	0.001	0.997	0.001
0.003	0.271	0.001	0.725
0.001	0.001	0.997	0.001
0.003	0.001	0.995	0.001
0.001	0.272	0.591	0.136
0.547	0.316	0.001	0.136
>ACCAAACCAAAA	4-ACCAAACCAAAA	13.932407	-16.373734	0	T:8.0(1.40%),B:142.0(0.09%),P:1e-7	Tpos:48.4,Tstd:17.6,Bpos:54.2,Bstd:23.6,StrandBias:0.8,Multiplicity:1.00
0.808	0.001	0.001	0.190
0.058	0.940	0.001	0.001
0.001	0.861	0.001	0.137
0.997	0.001	0.001	0.001
0.997	0.001	0.001	0.001
0.843	0.001	0.155	0.001
0.218	0.780	0.001	0.001
0.001	0.997	0.001	0.001
0.997	0.001	0.001	0.001
0.997	0.001	0.001	0.001
0.997	0.001	0.001	0.001
0.997	0.001	0.001	0.001
>AMGCGTGGNTGG	5-AMGCGTGGNTGG	10.871889	-13.025537	0	T:6.0(1.05%),B:99.0(0.06%),P:1e-5	Tpos:54.2,Tstd:31.1,Bpos:50.8,Bstd:25.1,StrandBias:1.8,Multiplicity:1.50
0.783	0.001	0.215	0.001
0.492	0.506	0.001	0.001
0.001	0.036	0.962	0.001
0.001	0.997	0.001	0.001
0.001	0.001	0.752	0.246
0.001	0.001	0.036	0.962
0.001	0.246	0.507	0.246
0.001	0.001	0.997	0.001
0.247	0.249	0.216	0.288
0.001	0.001	0.001	0.997
0.001	0.001	0.711	0.287
0.001	0.001	0.997	0.001
>CCKCCTGGTTCA	6-CCKCCTGGTTCA	11.941424	-12.349828	0	T:5.0(0.87%),B:63.0(0.04%),P:1e-5	Tpos:50.6,Tstd:28.1,Bpos:46.1,Bstd:24.3,StrandBias:-2.6,Multiplicity:1.40
0.001	0.735	0.001	0.263
0.001	0.997	0.001	0.001
0.001	0.001	0.476	0.522
0.263	0.735	0.001	0.001
0.001	0.786	0.212	0.001
0.001	0.001	0.001	0.997
0.001	0.001	0.997	0.001
0.263	0.001	0.735	0.001
0.001	0.001	0.001	0.997
0.212	0.212	0.001	0.575
0.001	0.997	0.001	0.001
0.997	0.001	0.001	0.001
>GAAATAAGTAAC	7-GAAATAAGTAAC	11.949873	-12.078502	0	T:6.0(1.05%),B:117.0(0.07%),P:1e-5	Tpos:47.4,Tstd:26.8,Bpos:46.3,Bstd:23.4,StrandBias:-1.6,Multiplicity:1.33
0.001	0.001	0.997	0.001
0.997	0.001	0.001	0.001
0.740	0.258	0.001	0.001
0.997	0.001	0.001	0.001
0.177	0.259	0.001	0.563
0.997	0.001	0.001	0.001
0.997	0.001	0.001	0.001
0.001	0.001	0.740	0.258
0.259	0.177	0.001	0.563
0.740	0.258	0.001	0.001
0.740	0.001	0.001	0.258
0.001	0.997	0.001	0.001
>TATTGCATACAG	8-TATTGCATACAG	10.265911	-11.754922	0	T:4.0(0.70%),B:33.0(0.02%),P:1e-5	Tpos:43.2,Tstd:22.7,Bpos:50.9,Bstd:28.7,StrandBias:0.0,Multiplicity:1.50
0.001	0.273	0.001	0.725
0.997	0.001	0.001	0.001
0.001	0.273	0.001	0.725
0.001	0.001	0.001	0.997
0.001	0.001	0.997	0.001
0.232	0.766	0.001	0.001
0.958	0.040	0.001	0.001
0.001	0.001	0.001	0.997
0.997	0.001	0.001	0.001
0.001	0.997	0.001	0.001
0.766	0.001	0.232	0.001
0.001	0.001	0.997	0.001
