>CTTGATTTGT	1-CTTGATTTGT	7.205639	-27.462361	0	T:53.0(9.27%),B:4727.0(3.01%),P:1e-11	Tpos:43.7,Tstd:25.7,Bpos:49.3,Bstd:26.9,StrandBias:-0.2,Multiplicity:1.04
0.082	0.786	0.066	0.066
0.042	0.065	0.046	0.847
0.049	0.012	0.139	0.800
0.050	0.061	0.840	0.049
0.745	0.136	0.031	0.088
0.015	0.085	0.083	0.817
0.030	0.097	0.067	0.806
0.063	0.027	0.120	0.790
0.035	0.033	0.857	0.075
0.102	0.073	0.104	0.721
>CTCGGGCGCG	2-CTCGGGCGCG	7.713854	-18.999657	0	T:32.0(5.59%),B:2620.0(1.67%),P:1e-8	Tpos:51.3,Tstd:26.3,Bpos:51.1,Bstd:25.9,StrandBias:-0.2,Multiplicity:1.12
0.001	0.868	0.001	0.130
0.001	0.068	0.137	0.794
0.001	0.688	0.195	0.116
0.083	0.001	0.856	0.060
0.142	0.049	0.808	0.001
0.182	0.002	0.813	0.003
0.039	0.851	0.109	0.001
0.119	0.031	0.775	0.075
0.001	0.852	0.146	0.001
0.107	0.149	0.743	0.001
>TTGTGMCTTG	3-TTGTGMCTTG	10.602797	-17.159591	0	T:8.0(1.40%),B:128.0(0.08%),P:1e-7	Tpos:57.9,Tstd:13.9,Bpos:48.6,Bstd:27.0,StrandBias:2.8,Multiplicity:1.00
0.001	0.001	0.001	0.997
0.001	0.001	0.001	0.997
0.001	0.001	0.997	0.001
0.001	0.001	0.120	0.878
0.001	0.001	0.997	0.001
0.449	0.549	0.001	0.001
0.403	0.595	0.001	0.001
0.001	0.001	0.001	0.997
0.001	0.001	0.001	0.997
0.001	0.001	0.997	0.001
>CGACGTCGAC	4-CGACGTCGAC	11.409067	-16.882719	0	T:4.0(0.70%),B:9.0(0.01%),P:1e-7	Tpos:45.0,Tstd:25.4,Bpos:44.0,Bstd:29.2,StrandBias:1.0,Multiplicity:1.00
0.001	0.997	0.001	0.001
0.001	0.001	0.997	0.001
0.997	0.001	0.001	0.001
0.001	0.997	0.001	0.001
0.001	0.001	0.997	0.001
0.001	0.001	0.001	0.997
0.001	0.807	0.191	0.001
0.001	0.001	0.997	0.001
0.461	0.269	0.001	0.269
0.001	0.997	0.001	0.001
>TCTAGGTATG	5-TCTAGGTATG	8.019872	-14.567745	0	T:14.0(2.45%),B:699.0(0.45%),P:1e-6	Tpos:33.1,Tstd:29.3,Bpos:50.3,Bstd:26.7,StrandBias:-0.7,Multiplicity:1.14
0.055	0.001	0.068	0.876
0.137	0.861	0.001	0.001
0.064	0.120	0.070	0.746
0.753	0.089	0.070	0.088
0.067	0.001	0.931	0.001
0.074	0.070	0.767	0.089
0.063	0.065	0.001	0.871
0.789	0.069	0.001	0.141
0.001	0.143	0.078	0.778
0.070	0.068	0.657	0.205
>TGKATRTGTG	6-TGKATRTGTG	9.437414	-5.440308	0	T:7.0(1.22%),B:546.0(0.35%),P:1e-2	Tpos:61.0,Tstd:28.6,Bpos:49.2,Bstd:27.5,StrandBias:-0.4,Multiplicity:1.00
0.001	0.001	0.001	0.997
0.091	0.002	0.827	0.080
0.179	0.001	0.437	0.382
0.621	0.028	0.340	0.011
0.069	0.001	0.001	0.929
0.443	0.001	0.555	0.001
0.228	0.001	0.001	0.770
0.001	0.001	0.614	0.384
0.340	0.001	0.001	0.658
0.001	0.193	0.668	0.138
>GCTGTTGCTG	7-GCTGTTGCTG	13.451450	-4.857582	0	T:4.0(0.70%),B:210.0(0.13%),P:1e-2	Tpos:49.8,Tstd:26.3,Bpos:49.4,Bstd:26.4,StrandBias:-10.0,Multiplicity:2.25
0.047	0.001	0.951	0.001
0.001	0.997	0.001	0.001
0.069	0.001	0.001	0.929
0.001	0.001	0.997	0.001
0.001	0.232	0.001	0.766
0.001	0.001	0.001	0.997
0.001	0.001	0.997	0.001
0.001	0.997	0.001	0.001
0.001	0.001	0.001	0.997
0.001	0.001	0.997	0.001
>CACACACACA	8-CACACACACA	7.621282	-1.521548	0	T:9.0(1.57%),B:1808.0(1.15%),P:1e0	Tpos:40.6,Tstd:16.9,Bpos:48.9,Bstd:27.9,StrandBias:-0.1,Multiplicity:1.00
0.030	0.890	0.043	0.037
0.997	0.001	0.001	0.001
0.001	0.997	0.001	0.001
0.997	0.001	0.001	0.001
0.001	0.997	0.001	0.001
0.942	0.001	0.001	0.056
0.049	0.911	0.039	0.001
0.951	0.001	0.001	0.047
0.041	0.926	0.032	0.001
0.997	0.001	0.001	0.001
