>AGACTGAACT	1-AGACTGAACT	9.630546	-26.581412	0	T:19.0(3.32%),B:607.0(0.39%),P:1e-11	Tpos:38.9,Tstd:24.7,Bpos:48.9,Bstd:27.3,StrandBias:-0.2,Multiplicity:1.00
0.997	0.001	0.001	0.001
0.077	0.001	0.810	0.112
0.915	0.001	0.001	0.083
0.087	0.722	0.190	0.001
0.001	0.001	0.001	0.997
0.001	0.088	0.910	0.001
0.997	0.001	0.001	0.001
0.809	0.064	0.126	0.001
0.088	0.910	0.001	0.001
0.001	0.001	0.001	0.997
>CACAGCATCC	2-CACAGCATCC	8.592741	-21.427752	0	T:25.0(4.37%),B:1475.0(0.94%),P:1e-9	Tpos:50.7,Tstd:21.1,Bpos:49.5,Bstd:26.5,StrandBias:0.0,Multiplicity:1.04
0.060	0.807	0.058	0.075
0.966	0.001	0.001	0.032
0.001	0.916	0.001	0.082
0.898	0.001	0.100	0.001
0.001	0.001	0.997	0.001
0.062	0.881	0.001	0.056
0.833	0.068	0.069	0.030
0.001	0.039	0.131	0.829
0.001	0.997	0.001	0.001
0.051	0.903	0.001	0.045
>TTGGGCTTTA	3-TTGGGCTTTA	8.844347	-17.239671	0	T:13.0(2.27%),B:470.0(0.30%),P:1e-7	Tpos:42.5,Tstd:27.6,Bpos:49.7,Bstd:27.7,StrandBias:0.0,Multiplicity:1.08
0.001	0.072	0.001	0.926
0.001	0.001	0.090	0.908
0.001	0.001	0.997	0.001
0.001	0.133	0.763	0.103
0.001	0.099	0.899	0.001
0.001	0.997	0.001	0.001
0.001	0.001	0.001	0.997
0.001	0.095	0.001	0.903
0.001	0.081	0.092	0.826
0.851	0.089	0.059	0.001
>TTGTTAGGGG	4-TTGTTAGGGG	6.364745	-17.123045	0	T:58.0(10.14%),B:7289.0(4.65%),P:1e-7	Tpos:50.9,Tstd:25.0,Bpos:50.3,Bstd:26.7,StrandBias:-0.1,Multiplicity:1.21
0.021	0.155	0.021	0.803
0.171	0.061	0.119	0.649
0.199	0.108	0.628	0.065
0.134	0.281	0.040	0.545
0.049	0.076	0.146	0.729
0.535	0.019	0.198	0.248
0.153	0.066	0.780	0.001
0.057	0.128	0.800	0.015
0.051	0.001	0.908	0.040
0.226	0.023	0.660	0.091
>CCTCCTACTV	5-CCTCCTACTV	8.387986	-16.423574	0	T:32.0(5.59%),B:2935.0(1.87%),P:1e-7	Tpos:57.5,Tstd:27.4,Bpos:50.1,Bstd:26.3,StrandBias:0.7,Multiplicity:1.09
0.001	0.910	0.039	0.050
0.173	0.585	0.001	0.241
0.001	0.295	0.001	0.703
0.001	0.608	0.390	0.001
0.001	0.997	0.001	0.001
0.035	0.136	0.001	0.828
0.621	0.142	0.198	0.039
0.001	0.834	0.164	0.001
0.001	0.376	0.001	0.622
0.253	0.273	0.353	0.121
>TGCTACATAT	6-TGCTACATAT	7.532402	-15.306704	0	T:42.0(7.34%),B:4760.0(3.03%),P:1e-6	Tpos:47.4,Tstd:27.3,Bpos:50.9,Bstd:25.7,StrandBias:0.3,Multiplicity:1.10
0.013	0.041	0.063	0.883
0.001	0.001	0.917	0.081
0.030	0.811	0.030	0.129
0.082	0.001	0.070	0.847
0.905	0.001	0.093	0.001
0.032	0.889	0.078	0.001
0.871	0.031	0.046	0.052
0.077	0.116	0.167	0.640
0.710	0.100	0.130	0.060
0.119	0.113	0.228	0.540
>TCTTAACAAT	7-TCTTAACAAT	11.833422	-6.872357	0	T:3.0(0.52%),B:53.0(0.03%),P:1e-2	Tpos:47.9,Tstd:24.7,Bpos:48.4,Bstd:29.2,StrandBias:-1.3,Multiplicity:2.33
0.001	0.001	0.001	0.997
0.001	0.997	0.001	0.001
0.001	0.001	0.001	0.997
0.001	0.001	0.001	0.997
0.997	0.001	0.001	0.001
0.997	0.001	0.001	0.001
0.001	0.997	0.001	0.001
0.863	0.135	0.001	0.001
0.997	0.001	0.001	0.001
0.001	0.001	0.001	0.997
