>GCAGACAGGCCA	1-GCAGACAGGCCA	10.413840	-20.265320	0	T:10.0(5.71%),B:554.0(0.37%),P:1e-8	Tpos:44.2,Tstd:23.1,Bpos:49.9,Bstd:25.7,StrandBias:-1.0,Multiplicity:1.20
0.133	0.091	0.775	0.001
0.001	0.997	0.001	0.001
0.760	0.145	0.001	0.094
0.224	0.230	0.545	0.001
0.794	0.204	0.001	0.001
0.208	0.523	0.268	0.001
0.997	0.001	0.001	0.001
0.243	0.172	0.584	0.001
0.001	0.001	0.876	0.122
0.161	0.837	0.001	0.001
0.001	0.997	0.001	0.001
0.863	0.001	0.001	0.135
>TAGGTGCGTGCT	2-TAGGTGCGTGCT	15.096400	-19.986034	0	T:3.0(1.71%),B:2.0(0.00%),P:1e-8	Tpos:35.3,Tstd:6.2,Bpos:48.5,Bstd:41.5,StrandBias:-1.0,Multiplicity:1.00
0.001	0.001	0.001	0.997
0.997	0.001	0.001	0.001
0.001	0.001	0.997	0.001
0.001	0.332	0.666	0.001
0.001	0.001	0.001	0.997
0.001	0.001	0.997	0.001
0.001	0.997	0.001	0.001
0.001	0.001	0.997	0.001
0.332	0.001	0.001	0.666
0.001	0.001	0.997	0.001
0.001	0.997	0.001	0.001
0.001	0.001	0.001	0.997
>TGCGTCTGAAGA	3-TGCGTCTGAAGA	7.753770	-15.678610	0	T:14.0(8.00%),B:2028.0(1.35%),P:1e-6	Tpos:58.1,Tstd:24.0,Bpos:50.3,Bstd:26.0,StrandBias:1.5,Multiplicity:1.07
0.233	0.237	0.001	0.529
0.119	0.099	0.692	0.090
0.001	0.919	0.079	0.001
0.237	0.170	0.592	0.001
0.001	0.001	0.014	0.984
0.119	0.572	0.119	0.190
0.118	0.001	0.001	0.880
0.001	0.001	0.997	0.001
0.682	0.119	0.119	0.080
0.644	0.001	0.118	0.237
0.118	0.001	0.644	0.237
0.880	0.001	0.118	0.001
>GAGAGAGGGAGA	4-GAGAGAGGGAGA	9.728656	-12.112719	0	T:13.0(7.43%),B:2377.0(1.59%),P:1e-5	Tpos:56.7,Tstd:20.1,Bpos:49.3,Bstd:26.6,StrandBias:-0.6,Multiplicity:1.15
0.128	0.288	0.450	0.134
0.865	0.001	0.061	0.073
0.001	0.001	0.871	0.127
0.574	0.004	0.421	0.001
0.056	0.013	0.930	0.001
0.678	0.202	0.119	0.001
0.070	0.134	0.731	0.065
0.052	0.005	0.942	0.001
0.001	0.172	0.826	0.001
0.922	0.001	0.076	0.001
0.093	0.001	0.905	0.001
0.569	0.128	0.302	0.001
>ACAAAAAAAMAM	5-ACAAAAAAAMAM	9.921562	-4.275111	0	T:9.0(5.14%),B:3213.0(2.15%),P:1e-1	Tpos:47.0,Tstd:22.9,Bpos:51.3,Bstd:24.9,StrandBias:-2.1,Multiplicity:1.11
0.502	0.295	0.112	0.091
0.388	0.609	0.001	0.002
0.668	0.275	0.004	0.053
0.997	0.001	0.001	0.001
0.681	0.129	0.001	0.189
0.849	0.148	0.002	0.001
0.590	0.408	0.001	0.001
0.822	0.001	0.001	0.176
0.834	0.164	0.001	0.001
0.516	0.482	0.001	0.001
0.632	0.366	0.001	0.001
0.431	0.476	0.001	0.092
