>CTATCCCT	1-CTATCCCT	8.011247	-16.812982	0	T:16.0(9.14%),B:2484.0(1.66%),P:1e-7	Tpos:55.0,Tstd:32.9,Bpos:49.3,Bstd:27.4,StrandBias:0.3,Multiplicity:1.12
0.001	0.765	0.233	0.001
0.128	0.001	0.001	0.870
0.997	0.001	0.001	0.001
0.001	0.001	0.001	0.997
0.001	0.742	0.001	0.256
0.001	0.758	0.001	0.240
0.001	0.997	0.001	0.001
0.001	0.001	0.124	0.874
>ATTCCCAC	2-ATTCCCAC	5.239729	-15.811959	0	T:30.0(17.14%),B:8801.0(5.88%),P:1e-6	Tpos:48.9,Tstd:26.4,Bpos:50.3,Bstd:27.2,StrandBias:-0.7,Multiplicity:1.03
0.968	0.001	0.030	0.001
0.076	0.001	0.038	0.885
0.001	0.001	0.001	0.997
0.364	0.534	0.101	0.001
0.001	0.621	0.001	0.377
0.001	0.997	0.001	0.001
0.612	0.001	0.386	0.001
0.001	0.569	0.014	0.416
>TTGTTTAA	3-TTGTTTAA	6.711815	-12.471877	0	T:22.0(12.57%),B:6177.0(4.13%),P:1e-5	Tpos:55.6,Tstd:26.1,Bpos:50.3,Bstd:26.9,StrandBias:-0.7,Multiplicity:1.05
0.099	0.001	0.001	0.899
0.001	0.282	0.102	0.615
0.001	0.001	0.845	0.153
0.001	0.001	0.166	0.832
0.001	0.001	0.001	0.997
0.001	0.001	0.013	0.985
0.769	0.001	0.050	0.180
0.915	0.001	0.060	0.024
>GAGCAATC	4-GAGCAATC	8.583382	-10.911584	0	T:8.0(4.57%),B:944.0(0.63%),P:1e-4	Tpos:38.2,Tstd:27.2,Bpos:48.6,Bstd:26.5,StrandBias:1.0,Multiplicity:1.12
0.001	0.001	0.997	0.001
0.754	0.001	0.114	0.131
0.117	0.001	0.881	0.001
0.001	0.997	0.001	0.001
0.997	0.001	0.001	0.001
0.997	0.001	0.001	0.001
0.001	0.001	0.001	0.997
0.001	0.938	0.060	0.001
>AGCCCATC	5-AGCCCATC	8.236954	-9.159467	0	T:6.0(3.43%),B:624.0(0.42%),P:1e-3	Tpos:53.0,Tstd:29.5,Bpos:46.8,Bstd:26.5,StrandBias:1.0,Multiplicity:1.00
0.700	0.100	0.100	0.100
0.100	0.100	0.700	0.100
0.100	0.700	0.100	0.100
0.100	0.700	0.100	0.100
0.100	0.700	0.100	0.100
0.700	0.100	0.100	0.100
0.100	0.100	0.100	0.700
0.100	0.700	0.100	0.100
