>GAACAGCGAG	1-GAACAGCGAG	7.777496	-16.781040	0	T:27.0(15.43%),B:6975.0(4.66%),P:1e-7	Tpos:53.6,Tstd:27.4,Bpos:50.4,Bstd:25.4,StrandBias:0.5,Multiplicity:1.00
0.001	0.100	0.898	0.001
0.851	0.075	0.073	0.001
0.768	0.001	0.230	0.001
0.001	0.779	0.219	0.001
0.779	0.001	0.123	0.097
0.001	0.001	0.883	0.115
0.027	0.703	0.269	0.001
0.195	0.181	0.623	0.001
0.682	0.159	0.080	0.079
0.032	0.001	0.966	0.001
>ATACTGGTMG	2-ATACTGGTMG	9.691940	-15.526798	0	T:5.0(2.86%),B:103.0(0.07%),P:1e-6	Tpos:36.9,Tstd:27.2,Bpos:47.4,Bstd:26.3,StrandBias:2.6,Multiplicity:1.40
0.869	0.129	0.001	0.001
0.001	0.233	0.001	0.765
0.728	0.116	0.001	0.155
0.001	0.668	0.330	0.001
0.001	0.001	0.001	0.997
0.001	0.001	0.997	0.001
0.001	0.001	0.997	0.001
0.001	0.124	0.001	0.874
0.446	0.405	0.001	0.148
0.116	0.129	0.754	0.001
>GCACACCGGA	3-GCACACCGGA	10.850972	-15.379104	0	T:6.0(3.43%),B:207.0(0.14%),P:1e-6	Tpos:57.0,Tstd:29.7,Bpos:50.7,Bstd:25.4,StrandBias:-1.3,Multiplicity:1.17
0.001	0.001	0.997	0.001
0.001	0.997	0.001	0.001
0.715	0.142	0.001	0.142
0.001	0.997	0.001	0.001
0.997	0.001	0.001	0.001
0.001	0.997	0.001	0.001
0.001	0.879	0.001	0.119
0.001	0.181	0.700	0.118
0.001	0.157	0.841	0.001
0.997	0.001	0.001	0.001
>TATAWWWWAW	4-TATAWWWWAW	6.530470	-6.546105	0	T:7.0(4.00%),B:1404.0(0.94%),P:1e-2	Tpos:74.0,Tstd:22.7,Bpos:49.0,Bstd:26.9,StrandBias:-0.5,Multiplicity:1.14
0.167	0.037	0.045	0.751
0.482	0.187	0.313	0.018
0.031	0.188	0.199	0.582
0.656	0.061	0.033	0.250
0.472	0.017	0.087	0.425
0.440	0.036	0.098	0.426
0.298	0.061	0.214	0.427
0.411	0.042	0.016	0.531
0.629	0.313	0.053	0.005
0.353	0.120	0.056	0.471
>TGTACCAGTC	5-TGTACCAGTC	10.296193	-4.194186	0	T:1.0(0.57%),B:13.0(0.01%),P:1e-1	Tpos:61.5,Tstd:23.8,Bpos:59.0,Bstd:24.3,StrandBias:10.0,Multiplicity:4.00
0.100	0.100	0.100	0.700
0.100	0.100	0.700	0.100
0.100	0.100	0.100	0.700
0.700	0.100	0.100	0.100
0.100	0.700	0.100	0.100
0.100	0.700	0.100	0.100
0.700	0.100	0.100	0.100
0.100	0.100	0.700	0.100
0.100	0.100	0.100	0.700
0.100	0.700	0.100	0.100
