>GCCGCTAG	1-GCCGCTAG	7.488666	-14.170709	0	T:17.0(9.71%),B:3421.0(2.29%),P:1e-6	Tpos:55.0,Tstd:26.3,Bpos:49.3,Bstd:25.2,StrandBias:1.2,Multiplicity:1.06
0.081	0.001	0.917	0.001
0.001	0.997	0.001	0.001
0.001	0.842	0.078	0.079
0.172	0.173	0.654	0.001
0.001	0.997	0.001	0.001
0.071	0.001	0.068	0.860
0.887	0.079	0.033	0.001
0.097	0.001	0.901	0.001
>TCCCTCGC	2-TCCCTCGC	6.578581	-13.766880	0	T:38.0(21.71%),B:14193.0(9.48%),P:1e-5	Tpos:47.1,Tstd:25.9,Bpos:50.1,Bstd:27.2,StrandBias:0.2,Multiplicity:1.13
0.232	0.176	0.020	0.572
0.001	0.811	0.187	0.001
0.140	0.523	0.336	0.001
0.035	0.963	0.001	0.001
0.001	0.153	0.001	0.845
0.001	0.695	0.174	0.130
0.118	0.308	0.484	0.091
0.001	0.997	0.001	0.001
>CCAACTAA	3-CCAACTAA	6.329975	-10.804586	0	T:21.0(12.00%),B:6368.0(4.25%),P:1e-4	Tpos:53.3,Tstd:24.3,Bpos:50.3,Bstd:27.3,StrandBias:0.3,Multiplicity:1.29
0.001	0.935	0.001	0.063
0.114	0.884	0.001	0.001
0.848	0.060	0.001	0.091
0.885	0.067	0.047	0.001
0.047	0.832	0.056	0.065
0.001	0.152	0.001	0.846
0.917	0.039	0.043	0.001
0.923	0.075	0.001	0.001
>CGCGTTTC	4-CGCGTTTC	6.291044	-7.163052	0	T:13.0(7.43%),B:3918.0(2.62%),P:1e-3	Tpos:42.2,Tstd:28.3,Bpos:49.8,Bstd:27.1,StrandBias:-0.5,Multiplicity:1.46
0.100	0.700	0.100	0.100
0.100	0.100	0.700	0.100
0.100	0.700	0.100	0.100
0.100	0.100	0.700	0.100
0.100	0.100	0.100	0.700
0.100	0.100	0.100	0.700
0.100	0.100	0.100	0.700
0.100	0.700	0.100	0.100
>AAAAAAAA	5-AAAAAAAA	8.387997	-6.794347	0	T:10.0(5.71%),B:2617.0(1.75%),P:1e-2	Tpos:76.4,Tstd:21.3,Bpos:51.8,Bstd:26.4,StrandBias:-1.7,Multiplicity:1.00
0.893	0.001	0.082	0.024
0.951	0.001	0.001	0.047
0.997	0.001	0.001	0.001
0.997	0.001	0.001	0.001
0.997	0.001	0.001	0.001
0.997	0.001	0.001	0.001
0.908	0.001	0.090	0.001
0.767	0.088	0.144	0.001
