>GCGGCGCCCAGA	1-GCGGCGCCCAGA	10.920803	-23.839130	0	T:7.0(4.00%),B:99.0(0.07%),P:1e-10	Tpos:50.9,Tstd:29.7,Bpos:54.3,Bstd:26.2,StrandBias:0.0,Multiplicity:1.14
0.001	0.293	0.705	0.001
0.122	0.876	0.001	0.001
0.001	0.094	0.904	0.001
0.001	0.094	0.750	0.155
0.001	0.860	0.001	0.138
0.001	0.154	0.844	0.001
0.001	0.997	0.001	0.001
0.001	0.844	0.001	0.154
0.154	0.844	0.001	0.001
0.844	0.001	0.154	0.001
0.001	0.006	0.992	0.001
0.558	0.131	0.001	0.310
>AAAGCTGCCTTT	2-AAAGCTGCCTTT	14.189110	-22.149437	0	T:5.0(2.86%),B:27.0(0.02%),P:1e-9	Tpos:28.2,Tstd:17.3,Bpos:49.4,Bstd:27.5,StrandBias:0.6,Multiplicity:1.00
0.997	0.001	0.001	0.001
0.997	0.001	0.001	0.001
0.997	0.001	0.001	0.001
0.001	0.001	0.997	0.001
0.249	0.749	0.001	0.001
0.001	0.001	0.001	0.997
0.001	0.001	0.997	0.001
0.001	0.815	0.183	0.001
0.001	0.800	0.001	0.198
0.001	0.001	0.001	0.997
0.001	0.001	0.189	0.809
0.001	0.001	0.001	0.997
>CTCTGAGCAGAG	3-CTCTGAGCAGAG	9.881023	-18.371723	0	T:11.0(6.29%),B:882.0(0.59%),P:1e-7	Tpos:60.2,Tstd:27.2,Bpos:51.2,Bstd:26.1,StrandBias:-0.7,Multiplicity:1.18
0.237	0.761	0.001	0.001
0.301	0.080	0.119	0.499
0.001	0.997	0.001	0.001
0.001	0.001	0.001	0.997
0.256	0.168	0.476	0.100
0.729	0.100	0.083	0.088
0.001	0.001	0.997	0.001
0.293	0.705	0.001	0.001
0.997	0.001	0.001	0.001
0.001	0.274	0.724	0.001
0.693	0.001	0.119	0.187
0.001	0.001	0.880	0.118
>GCGGAGCCTHGT	4-GCGGAGCCTHGT	13.929595	-17.210291	0	T:4.0(2.29%),B:26.0(0.02%),P:1e-7	Tpos:52.4,Tstd:27.7,Bpos:58.0,Bstd:26.6,StrandBias:2.8,Multiplicity:2.00
0.001	0.001	0.997	0.001
0.001	0.997	0.001	0.001
0.001	0.001	0.997	0.001
0.001	0.001	0.997	0.001
0.997	0.001	0.001	0.001
0.001	0.001	0.997	0.001
0.001	0.639	0.001	0.359
0.001	0.997	0.001	0.001
0.001	0.001	0.001	0.997
0.286	0.301	0.001	0.412
0.001	0.001	0.639	0.359
0.001	0.412	0.001	0.586
>GTGCAGACTCTC	5-GTGCAGACTCTC	14.489208	-13.952523	0	T:3.0(1.71%),B:15.0(0.01%),P:1e-6	Tpos:33.8,Tstd:26.9,Bpos:47.1,Bstd:27.7,StrandBias:-2.0,Multiplicity:1.67
0.001	0.001	0.997	0.001
0.001	0.229	0.001	0.769
0.001	0.001	0.997	0.001
0.001	0.997	0.001	0.001
0.710	0.288	0.001	0.001
0.001	0.001	0.997	0.001
0.997	0.001	0.001	0.001
0.001	0.778	0.001	0.220
0.001	0.001	0.001	0.997
0.001	0.997	0.001	0.001
0.001	0.001	0.001	0.997
0.001	0.997	0.001	0.001
>TGCGCCATCATG	6-TGCGCCATCATG	12.355432	-6.059604	0	T:1.0(0.57%),B:2.0(0.00%),P:1e-2	Tpos:45.0,Tstd:8.2,Bpos:86.5,Bstd:2.5,StrandBias:10.0,Multiplicity:3.00
0.100	0.100	0.100	0.700
0.100	0.100	0.700	0.100
0.100	0.700	0.100	0.100
0.100	0.100	0.700	0.100
0.100	0.700	0.100	0.100
0.100	0.700	0.100	0.100
0.700	0.100	0.100	0.100
0.100	0.100	0.100	0.700
0.100	0.700	0.100	0.100
0.700	0.100	0.100	0.100
0.100	0.100	0.100	0.700
0.100	0.100	0.700	0.100
>AAAAAAAAAAAA	7-AAAAAAAAAAAA	10.708341	-4.278606	0	T:5.0(2.86%),B:1198.0(0.80%),P:1e-1	Tpos:50.3,Tstd:23.2,Bpos:52.9,Bstd:24.6,StrandBias:0.0,Multiplicity:1.20
0.773	0.039	0.001	0.187
0.842	0.109	0.001	0.048
0.880	0.037	0.001	0.082
0.732	0.080	0.046	0.142
0.963	0.035	0.001	0.001
0.932	0.002	0.001	0.065
0.817	0.100	0.001	0.082
0.804	0.038	0.001	0.157
0.852	0.146	0.001	0.001
0.814	0.037	0.001	0.148
0.831	0.034	0.134	0.001
0.783	0.079	0.076	0.062
