>TCCGCGGT	1-TCCGCGGT	8.161809	-14.043213	0	T:7.0(13.46%),B:1461.0(0.98%),P:1e-6	Tpos:61.2,Tstd:18.6,Bpos:51.1,Bstd:26.6,StrandBias:0.7,Multiplicity:1.14
0.001	0.001	0.001	0.997
0.001	0.997	0.001	0.001
0.001	0.874	0.001	0.124
0.132	0.139	0.728	0.001
0.001	0.742	0.001	0.256
0.001	0.190	0.808	0.001
0.001	0.001	0.997	0.001
0.001	0.001	0.001	0.997
>TCCTCATT	2-TCCTCATT	6.819301	-10.088427	0	T:12.0(23.08%),B:8824.0(5.93%),P:1e-4	Tpos:42.8,Tstd:23.7,Bpos:49.8,Bstd:27.6,StrandBias:1.7,Multiplicity:1.42
0.136	0.001	0.001	0.862
0.001	0.997	0.001	0.001
0.001	0.909	0.001	0.089
0.001	0.106	0.169	0.724
0.126	0.703	0.001	0.170
0.755	0.227	0.001	0.017
0.001	0.156	0.001	0.842
0.021	0.003	0.216	0.760
>TGTGTCAA	3-TGTGTCAA	6.291044	-7.992707	0	T:14.0(26.92%),B:14496.0(9.74%),P:1e-3	Tpos:57.5,Tstd:34.1,Bpos:50.3,Bstd:26.5,StrandBias:0.6,Multiplicity:1.07
0.100	0.100	0.100	0.700
0.100	0.100	0.700	0.100
0.100	0.100	0.100	0.700
0.100	0.100	0.700	0.100
0.100	0.100	0.100	0.700
0.100	0.700	0.100	0.100
0.700	0.100	0.100	0.100
0.700	0.100	0.100	0.100
>CCATCTTT	4-CCATCTTT	9.155480	-6.455730	0	T:5.0(9.62%),B:2423.0(1.63%),P:1e-2	Tpos:55.4,Tstd:20.9,Bpos:49.6,Bstd:27.2,StrandBias:2.6,Multiplicity:1.40
0.001	0.616	0.382	0.001
0.001	0.997	0.001	0.001
0.997	0.001	0.001	0.001
0.001	0.001	0.001	0.997
0.001	0.557	0.385	0.057
0.001	0.001	0.001	0.997
0.001	0.001	0.001	0.997
0.001	0.001	0.001	0.997
>TTTTWTCT	5-TTTTWTCT	4.276052	-4.108798	0	T:26.0(50.00%),B:51647.0(34.69%),P:1e-1	Tpos:37.2,Tstd:26.3,Bpos:50.3,Bstd:27.0,StrandBias:-1.5,Multiplicity:1.40
0.017	0.108	0.078	0.797
0.019	0.091	0.087	0.803
0.039	0.057	0.096	0.808
0.157	0.110	0.094	0.639
0.468	0.001	0.009	0.522
0.193	0.069	0.115	0.623
0.105	0.563	0.071	0.261
0.104	0.059	0.070	0.767
