>AACAGATT	1-AACAGATT	6.215410	-17.675764	0	T:14.0(26.92%),B:6262.0(4.21%),P:1e-7	Tpos:55.5,Tstd:23.7,Bpos:50.1,Bstd:27.0,StrandBias:-2.0,Multiplicity:1.07
0.997	0.001	0.001	0.001
0.799	0.001	0.094	0.106
0.001	0.895	0.103	0.001
0.997	0.001	0.001	0.001
0.085	0.085	0.702	0.128
0.776	0.067	0.085	0.072
0.001	0.001	0.001	0.997
0.001	0.001	0.076	0.922
>AGCCTGAT	2-AGCCTGAT	7.600511	-16.657443	0	T:11.0(21.15%),B:3738.0(2.51%),P:1e-7	Tpos:64.8,Tstd:17.2,Bpos:50.0,Bstd:27.5,StrandBias:-1.4,Multiplicity:1.00
0.902	0.001	0.001	0.096
0.001	0.001	0.997	0.001
0.105	0.893	0.001	0.001
0.129	0.708	0.162	0.001
0.078	0.001	0.001	0.920
0.001	0.001	0.881	0.117
0.951	0.001	0.047	0.001
0.058	0.076	0.045	0.821
>AAAGCTTC	3-AAAGCTTC	7.435007	-11.494795	0	T:11.0(21.15%),B:6355.0(4.27%),P:1e-4	Tpos:38.4,Tstd:30.4,Bpos:50.0,Bstd:27.7,StrandBias:-0.4,Multiplicity:1.30
0.890	0.001	0.001	0.108
0.865	0.071	0.063	0.001
0.927	0.001	0.071	0.001
0.001	0.093	0.905	0.001
0.001	0.997	0.001	0.001
0.080	0.072	0.149	0.699
0.001	0.001	0.001	0.997
0.105	0.791	0.001	0.103
>ACAGACAA	4-ACAGACAA	6.736528	-9.558800	0	T:15.0(28.85%),B:14195.0(9.53%),P:1e-4	Tpos:41.4,Tstd:28.4,Bpos:49.6,Bstd:27.6,StrandBias:1.9,Multiplicity:1.13
0.555	0.070	0.196	0.179
0.001	0.735	0.260	0.004
0.989	0.009	0.001	0.001
0.001	0.145	0.853	0.001
0.818	0.001	0.177	0.004
0.064	0.883	0.052	0.001
0.762	0.066	0.005	0.167
0.595	0.401	0.001	0.003
>GBCTCCGC	5-GBCTCCGC	6.676994	-8.223560	0	T:10.0(19.23%),B:7618.0(5.12%),P:1e-3	Tpos:57.8,Tstd:27.4,Bpos:50.1,Bstd:27.1,StrandBias:-0.3,Multiplicity:1.10
0.001	0.068	0.793	0.138
0.049	0.308	0.288	0.355
0.001	0.844	0.093	0.062
0.166	0.035	0.075	0.724
0.001	0.780	0.023	0.196
0.004	0.781	0.073	0.142
0.094	0.008	0.817	0.081
0.001	0.897	0.077	0.025
