>AAAGGCCC	1-AAAGGCCC	7.193007	-15.961476	0	T:14.0(26.92%),B:7195.0(4.83%),P:1e-6	Tpos:55.8,Tstd:17.2,Bpos:50.2,Bstd:27.5,StrandBias:-1.1,Multiplicity:1.00
0.937	0.061	0.001	0.001
0.770	0.067	0.049	0.114
0.711	0.001	0.192	0.096
0.001	0.001	0.909	0.089
0.001	0.064	0.934	0.001
0.001	0.921	0.077	0.001
0.001	0.937	0.001	0.061
0.054	0.944	0.001	0.001
>CAGCCCCT	2-CAGCCCCT	7.943183	-14.671375	0	T:15.0(28.85%),B:9312.0(6.25%),P:1e-6	Tpos:60.1,Tstd:28.9,Bpos:49.7,Bstd:26.9,StrandBias:-0.5,Multiplicity:1.13
0.001	0.746	0.252	0.001
0.997	0.001	0.001	0.001
0.001	0.001	0.997	0.001
0.001	0.997	0.001	0.001
0.001	0.879	0.119	0.001
0.238	0.600	0.001	0.161
0.001	0.997	0.001	0.001
0.173	0.001	0.001	0.825
>CACMCTCA	3-CACMCTCA	6.750294	-10.254749	0	T:13.0(25.00%),B:10163.0(6.83%),P:1e-4	Tpos:47.1,Tstd:23.3,Bpos:49.9,Bstd:27.4,StrandBias:1.0,Multiplicity:1.15
0.129	0.726	0.144	0.001
0.916	0.001	0.001	0.082
0.001	0.626	0.372	0.001
0.433	0.380	0.081	0.106
0.302	0.685	0.012	0.001
0.022	0.080	0.001	0.897
0.001	0.892	0.106	0.001
0.907	0.091	0.001	0.001
>GTGCGTGC	4-GTGCGTGC	8.517607	-5.552448	0	T:3.0(5.77%),B:897.0(0.60%),P:1e-2	Tpos:54.0,Tstd:21.7,Bpos:48.7,Bstd:26.0,StrandBias:3.3,Multiplicity:3.67
0.001	0.001	0.997	0.001
0.001	0.001	0.001	0.997
0.144	0.001	0.854	0.001
0.001	0.997	0.001	0.001
0.001	0.001	0.997	0.001
0.001	0.001	0.001	0.997
0.001	0.001	0.997	0.001
0.001	0.907	0.001	0.091
>GCACGCAT	5-GCACGCAT	8.545153	-4.313937	0	T:2.0(3.85%),B:500.0(0.34%),P:1e-1	Tpos:44.2,Tstd:27.8,Bpos:48.6,Bstd:25.0,StrandBias:-2.3,Multiplicity:2.50
0.001	0.001	0.997	0.001
0.001	0.997	0.001	0.001
0.900	0.001	0.098	0.001
0.001	0.901	0.001	0.097
0.001	0.001	0.997	0.001
0.001	0.997	0.001	0.001
0.902	0.001	0.096	0.001
0.001	0.001	0.001	0.997
