>TCCCGGTC	1-TCCCGGTC	7.658394	-19.373093	0	T:12.0(23.08%),B:3646.0(2.45%),P:1e-8	Tpos:40.0,Tstd:17.4,Bpos:49.4,Bstd:27.2,StrandBias:-1.0,Multiplicity:1.00
0.001	0.001	0.001	0.997
0.001	0.851	0.147	0.001
0.001	0.997	0.001	0.001
0.180	0.710	0.109	0.001
0.078	0.139	0.719	0.064
0.001	0.001	0.997	0.001
0.001	0.001	0.001	0.997
0.152	0.846	0.001	0.001
>AABTATGC	2-AABTATGC	5.909387	-14.524160	0	T:11.0(21.15%),B:4634.0(3.11%),P:1e-6	Tpos:48.8,Tstd:27.3,Bpos:49.8,Bstd:26.9,StrandBias:0.0,Multiplicity:1.09
0.839	0.001	0.001	0.159
0.604	0.289	0.056	0.051
0.125	0.282	0.287	0.307
0.259	0.178	0.001	0.562
0.626	0.001	0.283	0.090
0.287	0.059	0.046	0.608
0.137	0.001	0.775	0.087
0.001	0.515	0.138	0.346
>TCCTTRWG	3-TCCTTRWG	7.649275	-11.554909	0	T:10.0(19.23%),B:5112.0(3.43%),P:1e-5	Tpos:56.3,Tstd:21.6,Bpos:49.5,Bstd:27.3,StrandBias:-0.3,Multiplicity:1.10
0.001	0.001	0.001	0.997
0.001	0.657	0.001	0.341
0.001	0.997	0.001	0.001
0.001	0.001	0.001	0.997
0.001	0.001	0.001	0.997
0.488	0.101	0.410	0.001
0.468	0.041	0.001	0.490
0.001	0.001	0.997	0.001
>ACAATGTA	4-ACAATGTA	6.092107	-9.727524	0	T:13.0(25.00%),B:10695.0(7.18%),P:1e-4	Tpos:60.4,Tstd:17.9,Bpos:50.4,Bstd:24.9,StrandBias:0.8,Multiplicity:1.23
0.880	0.001	0.001	0.118
0.076	0.689	0.095	0.140
0.890	0.108	0.001	0.001
0.837	0.056	0.001	0.106
0.001	0.001	0.001	0.997
0.001	0.001	0.881	0.117
0.001	0.001	0.001	0.997
0.923	0.075	0.001	0.001
>GCTTCGAA	5-GCTTCGAA	10.670336	-7.202348	0	T:2.0(3.85%),B:113.0(0.08%),P:1e-3	Tpos:34.3,Tstd:1.2,Bpos:51.3,Bstd:27.4,StrandBias:1.0,Multiplicity:1.00
0.001	0.001	0.997	0.001
0.327	0.671	0.001	0.001
0.001	0.001	0.001	0.997
0.001	0.001	0.001	0.997
0.001	0.997	0.001	0.001
0.001	0.001	0.997	0.001
0.997	0.001	0.001	0.001
0.997	0.001	0.001	0.001
