>AKGCAGGTCATC	1-AKGCAGGTCATC	11.793297	-21.637273	0	T:5.0(9.62%),B:103.0(0.07%),P:1e-9	Tpos:69.4,Tstd:7.7,Bpos:52.0,Bstd:27.7,StrandBias:0.6,Multiplicity:1.00
0.997	0.001	0.001	0.001
0.001	0.001	0.509	0.489
0.001	0.001	0.997	0.001
0.001	0.757	0.241	0.001
0.515	0.242	0.001	0.242
0.001	0.002	0.996	0.001
0.001	0.001	0.997	0.001
0.001	0.001	0.025	0.973
0.001	0.752	0.246	0.001
0.729	0.269	0.001	0.001
0.001	0.241	0.001	0.757
0.001	0.997	0.001	0.001
>YTRGGAHYATAV	2-YTRGGAHYATAV	6.132165	-12.741582	0	T:17.0(32.69%),B:13963.0(9.38%),P:1e-5	Tpos:49.1,Tstd:28.6,Bpos:49.7,Bstd:26.4,StrandBias:-0.8,Multiplicity:1.12
0.112	0.393	0.064	0.431
0.406	0.001	0.001	0.592
0.340	0.001	0.436	0.223
0.226	0.114	0.659	0.001
0.001	0.290	0.706	0.003
0.789	0.209	0.001	0.001
0.331	0.223	0.176	0.270
0.001	0.508	0.001	0.490
0.843	0.001	0.001	0.155
0.001	0.001	0.322	0.676
0.656	0.114	0.229	0.001
0.276	0.335	0.389	0.001
>GTGCGCTCKCGC	3-GTGCGCTCKCGC	7.090272	-8.237161	0	T:4.0(7.69%),B:881.0(0.59%),P:1e-3	Tpos:55.0,Tstd:12.9,Bpos:51.0,Bstd:23.1,StrandBias:0.3,Multiplicity:2.00
0.001	0.001	0.997	0.001
0.001	0.015	0.018	0.966
0.023	0.001	0.975	0.001
0.001	0.740	0.041	0.218
0.001	0.001	0.997	0.001
0.001	0.789	0.001	0.209
0.194	0.001	0.275	0.530
0.001	0.804	0.001	0.194
0.012	0.001	0.457	0.530
0.001	0.997	0.001	0.001
0.001	0.001	0.997	0.001
0.001	0.997	0.001	0.001
>CTAAGAAGCATC	4-CTAAGAAGCATC	12.355432	-7.959817	0	T:1.0(1.92%),B:1.0(0.00%),P:1e-3	Tpos:32.0,Tstd:0.0,Bpos:21.0,Bstd:0.0,StrandBias:10.0,Multiplicity:1.00
0.100	0.700	0.100	0.100
0.100	0.100	0.100	0.700
0.700	0.100	0.100	0.100
0.700	0.100	0.100	0.100
0.100	0.100	0.700	0.100
0.700	0.100	0.100	0.100
0.700	0.100	0.100	0.100
0.100	0.100	0.700	0.100
0.100	0.700	0.100	0.100
0.700	0.100	0.100	0.100
0.100	0.100	0.100	0.700
0.100	0.700	0.100	0.100
>GTAGGATGGCCT	5-GTAGGATGGCCT	12.355432	-7.266841	0	T:1.0(1.92%),B:2.0(0.00%),P:1e-3	Tpos:87.0,Tstd:0.0,Bpos:54.0,Bstd:14.0,StrandBias:-10.0,Multiplicity:1.00
0.100	0.100	0.700	0.100
0.100	0.100	0.100	0.700
0.700	0.100	0.100	0.100
0.100	0.100	0.700	0.100
0.100	0.100	0.700	0.100
0.700	0.100	0.100	0.100
0.100	0.100	0.100	0.700
0.100	0.100	0.700	0.100
0.100	0.100	0.700	0.100
0.100	0.700	0.100	0.100
0.100	0.700	0.100	0.100
0.100	0.100	0.100	0.700
>CGTGGCCAGGCA	6-CGTGGCCAGGCA	12.355432	-7.266841	0	T:1.0(1.92%),B:2.0(0.00%),P:1e-3	Tpos:8.0,Tstd:0.0,Bpos:88.0,Bstd:4.0,StrandBias:10.0,Multiplicity:1.00
0.100	0.700	0.100	0.100
0.100	0.100	0.700	0.100
0.100	0.100	0.100	0.700
0.100	0.100	0.700	0.100
0.100	0.100	0.700	0.100
0.100	0.700	0.100	0.100
0.100	0.700	0.100	0.100
0.700	0.100	0.100	0.100
0.100	0.100	0.700	0.100
0.100	0.100	0.700	0.100
0.100	0.700	0.100	0.100
0.700	0.100	0.100	0.100
>GTTAGAGTGTTC	7-GTTAGAGTGTTC	12.355432	-7.266841	0	T:1.0(1.92%),B:2.0(0.00%),P:1e-3	Tpos:20.0,Tstd:0.0,Bpos:49.0,Bstd:24.0,StrandBias:10.0,Multiplicity:1.00
0.100	0.100	0.700	0.100
0.100	0.100	0.100	0.700
0.100	0.100	0.100	0.700
0.700	0.100	0.100	0.100
0.100	0.100	0.700	0.100
0.700	0.100	0.100	0.100
0.100	0.100	0.700	0.100
0.100	0.100	0.100	0.700
0.100	0.100	0.700	0.100
0.100	0.100	0.100	0.700
0.100	0.100	0.100	0.700
0.100	0.700	0.100	0.100
>AAAATACACAGA	8-AAAATACACAGA	12.355432	-7.266841	0	T:1.0(1.92%),B:2.0(0.00%),P:1e-3	Tpos:94.0,Tstd:0.0,Bpos:38.0,Bstd:31.0,StrandBias:10.0,Multiplicity:1.00
0.700	0.100	0.100	0.100
0.700	0.100	0.100	0.100
0.700	0.100	0.100	0.100
0.700	0.100	0.100	0.100
0.100	0.100	0.100	0.700
0.700	0.100	0.100	0.100
0.100	0.700	0.100	0.100
0.700	0.100	0.100	0.100
0.100	0.700	0.100	0.100
0.700	0.100	0.100	0.100
0.100	0.100	0.700	0.100
0.700	0.100	0.100	0.100
