>CCMTAVTGGYSS	1-CCMTAVTGGYSS	9.838478	-10.121831	0	T:4.0(7.69%),B:538.0(0.36%),P:1e-4	Tpos:35.8,Tstd:21.1,Bpos:49.4,Bstd:23.9,StrandBias:0.0,Multiplicity:1.00
0.001	0.973	0.013	0.013
0.001	0.720	0.012	0.267
0.434	0.564	0.001	0.001
0.001	0.001	0.001	0.997
0.664	0.001	0.001	0.334
0.423	0.297	0.280	0.001
0.001	0.001	0.001	0.997
0.421	0.001	0.577	0.001
0.025	0.025	0.949	0.001
0.012	0.551	0.001	0.436
0.001	0.309	0.448	0.242
0.012	0.422	0.565	0.001
>TGCTAAGATTWA	2-TGCTAAGATTWA	5.379650	-9.886388	0	T:16.0(30.77%),B:15531.0(10.43%),P:1e-4	Tpos:55.2,Tstd:25.4,Bpos:49.8,Bstd:26.1,StrandBias:0.5,Multiplicity:1.19
0.001	0.001	0.122	0.876
0.246	0.001	0.630	0.123
0.001	0.753	0.001	0.245
0.123	0.123	0.123	0.631
0.630	0.001	0.246	0.123
0.753	0.123	0.123	0.001
0.123	0.001	0.630	0.246
0.630	0.001	0.123	0.246
0.123	0.123	0.001	0.753
0.246	0.246	0.001	0.507
0.385	0.123	0.123	0.369
0.876	0.001	0.122	0.001
>TGGAACTTCAAG	3-TGGAACTTCAAG	12.355432	-7.959817	0	T:1.0(1.92%),B:1.0(0.00%),P:1e-3	Tpos:11.0,Tstd:0.0,Bpos:15.0,Bstd:0.0,StrandBias:-10.0,Multiplicity:1.00
0.100	0.100	0.100	0.700
0.100	0.100	0.700	0.100
0.100	0.100	0.700	0.100
0.700	0.100	0.100	0.100
0.700	0.100	0.100	0.100
0.100	0.700	0.100	0.100
0.100	0.100	0.100	0.700
0.100	0.100	0.100	0.700
0.100	0.700	0.100	0.100
0.700	0.100	0.100	0.100
0.700	0.100	0.100	0.100
0.100	0.100	0.700	0.100
>GTATACAAGTTG	4-GTATACAAGTTG	12.355432	-7.959817	0	T:1.0(1.92%),B:1.0(0.00%),P:1e-3	Tpos:58.0,Tstd:0.0,Bpos:80.0,Bstd:0.0,StrandBias:10.0,Multiplicity:1.00
0.100	0.100	0.700	0.100
0.100	0.100	0.100	0.700
0.700	0.100	0.100	0.100
0.100	0.100	0.100	0.700
0.700	0.100	0.100	0.100
0.100	0.700	0.100	0.100
0.700	0.100	0.100	0.100
0.700	0.100	0.100	0.100
0.100	0.100	0.700	0.100
0.100	0.100	0.100	0.700
0.100	0.100	0.100	0.700
0.100	0.100	0.700	0.100
>GCCTGGCAACGC	5-GCCTGGCAACGC	12.355432	-7.266841	0	T:1.0(1.92%),B:2.0(0.00%),P:1e-3	Tpos:72.0,Tstd:0.0,Bpos:69.0,Bstd:7.0,StrandBias:-10.0,Multiplicity:1.00
0.100	0.100	0.700	0.100
0.100	0.700	0.100	0.100
0.100	0.700	0.100	0.100
0.100	0.100	0.100	0.700
0.100	0.100	0.700	0.100
0.100	0.100	0.700	0.100
0.100	0.700	0.100	0.100
0.700	0.100	0.100	0.100
0.700	0.100	0.100	0.100
0.100	0.700	0.100	0.100
0.100	0.100	0.700	0.100
0.100	0.700	0.100	0.100
>GAATCAGGCTCT	6-GAATCAGGCTCT	12.355432	-7.266841	0	T:1.0(1.92%),B:2.0(0.00%),P:1e-3	Tpos:92.0,Tstd:0.0,Bpos:67.5,Bstd:1.5,StrandBias:-10.0,Multiplicity:1.00
0.100	0.100	0.700	0.100
0.700	0.100	0.100	0.100
0.700	0.100	0.100	0.100
0.100	0.100	0.100	0.700
0.100	0.700	0.100	0.100
0.700	0.100	0.100	0.100
0.100	0.100	0.700	0.100
0.100	0.100	0.700	0.100
0.100	0.700	0.100	0.100
0.100	0.100	0.100	0.700
0.100	0.700	0.100	0.100
0.100	0.100	0.100	0.700
>GAAGTGGTCTAA	7-GAAGTGGTCTAA	12.355432	-7.266841	0	T:1.0(1.92%),B:2.0(0.00%),P:1e-3	Tpos:63.0,Tstd:0.0,Bpos:66.5,Bstd:11.5,StrandBias:10.0,Multiplicity:1.00
0.100	0.100	0.700	0.100
0.700	0.100	0.100	0.100
0.700	0.100	0.100	0.100
0.100	0.100	0.700	0.100
0.100	0.100	0.100	0.700
0.100	0.100	0.700	0.100
0.100	0.100	0.700	0.100
0.100	0.100	0.100	0.700
0.100	0.700	0.100	0.100
0.100	0.100	0.100	0.700
0.700	0.100	0.100	0.100
0.700	0.100	0.100	0.100
>AGAAGTATGAAC	8-AGAAGTATGAAC	12.355432	-7.266841	0	T:1.0(1.92%),B:2.0(0.00%),P:1e-3	Tpos:63.0,Tstd:0.0,Bpos:77.0,Bstd:3.0,StrandBias:-10.0,Multiplicity:1.00
0.700	0.100	0.100	0.100
0.100	0.100	0.700	0.100
0.700	0.100	0.100	0.100
0.700	0.100	0.100	0.100
0.100	0.100	0.700	0.100
0.100	0.100	0.100	0.700
0.700	0.100	0.100	0.100
0.100	0.100	0.100	0.700
0.100	0.100	0.700	0.100
0.700	0.100	0.100	0.100
0.700	0.100	0.100	0.100
0.100	0.700	0.100	0.100
