>TGAAAAGCAGCC	1-TGAAAAGCAGCC	11.320374	-21.875317	0	T:4.0(17.39%),B:1.9(0.08%),P:1e-9,FDR:0.4	Tpos:68.2,Tstd:9.4,Bpos:30.7,Bstd:13.8,StrandBias:0.0,Multiplicity:1.00
0.001	0.001	0.253	0.745
0.237	0.017	0.745	0.001
0.997	0.001	0.001	0.001
0.525	0.237	0.001	0.237
0.762	0.236	0.001	0.001
0.997	0.001	0.001	0.001
0.001	0.236	0.762	0.001
0.288	0.474	0.237	0.001
0.762	0.001	0.001	0.236
0.001	0.001	0.762	0.236
0.001	0.997	0.001	0.001
0.001	0.762	0.001	0.236
>AKCTGRGGCCTG	2-AKCTGRGGCCTG	13.072486	-15.745308	0	T:3.0(13.04%),B:1.2(0.05%),P:1e-6,FDR:1	Tpos:63.0,Tstd:21.2,Bpos:0.0,Bstd:0.0,StrandBias:1.0,Multiplicity:1.00
0.997	0.001	0.001	0.001
0.001	0.001	0.548	0.450
0.001	0.997	0.001	0.001
0.001	0.001	0.001	0.997
0.001	0.001	0.997	0.001
0.548	0.001	0.450	0.001
0.001	0.001	0.997	0.001
0.001	0.001	0.997	0.001
0.001	0.997	0.001	0.001
0.001	0.997	0.001	0.001
0.001	0.001	0.001	0.997
0.001	0.097	0.901	0.001
>BRCACWGGAGAS	3-BRCACWGGAGAS	6.044782	-11.551458	0	T:16.0(69.57%),B:578.3(25.17%),P:1e-5,FDR:1	Tpos:45.6,Tstd:33.0,Bpos:50.2,Bstd:41.2,StrandBias:-0.1,Multiplicity:1.44
0.088	0.303	0.230	0.379
0.454	0.003	0.316	0.227
0.154	0.691	0.154	0.001
0.532	0.158	0.079	0.231
0.003	0.842	0.079	0.076
0.378	0.151	0.001	0.470
0.001	0.001	0.997	0.001
0.001	0.075	0.923	0.001
0.769	0.001	0.229	0.001
0.226	0.001	0.772	0.001
0.609	0.075	0.315	0.001
0.155	0.385	0.385	0.076
>AGGAGGCCTCAG	4-AGGAGGCCTCAG	12.355432	-4.608651	0	T:1.0(4.35%),B:1.2(0.05%),P:1e-2,FDR:1	Tpos:40.0,Tstd:0.0,Bpos:74.5,Bstd:13.5,StrandBias:-10.0,Multiplicity:1.00
0.700	0.100	0.100	0.100
0.100	0.100	0.700	0.100
0.100	0.100	0.700	0.100
0.700	0.100	0.100	0.100
0.100	0.100	0.700	0.100
0.100	0.100	0.700	0.100
0.100	0.700	0.100	0.100
0.100	0.700	0.100	0.100
0.100	0.100	0.100	0.700
0.100	0.700	0.100	0.100
0.700	0.100	0.100	0.100
0.100	0.100	0.700	0.100
>CAAGCTTCTGGC	5-CAAGCTTCTGGC	12.355432	-3.920283	0	T:1.0(4.35%),B:2.7(0.12%),P:1e-1,FDR:1	Tpos:26.0,Tstd:0.0,Bpos:22.6,Bstd:13.9,StrandBias:10.0,Multiplicity:1.00
0.100	0.700	0.100	0.100
0.700	0.100	0.100	0.100
0.700	0.100	0.100	0.100
0.100	0.100	0.700	0.100
0.100	0.700	0.100	0.100
0.100	0.100	0.100	0.700
0.100	0.100	0.100	0.700
0.100	0.700	0.100	0.100
0.100	0.100	0.100	0.700
0.100	0.100	0.700	0.100
0.100	0.100	0.700	0.100
0.100	0.700	0.100	0.100
