>ATGGTTACCC	1-ATGGTTACCC	7.849193	-20.245748	0	T:6.0(28.57%),B:17.0(0.56%),P:1e-8	Tpos:45.2,Tstd:21.4,Bpos:55.9,Bstd:25.7,StrandBias:-0.3,Multiplicity:1.33
0.807	0.001	0.191	0.001
0.192	0.001	0.192	0.615
0.001	0.191	0.807	0.001
0.192	0.001	0.788	0.019
0.001	0.001	0.191	0.807
0.001	0.001	0.001	0.997
0.997	0.001	0.001	0.001
0.191	0.807	0.001	0.001
0.001	0.807	0.001	0.191
0.001	0.615	0.192	0.192
>CCGATTGCCT	2-CCGATTGCCT	8.454609	-16.937172	0	T:4.0(19.05%),B:5.0(0.17%),P:1e-7	Tpos:57.2,Tstd:28.2,Bpos:47.8,Bstd:26.2,StrandBias:1.6,Multiplicity:1.00
0.166	0.832	0.001	0.001
0.001	0.832	0.166	0.001
0.001	0.001	0.997	0.001
0.997	0.001	0.001	0.001
0.001	0.001	0.001	0.997
0.001	0.001	0.166	0.832
0.001	0.001	0.997	0.001
0.001	0.997	0.001	0.001
0.001	0.997	0.001	0.001
0.001	0.001	0.001	0.997
>GCAGGCCTYT	3-GCAGGCCTYT	5.406415	-14.245179	0	T:7.0(33.33%),B:78.0(2.58%),P:1e-6	Tpos:47.0,Tstd:27.6,Bpos:51.2,Bstd:29.0,StrandBias:0.4,Multiplicity:1.00
0.027	0.001	0.971	0.001
0.001	0.997	0.001	0.001
0.688	0.310	0.001	0.001
0.001	0.115	0.573	0.311
0.001	0.001	0.955	0.043
0.001	0.997	0.001	0.001
0.001	0.997	0.001	0.001
0.001	0.001	0.001	0.997
0.001	0.425	0.001	0.573
0.001	0.001	0.001	0.997
>GGGGAGGATT	4-GGGGAGGATT	9.112585	-9.882959	0	T:4.0(19.05%),B:30.0(0.99%),P:1e-4	Tpos:68.0,Tstd:15.7,Bpos:45.1,Bstd:26.2,StrandBias:-1.6,Multiplicity:1.00
0.001	0.001	0.997	0.001
0.028	0.001	0.970	0.001
0.001	0.001	0.735	0.263
0.263	0.001	0.735	0.001
0.997	0.001	0.001	0.001
0.001	0.001	0.997	0.001
0.001	0.339	0.613	0.047
0.997	0.001	0.001	0.001
0.001	0.001	0.001	0.997
0.386	0.001	0.001	0.612
>ACACACACAC	5-ACACACACAC	11.589659	-2.136620	0	T:1.0(4.76%),B:18.0(0.60%),P:1e0	Tpos:17.7,Tstd:9.7,Bpos:50.1,Bstd:27.7,StrandBias:10.0,Multiplicity:2.00
0.997	0.001	0.001	0.001
0.001	0.686	0.001	0.312
0.997	0.001	0.001	0.001
0.001	0.997	0.001	0.001
0.997	0.001	0.001	0.001
0.312	0.686	0.001	0.001
0.686	0.001	0.001	0.312
0.312	0.686	0.001	0.001
0.686	0.001	0.001	0.312
0.312	0.686	0.001	0.001
