>TAGAGGCA	1-TAGAGGCA	7.640296	-17.330926	0	T:8.0(47.06%),B:5107.0(3.36%),P:1e-7	Tpos:58.2,Tstd:21.1,Bpos:49.7,Bstd:27.0,StrandBias:-0.3,Multiplicity:1.12
0.079	0.050	0.068	0.803
0.860	0.138	0.001	0.001
0.001	0.001	0.997	0.001
0.886	0.001	0.001	0.112
0.103	0.001	0.895	0.001
0.001	0.001	0.904	0.094
0.001	0.869	0.001	0.129
0.874	0.001	0.124	0.001
>GTGAAACG	2-GTGAAACG	9.130739	-11.796237	0	T:3.0(17.65%),B:342.0(0.22%),P:1e-5	Tpos:51.8,Tstd:27.3,Bpos:45.2,Bstd:26.0,StrandBias:0.0,Multiplicity:1.33
0.001	0.001	0.997	0.001
0.001	0.001	0.001	0.997
0.001	0.001	0.688	0.310
0.997	0.001	0.001	0.001
0.997	0.001	0.001	0.001
0.749	0.249	0.001	0.001
0.001	0.835	0.163	0.001
0.001	0.001	0.997	0.001
>TGCGCATG	3-TGCGCATG	8.582522	-8.487950	0	T:4.0(23.53%),B:2736.0(1.80%),P:1e-3	Tpos:22.2,Tstd:4.6,Bpos:50.1,Bstd:24.8,StrandBias:0.0,Multiplicity:1.00
0.167	0.001	0.001	0.831
0.001	0.001	0.997	0.001
0.131	0.726	0.142	0.001
0.001	0.001	0.997	0.001
0.001	0.997	0.001	0.001
0.997	0.001	0.001	0.001
0.001	0.001	0.127	0.871
0.001	0.196	0.802	0.001
>CACGTCGA	4-CACGTCGA	8.236954	-5.769109	0	T:1.0(5.88%),B:28.0(0.02%),P:1e-2	Tpos:28.0,Tstd:0.0,Bpos:48.4,Bstd:24.6,StrandBias:-10.0,Multiplicity:1.00
0.100	0.700	0.100	0.100
0.700	0.100	0.100	0.100
0.100	0.700	0.100	0.100
0.100	0.100	0.700	0.100
0.100	0.100	0.100	0.700
0.100	0.700	0.100	0.100
0.100	0.100	0.700	0.100
0.700	0.100	0.100	0.100
>GATTAATC	5-GATTAATC	8.236954	-5.734071	0	T:1.0(5.88%),B:29.0(0.02%),P:1e-2	Tpos:78.5,Tstd:0.5,Bpos:52.0,Bstd:25.7,StrandBias:0.0,Multiplicity:1.00
0.100	0.100	0.700	0.100
0.700	0.100	0.100	0.100
0.100	0.100	0.100	0.700
0.100	0.100	0.100	0.700
0.700	0.100	0.100	0.100
0.700	0.100	0.100	0.100
0.100	0.100	0.100	0.700
0.100	0.700	0.100	0.100
