>AGGTACTCAACT	1-AGGTACTCAACT	9.505333	-31.333199	0	T:13.0(1.93%),B:2.0(0.08%),P:1e-13	Tpos:56.8,Tstd:22.1,Bpos:60.0,Bstd:0.0,StrandBias:-0.2,Multiplicity:1.00
0.997	0.001	0.001	0.001
0.001	0.077	0.845	0.077
0.001	0.230	0.768	0.001
0.154	0.077	0.154	0.615
0.922	0.076	0.001	0.001
0.077	0.845	0.001	0.077
0.001	0.001	0.001	0.997
0.154	0.691	0.154	0.001
0.922	0.001	0.001	0.076
0.768	0.001	0.154	0.077
0.153	0.845	0.001	0.001
0.001	0.076	0.001	0.922
>AGTCAGGAAGCA	2-AGTCAGGAAGCA	10.409522	-24.993019	0	T:9.0(1.34%),B:1.0(0.04%),P:1e-10	Tpos:64.9,Tstd:30.4,Bpos:41.0,Bstd:0.0,StrandBias:0.5,Multiplicity:1.33
0.700	0.100	0.100	0.100
0.100	0.100	0.700	0.100
0.100	0.100	0.100	0.700
0.100	0.700	0.100	0.100
0.700	0.100	0.100	0.100
0.100	0.100	0.700	0.100
0.100	0.100	0.700	0.100
0.700	0.100	0.100	0.100
0.700	0.100	0.100	0.100
0.100	0.100	0.700	0.100
0.100	0.700	0.100	0.100
0.700	0.100	0.100	0.100
>CATGGTTACCTG	3-CATGGTTACCTG	11.711080	-21.458873	0	T:8.0(1.19%),B:1.0(0.04%),P:1e-9	Tpos:59.5,Tstd:28.1,Bpos:47.0,Bstd:0.0,StrandBias:0.8,Multiplicity:1.38
0.001	0.977	0.001	0.021
0.997	0.001	0.001	0.001
0.001	0.149	0.001	0.849
0.001	0.001	0.849	0.149
0.149	0.149	0.701	0.001
0.149	0.001	0.001	0.849
0.149	0.001	0.171	0.679
0.849	0.001	0.149	0.001
0.001	0.997	0.001	0.001
0.171	0.827	0.001	0.001
0.215	0.022	0.001	0.762
0.154	0.022	0.823	0.001
>ACCCGCGTGGTG	4-ACCCGCGTGGTG	10.520735	-21.458873	0	T:8.0(1.19%),B:0.0(0.00%),P:1e-9	Tpos:49.8,Tstd:25.5,Bpos:0.0,Bstd:0.0,StrandBias:-1.0,Multiplicity:1.12
0.888	0.110	0.001	0.001
0.111	0.556	0.222	0.111
0.001	0.888	0.110	0.001
0.110	0.888	0.001	0.001
0.221	0.001	0.777	0.001
0.111	0.777	0.111	0.001
0.111	0.111	0.777	0.001
0.001	0.001	0.001	0.997
0.001	0.001	0.997	0.001
0.001	0.221	0.777	0.001
0.001	0.001	0.001	0.997
0.001	0.110	0.888	0.001
>TTGGTTGGCTGG	5-TTGGTTGGCTGG	12.926954	-8.386543	0	T:5.0(0.74%),B:2.0(0.08%),P:1e-3	Tpos:72.1,Tstd:21.3,Bpos:26.2,Bstd:26.7,StrandBias:3.8,Multiplicity:1.20
0.001	0.236	0.001	0.762
0.001	0.001	0.001	0.997
0.114	0.001	0.884	0.001
0.001	0.001	0.997	0.001
0.001	0.359	0.115	0.525
0.001	0.001	0.001	0.997
0.001	0.001	0.997	0.001
0.001	0.001	0.997	0.001
0.001	0.575	0.001	0.423
0.001	0.001	0.114	0.884
0.001	0.001	0.884	0.114
0.001	0.229	0.769	0.001
>CACAYACATACA	6-CACAYACATACA	9.854432	-5.425452	0	T:11.0(1.63%),B:16.0(0.63%),P:1e-2	Tpos:37.8,Tstd:18.0,Bpos:44.9,Bstd:32.3,StrandBias:1.4,Multiplicity:1.27
0.001	0.651	0.001	0.347
0.997	0.001	0.001	0.001
0.001	0.840	0.140	0.019
0.997	0.001	0.001	0.001
0.001	0.511	0.001	0.487
0.997	0.001	0.001	0.001
0.001	0.706	0.001	0.292
0.997	0.001	0.001	0.001
0.001	0.370	0.001	0.628
0.855	0.001	0.143	0.001
0.001	0.703	0.001	0.295
0.997	0.001	0.001	0.001
>TCTATCTATCTA	7-TCTATCTATCTA	8.463612	-2.900471	0	T:9.0(1.34%),B:18.0(0.71%),P:1e-1	Tpos:59.6,Tstd:24.2,Bpos:51.0,Bstd:26.9,StrandBias:2.4,Multiplicity:1.11
0.100	0.100	0.100	0.700
0.100	0.700	0.100	0.100
0.100	0.100	0.100	0.700
0.700	0.100	0.100	0.100
0.100	0.100	0.100	0.700
0.100	0.700	0.100	0.100
0.100	0.100	0.100	0.700
0.700	0.100	0.100	0.100
0.100	0.100	0.100	0.700
0.100	0.700	0.100	0.100
0.100	0.100	0.100	0.700
0.700	0.100	0.100	0.100
>TTTTTTTTTTTT	8-TTTTTTTTTTTT	16.115344	-2.350387	0	T:5.0(0.74%),B:9.0(0.36%),P:1e-1	Tpos:29.1,Tstd:10.7,Bpos:53.1,Bstd:23.4,StrandBias:-2.7,Multiplicity:1.00
0.001	0.050	0.001	0.948
0.001	0.055	0.001	0.943
0.001	0.076	0.001	0.922
0.001	0.076	0.001	0.922
0.001	0.048	0.001	0.950
0.001	0.048	0.001	0.950
0.001	0.048	0.001	0.950
0.001	0.001	0.001	0.997
0.001	0.001	0.001	0.997
0.001	0.001	0.001	0.997
0.001	0.001	0.048	0.950
0.001	0.001	0.029	0.969
