>GAGGAAGG	1-GAGGAAGG	6.743621	-23.702872	0	T:119.0(17.66%),B:241.0(9.53%),P:1e-10	Tpos:49.5,Tstd:26.1,Bpos:49.7,Bstd:26.3,StrandBias:0.1,Multiplicity:1.14
0.131	0.001	0.820	0.048
0.931	0.022	0.046	0.001
0.050	0.036	0.913	0.001
0.001	0.023	0.954	0.022
0.730	0.096	0.001	0.173
0.946	0.001	0.052	0.001
0.134	0.036	0.813	0.017
0.056	0.017	0.888	0.039
>CATATTAA	2-CATATTAA	5.538249	-21.063866	0	T:77.0(11.42%),B:136.0(5.38%),P:1e-9	Tpos:50.7,Tstd:25.9,Bpos:49.9,Bstd:26.5,StrandBias:-0.1,Multiplicity:1.13
0.096	0.708	0.043	0.153
0.690	0.215	0.027	0.068
0.054	0.179	0.056	0.711
0.657	0.100	0.120	0.123
0.056	0.112	0.083	0.749
0.027	0.090	0.022	0.861
0.796	0.059	0.104	0.041
0.839	0.075	0.043	0.043
>GAGGCGCC	3-GAGGCGCC	5.642486	-17.270749	0	T:41.0(6.08%),B:58.0(2.29%),P:1e-7	Tpos:48.3,Tstd:24.9,Bpos:51.4,Bstd:25.2,StrandBias:-0.7,Multiplicity:1.12
0.206	0.001	0.508	0.285
0.687	0.011	0.174	0.128
0.294	0.011	0.547	0.148
0.011	0.279	0.699	0.011
0.027	0.750	0.057	0.166
0.127	0.177	0.538	0.158
0.081	0.690	0.218	0.011
0.146	0.622	0.073	0.159
>RCCAAAAC	4-RCCAAAAC	6.703289	-17.009473	0	T:96.0(14.24%),B:203.0(8.03%),P:1e-7	Tpos:47.6,Tstd:26.3,Bpos:49.5,Bstd:26.7,StrandBias:-0.4,Multiplicity:1.69
0.524	0.001	0.474	0.001
0.127	0.555	0.317	0.001
0.376	0.622	0.001	0.001
0.997	0.001	0.001	0.001
0.997	0.001	0.001	0.001
0.997	0.001	0.001	0.001
0.754	0.093	0.152	0.001
0.001	0.746	0.031	0.222
>TATGKCCA	5-TATGKCCA	6.504925	-15.856534	0	T:56.0(8.31%),B:98.0(3.88%),P:1e-6	Tpos:55.3,Tstd:27.5,Bpos:51.9,Bstd:26.0,StrandBias:-0.2,Multiplicity:1.04
0.392	0.001	0.001	0.606
0.861	0.001	0.102	0.036
0.110	0.001	0.001	0.888
0.001	0.070	0.702	0.227
0.001	0.001	0.436	0.562
0.080	0.680	0.007	0.233
0.001	0.997	0.001	0.001
0.834	0.001	0.001	0.164
>GTATCTGG	6-GTATCTGG	7.911835	-14.287353	0	T:12.0(1.78%),B:7.0(0.28%),P:1e-6	Tpos:53.4,Tstd:25.7,Bpos:33.7,Bstd:20.8,StrandBias:-1.0,Multiplicity:1.25
0.147	0.001	0.851	0.001
0.001	0.001	0.001	0.997
0.997	0.001	0.001	0.001
0.001	0.001	0.001	0.997
0.001	0.828	0.170	0.001
0.001	0.001	0.001	0.997
0.001	0.060	0.938	0.001
0.001	0.001	0.997	0.001
>AATTGTTA	7-AATTGTTA	8.650203	-10.041248	0	T:9.0(1.34%),B:6.0(0.24%),P:1e-4	Tpos:45.7,Tstd:22.5,Bpos:73.3,Bstd:7.4,StrandBias:-0.3,Multiplicity:1.00
0.997	0.001	0.001	0.001
0.997	0.001	0.001	0.001
0.001	0.001	0.001	0.997
0.001	0.089	0.001	0.909
0.001	0.001	0.997	0.001
0.001	0.001	0.001	0.997
0.001	0.001	0.001	0.997
0.997	0.001	0.001	0.001
>AACCTAGG	8-AACCTAGG	9.376503	-9.186590	0	T:11.0(1.63%),B:10.0(0.40%),P:1e-3	Tpos:44.3,Tstd:23.2,Bpos:40.4,Bstd:27.1,StrandBias:1.5,Multiplicity:1.27
0.997	0.001	0.001	0.001
0.997	0.001	0.001	0.001
0.001	0.814	0.184	0.001
0.001	0.997	0.001	0.001
0.001	0.001	0.001	0.997
0.997	0.001	0.001	0.001
0.001	0.001	0.997	0.001
0.001	0.001	0.997	0.001
