>AGTTCGTT	1-AGTTCGTT	8.377273	-31.333199	0	T:13.0(1.93%),B:2.0(0.08%),P:1e-13	Tpos:50.7,Tstd:31.3,Bpos:52.5,Bstd:38.5,StrandBias:-0.7,Multiplicity:1.00
0.728	0.001	0.001	0.270
0.001	0.270	0.728	0.001
0.001	0.001	0.001	0.997
0.001	0.001	0.001	0.997
0.001	0.824	0.174	0.001
0.001	0.001	0.997	0.001
0.270	0.001	0.001	0.728
0.001	0.001	0.001	0.997
>GAAAATCT	2-GAAAATCT	7.561989	-25.816991	0	T:21.0(3.12%),B:11.0(0.43%),P:1e-11	Tpos:49.4,Tstd:28.9,Bpos:49.6,Bstd:22.6,StrandBias:-1.0,Multiplicity:1.00
0.001	0.001	0.871	0.127
0.997	0.001	0.001	0.001
0.871	0.127	0.001	0.001
0.946	0.001	0.052	0.001
0.997	0.001	0.001	0.001
0.001	0.001	0.001	0.997
0.001	0.871	0.001	0.127
0.001	0.136	0.001	0.862
>GTGTCCGA	3-GTGTCCGA	6.434528	-23.323743	0	T:46.0(6.82%),B:57.0(2.25%),P:1e-10	Tpos:47.6,Tstd:24.5,Bpos:56.7,Bstd:24.2,StrandBias:0.1,Multiplicity:1.04
0.001	0.117	0.694	0.188
0.001	0.062	0.001	0.936
0.117	0.117	0.765	0.001
0.001	0.001	0.001	0.997
0.265	0.733	0.001	0.001
0.001	0.663	0.191	0.145
0.006	0.001	0.922	0.071
0.628	0.001	0.117	0.254
>GAGCGCCG	4-GAGCGCCG	8.324163	-18.123096	0	T:10.0(1.48%),B:3.0(0.12%),P:1e-7	Tpos:57.5,Tstd:30.1,Bpos:58.0,Bstd:27.0,StrandBias:1.4,Multiplicity:1.10
0.001	0.001	0.997	0.001
0.728	0.001	0.001	0.270
0.001	0.001	0.997	0.001
0.001	0.997	0.001	0.001
0.001	0.165	0.833	0.001
0.001	0.728	0.001	0.270
0.001	0.728	0.270	0.001
0.001	0.001	0.997	0.001
>TYWGSTTT	5-TYWGSTTT	7.236119	-16.374153	0	T:49.0(7.27%),B:79.0(3.12%),P:1e-7	Tpos:52.8,Tstd:28.5,Bpos:50.8,Bstd:28.3,StrandBias:0.5,Multiplicity:1.33
0.237	0.001	0.057	0.705
0.001	0.540	0.001	0.458
0.428	0.112	0.051	0.409
0.104	0.001	0.894	0.001
0.035	0.474	0.490	0.001
0.001	0.242	0.001	0.756
0.001	0.213	0.216	0.570
0.148	0.001	0.001	0.850
>CACAGCAA	6-CACAGCAA	8.650203	-15.682301	0	T:20.0(2.97%),B:18.0(0.71%),P:1e-6	Tpos:49.1,Tstd:22.3,Bpos:42.2,Bstd:22.9,StrandBias:0.0,Multiplicity:1.00
0.001	0.997	0.001	0.001
0.997	0.001	0.001	0.001
0.001	0.997	0.001	0.001
0.997	0.001	0.001	0.001
0.001	0.001	0.997	0.001
0.001	0.997	0.001	0.001
0.721	0.001	0.089	0.189
0.997	0.001	0.001	0.001
>CCTGATCA	7-CCTGATCA	8.236954	-10.827541	0	T:6.0(0.89%),B:2.0(0.08%),P:1e-4	Tpos:53.9,Tstd:27.4,Bpos:26.0,Bstd:11.0,StrandBias:1.3,Multiplicity:1.00
0.100	0.700	0.100	0.100
0.100	0.700	0.100	0.100
0.100	0.100	0.100	0.700
0.100	0.100	0.700	0.100
0.700	0.100	0.100	0.100
0.100	0.100	0.100	0.700
0.100	0.700	0.100	0.100
0.700	0.100	0.100	0.100
>GCTGGCTA	8-GCTGGCTA	8.989881	-10.724197	0	T:12.0(1.78%),B:10.0(0.40%),P:1e-4	Tpos:47.1,Tstd:25.9,Bpos:45.0,Bstd:26.5,StrandBias:-2.1,Multiplicity:1.33
0.001	0.001	0.997	0.001
0.125	0.873	0.001	0.001
0.001	0.001	0.001	0.997
0.001	0.001	0.997	0.001
0.001	0.001	0.997	0.001
0.001	0.997	0.001	0.001
0.001	0.001	0.001	0.997
0.997	0.001	0.001	0.001
