>ATACRTTC	1-ATACRTTC	6.092140	-16.003694	0	T:18.0(22.50%),B:7703.0(5.17%),P:1e-6	Tpos:59.6,Tstd:26.7,Bpos:50.3,Bstd:27.5,StrandBias:-0.9,Multiplicity:1.18
0.997	0.001	0.001	0.001
0.308	0.001	0.001	0.690
0.662	0.001	0.180	0.157
0.001	0.659	0.001	0.339
0.329	0.133	0.379	0.158
0.001	0.001	0.073	0.925
0.217	0.208	0.001	0.574
0.088	0.796	0.001	0.115
>RTTTGCGN	2-RTTTGCGN	5.261467	-11.546803	0	T:4.0(5.00%),B:240.0(0.16%),P:1e-5	Tpos:45.0,Tstd:30.0,Bpos:50.0,Bstd:27.4,StrandBias:1.6,Multiplicity:1.00
0.346	0.147	0.340	0.168
0.230	0.152	0.135	0.482
0.179	0.160	0.150	0.511
0.169	0.203	0.072	0.556
0.147	0.119	0.524	0.210
0.133	0.598	0.126	0.143
0.065	0.111	0.705	0.119
0.288	0.281	0.155	0.276
>GGGTCTGT	3-GGGTCTGT	7.245643	-9.257960	0	T:14.0(17.50%),B:8072.0(5.42%),P:1e-4	Tpos:45.6,Tstd:31.0,Bpos:49.6,Bstd:27.2,StrandBias:0.2,Multiplicity:1.21
0.001	0.001	0.937	0.061
0.001	0.001	0.997	0.001
0.074	0.035	0.825	0.066
0.001	0.061	0.043	0.895
0.001	0.809	0.128	0.062
0.080	0.001	0.001	0.918
0.001	0.053	0.870	0.076
0.001	0.150	0.048	0.801
>MCATMTAT	4-MCATMTAT	5.663201	-7.413255	0	T:8.0(10.00%),B:3504.0(2.35%),P:1e-3	Tpos:50.8,Tstd:23.9,Bpos:49.4,Bstd:27.9,StrandBias:-3.0,Multiplicity:2.25
0.296	0.404	0.201	0.099
0.114	0.538	0.036	0.312
0.774	0.015	0.096	0.115
0.076	0.110	0.046	0.768
0.331	0.393	0.157	0.119
0.104	0.255	0.210	0.430
0.795	0.107	0.074	0.024
0.049	0.190	0.069	0.692
>ATGTCATT	5-ATGTCATT	7.686786	-6.946006	0	T:7.0(8.75%),B:2894.0(1.94%),P:1e-3	Tpos:47.8,Tstd:27.3,Bpos:49.8,Bstd:27.1,StrandBias:0.8,Multiplicity:1.14
0.824	0.085	0.001	0.090
0.086	0.001	0.001	0.912
0.001	0.060	0.938	0.001
0.115	0.096	0.102	0.687
0.089	0.909	0.001	0.001
0.836	0.087	0.001	0.076
0.001	0.001	0.001	0.997
0.001	0.001	0.001	0.997
