>GACAGCAT	1-GACAGCAT	7.368481	-24.494952	0	T:21.0(26.25%),B:6506.0(4.37%),P:1e-10	Tpos:62.6,Tstd:26.9,Bpos:50.5,Bstd:27.2,StrandBias:-0.5,Multiplicity:1.05
0.001	0.057	0.848	0.094
0.997	0.001	0.001	0.001
0.154	0.844	0.001	0.001
0.916	0.001	0.001	0.082
0.001	0.001	0.997	0.001
0.075	0.857	0.067	0.001
0.858	0.140	0.001	0.001
0.001	0.146	0.102	0.751
>TAGAAACC	2-TAGAAACC	7.532323	-14.978675	0	T:16.0(20.00%),B:6484.0(4.35%),P:1e-6	Tpos:66.0,Tstd:21.1,Bpos:50.9,Bstd:27.1,StrandBias:-0.2,Multiplicity:1.00
0.073	0.071	0.053	0.803
0.927	0.001	0.071	0.001
0.001	0.001	0.997	0.001
0.799	0.078	0.122	0.001
0.997	0.001	0.001	0.001
0.893	0.001	0.105	0.001
0.108	0.783	0.108	0.001
0.001	0.900	0.001	0.098
>TCASCTAA	3-TCASCTAA	9.274092	-11.230082	0	T:6.0(7.50%),B:947.0(0.64%),P:1e-4	Tpos:33.7,Tstd:19.5,Bpos:50.2,Bstd:27.1,StrandBias:-2.3,Multiplicity:1.00
0.001	0.001	0.227	0.771
0.001	0.997	0.001	0.001
0.997	0.001	0.001	0.001
0.001	0.353	0.401	0.245
0.001	0.997	0.001	0.001
0.001	0.001	0.001	0.997
0.874	0.124	0.001	0.001
0.997	0.001	0.001	0.001
>CGGCTGGC	4-CGGCTGGC	7.902222	-10.977773	0	T:10.0(12.50%),B:3460.0(2.32%),P:1e-4	Tpos:50.3,Tstd:25.9,Bpos:49.9,Bstd:27.2,StrandBias:-0.8,Multiplicity:1.10
0.001	0.950	0.048	0.001
0.244	0.109	0.646	0.001
0.001	0.103	0.895	0.001
0.001	0.997	0.001	0.001
0.001	0.001	0.001	0.997
0.175	0.001	0.823	0.001
0.001	0.102	0.896	0.001
0.001	0.900	0.098	0.001
>GTGTGTAT	5-GTGTGTAT	6.139790	-7.565630	0	T:14.0(17.50%),B:9522.0(6.39%),P:1e-3	Tpos:32.4,Tstd:27.9,Bpos:49.3,Bstd:27.9,StrandBias:-1.6,Multiplicity:1.21
0.001	0.001	0.997	0.001
0.001	0.107	0.075	0.817
0.073	0.001	0.870	0.056
0.083	0.001	0.001	0.915
0.001	0.001	0.952	0.046
0.061	0.055	0.001	0.883
0.737	0.036	0.191	0.036
0.068	0.001	0.056	0.875
