>AATGAGCT	1-AATGAGCT	7.319043	-12.510448	0	T:15.0(18.75%),B:6904.0(4.64%),P:1e-5	Tpos:50.6,Tstd:25.4,Bpos:50.0,Bstd:27.0,StrandBias:0.2,Multiplicity:1.13
0.913	0.001	0.085	0.001
0.892	0.050	0.057	0.001
0.056	0.001	0.171	0.772
0.001	0.084	0.914	0.001
0.838	0.160	0.001	0.001
0.001	0.001	0.997	0.001
0.001	0.923	0.075	0.001
0.185	0.001	0.001	0.813
>ACTAGWAA	2-ACTAGWAA	5.924041	-11.608126	0	T:23.0(28.75%),B:16179.0(10.86%),P:1e-5	Tpos:60.1,Tstd:24.5,Bpos:49.9,Bstd:27.3,StrandBias:-0.1,Multiplicity:1.09
0.582	0.001	0.001	0.416
0.120	0.728	0.151	0.001
0.245	0.001	0.001	0.753
0.746	0.001	0.212	0.041
0.001	0.001	0.997	0.001
0.442	0.001	0.001	0.556
0.749	0.192	0.058	0.001
0.997	0.001	0.001	0.001
>CAAGCGAG	3-CAAGCGAG	6.782234	-10.775841	0	T:11.0(13.75%),B:4336.0(2.91%),P:1e-4	Tpos:43.1,Tstd:30.5,Bpos:49.9,Bstd:27.8,StrandBias:1.3,Multiplicity:1.27
0.001	0.848	0.001	0.150
0.793	0.080	0.001	0.126
0.997	0.001	0.001	0.001
0.001	0.130	0.868	0.001
0.120	0.754	0.125	0.001
0.001	0.035	0.963	0.001
0.879	0.119	0.001	0.001
0.001	0.001	0.997	0.001
>AAAAAAAG	4-AAAAAAAG	7.288730	-7.158453	0	T:10.0(12.50%),B:5546.0(3.72%),P:1e-3	Tpos:61.4,Tstd:24.6,Bpos:50.9,Bstd:26.8,StrandBias:1.2,Multiplicity:1.10
0.864	0.014	0.121	0.001
0.929	0.001	0.069	0.001
0.915	0.001	0.066	0.018
0.883	0.001	0.017	0.099
0.872	0.001	0.001	0.126
0.899	0.001	0.099	0.001
0.650	0.218	0.131	0.001
0.088	0.001	0.910	0.001
>ACAGRCAT	5-ACAGRCAT	4.650259	-5.998824	0	T:32.0(40.00%),B:37463.0(25.15%),P:1e-2	Tpos:52.9,Tstd:26.8,Bpos:49.6,Bstd:27.6,StrandBias:-0.6,Multiplicity:1.34
0.628	0.086	0.180	0.106
0.084	0.608	0.253	0.055
0.801	0.102	0.068	0.029
0.050	0.150	0.546	0.254
0.303	0.125	0.434	0.137
0.095	0.670	0.080	0.155
0.767	0.038	0.114	0.081
0.149	0.179	0.103	0.569
