>GACTAGAG	1-GACTAGAG	6.048016	-18.049341	0	T:43.0(20.57%),B:12786.0(8.13%),P:1e-7	Tpos:51.0,Tstd:27.4,Bpos:50.4,Bstd:27.5,StrandBias:0.2,Multiplicity:1.12
0.015	0.001	0.983	0.001
0.614	0.203	0.182	0.001
0.001	0.700	0.133	0.166
0.001	0.107	0.001	0.891
0.571	0.155	0.080	0.194
0.115	0.068	0.721	0.096
0.997	0.001	0.001	0.001
0.138	0.190	0.452	0.220
>CGGAATGT	2-CGGAATGT	6.970934	-15.151811	0	T:17.0(8.13%),B:2784.0(1.77%),P:1e-6	Tpos:55.9,Tstd:28.1,Bpos:49.7,Bstd:27.1,StrandBias:-0.7,Multiplicity:1.06
0.001	0.894	0.104	0.001
0.085	0.001	0.875	0.039
0.001	0.001	0.997	0.001
0.804	0.113	0.082	0.001
0.885	0.001	0.001	0.113
0.080	0.001	0.001	0.918
0.001	0.001	0.997	0.001
0.098	0.097	0.087	0.718
>AGGCCTCT	3-AGGCCTCT	5.335300	-14.806491	0	T:63.0(30.14%),B:25468.0(16.19%),P:1e-6	Tpos:44.8,Tstd:24.8,Bpos:50.1,Bstd:27.3,StrandBias:-0.2,Multiplicity:1.19
0.667	0.059	0.196	0.078
0.086	0.039	0.775	0.100
0.086	0.089	0.795	0.030
0.081	0.758	0.099	0.062
0.130	0.660	0.074	0.136
0.064	0.092	0.054	0.790
0.081	0.820	0.040	0.059
0.049	0.102	0.101	0.748
>GTTGTGTC	4-GTTGTGTC	5.470693	-12.847957	0	T:44.0(21.05%),B:16012.0(10.18%),P:1e-5	Tpos:55.3,Tstd:25.5,Bpos:49.9,Bstd:27.0,StrandBias:0.2,Multiplicity:1.34
0.040	0.125	0.755	0.080
0.092	0.060	0.049	0.799
0.056	0.027	0.094	0.823
0.077	0.035	0.672	0.216
0.067	0.009	0.118	0.806
0.047	0.075	0.827	0.051
0.091	0.112	0.083	0.714
0.140	0.617	0.109	0.134
>AAAAAAAA	5-AAAAAAAA	7.534915	-2.727926	0	T:9.0(4.31%),B:3758.0(2.39%),P:1e-1	Tpos:64.7,Tstd:29.1,Bpos:51.1,Bstd:26.4,StrandBias:-1.5,Multiplicity:1.44
0.611	0.317	0.011	0.061
0.704	0.273	0.001	0.022
0.796	0.167	0.024	0.013
0.914	0.032	0.015	0.039
0.918	0.005	0.043	0.034
0.803	0.141	0.041	0.015
0.697	0.215	0.016	0.072
0.576	0.341	0.024	0.059
