>ACAGCCCCTC	1-ACAGCCCCTC	10.676610	-24.424505	0	T:13.0(6.22%),B:715.0(0.45%),P:1e-10	Tpos:54.3,Tstd:28.0,Bpos:48.7,Bstd:27.1,StrandBias:0.2,Multiplicity:1.00
0.814	0.001	0.001	0.184
0.001	0.997	0.001	0.001
0.895	0.001	0.001	0.103
0.126	0.090	0.783	0.001
0.001	0.886	0.001	0.112
0.097	0.808	0.094	0.001
0.107	0.891	0.001	0.001
0.001	0.997	0.001	0.001
0.001	0.001	0.001	0.997
0.001	0.997	0.001	0.001
>CCTGTTCAGG	2-CCTGTTCAGG	9.140754	-19.988966	0	T:11.0(5.26%),B:659.0(0.42%),P:1e-8	Tpos:48.2,Tstd:27.7,Bpos:50.0,Bstd:25.4,StrandBias:0.8,Multiplicity:1.00
0.114	0.884	0.001	0.001
0.146	0.852	0.001	0.001
0.001	0.001	0.001	0.997
0.138	0.065	0.796	0.001
0.001	0.001	0.001	0.997
0.001	0.001	0.078	0.920
0.001	0.862	0.001	0.136
0.900	0.001	0.001	0.098
0.121	0.001	0.877	0.001
0.001	0.001	0.997	0.001
>GAATGATAGT	3-GAATGATAGT	11.804576	-13.657316	0	T:4.0(1.91%),B:56.0(0.04%),P:1e-5	Tpos:43.5,Tstd:24.6,Bpos:53.0,Bstd:25.8,StrandBias:-10.0,Multiplicity:1.50
0.001	0.001	0.997	0.001
0.997	0.001	0.001	0.001
0.997	0.001	0.001	0.001
0.001	0.001	0.001	0.997
0.001	0.001	0.997	0.001
0.743	0.001	0.001	0.255
0.001	0.001	0.001	0.997
0.997	0.001	0.001	0.001
0.001	0.176	0.822	0.001
0.001	0.001	0.001	0.997
>GTTGGGCTAG	4-GTTGGGCTAG	11.791847	-5.088850	0	T:2.0(0.96%),B:87.0(0.06%),P:1e-2	Tpos:37.3,Tstd:27.6,Bpos:45.8,Bstd:27.3,StrandBias:10.0,Multiplicity:3.00
0.001	0.001	0.997	0.001
0.001	0.001	0.001	0.997
0.001	0.001	0.001	0.997
0.201	0.001	0.797	0.001
0.001	0.001	0.997	0.001
0.001	0.001	0.997	0.001
0.001	0.997	0.001	0.001
0.001	0.162	0.001	0.836
0.997	0.001	0.001	0.001
0.001	0.001	0.997	0.001
>GGTGGATGCA	5-GGTGGATGCA	10.296193	-3.420978	0	T:1.0(0.48%),B:25.0(0.02%),P:1e-1	Tpos:54.0,Tstd:26.9,Bpos:54.9,Bstd:27.8,StrandBias:10.0,Multiplicity:3.00
0.100	0.100	0.700	0.100
0.100	0.100	0.700	0.100
0.100	0.100	0.100	0.700
0.100	0.100	0.700	0.100
0.100	0.100	0.700	0.100
0.700	0.100	0.100	0.100
0.100	0.100	0.100	0.700
0.100	0.100	0.700	0.100
0.100	0.700	0.100	0.100
0.700	0.100	0.100	0.100
