>TCAACTTGAH	1-TCAACTTGAH	6.902412	-20.833245	0	T:25.0(11.96%),B:4294.0(2.73%),P:1e-9	Tpos:45.2,Tstd:22.4,Bpos:49.8,Bstd:26.8,StrandBias:-0.1,Multiplicity:1.04
0.061	0.185	0.067	0.687
0.001	0.938	0.060	0.001
0.997	0.001	0.001	0.001
0.890	0.052	0.057	0.001
0.129	0.613	0.257	0.001
0.001	0.137	0.001	0.861
0.001	0.001	0.201	0.797
0.001	0.060	0.938	0.001
0.515	0.195	0.289	0.001
0.249	0.310	0.116	0.325
>AAGATACTGC	2-AAGATACTGC	7.319657	-20.393781	0	T:24.0(11.48%),B:4046.0(2.57%),P:1e-8	Tpos:47.9,Tstd:26.7,Bpos:50.4,Bstd:26.6,StrandBias:-1.1,Multiplicity:1.04
0.949	0.048	0.001	0.002
0.817	0.001	0.055	0.127
0.001	0.001	0.997	0.001
0.806	0.150	0.043	0.001
0.040	0.223	0.125	0.612
0.630	0.067	0.252	0.051
0.001	0.830	0.055	0.114
0.088	0.076	0.001	0.835
0.058	0.053	0.722	0.167
0.055	0.820	0.040	0.085
>ACCCTCCAGC	3-ACCCTCCAGC	10.449152	-20.214374	0	T:10.0(4.78%),B:488.0(0.31%),P:1e-8	Tpos:43.7,Tstd:24.9,Bpos:49.8,Bstd:25.8,StrandBias:0.0,Multiplicity:1.00
0.939	0.001	0.001	0.059
0.087	0.862	0.050	0.001
0.001	0.997	0.001	0.001
0.001	0.903	0.001	0.095
0.084	0.001	0.001	0.914
0.001	0.997	0.001	0.001
0.001	0.840	0.158	0.001
0.997	0.001	0.001	0.001
0.112	0.173	0.714	0.001
0.001	0.902	0.001	0.096
>CTCTAGCTCC	4-CTCTAGCTCC	10.224215	-11.667859	0	T:10.0(4.78%),B:1252.0(0.80%),P:1e-5	Tpos:55.1,Tstd:23.6,Bpos:49.1,Bstd:27.7,StrandBias:1.3,Multiplicity:1.40
0.119	0.879	0.001	0.001
0.001	0.001	0.001	0.997
0.001	0.635	0.326	0.038
0.001	0.027	0.001	0.971
0.924	0.001	0.001	0.074
0.076	0.078	0.845	0.001
0.001	0.997	0.001	0.001
0.001	0.001	0.001	0.997
0.123	0.785	0.001	0.091
0.001	0.997	0.001	0.001
>CACCACCACY	5-CACCACCACY	9.975035	-7.788501	0	T:8.0(3.83%),B:1309.0(0.83%),P:1e-3	Tpos:50.9,Tstd:19.6,Bpos:50.2,Bstd:26.9,StrandBias:-1.8,Multiplicity:1.25
0.001	0.907	0.001	0.091
0.997	0.001	0.001	0.001
0.001	0.997	0.001	0.001
0.001	0.997	0.001	0.001
0.931	0.001	0.001	0.067
0.001	0.849	0.063	0.087
0.001	0.997	0.001	0.001
0.931	0.001	0.001	0.067
0.001	0.997	0.001	0.001
0.052	0.447	0.068	0.433
>CTTTTTTTKG	6-CTTTTTTTKG	8.944300	-3.008947	0	T:8.0(3.83%),B:3009.0(1.91%),P:1e-1	Tpos:60.5,Tstd:16.0,Bpos:52.1,Bstd:25.4,StrandBias:4.5,Multiplicity:1.12
0.001	0.760	0.001	0.238
0.001	0.001	0.030	0.968
0.001	0.001	0.001	0.997
0.001	0.001	0.169	0.829
0.001	0.025	0.106	0.868
0.039	0.002	0.180	0.779
0.301	0.001	0.001	0.697
0.001	0.001	0.001	0.997
0.139	0.002	0.444	0.414
0.138	0.001	0.506	0.355
