>GAGGTATC	1-GAGGTATC	5.243039	-22.550819	0	T:49.0(23.44%),B:13769.0(8.76%),P:1e-9	Tpos:48.7,Tstd:27.6,Bpos:50.1,Bstd:26.8,StrandBias:-0.6,Multiplicity:1.16
0.092	0.091	0.691	0.126
0.753	0.059	0.123	0.065
0.098	0.054	0.695	0.153
0.063	0.066	0.837	0.034
0.060	0.042	0.068	0.830
0.787	0.084	0.079	0.050
0.080	0.069	0.123	0.728
0.064	0.692	0.057	0.187
>AAGTACGT	2-AAGTACGT	7.259765	-15.483045	0	T:14.0(6.70%),B:1804.0(1.15%),P:1e-6	Tpos:54.8,Tstd:27.5,Bpos:49.7,Bstd:27.0,StrandBias:0.0,Multiplicity:1.07
0.997	0.001	0.001	0.001
0.885	0.001	0.113	0.001
0.123	0.001	0.875	0.001
0.001	0.001	0.001	0.997
0.921	0.001	0.077	0.001
0.048	0.814	0.001	0.137
0.062	0.001	0.857	0.080
0.140	0.001	0.115	0.744
>CACCCCTC	3-CACCCCTC	6.968150	-14.769148	0	T:35.0(16.75%),B:10383.0(6.60%),P:1e-6	Tpos:57.7,Tstd:28.7,Bpos:50.2,Bstd:27.2,StrandBias:-1.1,Multiplicity:1.26
0.001	0.969	0.029	0.001
0.518	0.188	0.056	0.238
0.001	0.948	0.001	0.050
0.065	0.880	0.054	0.001
0.025	0.937	0.037	0.001
0.077	0.921	0.001	0.001
0.001	0.001	0.001	0.997
0.078	0.853	0.068	0.001
>GCAAATTT	4-GCAAATTT	8.210518	-5.557966	0	T:8.0(3.83%),B:1871.0(1.19%),P:1e-2	Tpos:53.2,Tstd:29.9,Bpos:49.6,Bstd:27.5,StrandBias:-1.4,Multiplicity:1.25
0.001	0.277	0.474	0.247
0.001	0.997	0.001	0.001
0.720	0.278	0.001	0.001
0.997	0.001	0.001	0.001
0.997	0.001	0.001	0.001
0.001	0.001	0.001	0.997
0.001	0.001	0.167	0.831
0.001	0.001	0.001	0.997
>ACTGCGAC	5-ACTGCGAC	8.236954	-4.522359	0	T:2.0(0.96%),B:117.0(0.07%),P:1e-1	Tpos:43.0,Tstd:30.9,Bpos:49.2,Bstd:26.1,StrandBias:-10.0,Multiplicity:2.00
0.700	0.100	0.100	0.100
0.100	0.700	0.100	0.100
0.100	0.100	0.100	0.700
0.100	0.100	0.700	0.100
0.100	0.700	0.100	0.100
0.100	0.100	0.700	0.100
0.700	0.100	0.100	0.100
0.100	0.700	0.100	0.100
