>ATACCAGGGC	1-ATACCAGGGC	11.298662	-23.066889	0	T:8.0(3.83%),B:165.0(0.10%),P:1e-10	Tpos:47.8,Tstd:27.4,Bpos:47.7,Bstd:27.4,StrandBias:0.7,Multiplicity:1.00
0.820	0.001	0.001	0.178
0.001	0.001	0.161	0.837
0.997	0.001	0.001	0.001
0.001	0.997	0.001	0.001
0.001	0.997	0.001	0.001
0.997	0.001	0.001	0.001
0.001	0.001	0.997	0.001
0.001	0.001	0.997	0.001
0.001	0.231	0.767	0.001
0.224	0.774	0.001	0.001
>GCAGCTCAAT	2-GCAGCTCAAT	9.221589	-19.946157	0	T:12.0(5.74%),B:841.0(0.53%),P:1e-8	Tpos:44.8,Tstd:20.0,Bpos:50.8,Bstd:26.7,StrandBias:-1.0,Multiplicity:1.00
0.001	0.001	0.905	0.093
0.001	0.908	0.090	0.001
0.580	0.001	0.330	0.089
0.001	0.001	0.997	0.001
0.001	0.801	0.001	0.197
0.001	0.001	0.001	0.997
0.001	0.744	0.254	0.001
0.899	0.001	0.001	0.099
0.789	0.149	0.061	0.001
0.001	0.103	0.149	0.747
>CYRGAATCCC	3-CYRGAATCCC	10.487876	-19.942460	0	T:11.0(5.26%),B:662.0(0.42%),P:1e-8	Tpos:48.1,Tstd:27.6,Bpos:50.9,Bstd:26.0,StrandBias:-1.3,Multiplicity:1.27
0.001	0.997	0.001	0.001
0.146	0.370	0.001	0.482
0.441	0.001	0.557	0.001
0.001	0.001	0.997	0.001
0.997	0.001	0.001	0.001
0.997	0.001	0.001	0.001
0.350	0.001	0.001	0.648
0.001	0.588	0.001	0.410
0.001	0.794	0.001	0.204
0.001	0.997	0.001	0.001
>ACTAACAGAA	4-ACTAACAGAA	10.133441	-18.425429	0	T:9.0(4.31%),B:434.0(0.28%),P:1e-8	Tpos:60.7,Tstd:20.9,Bpos:49.2,Bstd:25.8,StrandBias:0.3,Multiplicity:1.00
0.997	0.001	0.001	0.001
0.119	0.718	0.001	0.162
0.060	0.001	0.001	0.938
0.906	0.092	0.001	0.001
0.997	0.001	0.001	0.001
0.001	0.997	0.001	0.001
0.997	0.001	0.001	0.001
0.001	0.131	0.867	0.001
0.830	0.001	0.001	0.168
0.865	0.001	0.133	0.001
>CTTTGGGCGC	5-CTTTGGGCGC	7.917646	-16.708546	0	T:17.0(8.13%),B:2490.0(1.58%),P:1e-7	Tpos:53.4,Tstd:30.5,Bpos:49.1,Bstd:26.4,StrandBias:-0.4,Multiplicity:1.24
0.001	0.827	0.090	0.082
0.153	0.001	0.001	0.845
0.128	0.132	0.177	0.563
0.001	0.082	0.037	0.880
0.105	0.049	0.845	0.001
0.041	0.001	0.923	0.035
0.001	0.077	0.784	0.138
0.091	0.615	0.158	0.136
0.139	0.079	0.734	0.048
0.001	0.997	0.001	0.001
>TGGCKMTCTD	6-TGGCKMTCTD	8.357165	-14.583167	0	T:15.0(7.18%),B:2251.0(1.43%),P:1e-6	Tpos:50.5,Tstd:27.0,Bpos:50.3,Bstd:26.2,StrandBias:0.9,Multiplicity:1.13
0.001	0.121	0.001	0.877
0.318	0.001	0.680	0.001
0.001	0.001	0.997	0.001
0.080	0.778	0.141	0.001
0.001	0.204	0.402	0.393
0.432	0.566	0.001	0.001
0.001	0.001	0.001	0.997
0.001	0.905	0.001	0.093
0.001	0.374	0.001	0.624
0.387	0.001	0.333	0.280
>TGCGCCACGC	7-TGCGCCACGC	7.918386	-9.469919	0	T:12.0(5.74%),B:2321.0(1.48%),P:1e-4	Tpos:49.8,Tstd:25.6,Bpos:50.1,Bstd:26.3,StrandBias:2.8,Multiplicity:1.33
0.203	0.003	0.230	0.564
0.311	0.002	0.686	0.001
0.033	0.965	0.001	0.001
0.208	0.186	0.427	0.179
0.004	0.816	0.001	0.179
0.091	0.904	0.004	0.001
0.818	0.087	0.094	0.001
0.107	0.886	0.006	0.001
0.004	0.002	0.908	0.086
0.001	0.990	0.002	0.007
