>AGTATTGARACA	1-AGTATTGARACA	8.343706	-22.982884	0	T:19.0(9.09%),B:2115.0(1.34%),P:1e-9	Tpos:51.0,Tstd:27.5,Bpos:50.6,Bstd:26.1,StrandBias:0.5,Multiplicity:1.16
0.741	0.001	0.237	0.021
0.001	0.346	0.652	0.001
0.001	0.001	0.121	0.877
0.480	0.202	0.109	0.209
0.001	0.416	0.001	0.582
0.001	0.001	0.194	0.804
0.079	0.071	0.647	0.203
0.803	0.001	0.195	0.001
0.440	0.001	0.558	0.001
0.932	0.001	0.066	0.001
0.201	0.593	0.148	0.058
0.655	0.001	0.001	0.343
>GATCACAGTTGA	2-GATCACAGTTGA	15.096400	-21.677252	0	T:3.0(1.44%),B:1.0(0.00%),P:1e-9	Tpos:67.2,Tstd:16.6,Bpos:89.0,Bstd:0.0,StrandBias:-1.6,Multiplicity:1.33
0.001	0.001	0.997	0.001
0.997	0.001	0.001	0.001
0.001	0.001	0.001	0.997
0.001	0.997	0.001	0.001
0.997	0.001	0.001	0.001
0.001	0.666	0.001	0.332
0.666	0.001	0.001	0.332
0.001	0.001	0.997	0.001
0.001	0.001	0.001	0.997
0.001	0.001	0.001	0.997
0.001	0.001	0.997	0.001
0.997	0.001	0.001	0.001
>GGCCCAYCTCTY	3-GGCCCAYCTCTY	11.390057	-15.211756	0	T:6.0(2.87%),B:187.0(0.12%),P:1e-6	Tpos:58.1,Tstd:21.5,Bpos:49.3,Bstd:26.9,StrandBias:0.3,Multiplicity:1.50
0.001	0.246	0.752	0.001
0.001	0.001	0.997	0.001
0.001	0.752	0.246	0.001
0.001	0.778	0.001	0.220
0.001	0.752	0.246	0.001
0.722	0.001	0.001	0.276
0.001	0.496	0.001	0.502
0.001	0.997	0.001	0.001
0.001	0.249	0.001	0.749
0.001	0.997	0.001	0.001
0.001	0.001	0.001	0.997
0.001	0.475	0.001	0.523
>CTCACAGCATTA	4-CTCACAGCATTA	14.593542	-14.233334	0	T:3.0(1.44%),B:12.0(0.01%),P:1e-6	Tpos:59.2,Tstd:22.4,Bpos:38.0,Bstd:30.4,StrandBias:0.0,Multiplicity:1.33
0.001	0.997	0.001	0.001
0.001	0.001	0.001	0.997
0.001	0.997	0.001	0.001
0.997	0.001	0.001	0.001
0.001	0.765	0.233	0.001
0.997	0.001	0.001	0.001
0.001	0.001	0.997	0.001
0.001	0.997	0.001	0.001
0.997	0.001	0.001	0.001
0.001	0.001	0.250	0.748
0.001	0.001	0.001	0.997
0.765	0.001	0.233	0.001
>TAAAGGHHCBTT	5-TAAAGGHHCBTT	11.791550	-10.575782	0	T:3.0(1.44%),B:41.0(0.03%),P:1e-4	Tpos:28.6,Tstd:21.6,Bpos:50.8,Bstd:26.4,StrandBias:-0.6,Multiplicity:1.00
0.001	0.001	0.001	0.997
0.649	0.001	0.001	0.349
0.985	0.013	0.001	0.001
0.997	0.001	0.001	0.001
0.001	0.001	0.997	0.001
0.246	0.001	0.752	0.001
0.288	0.350	0.001	0.361
0.275	0.350	0.001	0.375
0.349	0.649	0.001	0.001
0.014	0.389	0.350	0.247
0.001	0.001	0.001	0.997
0.001	0.001	0.001	0.997
>AAACCAAAACCC	6-AAACCAAAACCC	10.001640	-6.385395	0	T:5.0(2.39%),B:632.0(0.40%),P:1e-2	Tpos:46.9,Tstd:23.4,Bpos:51.3,Bstd:24.6,StrandBias:4.6,Multiplicity:1.00
0.997	0.001	0.001	0.001
0.997	0.001	0.001	0.001
0.997	0.001	0.001	0.001
0.137	0.861	0.001	0.001
0.001	0.864	0.001	0.134
0.786	0.212	0.001	0.001
0.997	0.001	0.001	0.001
0.932	0.001	0.066	0.001
0.997	0.001	0.001	0.001
0.070	0.928	0.001	0.001
0.001	0.940	0.058	0.001
0.074	0.924	0.001	0.001
>CACGTGCTCTTC	7-CACGTGCTCTTC	12.355432	-5.931541	0	T:1.0(0.48%),B:2.0(0.00%),P:1e-2	Tpos:40.0,Tstd:19.6,Bpos:33.0,Bstd:0.0,StrandBias:10.0,Multiplicity:3.00
0.100	0.700	0.100	0.100
0.700	0.100	0.100	0.100
0.100	0.700	0.100	0.100
0.100	0.100	0.700	0.100
0.100	0.100	0.100	0.700
0.100	0.100	0.700	0.100
0.100	0.700	0.100	0.100
0.100	0.100	0.100	0.700
0.100	0.700	0.100	0.100
0.100	0.100	0.100	0.700
0.100	0.100	0.100	0.700
0.100	0.700	0.100	0.100
>TATATATAKMKM	8-TATATATAKMKM	14.102058	-4.835572	0	T:1.0(0.48%),B:6.0(0.00%),P:1e-2	Tpos:11.5,Tstd:3.5,Bpos:53.2,Bstd:21.0,StrandBias:0.0,Multiplicity:1.00
0.001	0.001	0.001	0.997
0.997	0.001	0.001	0.001
0.001	0.001	0.001	0.997
0.997	0.001	0.001	0.001
0.001	0.001	0.001	0.997
0.997	0.001	0.001	0.001
0.001	0.001	0.001	0.997
0.997	0.001	0.001	0.001
0.001	0.001	0.464	0.534
0.534	0.464	0.001	0.001
0.001	0.001	0.464	0.534
0.534	0.464	0.001	0.001
