>TGGTGCACCT	1-TGGTGCACCT	8.954151	-17.237882	0	T:13.0(8.72%),B:1858.0(1.18%),P:1e-7	Tpos:42.4,Tstd:21.3,Bpos:51.0,Bstd:26.9,StrandBias:0.8,Multiplicity:1.00
0.001	0.001	0.001	0.997
0.001	0.001	0.869	0.129
0.001	0.230	0.768	0.001
0.001	0.001	0.001	0.997
0.001	0.205	0.793	0.001
0.001	0.997	0.001	0.001
0.754	0.001	0.001	0.244
0.162	0.475	0.241	0.123
0.115	0.758	0.117	0.010
0.152	0.129	0.001	0.718
>AMRCGARCRC	2-AMRCGARCRC	8.948680	-13.550055	0	T:5.0(3.36%),B:191.0(0.12%),P:1e-5	Tpos:59.2,Tstd:26.6,Bpos:51.3,Bstd:24.6,StrandBias:-1.0,Multiplicity:1.80
0.961	0.001	0.001	0.037
0.430	0.558	0.011	0.001
0.462	0.001	0.536	0.001
0.001	0.982	0.016	0.001
0.001	0.016	0.964	0.019
0.894	0.104	0.001	0.001
0.537	0.001	0.430	0.032
0.001	0.988	0.001	0.010
0.463	0.019	0.501	0.017
0.001	0.976	0.001	0.022
>CCAGGATGTC	3-CCAGGATGTC	7.654378	-12.451206	0	T:15.0(10.07%),B:3805.0(2.42%),P:1e-5	Tpos:45.1,Tstd:25.0,Bpos:50.1,Bstd:26.9,StrandBias:1.4,Multiplicity:1.20
0.107	0.745	0.147	0.001
0.001	0.753	0.245	0.001
0.626	0.131	0.242	0.001
0.001	0.001	0.997	0.001
0.185	0.001	0.813	0.001
0.817	0.095	0.001	0.087
0.001	0.001	0.195	0.803
0.001	0.138	0.776	0.085
0.001	0.161	0.001	0.837
0.001	0.876	0.001	0.122
>AGAVAGAGAG	4-AGAVAGAGAG	10.298781	-5.445745	0	T:6.0(4.03%),B:1592.0(1.01%),P:1e-2	Tpos:62.2,Tstd:25.1,Bpos:49.6,Bstd:27.9,StrandBias:-1.6,Multiplicity:1.00
0.997	0.001	0.001	0.001
0.001	0.236	0.762	0.001
0.997	0.001	0.001	0.001
0.391	0.244	0.365	0.001
0.997	0.001	0.001	0.001
0.001	0.106	0.892	0.001
0.997	0.001	0.001	0.001
0.001	0.001	0.591	0.407
0.591	0.001	0.407	0.001
0.001	0.001	0.997	0.001
>ACMWACACAC	5-ACMWACACAC	-1.032392	-3.929155	0	T:60.0(40.27%),B:50260.0(31.95%),P:1e-1	Tpos:50.9,Tstd:23.6,Bpos:49.7,Bstd:26.8,StrandBias:-0.1,Multiplicity:1.25
0.997	0.001	0.001	0.001
0.001	0.997	0.001	0.001
0.521	0.477	0.001	0.001
0.388	0.072	0.063	0.477
0.934	0.064	0.001	0.001
0.001	0.997	0.001	0.001
0.997	0.001	0.001	0.001
0.001	0.997	0.001	0.001
0.611	0.001	0.001	0.387
0.061	0.891	0.047	0.001
