>AGGTGHAGSC	1-AGGTGHAGSC	7.641436	-17.983062	0	T:29.0(11.33%),B:5276.0(3.36%),P:1e-7	Tpos:56.3,Tstd:23.3,Bpos:49.7,Bstd:26.5,StrandBias:0.6,Multiplicity:1.21
0.997	0.001	0.001	0.001
0.001	0.002	0.996	0.001
0.108	0.257	0.634	0.001
0.001	0.001	0.001	0.997
0.329	0.052	0.520	0.099
0.411	0.277	0.001	0.311
0.527	0.001	0.350	0.122
0.175	0.088	0.639	0.098
0.071	0.498	0.429	0.001
0.001	0.826	0.042	0.131
>ATTGTGGTCA	2-ATTGTGGTCA	9.630202	-17.537987	0	T:9.0(3.52%),B:392.0(0.25%),P:1e-7	Tpos:49.0,Tstd:28.1,Bpos:50.7,Bstd:25.1,StrandBias:0.0,Multiplicity:1.11
0.793	0.083	0.001	0.123
0.001	0.001	0.001	0.997
0.001	0.001	0.001	0.997
0.237	0.137	0.625	0.001
0.137	0.001	0.141	0.721
0.403	0.001	0.595	0.001
0.001	0.001	0.997	0.001
0.001	0.001	0.001	0.997
0.001	0.997	0.001	0.001
0.662	0.213	0.001	0.124
>TGTAACAAAA	3-TGTAACAAAA	10.154611	-15.364900	0	T:12.0(4.69%),B:1045.0(0.66%),P:1e-6	Tpos:49.1,Tstd:22.8,Bpos:49.7,Bstd:24.2,StrandBias:0.7,Multiplicity:1.08
0.049	0.001	0.001	0.949
0.114	0.001	0.884	0.001
0.042	0.081	0.001	0.876
0.997	0.001	0.001	0.001
0.824	0.001	0.145	0.030
0.001	0.997	0.001	0.001
0.821	0.001	0.177	0.001
0.898	0.001	0.001	0.100
0.850	0.071	0.001	0.078
0.933	0.065	0.001	0.001
>GCMCGCACGC	4-GCMCGCACGC	9.005653	-10.928608	0	T:10.0(3.91%),B:1111.0(0.71%),P:1e-4	Tpos:31.8,Tstd:20.4,Bpos:49.6,Bstd:25.6,StrandBias:-0.7,Multiplicity:1.00
0.001	0.001	0.997	0.001
0.001	0.615	0.001	0.383
0.512	0.486	0.001	0.001
0.001	0.997	0.001	0.001
0.001	0.415	0.583	0.001
0.001	0.997	0.001	0.001
0.826	0.001	0.172	0.001
0.001	0.921	0.077	0.001
0.001	0.001	0.997	0.001
0.001	0.997	0.001	0.001
>AGAGAGAGAG	5-AGAGAGAGAG	7.435619	-8.467881	0	T:33.0(12.89%),B:10419.0(6.63%),P:1e-3	Tpos:50.1,Tstd:24.3,Bpos:49.6,Bstd:27.0,StrandBias:0.6,Multiplicity:1.15
0.810	0.050	0.139	0.001
0.135	0.154	0.710	0.001
0.865	0.001	0.133	0.001
0.067	0.091	0.841	0.001
0.774	0.132	0.093	0.001
0.001	0.248	0.750	0.001
0.876	0.001	0.122	0.001
0.001	0.149	0.849	0.001
0.732	0.099	0.168	0.001
0.135	0.129	0.735	0.001
