>TGGCATGA	1-TGGCATGA	6.571888	-21.500961	0	T:30.0(20.13%),B:8531.0(5.42%),P:1e-9	Tpos:51.8,Tstd:28.6,Bpos:50.1,Bstd:27.0,StrandBias:0.3,Multiplicity:1.04
0.101	0.031	0.001	0.867
0.001	0.001	0.997	0.001
0.001	0.114	0.707	0.178
0.108	0.867	0.001	0.024
0.720	0.177	0.001	0.102
0.001	0.001	0.147	0.851
0.001	0.001	0.997	0.001
0.850	0.001	0.001	0.148
>TAGGATGG	2-TAGGATGG	6.599365	-15.279537	0	T:10.0(6.71%),B:1176.0(0.75%),P:1e-6	Tpos:53.5,Tstd:31.6,Bpos:49.6,Bstd:27.4,StrandBias:-0.3,Multiplicity:1.10
0.001	0.001	0.001	0.997
0.997	0.001	0.001	0.001
0.001	0.001	0.875	0.123
0.001	0.001	0.997	0.001
0.997	0.001	0.001	0.001
0.001	0.001	0.001	0.997
0.102	0.001	0.896	0.001
0.091	0.001	0.907	0.001
>AGGMCATA	3-AGGMCATA	3.101174	-14.043180	0	T:16.0(10.74%),B:3804.0(2.42%),P:1e-6	Tpos:64.9,Tstd:25.4,Bpos:49.4,Bstd:27.2,StrandBias:0.2,Multiplicity:1.06
0.605	0.001	0.001	0.393
0.001	0.001	0.997	0.001
0.001	0.001	0.997	0.001
0.429	0.569	0.001	0.001
0.403	0.595	0.001	0.001
0.997	0.001	0.001	0.001
0.001	0.001	0.001	0.997
0.997	0.001	0.001	0.001
>CCAAGCCG	4-CCAAGCCG	6.291044	-7.931155	0	T:23.0(15.44%),B:11168.0(7.10%),P:1e-3	Tpos:47.4,Tstd:26.4,Bpos:49.9,Bstd:27.5,StrandBias:-0.6,Multiplicity:1.09
0.100	0.700	0.100	0.100
0.100	0.700	0.100	0.100
0.700	0.100	0.100	0.100
0.700	0.100	0.100	0.100
0.100	0.100	0.700	0.100
0.100	0.700	0.100	0.100
0.100	0.700	0.100	0.100
0.100	0.100	0.700	0.100
>AAACACAC	5-AAACACAC	8.436130	-5.281254	0	T:9.0(6.04%),B:3372.0(2.14%),P:1e-2	Tpos:47.6,Tstd:23.6,Bpos:49.3,Bstd:28.2,StrandBias:1.1,Multiplicity:1.11
0.791	0.207	0.001	0.001
0.769	0.229	0.001	0.001
0.997	0.001	0.001	0.001
0.001	0.667	0.001	0.331
0.997	0.001	0.001	0.001
0.001	0.643	0.001	0.355
0.958	0.001	0.001	0.040
0.025	0.951	0.001	0.023
