>ACTCCAAACA	1-ACTCCAAACA	7.977753	-19.220103	0	T:22.0(8.59%),B:2929.0(1.86%),P:1e-8	Tpos:42.2,Tstd:26.1,Bpos:50.2,Bstd:27.0,StrandBias:0.9,Multiplicity:1.05
0.818	0.117	0.063	0.002
0.001	0.725	0.208	0.066
0.001	0.113	0.001	0.885
0.061	0.632	0.306	0.001
0.120	0.818	0.001	0.061
0.834	0.073	0.092	0.001
0.789	0.209	0.001	0.001
0.866	0.002	0.001	0.131
0.001	0.720	0.278	0.001
0.934	0.001	0.001	0.064
>AGTAACGTCC	2-AGTAACGTCC	8.504768	-17.200000	0	T:10.0(3.91%),B:548.0(0.35%),P:1e-7	Tpos:47.2,Tstd:22.2,Bpos:49.2,Bstd:26.9,StrandBias:2.3,Multiplicity:1.20
0.997	0.001	0.001	0.001
0.212	0.001	0.786	0.001
0.145	0.001	0.128	0.726
0.868	0.001	0.130	0.001
0.719	0.001	0.279	0.001
0.001	0.739	0.259	0.001
0.118	0.001	0.880	0.001
0.001	0.001	0.212	0.786
0.001	0.617	0.259	0.123
0.001	0.878	0.001	0.120
>CATAACAAGG	3-CATAACAAGG	10.964292	-16.597991	0	T:6.0(2.34%),B:120.0(0.08%),P:1e-7	Tpos:54.7,Tstd:30.1,Bpos:50.2,Bstd:27.3,StrandBias:2.3,Multiplicity:1.00
0.117	0.763	0.119	0.001
0.877	0.001	0.001	0.121
0.086	0.001	0.001	0.912
0.997	0.001	0.001	0.001
0.997	0.001	0.001	0.001
0.001	0.997	0.001	0.001
0.997	0.001	0.001	0.001
0.687	0.001	0.163	0.149
0.001	0.001	0.997	0.001
0.128	0.001	0.870	0.001
>SGCACACAGT	4-SGCACACAGT	7.941181	-16.533123	0	T:20.0(7.81%),B:2842.0(1.81%),P:1e-7	Tpos:49.5,Tstd:28.0,Bpos:49.5,Bstd:26.9,StrandBias:-0.1,Multiplicity:1.05
0.002	0.450	0.449	0.099
0.102	0.057	0.635	0.206
0.078	0.920	0.001	0.001
0.763	0.003	0.005	0.229
0.001	0.997	0.001	0.001
0.877	0.001	0.001	0.121
0.001	0.923	0.075	0.001
0.686	0.079	0.234	0.001
0.001	0.154	0.769	0.076
0.076	0.060	0.106	0.758
>TTTGNCGTGC	5-TTTGNCGTGC	9.563983	-10.845880	0	T:5.0(1.95%),B:194.0(0.12%),P:1e-4	Tpos:39.7,Tstd:27.0,Bpos:47.9,Bstd:26.4,StrandBias:-1.3,Multiplicity:1.40
0.001	0.001	0.001	0.997
0.281	0.001	0.001	0.717
0.281	0.001	0.226	0.492
0.001	0.001	0.997	0.001
0.340	0.198	0.236	0.226
0.001	0.997	0.001	0.001
0.001	0.001	0.997	0.001
0.001	0.235	0.198	0.566
0.001	0.001	0.997	0.001
0.001	0.997	0.001	0.001
>TTTTTTTTTT	6-TTTTTTTTTT	7.504580	-6.387246	0	T:25.0(9.77%),B:8059.0(5.13%),P:1e-2	Tpos:32.6,Tstd:22.8,Bpos:50.9,Bstd:25.7,StrandBias:0.4,Multiplicity:1.24
0.001	0.178	0.039	0.782
0.190	0.059	0.002	0.749
0.003	0.046	0.001	0.950
0.127	0.111	0.001	0.761
0.001	0.001	0.002	0.996
0.095	0.001	0.063	0.841
0.031	0.001	0.260	0.708
0.001	0.040	0.173	0.786
0.210	0.082	0.002	0.706
0.077	0.041	0.153	0.729
>GCGTGCTTAC	7-GCGTGCTTAC	10.296193	-4.125738	0	T:1.0(0.39%),B:10.0(0.01%),P:1e-1	Tpos:48.5,Tstd:21.2,Bpos:54.0,Bstd:21.4,StrandBias:10.0,Multiplicity:4.00
0.100	0.100	0.700	0.100
0.100	0.700	0.100	0.100
0.100	0.100	0.700	0.100
0.100	0.100	0.100	0.700
0.100	0.100	0.700	0.100
0.100	0.700	0.100	0.100
0.100	0.100	0.100	0.700
0.100	0.100	0.100	0.700
0.700	0.100	0.100	0.100
0.100	0.700	0.100	0.100
