>GCTGTCCT	1-GCTGTCCT	6.610519	-17.188245	0	T:45.0(17.58%),B:11417.0(7.26%),P:1e-7	Tpos:44.2,Tstd:25.8,Bpos:49.8,Bstd:27.3,StrandBias:0.3,Multiplicity:1.09
0.001	0.001	0.971	0.027
0.001	0.966	0.001	0.032
0.001	0.045	0.040	0.914
0.032	0.189	0.706	0.073
0.001	0.001	0.361	0.637
0.001	0.940	0.001	0.058
0.001	0.997	0.001	0.001
0.030	0.001	0.022	0.947
>CTGCCGGC	2-CTGCCGGC	5.235414	-12.806461	0	T:47.0(18.36%),B:14261.0(9.07%),P:1e-5	Tpos:51.9,Tstd:28.5,Bpos:50.0,Bstd:26.8,StrandBias:0.2,Multiplicity:1.27
0.088	0.600	0.024	0.288
0.029	0.100	0.322	0.549
0.001	0.082	0.715	0.202
0.147	0.730	0.056	0.067
0.038	0.731	0.163	0.068
0.058	0.157	0.746	0.039
0.162	0.110	0.496	0.232
0.150	0.626	0.180	0.044
>AGTCACGT	3-AGTCACGT	6.669464	-11.960478	0	T:24.0(9.38%),B:5231.0(3.33%),P:1e-5	Tpos:50.5,Tstd:27.3,Bpos:50.4,Bstd:26.8,StrandBias:0.8,Multiplicity:1.17
0.890	0.079	0.030	0.001
0.072	0.001	0.926	0.001
0.001	0.039	0.054	0.906
0.001	0.879	0.119	0.001
0.901	0.001	0.001	0.097
0.001	0.645	0.320	0.034
0.001	0.001	0.997	0.001
0.001	0.060	0.001	0.938
>CCGTGGAG	4-CCGTGGAG	6.697987	-9.022993	0	T:34.0(13.28%),B:10549.0(6.71%),P:1e-3	Tpos:48.1,Tstd:26.7,Bpos:50.1,Bstd:26.9,StrandBias:-1.3,Multiplicity:1.32
0.041	0.957	0.001	0.001
0.112	0.886	0.001	0.001
0.001	0.142	0.580	0.277
0.001	0.001	0.001	0.997
0.001	0.001	0.997	0.001
0.001	0.373	0.625	0.001
0.997	0.001	0.001	0.001
0.050	0.001	0.948	0.001
>AANAAWWA	5-AANAAWWA	4.342872	-6.268576	0	T:60.0(23.44%),B:25574.0(16.27%),P:1e-2	Tpos:61.1,Tstd:26.0,Bpos:50.2,Bstd:27.0,StrandBias:-0.1,Multiplicity:1.40
0.603	0.006	0.202	0.189
0.602	0.179	0.034	0.185
0.273	0.157	0.281	0.289
0.577	0.071	0.153	0.199
0.681	0.251	0.016	0.052
0.421	0.108	0.030	0.440
0.352	0.130	0.054	0.464
0.527	0.228	0.022	0.223
