>AAAGRCASCAAT	1-AAAGRCASCAAT	9.265907	-22.387382	0	T:15.0(5.86%),B:1004.0(0.64%),P:1e-9	Tpos:45.1,Tstd:28.8,Bpos:50.6,Bstd:26.1,StrandBias:0.6,Multiplicity:1.00
0.817	0.001	0.001	0.181
0.725	0.273	0.001	0.001
0.718	0.001	0.001	0.280
0.001	0.336	0.662	0.001
0.425	0.001	0.564	0.010
0.004	0.652	0.343	0.001
0.997	0.001	0.001	0.001
0.095	0.343	0.390	0.172
0.001	0.614	0.284	0.101
0.646	0.257	0.096	0.001
0.902	0.096	0.001	0.001
0.001	0.001	0.283	0.715
>TGCACTGCCTGG	2-TGCACTGCCTGG	11.939727	-19.924312	0	T:7.0(2.73%),B:125.0(0.08%),P:1e-8	Tpos:54.4,Tstd:31.3,Bpos:49.5,Bstd:26.7,StrandBias:-0.4,Multiplicity:1.00
0.001	0.001	0.001	0.997
0.001	0.001	0.997	0.001
0.366	0.632	0.001	0.001
0.679	0.001	0.319	0.001
0.001	0.641	0.001	0.357
0.001	0.001	0.346	0.652
0.001	0.001	0.997	0.001
0.001	0.997	0.001	0.001
0.001	0.997	0.001	0.001
0.270	0.001	0.001	0.728
0.396	0.001	0.602	0.001
0.001	0.321	0.677	0.001
>GTGGGGCTGGGG	3-GTGGGGCTGGGG	9.069742	-17.613263	0	T:27.0(10.55%),B:4719.0(3.00%),P:1e-7	Tpos:55.6,Tstd:25.8,Bpos:50.0,Bstd:25.7,StrandBias:0.1,Multiplicity:1.26
0.031	0.118	0.850	0.001
0.134	0.048	0.001	0.817
0.049	0.001	0.886	0.064
0.001	0.073	0.858	0.068
0.041	0.001	0.957	0.001
0.045	0.073	0.805	0.077
0.045	0.668	0.209	0.078
0.001	0.090	0.145	0.764
0.001	0.001	0.935	0.063
0.134	0.001	0.864	0.001
0.102	0.001	0.896	0.001
0.130	0.079	0.714	0.077
>GGGCCAGCTCTC	4-GGGCCAGCTCTC	10.150211	-16.873787	0	T:11.0(4.30%),B:729.0(0.46%),P:1e-7	Tpos:61.3,Tstd:27.1,Bpos:49.5,Bstd:26.2,StrandBias:1.5,Multiplicity:1.36
0.001	0.096	0.753	0.150
0.252	0.001	0.746	0.001
0.001	0.154	0.749	0.096
0.001	0.914	0.001	0.084
0.089	0.829	0.001	0.081
0.741	0.001	0.108	0.150
0.005	0.001	0.752	0.242
0.001	0.914	0.084	0.001
0.001	0.001	0.169	0.829
0.001	0.898	0.001	0.100
0.001	0.001	0.001	0.997
0.111	0.887	0.001	0.001
>CCWCCCCTGGCT	5-CCWCCCCTGGCT	11.870413	-14.564308	0	T:7.0(2.73%),B:277.0(0.18%),P:1e-6	Tpos:57.1,Tstd:26.3,Bpos:50.6,Bstd:26.7,StrandBias:1.2,Multiplicity:1.43
0.174	0.824	0.001	0.001
0.001	0.997	0.001	0.001
0.446	0.001	0.216	0.338
0.001	0.997	0.001	0.001
0.001	0.816	0.001	0.182
0.345	0.653	0.001	0.001
0.001	0.997	0.001	0.001
0.001	0.001	0.233	0.765
0.001	0.001	0.997	0.001
0.001	0.240	0.758	0.001
0.001	0.790	0.001	0.208
0.001	0.001	0.001	0.997
>GATGGGTTTTGC	6-GATGGGTTTTGC	9.745879	-13.883773	0	T:3.0(1.17%),B:11.0(0.01%),P:1e-6	Tpos:51.0,Tstd:28.0,Bpos:58.6,Bstd:25.8,StrandBias:2.0,Multiplicity:1.67
0.001	0.001	0.997	0.001
0.874	0.001	0.001	0.124
0.001	0.001	0.001	0.997
0.001	0.001	0.997	0.001
0.001	0.001	0.997	0.001
0.001	0.001	0.997	0.001
0.001	0.001	0.001	0.997
0.001	0.001	0.001	0.997
0.125	0.009	0.001	0.865
0.001	0.001	0.001	0.997
0.001	0.001	0.865	0.133
0.001	0.997	0.001	0.001
>TCACCACGTGCT	7-TCACCACGTGCT	16.334602	-6.421035	0	T:1.0(0.39%),B:1.0(0.00%),P:1e-2	Tpos:58.5,Tstd:23.5,Bpos:78.0,Bstd:0.0,StrandBias:-10.0,Multiplicity:4.00
0.001	0.001	0.001	0.997
0.001	0.997	0.001	0.001
0.765	0.001	0.233	0.001
0.001	0.997	0.001	0.001
0.001	0.997	0.001	0.001
0.997	0.001	0.001	0.001
0.001	0.997	0.001	0.001
0.001	0.001	0.997	0.001
0.001	0.001	0.001	0.997
0.001	0.001	0.997	0.001
0.001	0.997	0.001	0.001
0.001	0.001	0.001	0.997
