>AGATAATTTGTR	1-AGATAATTTGTR	8.881220	-20.961919	0	T:11.0(7.38%),B:849.0(0.54%),P:1e-9	Tpos:57.2,Tstd:23.3,Bpos:49.0,Bstd:25.2,StrandBias:-0.5,Multiplicity:1.09
0.875	0.001	0.001	0.123
0.243	0.001	0.755	0.001
0.525	0.137	0.001	0.337
0.124	0.259	0.001	0.616
0.997	0.001	0.001	0.001
0.783	0.018	0.116	0.083
0.001	0.001	0.001	0.997
0.275	0.001	0.137	0.587
0.001	0.001	0.001	0.997
0.106	0.137	0.756	0.001
0.360	0.001	0.001	0.638
0.456	0.137	0.405	0.001
>CCRGCCGCTGSG	2-CCRGCCGCTGSG	8.882460	-19.907688	0	T:15.0(10.07%),B:2114.0(1.34%),P:1e-8	Tpos:45.4,Tstd:29.9,Bpos:50.8,Bstd:26.0,StrandBias:-0.3,Multiplicity:1.13
0.001	0.783	0.054	0.162
0.096	0.619	0.284	0.001
0.389	0.001	0.506	0.104
0.001	0.001	0.997	0.001
0.169	0.829	0.001	0.001
0.285	0.437	0.278	0.001
0.001	0.001	0.736	0.262
0.001	0.997	0.001	0.001
0.377	0.094	0.001	0.528
0.001	0.001	0.721	0.277
0.001	0.341	0.447	0.211
0.001	0.228	0.691	0.080
>GKCCCAGGGAGA	3-GKCCCAGGGAGA	9.231929	-17.435466	0	T:12.0(8.05%),B:1500.0(0.95%),P:1e-7	Tpos:38.8,Tstd:22.3,Bpos:50.6,Bstd:26.5,StrandBias:0.2,Multiplicity:1.17
0.126	0.286	0.446	0.142
0.010	0.018	0.540	0.432
0.001	0.581	0.417	0.001
0.125	0.873	0.001	0.001
0.001	0.997	0.001	0.001
0.712	0.001	0.001	0.286
0.001	0.001	0.997	0.001
0.283	0.001	0.715	0.001
0.001	0.128	0.870	0.001
0.997	0.001	0.001	0.001
0.145	0.001	0.853	0.001
0.997	0.001	0.001	0.001
>AWTCAGATGTGA	4-AWTCAGATGTGA	11.067699	-15.427347	0	T:5.0(3.36%),B:130.0(0.08%),P:1e-6	Tpos:68.9,Tstd:30.7,Bpos:48.9,Bstd:24.4,StrandBias:-2.6,Multiplicity:1.40
0.872	0.001	0.001	0.126
0.424	0.001	0.214	0.361
0.001	0.352	0.087	0.560
0.001	0.930	0.068	0.001
0.872	0.126	0.001	0.001
0.127	0.001	0.745	0.127
0.742	0.098	0.053	0.107
0.001	0.001	0.213	0.785
0.307	0.127	0.565	0.001
0.001	0.001	0.254	0.744
0.001	0.001	0.892	0.106
0.885	0.001	0.016	0.098
>CMGSCCTSCCYC	5-CMGSCCTSCCYC	11.273100	-15.404477	0	T:8.0(5.37%),B:632.0(0.40%),P:1e-6	Tpos:50.9,Tstd:26.4,Bpos:49.4,Bstd:26.4,StrandBias:-0.6,Multiplicity:1.25
0.001	0.997	0.001	0.001
0.553	0.445	0.001	0.001
0.001	0.001	0.997	0.001
0.001	0.419	0.426	0.154
0.001	0.721	0.277	0.001
0.001	0.997	0.001	0.001
0.001	0.136	0.138	0.725
0.001	0.423	0.419	0.157
0.001	0.997	0.001	0.001
0.001	0.997	0.001	0.001
0.115	0.435	0.001	0.449
0.001	0.997	0.001	0.001
>TGCATGCAAATT	6-TGCATGCAAATT	11.707945	-8.733723	0	T:4.0(2.68%),B:280.0(0.18%),P:1e-3	Tpos:48.8,Tstd:29.4,Bpos:51.0,Bstd:23.1,StrandBias:-2.3,Multiplicity:1.50
0.001	0.001	0.278	0.720
0.108	0.001	0.890	0.001
0.001	0.997	0.001	0.001
0.889	0.001	0.001	0.109
0.001	0.001	0.001	0.997
0.001	0.001	0.997	0.001
0.001	0.997	0.001	0.001
0.997	0.001	0.001	0.001
0.997	0.001	0.001	0.001
0.997	0.001	0.001	0.001
0.001	0.001	0.001	0.997
0.001	0.001	0.278	0.720
>ACCAAACCAAAC	7-ACCAAACCAAAC	12.343241	-8.620687	0	T:3.0(2.01%),B:112.0(0.07%),P:1e-3	Tpos:56.3,Tstd:20.4,Bpos:55.4,Bstd:26.7,StrandBias:10.0,Multiplicity:1.00
0.997	0.001	0.001	0.001
0.001	0.871	0.001	0.127
0.001	0.997	0.001	0.001
0.997	0.001	0.001	0.001
0.997	0.001	0.001	0.001
0.997	0.001	0.001	0.001
0.001	0.997	0.001	0.001
0.001	0.997	0.001	0.001
0.997	0.001	0.001	0.001
0.871	0.001	0.001	0.127
0.871	0.001	0.127	0.001
0.001	0.997	0.001	0.001
