>AGGKGCTGGNGA	1-AGGKGCTGGNGA	10.182188	-25.413264	0	T:16.0(6.25%),B:958.0(0.61%),P:1e-11	Tpos:41.9,Tstd:23.7,Bpos:49.8,Bstd:25.6,StrandBias:2.1,Multiplicity:1.00
0.884	0.001	0.061	0.054
0.174	0.001	0.824	0.001
0.187	0.094	0.718	0.001
0.239	0.001	0.311	0.449
0.001	0.169	0.717	0.113
0.001	0.997	0.001	0.001
0.061	0.001	0.001	0.937
0.001	0.105	0.893	0.001
0.001	0.001	0.997	0.001
0.230	0.285	0.198	0.287
0.071	0.069	0.859	0.001
0.817	0.181	0.001	0.001
>CAACTGCACCAT	2-CAACTGCACCAT	13.510891	-24.120450	0	T:5.0(1.95%),B:13.0(0.01%),P:1e-10	Tpos:56.2,Tstd:24.7,Bpos:49.2,Bstd:29.0,StrandBias:-0.6,Multiplicity:1.00
0.001	0.997	0.001	0.001
0.997	0.001	0.001	0.001
0.997	0.001	0.001	0.001
0.001	0.997	0.001	0.001
0.001	0.001	0.001	0.997
0.001	0.268	0.730	0.001
0.001	0.997	0.001	0.001
0.997	0.001	0.001	0.001
0.001	0.997	0.001	0.001
0.001	0.997	0.001	0.001
0.759	0.239	0.001	0.001
0.001	0.222	0.001	0.776
>CTKGGTGAGCTC	3-CTKGGTGAGCTC	8.546489	-20.798806	0	T:10.0(3.91%),B:373.0(0.24%),P:1e-9	Tpos:38.8,Tstd:25.7,Bpos:50.5,Bstd:26.2,StrandBias:0.3,Multiplicity:1.00
0.001	0.728	0.001	0.270
0.001	0.005	0.321	0.673
0.001	0.001	0.449	0.549
0.173	0.008	0.613	0.206
0.303	0.001	0.695	0.001
0.001	0.008	0.001	0.990
0.001	0.001	0.990	0.008
0.990	0.008	0.001	0.001
0.001	0.005	0.993	0.001
0.001	0.679	0.303	0.017
0.001	0.001	0.001	0.997
0.001	0.997	0.001	0.001
>CACRCCTCCGCT	4-CACRCCTCCGCT	12.757728	-16.359855	0	T:6.0(2.34%),B:125.0(0.08%),P:1e-7	Tpos:53.4,Tstd:25.4,Bpos:51.9,Bstd:26.2,StrandBias:0.0,Multiplicity:1.67
0.001	0.997	0.001	0.001
0.638	0.360	0.001	0.001
0.001	0.997	0.001	0.001
0.417	0.001	0.322	0.260
0.001	0.638	0.001	0.360
0.001	0.997	0.001	0.001
0.001	0.001	0.001	0.997
0.001	0.997	0.001	0.001
0.001	0.997	0.001	0.001
0.001	0.008	0.696	0.295
0.001	0.997	0.001	0.001
0.001	0.321	0.001	0.677
>CCCBCTGWGVAT	5-CCCBCTGWGVAT	5.772825	-15.686151	0	T:16.0(6.25%),B:1918.0(1.22%),P:1e-6	Tpos:46.8,Tstd:28.1,Bpos:49.1,Bstd:26.4,StrandBias:-0.9,Multiplicity:1.06
0.001	0.589	0.378	0.032
0.286	0.712	0.001	0.001
0.001	0.997	0.001	0.001
0.001	0.287	0.375	0.337
0.001	0.997	0.001	0.001
0.396	0.001	0.001	0.602
0.375	0.001	0.623	0.001
0.431	0.001	0.001	0.567
0.001	0.001	0.997	0.001
0.365	0.256	0.378	0.001
0.976	0.022	0.001	0.001
0.001	0.001	0.001	0.997
>TCACCACGTGCT	6-TCACCACGTGCT	16.334602	-6.421035	0	T:1.0(0.39%),B:1.0(0.00%),P:1e-2	Tpos:58.5,Tstd:23.5,Bpos:78.0,Bstd:0.0,StrandBias:-10.0,Multiplicity:4.00
0.001	0.001	0.001	0.997
0.001	0.997	0.001	0.001
0.765	0.001	0.233	0.001
0.001	0.997	0.001	0.001
0.001	0.997	0.001	0.001
0.997	0.001	0.001	0.001
0.001	0.997	0.001	0.001
0.001	0.001	0.997	0.001
0.001	0.001	0.001	0.997
0.001	0.001	0.997	0.001
0.001	0.997	0.001	0.001
0.001	0.001	0.001	0.997
>GTACTGAGTACT	7-GTACTGAGTACT	16.212398	-6.421035	0	T:1.0(0.39%),B:1.0(0.00%),P:1e-2	Tpos:13.0,Tstd:5.7,Bpos:8.0,Bstd:0.0,StrandBias:10.0,Multiplicity:3.00
0.001	0.001	0.997	0.001
0.001	0.001	0.001	0.997
0.997	0.001	0.001	0.001
0.001	0.997	0.001	0.001
0.001	0.001	0.001	0.997
0.001	0.321	0.677	0.001
0.997	0.001	0.001	0.001
0.001	0.001	0.997	0.001
0.001	0.001	0.001	0.997
0.997	0.001	0.001	0.001
0.001	0.997	0.001	0.001
0.001	0.001	0.001	0.997
>CCATGGGCGGAG	8-CCATGGGCGGAG	12.355432	-5.324044	0	T:1.0(0.39%),B:3.0(0.00%),P:1e-2	Tpos:32.0,Tstd:15.5,Bpos:46.0,Bstd:16.4,StrandBias:-10.0,Multiplicity:3.00
0.100	0.700	0.100	0.100
0.100	0.700	0.100	0.100
0.700	0.100	0.100	0.100
0.100	0.100	0.100	0.700
0.100	0.100	0.700	0.100
0.100	0.100	0.700	0.100
0.100	0.100	0.700	0.100
0.100	0.700	0.100	0.100
0.100	0.100	0.700	0.100
0.100	0.100	0.700	0.100
0.700	0.100	0.100	0.100
0.100	0.100	0.700	0.100
