>CTGGCTGGAA	1-CTGGCTGGAA	7.622201	-18.319118	0	T:30.0(11.72%),B:5521.0(3.51%),P:1e-7	Tpos:48.8,Tstd:24.4,Bpos:50.5,Bstd:26.8,StrandBias:0.7,Multiplicity:1.03
0.102	0.824	0.024	0.050
0.122	0.050	0.001	0.827
0.160	0.001	0.764	0.075
0.117	0.043	0.739	0.101
0.096	0.842	0.001	0.061
0.109	0.064	0.001	0.826
0.122	0.015	0.840	0.023
0.051	0.130	0.798	0.021
0.756	0.170	0.033	0.041
0.796	0.015	0.077	0.112
>GCGCAGCGCT	2-GCGCAGCGCT	7.688812	-17.780148	0	T:21.0(8.20%),B:2900.0(1.84%),P:1e-7	Tpos:51.4,Tstd:27.4,Bpos:51.0,Bstd:25.9,StrandBias:0.3,Multiplicity:1.19
0.001	0.140	0.686	0.173
0.129	0.781	0.028	0.062
0.102	0.075	0.822	0.001
0.045	0.850	0.069	0.036
0.609	0.129	0.113	0.149
0.001	0.105	0.893	0.001
0.052	0.835	0.023	0.090
0.078	0.114	0.767	0.041
0.025	0.973	0.001	0.001
0.051	0.050	0.108	0.791
>ATGTTAAGCT	3-ATGTTAAGCT	12.090436	-14.486225	0	T:4.0(1.56%),B:37.0(0.02%),P:1e-6	Tpos:38.0,Tstd:16.4,Bpos:52.9,Bstd:22.0,StrandBias:2.0,Multiplicity:1.25
0.997	0.001	0.001	0.001
0.001	0.001	0.001	0.997
0.001	0.001	0.997	0.001
0.001	0.001	0.001	0.997
0.001	0.001	0.001	0.997
0.997	0.001	0.001	0.001
0.760	0.001	0.001	0.238
0.001	0.001	0.997	0.001
0.001	0.769	0.001	0.229
0.001	0.001	0.001	0.997
>ASCCAACAAA	4-ASCCAACAAA	6.747727	-10.655252	0	T:38.0(14.84%),B:11427.0(7.27%),P:1e-4	Tpos:47.4,Tstd:27.8,Bpos:50.1,Bstd:26.3,StrandBias:-0.8,Multiplicity:1.13
0.690	0.001	0.308	0.001
0.125	0.481	0.338	0.056
0.032	0.966	0.001	0.001
0.371	0.627	0.001	0.001
0.815	0.183	0.001	0.001
0.768	0.175	0.001	0.056
0.239	0.507	0.115	0.139
0.526	0.230	0.001	0.243
0.839	0.001	0.001	0.159
0.710	0.288	0.001	0.001
>CGCAGGCCAC	5-CGCAGGCCAC	8.125438	-7.766365	0	T:6.0(2.34%),B:580.0(0.37%),P:1e-3	Tpos:53.3,Tstd:25.0,Bpos:51.4,Bstd:26.0,StrandBias:-3.0,Multiplicity:1.50
0.001	0.997	0.001	0.001
0.001	0.034	0.758	0.207
0.001	0.997	0.001	0.001
0.892	0.001	0.001	0.106
0.001	0.001	0.997	0.001
0.001	0.001	0.997	0.001
0.001	0.997	0.001	0.001
0.001	0.997	0.001	0.001
0.997	0.001	0.001	0.001
0.001	0.848	0.001	0.150
