>GCAGGACT	1-GCAGGACT	6.923910	-18.666411	0	T:25.0(16.78%),B:6851.0(4.35%),P:1e-8	Tpos:49.5,Tstd:28.4,Bpos:50.1,Bstd:27.3,StrandBias:0.3,Multiplicity:1.08
0.126	0.001	0.872	0.001
0.001	0.628	0.086	0.285
0.724	0.001	0.001	0.274
0.076	0.090	0.833	0.001
0.001	0.001	0.643	0.355
0.753	0.001	0.001	0.245
0.409	0.589	0.001	0.001
0.001	0.210	0.001	0.788
>GTAGAGGA	2-GTAGAGGA	6.569324	-18.187610	0	T:29.0(19.46%),B:9266.0(5.89%),P:1e-7	Tpos:41.9,Tstd:24.9,Bpos:50.0,Bstd:27.5,StrandBias:1.1,Multiplicity:1.00
0.001	0.001	0.840	0.158
0.110	0.141	0.046	0.703
0.740	0.001	0.154	0.105
0.262	0.001	0.602	0.135
0.887	0.001	0.001	0.111
0.080	0.001	0.803	0.116
0.070	0.246	0.683	0.001
0.913	0.001	0.001	0.085
>TTAACTGC	3-TTAACTGC	6.984960	-13.207648	0	T:20.0(13.42%),B:6184.0(3.93%),P:1e-5	Tpos:58.6,Tstd:28.9,Bpos:49.8,Bstd:27.4,StrandBias:-0.1,Multiplicity:1.15
0.001	0.050	0.046	0.903
0.001	0.053	0.269	0.677
0.953	0.001	0.045	0.001
0.854	0.049	0.042	0.055
0.001	0.925	0.001	0.073
0.051	0.001	0.001	0.947
0.001	0.047	0.903	0.049
0.055	0.887	0.001	0.057
>GTATCCAC	4-GTATCCAC	7.118285	-12.290423	0	T:16.0(10.74%),B:4366.0(2.78%),P:1e-5	Tpos:45.0,Tstd:23.9,Bpos:50.2,Bstd:26.5,StrandBias:-1.5,Multiplicity:1.44
0.001	0.046	0.952	0.001
0.001	0.025	0.040	0.934
0.873	0.096	0.030	0.001
0.036	0.038	0.028	0.898
0.001	0.710	0.058	0.231
0.001	0.997	0.001	0.001
0.955	0.001	0.001	0.043
0.001	0.997	0.001	0.001
>AGGAGAAA	5-AGGAGAAA	8.236954	-8.932886	0	T:8.0(5.37%),B:1555.0(0.99%),P:1e-3	Tpos:49.0,Tstd:29.5,Bpos:50.5,Bstd:27.8,StrandBias:-0.7,Multiplicity:1.00
0.700	0.100	0.100	0.100
0.100	0.100	0.700	0.100
0.100	0.100	0.700	0.100
0.700	0.100	0.100	0.100
0.100	0.100	0.700	0.100
0.700	0.100	0.100	0.100
0.700	0.100	0.100	0.100
0.700	0.100	0.100	0.100
