>CCYTGCTGGAGT	1-CCYTGCTGGAGT	13.791378	-22.385740	0	T:5.0(10.64%),B:2.0(0.07%),P:1e-9	Tpos:52.2,Tstd:22.0,Bpos:22.0,Bstd:2.0,StrandBias:0.0,Multiplicity:1.20
0.255	0.743	0.001	0.001
0.001	0.997	0.001	0.001
0.001	0.561	0.001	0.437
0.001	0.001	0.001	0.997
0.001	0.001	0.997	0.001
0.001	0.766	0.001	0.232
0.001	0.001	0.001	0.997
0.001	0.001	0.997	0.001
0.001	0.001	0.743	0.255
0.997	0.001	0.001	0.001
0.001	0.001	0.997	0.001
0.001	0.001	0.171	0.827
>WGGACYMKGAKT	2-WGGACYMKGAKT	8.578447	-20.369987	0	T:5.0(10.64%),B:3.0(0.10%),P:1e-8	Tpos:59.8,Tstd:21.6,Bpos:33.0,Bstd:27.7,StrandBias:0.6,Multiplicity:1.00
0.552	0.001	0.001	0.446
0.001	0.001	0.997	0.001
0.035	0.001	0.963	0.001
0.997	0.001	0.001	0.001
0.001	0.997	0.001	0.001
0.106	0.446	0.001	0.446
0.552	0.446	0.001	0.001
0.001	0.001	0.446	0.552
0.001	0.001	0.997	0.001
0.997	0.001	0.001	0.001
0.001	0.001	0.517	0.481
0.001	0.001	0.001	0.997
>MTCTSTKTDGTG	3-MTCTSTKTDGTG	7.218483	-18.003052	0	T:14.0(29.79%),B:139.0(4.60%),P:1e-7	Tpos:54.1,Tstd:26.1,Bpos:51.1,Bstd:24.5,StrandBias:0.3,Multiplicity:1.21
0.545	0.447	0.007	0.001
0.216	0.001	0.224	0.559
0.001	0.891	0.107	0.001
0.003	0.001	0.001	0.995
0.001	0.440	0.558	0.001
0.001	0.003	0.324	0.672
0.108	0.108	0.444	0.339
0.109	0.224	0.108	0.559
0.339	0.001	0.332	0.328
0.220	0.120	0.548	0.112
0.220	0.216	0.108	0.455
0.112	0.332	0.552	0.004
>GTAATCTCTGCA	4-GTAATCTCTGCA	11.354650	-17.839003	0	T:5.0(10.64%),B:5.0(0.17%),P:1e-7	Tpos:50.1,Tstd:29.8,Bpos:57.4,Bstd:12.0,StrandBias:0.7,Multiplicity:1.50
0.001	0.001	0.997	0.001
0.001	0.382	0.001	0.616
0.997	0.001	0.001	0.001
0.616	0.001	0.382	0.001
0.308	0.001	0.001	0.690
0.001	0.616	0.382	0.001
0.367	0.001	0.001	0.631
0.001	0.997	0.001	0.001
0.001	0.001	0.001	0.997
0.001	0.001	0.997	0.001
0.001	0.997	0.001	0.001
0.631	0.001	0.001	0.367
>AGGTCAGGTGAG	5-AGGTCAGGTGAG	9.507932	-16.658179	0	T:6.0(12.77%),B:13.0(0.43%),P:1e-7	Tpos:53.9,Tstd:30.6,Bpos:45.2,Bstd:25.7,StrandBias:-0.4,Multiplicity:1.17
0.994	0.001	0.001	0.004
0.001	0.001	0.997	0.001
0.001	0.001	0.763	0.235
0.001	0.001	0.235	0.763
0.236	0.483	0.046	0.236
0.482	0.001	0.236	0.281
0.001	0.235	0.763	0.001
0.001	0.001	0.763	0.235
0.001	0.001	0.001	0.997
0.001	0.001	0.763	0.235
0.997	0.001	0.001	0.001
0.236	0.001	0.471	0.292
>ACACACACACAC	6-ACACACACACAC	11.565960	-11.325928	0	T:5.0(10.64%),B:19.0(0.63%),P:1e-4	Tpos:49.0,Tstd:17.2,Bpos:46.4,Bstd:28.6,StrandBias:3.2,Multiplicity:1.00
0.757	0.001	0.121	0.121
0.121	0.757	0.001	0.121
0.878	0.001	0.120	0.001
0.001	0.636	0.242	0.121
0.757	0.001	0.121	0.121
0.121	0.636	0.242	0.001
0.997	0.001	0.001	0.001
0.001	0.997	0.001	0.001
0.878	0.001	0.001	0.120
0.001	0.878	0.120	0.001
0.878	0.001	0.120	0.001
0.001	0.997	0.001	0.001
>GAATGGAGTGGG	7-GAATGGAGTGGG	13.104505	-9.052945	0	T:2.0(4.26%),B:1.0(0.03%),P:1e-3	Tpos:78.5,Tstd:0.5,Bpos:8.0,Bstd:0.0,StrandBias:0.0,Multiplicity:1.00
0.001	0.001	0.997	0.001
0.997	0.001	0.001	0.001
0.997	0.001	0.001	0.001
0.001	0.063	0.001	0.935
0.001	0.001	0.997	0.001
0.001	0.001	0.997	0.001
0.997	0.001	0.001	0.001
0.192	0.001	0.806	0.001
0.001	0.128	0.001	0.870
0.001	0.001	0.997	0.001
0.001	0.001	0.997	0.001
0.192	0.001	0.806	0.001
