>TGGTCCCG	1-TGGTCCCG	7.936845	-13.873776	0	T:6.0(12.77%),B:21.0(0.69%),P:1e-6	Tpos:52.0,Tstd:23.8,Bpos:45.2,Bstd:20.6,StrandBias:0.4,Multiplicity:1.17
0.001	0.001	0.174	0.824
0.001	0.001	0.997	0.001
0.001	0.108	0.890	0.001
0.175	0.102	0.175	0.548
0.001	0.997	0.001	0.001
0.001	0.997	0.001	0.001
0.001	0.947	0.001	0.051
0.001	0.001	0.933	0.065
>ATCACCTC	2-ATCACCTC	10.752948	-11.738921	0	T:4.0(8.51%),B:8.0(0.26%),P:1e-5	Tpos:47.8,Tstd:36.5,Bpos:56.2,Bstd:17.3,StrandBias:-1.6,Multiplicity:1.00
0.997	0.001	0.001	0.001
0.001	0.001	0.133	0.865
0.001	0.997	0.001	0.001
0.997	0.001	0.001	0.001
0.001	0.997	0.001	0.001
0.001	0.997	0.001	0.001
0.158	0.001	0.001	0.840
0.001	0.997	0.001	0.001
>AAGGCGGC	3-AAGGCGGC	7.939194	-11.737684	0	T:7.0(14.89%),B:47.0(1.55%),P:1e-5	Tpos:40.0,Tstd:21.1,Bpos:50.4,Bstd:27.3,StrandBias:1.0,Multiplicity:1.00
0.786	0.001	0.001	0.212
0.875	0.001	0.123	0.001
0.001	0.001	0.997	0.001
0.001	0.001	0.997	0.001
0.001	0.883	0.001	0.115
0.080	0.178	0.741	0.001
0.001	0.001	0.997	0.001
0.001	0.889	0.109	0.001
>TATCTATS	4-TATCTATS	3.111888	-3.116175	0	T:4.0(8.51%),B:86.0(2.84%),P:1e-1	Tpos:46.3,Tstd:26.7,Bpos:51.0,Bstd:26.9,StrandBias:3.5,Multiplicity:6.00
0.001	0.001	0.001	0.997
0.997	0.001	0.001	0.001
0.001	0.001	0.001	0.997
0.001	0.649	0.349	0.001
0.001	0.001	0.001	0.997
0.997	0.001	0.001	0.001
0.001	0.001	0.001	0.997
0.001	0.528	0.393	0.078
>AAAAAAAA	5-AAAAAAAA	8.092118	-2.802792	0	T:5.0(10.64%),B:137.0(4.53%),P:1e-1	Tpos:48.1,Tstd:31.6,Bpos:48.3,Bstd:26.9,StrandBias:10.0,Multiplicity:2.00
0.946	0.027	0.026	0.001
0.934	0.064	0.001	0.001
0.808	0.155	0.036	0.001
0.895	0.040	0.024	0.041
0.840	0.037	0.091	0.032
0.840	0.001	0.107	0.052
0.919	0.001	0.079	0.001
0.945	0.030	0.024	0.001
