>YACAGAAGGTTG	1-YACAGAAGGTTG	8.922481	-17.733751	0	T:9.0(19.15%),B:43.0(1.42%),P:1e-7	Tpos:60.0,Tstd:28.3,Bpos:39.6,Bstd:21.7,StrandBias:1.0,Multiplicity:1.00
0.169	0.379	0.114	0.338
0.547	0.283	0.169	0.001
0.169	0.661	0.001	0.169
0.997	0.001	0.001	0.001
0.001	0.001	0.997	0.001
0.492	0.169	0.338	0.001
0.648	0.001	0.169	0.182
0.001	0.001	0.986	0.012
0.001	0.282	0.716	0.001
0.001	0.001	0.001	0.997
0.168	0.001	0.001	0.830
0.001	0.001	0.830	0.168
>YANSTKTTWMCA	2-YANSTKTTWMCA	6.974000	-15.878068	0	T:14.0(29.79%),B:165.0(5.46%),P:1e-6	Tpos:58.4,Tstd:29.1,Bpos:51.0,Bstd:25.8,StrandBias:0.5,Multiplicity:1.14
0.001	0.449	0.101	0.449
0.546	0.098	0.178	0.178
0.275	0.268	0.178	0.279
0.089	0.450	0.372	0.089
0.001	0.001	0.001	0.997
0.004	0.178	0.461	0.356
0.001	0.001	0.001	0.997
0.001	0.089	0.090	0.820
0.453	0.004	0.001	0.542
0.449	0.360	0.001	0.190
0.001	0.813	0.089	0.097
0.538	0.267	0.001	0.194
>TGAGGCAGTCCG	3-TGAGGCAGTCCG	13.001899	-14.360225	0	T:3.0(6.38%),B:1.0(0.03%),P:1e-6	Tpos:79.7,Tstd:7.8,Bpos:89.0,Bstd:0.0,StrandBias:-1.0,Multiplicity:1.00
0.001	0.001	0.281	0.717
0.001	0.001	0.997	0.001
0.997	0.001	0.001	0.001
0.001	0.001	0.997	0.001
0.001	0.001	0.997	0.001
0.153	0.845	0.001	0.001
0.997	0.001	0.001	0.001
0.001	0.001	0.997	0.001
0.001	0.281	0.001	0.717
0.001	0.997	0.001	0.001
0.153	0.564	0.001	0.282
0.001	0.281	0.717	0.001
>ATCTHTCTAGCT	4-ATCTHTCTAGCT	11.069554	-10.162469	0	T:4.0(8.51%),B:12.0(0.40%),P:1e-4	Tpos:59.1,Tstd:23.3,Bpos:48.2,Bstd:24.5,StrandBias:2.7,Multiplicity:1.75
0.997	0.001	0.001	0.001
0.001	0.001	0.001	0.997
0.001	0.690	0.308	0.001
0.001	0.001	0.001	0.997
0.350	0.309	0.033	0.309
0.001	0.001	0.001	0.997
0.001	0.625	0.341	0.033
0.001	0.308	0.001	0.690
0.690	0.001	0.001	0.308
0.001	0.001	0.616	0.382
0.001	0.658	0.033	0.308
0.001	0.001	0.001	0.997
>TATGAATGTATC	5-TATGAATGTATC	14.577155	-9.052945	0	T:2.0(4.26%),B:0.0(0.00%),P:1e-3	Tpos:29.0,Tstd:10.0,Bpos:0.0,Bstd:0.0,StrandBias:10.0,Multiplicity:1.00
0.001	0.001	0.001	0.997
0.997	0.001	0.001	0.001
0.001	0.001	0.001	0.997
0.001	0.151	0.847	0.001
0.806	0.001	0.001	0.192
0.997	0.001	0.001	0.001
0.001	0.001	0.001	0.997
0.001	0.163	0.835	0.001
0.001	0.001	0.001	0.997
0.997	0.001	0.001	0.001
0.001	0.001	0.001	0.997
0.001	0.963	0.035	0.001
