>CCAGCTGGCCAA	1-CCAGCTGGCCAA	11.307722	-18.089639	0	T:4.0(28.57%),B:5.0(0.19%),P:1e-7	Tpos:52.2,Tstd:25.5,Bpos:57.2,Bstd:23.4,StrandBias:0.0,Multiplicity:1.00
0.372	0.626	0.001	0.001
0.001	0.997	0.001	0.001
0.686	0.001	0.001	0.312
0.001	0.312	0.686	0.001
0.001	0.997	0.001	0.001
0.001	0.312	0.001	0.686
0.001	0.001	0.997	0.001
0.001	0.001	0.686	0.312
0.001	0.997	0.001	0.001
0.001	0.997	0.001	0.001
0.997	0.001	0.001	0.001
0.626	0.060	0.313	0.001
>YTCCCTCTGCTA	2-YTCCCTCTGCTA	7.962752	-13.193030	0	T:6.0(42.86%),B:78.0(3.02%),P:1e-5	Tpos:38.7,Tstd:25.1,Bpos:47.3,Bstd:27.0,StrandBias:2.6,Multiplicity:1.00
0.001	0.522	0.001	0.476
0.001	0.238	0.001	0.760
0.001	0.523	0.238	0.238
0.001	0.997	0.001	0.001
0.001	0.745	0.001	0.253
0.001	0.001	0.238	0.760
0.001	0.760	0.238	0.001
0.001	0.045	0.238	0.716
0.001	0.014	0.984	0.001
0.001	0.997	0.001	0.001
0.253	0.238	0.001	0.508
0.507	0.239	0.239	0.015
>GGTGTGRCCAAC	3-GGTGTGRCCAAC	13.022370	-11.202556	0	T:2.0(14.29%),B:0.0(0.00%),P:1e-4	Tpos:58.6,Tstd:25.8,Bpos:0.0,Bstd:0.0,StrandBias:10.0,Multiplicity:2.50
0.001	0.001	0.997	0.001
0.001	0.001	0.997	0.001
0.001	0.001	0.001	0.997
0.001	0.001	0.997	0.001
0.001	0.001	0.001	0.997
0.001	0.001	0.997	0.001
0.481	0.001	0.517	0.001
0.001	0.997	0.001	0.001
0.001	0.997	0.001	0.001
0.997	0.001	0.001	0.001
0.758	0.001	0.001	0.240
0.240	0.758	0.001	0.001
>GTGTGGBCCACA	4-GTGTGGBCCACA	8.739039	-9.592185	0	T:3.0(21.43%),B:15.0(0.58%),P:1e-4	Tpos:69.0,Tstd:20.9,Bpos:43.6,Bstd:24.1,StrandBias:1.6,Multiplicity:1.00
0.139	0.163	0.559	0.139
0.138	0.001	0.001	0.860
0.001	0.277	0.721	0.001
0.001	0.278	0.278	0.443
0.001	0.138	0.860	0.001
0.001	0.138	0.860	0.001
0.139	0.305	0.278	0.278
0.139	0.583	0.139	0.139
0.012	0.848	0.139	0.001
0.836	0.001	0.162	0.001
0.001	0.997	0.001	0.001
0.568	0.278	0.001	0.153
>CTCTAGCCTGTC	5-CTCTAGCCTGTC	12.355432	-5.218619	0	T:1.0(7.14%),B:0.0(0.00%),P:1e-2	Tpos:50.2,Tstd:31.5,Bpos:0.0,Bstd:0.0,StrandBias:10.0,Multiplicity:5.00
0.100	0.700	0.100	0.100
0.100	0.100	0.100	0.700
0.100	0.700	0.100	0.100
0.100	0.100	0.100	0.700
0.700	0.100	0.100	0.100
0.100	0.100	0.700	0.100
0.100	0.700	0.100	0.100
0.100	0.700	0.100	0.100
0.100	0.100	0.100	0.700
0.100	0.100	0.700	0.100
0.100	0.100	0.100	0.700
0.100	0.700	0.100	0.100
