>KGGAAGCM	1-KGGAAGCM	9.682028	-13.904208	0	T:6.0(42.86%),B:69.0(2.68%),P:1e-6	Tpos:45.0,Tstd:29.2,Bpos:43.3,Bstd:26.3,StrandBias:2.3,Multiplicity:1.00
0.001	0.001	0.499	0.499
0.001	0.001	0.997	0.001
0.001	0.001	0.997	0.001
0.997	0.001	0.001	0.001
0.997	0.001	0.001	0.001
0.001	0.001	0.997	0.001
0.001	0.997	0.001	0.001
0.499	0.499	0.001	0.001
>CTTTGTCC	2-CTTTGTCC	6.291044	-8.491091	0	T:7.0(50.00%),B:263.0(10.20%),P:1e-3	Tpos:63.8,Tstd:13.3,Bpos:50.8,Bstd:26.6,StrandBias:1.6,Multiplicity:1.14
0.100	0.700	0.100	0.100
0.100	0.100	0.100	0.700
0.100	0.100	0.100	0.700
0.100	0.100	0.100	0.700
0.100	0.100	0.700	0.100
0.100	0.100	0.100	0.700
0.100	0.700	0.100	0.100
0.100	0.700	0.100	0.100
>CAGCTGGA	3-CAGCTGGA	7.555180	-4.549967	0	T:3.0(21.43%),B:87.0(3.37%),P:1e-1	Tpos:58.3,Tstd:15.4,Bpos:45.4,Bstd:28.5,StrandBias:1.3,Multiplicity:2.00
0.001	0.997	0.001	0.001
0.997	0.001	0.001	0.001
0.001	0.082	0.916	0.001
0.001	0.997	0.001	0.001
0.001	0.001	0.001	0.997
0.001	0.001	0.997	0.001
0.001	0.001	0.997	0.001
0.636	0.001	0.362	0.001
>TTTTTTTT	4-TTTTTTTT	7.521287	-3.826174	0	T:3.0(21.43%),B:114.0(4.42%),P:1e-1	Tpos:68.7,Tstd:27.2,Bpos:50.4,Bstd:27.9,StrandBias:1.0,Multiplicity:1.00
0.001	0.097	0.205	0.697
0.001	0.147	0.261	0.591
0.097	0.001	0.366	0.536
0.001	0.044	0.169	0.786
0.001	0.001	0.149	0.849
0.001	0.044	0.205	0.750
0.001	0.001	0.208	0.790
0.001	0.001	0.267	0.731
>TTTTTTTT	5-TTTTTTTT	4.580042	-2.218755	0	T:7.0(50.00%),B:800.0(31.02%),P:1e0	Tpos:52.5,Tstd:20.0,Bpos:47.9,Bstd:26.4,StrandBias:-3.2,Multiplicity:1.17
0.001	0.149	0.001	0.849
0.001	0.001	0.136	0.862
0.149	0.001	0.180	0.670
0.001	0.137	0.345	0.517
0.001	0.001	0.324	0.674
0.001	0.001	0.001	0.997
0.001	0.001	0.136	0.862
0.001	0.001	0.180	0.818
