>CAGCGCCACC	1-CAGCGCCACC	11.894721	-16.218942	0	T:4.0(28.57%),B:8.0(0.31%),P:1e-7	Tpos:47.2,Tstd:26.6,Bpos:53.0,Bstd:18.6,StrandBias:-1.6,Multiplicity:1.00
0.001	0.731	0.267	0.001
0.997	0.001	0.001	0.001
0.001	0.001	0.997	0.001
0.001	0.997	0.001	0.001
0.001	0.001	0.997	0.001
0.001	0.997	0.001	0.001
0.001	0.997	0.001	0.001
0.731	0.001	0.001	0.267
0.001	0.731	0.267	0.001
0.001	0.997	0.001	0.001
>AAGGGCACAG	2-AAGGGCACAG	8.577061	-15.094572	0	T:5.0(35.71%),B:28.0(1.09%),P:1e-6	Tpos:57.2,Tstd:39.0,Bpos:49.4,Bstd:24.6,StrandBias:0.6,Multiplicity:1.00
0.599	0.001	0.001	0.399
0.997	0.001	0.001	0.001
0.001	0.001	0.997	0.001
0.001	0.200	0.599	0.200
0.200	0.001	0.599	0.200
0.001	0.997	0.001	0.001
0.599	0.001	0.001	0.399
0.001	0.599	0.001	0.399
0.799	0.001	0.001	0.199
0.001	0.001	0.997	0.001
>GAHGAABACT	3-GAHGAABACT	8.771851	-14.292452	0	T:4.0(28.57%),B:13.0(0.50%),P:1e-6	Tpos:46.5,Tstd:19.2,Bpos:58.0,Bstd:24.2,StrandBias:0.0,Multiplicity:1.00
0.001	0.372	0.626	0.001
0.997	0.001	0.001	0.001
0.323	0.313	0.001	0.363
0.001	0.001	0.997	0.001
0.686	0.312	0.001	0.001
0.636	0.050	0.001	0.313
0.001	0.323	0.313	0.363
0.686	0.001	0.001	0.312
0.001	0.997	0.001	0.001
0.001	0.001	0.001	0.997
>AGMASKGRTA	4-AGMASKGRTA	10.748663	-13.522232	0	T:3.0(21.43%),B:4.0(0.16%),P:1e-5	Tpos:37.0,Tstd:25.3,Bpos:53.2,Bstd:18.6,StrandBias:1.0,Multiplicity:1.00
0.930	0.001	0.068	0.001
0.001	0.001	0.983	0.015
0.456	0.542	0.001	0.001
0.982	0.001	0.001	0.016
0.001	0.456	0.542	0.001
0.001	0.001	0.542	0.456
0.001	0.001	0.913	0.085
0.456	0.001	0.527	0.016
0.001	0.001	0.069	0.929
0.982	0.016	0.001	0.001
>GGARGCTGTG	5-GGARGCTGTG	10.271221	-10.872373	0	T:4.0(28.57%),B:31.0(1.20%),P:1e-4	Tpos:40.0,Tstd:27.2,Bpos:49.9,Bstd:27.9,StrandBias:2.0,Multiplicity:1.25
0.001	0.001	0.997	0.001
0.001	0.001	0.997	0.001
0.747	0.001	0.251	0.001
0.432	0.001	0.566	0.001
0.001	0.362	0.636	0.001
0.001	0.997	0.001	0.001
0.001	0.034	0.001	0.964
0.001	0.001	0.997	0.001
0.362	0.001	0.001	0.636
0.001	0.314	0.684	0.001
