>CAWTYRSATG	1-CAWTYRSATG	10.646618	-80.342352	0	T:56.0(7.90%),B:1215.7(0.84%),P:1e-34,FDR:0.2	Tpos:52.2,Tstd:24.4,Bpos:50.3,Bstd:45.0,StrandBias:0.1,Multiplicity:2.39
0.001	0.997	0.001	0.001
0.997	0.001	0.001	0.001
0.550	0.001	0.001	0.448
0.001	0.001	0.001	0.997
0.001	0.549	0.001	0.449
0.529	0.017	0.453	0.001
0.001	0.449	0.549	0.001
0.995	0.001	0.003	0.001
0.001	0.001	0.001	0.997
0.001	0.001	0.997	0.001
>AGGTATGATA	2-AGGTATGATA	8.681409	-76.249637	0	T:35.0(4.94%),B:346.3(0.24%),P:1e-33,FDR:0.2	Tpos:51.3,Tstd:26.3,Bpos:50.7,Bstd:47.8,StrandBias:-0.2,Multiplicity:1.09
0.997	0.001	0.001	0.001
0.027	0.001	0.947	0.025
0.030	0.001	0.968	0.001
0.001	0.001	0.001	0.997
0.997	0.001	0.001	0.001
0.001	0.001	0.001	0.997
0.001	0.001	0.997	0.001
0.796	0.001	0.001	0.202
0.001	0.001	0.001	0.997
0.997	0.001	0.001	0.001
>TGAGGTACTG	3-TGAGGTACTG	11.035449	-61.034574	0	T:33.0(4.65%),B:463.5(0.32%),P:1e-26,FDR:0.2	Tpos:50.8,Tstd:25.6,Bpos:50.2,Bstd:39.0,StrandBias:-0.3,Multiplicity:1.75
0.010	0.001	0.001	0.988
0.169	0.001	0.829	0.001
0.997	0.001	0.001	0.001
0.001	0.001	0.981	0.017
0.001	0.001	0.997	0.001
0.001	0.001	0.001	0.997
0.639	0.001	0.001	0.359
0.001	0.997	0.001	0.001
0.119	0.026	0.001	0.854
0.018	0.001	0.980	0.001
>GYTATWCTCT	4-GYTATWCTCT	10.056840	-52.067906	0	T:28.0(3.95%),B:392.9(0.27%),P:1e-22,FDR:0.2	Tpos:52.6,Tstd:26.7,Bpos:51.3,Bstd:37.0,StrandBias:0.5,Multiplicity:1.21
0.272	0.001	0.726	0.001
0.001	0.544	0.001	0.454
0.001	0.029	0.001	0.969
0.641	0.001	0.001	0.357
0.001	0.280	0.270	0.449
0.453	0.001	0.001	0.545
0.001	0.991	0.005	0.003
0.120	0.119	0.001	0.760
0.009	0.791	0.091	0.109
0.001	0.001	0.001	0.997
>AWGCATAACC	5-AWGCATAACC	11.711475	-49.088711	0	T:27.0(3.81%),B:396.1(0.27%),P:1e-21,FDR:0.2	Tpos:47.9,Tstd:31.1,Bpos:44.4,Bstd:57.1,StrandBias:-0.3,Multiplicity:1.26
0.772	0.001	0.226	0.001
0.427	0.001	0.001	0.571
0.001	0.001	0.997	0.001
0.001	0.997	0.001	0.001
0.997	0.001	0.001	0.001
0.001	0.001	0.001	0.997
0.964	0.001	0.001	0.034
0.997	0.001	0.001	0.001
0.046	0.952	0.001	0.001
0.001	0.997	0.001	0.001
>TCCCTGGCAA	6-TCCCTGGCAA	8.624398	-38.416827	0	T:50.0(7.05%),B:2374.7(1.63%),P:1e-16,FDR:0.2	Tpos:50.9,Tstd:22.9,Bpos:51.2,Bstd:33.8,StrandBias:-0.5,Multiplicity:1.30
0.001	0.001	0.001	0.997
0.059	0.934	0.002	0.005
0.001	0.879	0.001	0.119
0.281	0.713	0.001	0.005
0.001	0.091	0.017	0.891
0.381	0.001	0.610	0.008
0.130	0.001	0.868	0.001
0.001	0.681	0.009	0.309
0.997	0.001	0.001	0.001
0.981	0.009	0.001	0.009
>GACAAGTTAA	7-GACAAGTTAA	9.290131	-28.067711	0	T:24.0(3.39%),B:728.9(0.50%),P:1e-12,FDR:0.2	Tpos:56.6,Tstd:26.9,Bpos:50.8,Bstd:42.9,StrandBias:-0.7,Multiplicity:1.62
0.001	0.001	0.997	0.001
0.997	0.001	0.001	0.001
0.036	0.539	0.374	0.051
0.997	0.001	0.001	0.001
0.915	0.001	0.001	0.083
0.001	0.001	0.997	0.001
0.001	0.001	0.035	0.963
0.001	0.001	0.001	0.997
0.962	0.001	0.036	0.001
0.910	0.039	0.050	0.001
>ACCCTAACCC	8-ACCCTAACCC	13.300262	-5.394668	0	T:3.0(0.42%),B:68.0(0.05%),P:1e-2,FDR:0.9	Tpos:40.7,Tstd:26.7,Bpos:54.6,Bstd:41.7,StrandBias:-10.0,Multiplicity:8.00
0.982	0.016	0.001	0.001
0.048	0.950	0.001	0.001
0.001	0.997	0.001	0.001
0.001	0.997	0.001	0.001
0.001	0.031	0.001	0.967
0.690	0.001	0.308	0.001
0.997	0.001	0.001	0.001
0.001	0.974	0.024	0.001
0.001	0.997	0.001	0.001
0.001	0.951	0.001	0.047
