>TGGGCCAGATAA	1-TGGGCCAGATAA	0.247442	-15.639482	0	T:9.0(22.50%),B:2762.2(2.17%),P:1e-6,FDR:1	Tpos:57.8,Tstd:17.0,Bpos:50.1,Bstd:30.4,StrandBias:3.0,Multiplicity:1.00
0.001	0.001	0.001	0.997
0.001	0.001	0.997	0.001
0.109	0.001	0.889	0.001
0.001	0.001	0.997	0.001
0.001	0.997	0.001	0.001
0.098	0.889	0.012	0.001
0.901	0.001	0.097	0.001
0.001	0.001	0.997	0.001
0.997	0.001	0.001	0.001
0.001	0.001	0.011	0.987
0.988	0.001	0.010	0.001
0.900	0.001	0.001	0.098
>ATTCCAACAAAG	2-ATTCCAACAAAG	9.912117	-13.740561	0	T:5.0(12.50%),B:573.1(0.45%),P:1e-5,FDR:1	Tpos:30.6,Tstd:10.4,Bpos:50.2,Bstd:34.0,StrandBias:0.6,Multiplicity:1.00
0.556	0.001	0.217	0.226
0.001	0.029	0.001	0.969
0.001	0.001	0.001	0.997
0.001	0.710	0.001	0.288
0.001	0.997	0.001	0.001
0.737	0.261	0.001	0.001
0.782	0.001	0.216	0.001
0.001	0.997	0.001	0.001
0.737	0.261	0.001	0.001
0.773	0.001	0.001	0.225
0.479	0.001	0.294	0.226
0.001	0.262	0.475	0.262
>CCTTGTTGATGT	3-CCTTGTTGATGT	9.250091	-13.296151	0	T:6.0(15.00%),B:1157.2(0.91%),P:1e-5,FDR:1	Tpos:53.9,Tstd:23.6,Bpos:51.6,Bstd:31.3,StrandBias:10.0,Multiplicity:1.33
0.001	0.756	0.001	0.242
0.001	0.997	0.001	0.001
0.242	0.001	0.001	0.756
0.001	0.001	0.001	0.997
0.001	0.242	0.756	0.001
0.001	0.242	0.001	0.756
0.242	0.001	0.001	0.756
0.001	0.001	0.997	0.001
0.497	0.243	0.018	0.243
0.272	0.242	0.001	0.485
0.001	0.242	0.756	0.001
0.242	0.001	0.001	0.756
>CACTMGCCATCT	4-CACTMGCCATCT	6.824733	-8.411130	0	T:8.0(20.00%),B:5334.8(4.20%),P:1e-3,FDR:1	Tpos:34.3,Tstd:20.9,Bpos:50.3,Bstd:31.4,StrandBias:-1.0,Multiplicity:1.12
0.001	0.605	0.197	0.197
0.605	0.001	0.098	0.296
0.296	0.506	0.099	0.099
0.198	0.198	0.099	0.505
0.402	0.296	0.105	0.198
0.099	0.099	0.604	0.198
0.198	0.604	0.099	0.099
0.098	0.900	0.001	0.001
0.896	0.001	0.098	0.005
0.001	0.197	0.104	0.698
0.006	0.697	0.099	0.198
0.005	0.005	0.001	0.989
>TGCTGGGCACTA	5-TGCTGGGCACTA	12.355432	-7.370357	0	T:1.0(2.50%),B:2.9(0.00%),P:1e-3,FDR:1	Tpos:17.0,Tstd:0.0,Bpos:44.4,Bstd:23.6,StrandBias:-10.0,Multiplicity:1.00
0.100	0.100	0.100	0.700
0.100	0.100	0.700	0.100
0.100	0.700	0.100	0.100
0.100	0.100	0.100	0.700
0.100	0.100	0.700	0.100
0.100	0.100	0.700	0.100
0.100	0.100	0.700	0.100
0.100	0.700	0.100	0.100
0.700	0.100	0.100	0.100
0.100	0.700	0.100	0.100
0.100	0.100	0.100	0.700
0.700	0.100	0.100	0.100
>CCTTTTGGCTCA	6-CCTTTTGGCTCA	12.355432	-7.370357	0	T:1.0(2.50%),B:2.6(0.00%),P:1e-3,FDR:1	Tpos:52.0,Tstd:0.0,Bpos:26.7,Bstd:13.8,StrandBias:-10.0,Multiplicity:1.00
0.100	0.700	0.100	0.100
0.100	0.700	0.100	0.100
0.100	0.100	0.100	0.700
0.100	0.100	0.100	0.700
0.100	0.100	0.100	0.700
0.100	0.100	0.100	0.700
0.100	0.100	0.700	0.100
0.100	0.100	0.700	0.100
0.100	0.700	0.100	0.100
0.100	0.100	0.100	0.700
0.100	0.700	0.100	0.100
0.700	0.100	0.100	0.100
>CTTGTTGGAGTG	7-CTTGTTGGAGTG	15.720385	-5.637932	0	T:2.0(5.00%),B:279.1(0.22%),P:1e-2,FDR:1	Tpos:44.0,Tstd:28.1,Bpos:49.9,Bstd:33.0,StrandBias:10.0,Multiplicity:1.50
0.001	0.997	0.001	0.001
0.001	0.001	0.001	0.997
0.001	0.001	0.001	0.997
0.001	0.001	0.997	0.001
0.001	0.001	0.001	0.997
0.001	0.001	0.001	0.997
0.001	0.001	0.997	0.001
0.220	0.001	0.778	0.001
0.997	0.001	0.001	0.001
0.250	0.001	0.748	0.001
0.001	0.001	0.001	0.997
0.291	0.001	0.707	0.001
>GCTGTTGTTGCT	8-GCTGTTGTTGCT	14.344477	-4.888825	0	T:1.0(2.50%),B:24.3(0.02%),P:1e-2,FDR:1	Tpos:39.0,Tstd:0.0,Bpos:48.3,Bstd:27.4,StrandBias:10.0,Multiplicity:1.00
0.001	0.147	0.851	0.001
0.001	0.758	0.001	0.240
0.001	0.001	0.001	0.997
0.197	0.001	0.801	0.001
0.001	0.077	0.001	0.921
0.001	0.171	0.147	0.681
0.001	0.171	0.681	0.147
0.001	0.188	0.001	0.810
0.001	0.001	0.001	0.997
0.188	0.140	0.671	0.001
0.001	0.851	0.001	0.147
0.001	0.001	0.001	0.997
