>GTAGNAGTGG	1-GTAGNAGTGG	6.629429	-16.723546	0	T:16.0(40.00%),B:10679.5(8.41%),P:1e-7,FDR:0.6	Tpos:55.3,Tstd:29.2,Bpos:50.3,Bstd:33.3,StrandBias:0.5,Multiplicity:1.81
0.001	0.001	0.778	0.220
0.223	0.001	0.001	0.775
0.467	0.001	0.285	0.247
0.001	0.243	0.755	0.001
0.223	0.244	0.312	0.221
0.495	0.001	0.260	0.244
0.248	0.001	0.750	0.001
0.001	0.220	0.001	0.778
0.235	0.001	0.515	0.249
0.001	0.001	0.750	0.248
>GGCGCGGTCT	2-GGCGCGGTCT	10.296193	-8.063350	0	T:1.0(2.50%),B:1.5(0.00%),P:1e-3,FDR:1	Tpos:37.0,Tstd:0.0,Bpos:35.8,Bstd:10.8,StrandBias:10.0,Multiplicity:1.00
0.100	0.100	0.700	0.100
0.100	0.100	0.700	0.100
0.100	0.700	0.100	0.100
0.100	0.100	0.700	0.100
0.100	0.700	0.100	0.100
0.100	0.100	0.700	0.100
0.100	0.100	0.700	0.100
0.100	0.100	0.100	0.700
0.100	0.700	0.100	0.100
0.100	0.100	0.100	0.700
>GCTTCGCTAC	3-GCTTCGCTAC	10.296193	-8.063350	0	T:1.0(2.50%),B:1.9(0.00%),P:1e-3,FDR:1	Tpos:87.0,Tstd:0.0,Bpos:59.8,Bstd:19.6,StrandBias:10.0,Multiplicity:1.00
0.100	0.100	0.700	0.100
0.100	0.700	0.100	0.100
0.100	0.100	0.100	0.700
0.100	0.100	0.100	0.700
0.100	0.700	0.100	0.100
0.100	0.100	0.700	0.100
0.100	0.700	0.100	0.100
0.100	0.100	0.100	0.700
0.700	0.100	0.100	0.100
0.100	0.700	0.100	0.100
>CAGSAASAAC	4-CAGSAASAAC	5.996741	-7.559802	0	T:16.0(40.00%),B:21728.2(17.11%),P:1e-3,FDR:1	Tpos:55.0,Tstd:19.0,Bpos:49.9,Bstd:32.5,StrandBias:-1.2,Multiplicity:1.25
0.003	0.672	0.260	0.065
0.921	0.076	0.001	0.002
0.159	0.001	0.839	0.001
0.001	0.533	0.450	0.016
0.828	0.001	0.071	0.100
0.924	0.001	0.074	0.001
0.064	0.514	0.421	0.001
0.569	0.280	0.150	0.001
0.611	0.001	0.387	0.001
0.183	0.671	0.081	0.065
>TTACCGTGTT	5-TTACCGTGTT	10.296193	-7.370357	0	T:1.0(2.50%),B:2.7(0.00%),P:1e-3,FDR:1	Tpos:84.0,Tstd:0.0,Bpos:40.4,Bstd:18.9,StrandBias:10.0,Multiplicity:1.00
0.100	0.100	0.100	0.700
0.100	0.100	0.100	0.700
0.700	0.100	0.100	0.100
0.100	0.700	0.100	0.100
0.100	0.700	0.100	0.100
0.100	0.100	0.700	0.100
0.100	0.100	0.100	0.700
0.100	0.100	0.700	0.100
0.100	0.100	0.100	0.700
0.100	0.100	0.100	0.700
>TCGGTATTCC	6-TCGGTATTCC	10.296193	-7.370357	0	T:1.0(2.50%),B:2.9(0.00%),P:1e-3,FDR:1	Tpos:86.0,Tstd:0.0,Bpos:37.7,Bstd:8.3,StrandBias:-10.0,Multiplicity:1.00
0.100	0.100	0.100	0.700
0.100	0.700	0.100	0.100
0.100	0.100	0.700	0.100
0.100	0.100	0.700	0.100
0.100	0.100	0.100	0.700
0.700	0.100	0.100	0.100
0.100	0.100	0.100	0.700
0.100	0.100	0.100	0.700
0.100	0.700	0.100	0.100
0.100	0.700	0.100	0.100
>CGGAGGGTCA	7-CGGAGGGTCA	10.296193	-7.370357	0	T:1.0(2.50%),B:2.7(0.00%),P:1e-3,FDR:1	Tpos:17.0,Tstd:0.0,Bpos:49.2,Bstd:8.9,StrandBias:10.0,Multiplicity:1.00
0.100	0.700	0.100	0.100
0.100	0.100	0.700	0.100
0.100	0.100	0.700	0.100
0.700	0.100	0.100	0.100
0.100	0.100	0.700	0.100
0.100	0.100	0.700	0.100
0.100	0.100	0.700	0.100
0.100	0.100	0.100	0.700
0.100	0.700	0.100	0.100
0.700	0.100	0.100	0.100
>AGCCGTAAAC	8-AGCCGTAAAC	10.296193	-7.370357	0	T:1.0(2.50%),B:2.9(0.00%),P:1e-3,FDR:1	Tpos:10.0,Tstd:0.0,Bpos:29.1,Bstd:18.6,StrandBias:-10.0,Multiplicity:1.00
0.700	0.100	0.100	0.100
0.100	0.100	0.700	0.100
0.100	0.700	0.100	0.100
0.100	0.700	0.100	0.100
0.100	0.100	0.700	0.100
0.100	0.100	0.100	0.700
0.700	0.100	0.100	0.100
0.700	0.100	0.100	0.100
0.700	0.100	0.100	0.100
0.100	0.700	0.100	0.100
>TGGGCCAGATAA	1-TGGGCCAGATAA	0.247442	-15.639482	0	T:9.0(22.50%),B:2762.2(2.17%),P:1e-6,FDR:1	Tpos:57.8,Tstd:17.0,Bpos:50.1,Bstd:30.4,StrandBias:3.0,Multiplicity:1.00
0.001	0.001	0.001	0.997
0.001	0.001	0.997	0.001
0.109	0.001	0.889	0.001
0.001	0.001	0.997	0.001
0.001	0.997	0.001	0.001
0.098	0.889	0.012	0.001
0.901	0.001	0.097	0.001
0.001	0.001	0.997	0.001
0.997	0.001	0.001	0.001
0.001	0.001	0.011	0.987
0.988	0.001	0.010	0.001
0.900	0.001	0.001	0.098
>ATTCCAACAAAG	2-ATTCCAACAAAG	9.912117	-13.740561	0	T:5.0(12.50%),B:573.1(0.45%),P:1e-5,FDR:1	Tpos:30.6,Tstd:10.4,Bpos:50.2,Bstd:34.0,StrandBias:0.6,Multiplicity:1.00
0.556	0.001	0.217	0.226
0.001	0.029	0.001	0.969
0.001	0.001	0.001	0.997
0.001	0.710	0.001	0.288
0.001	0.997	0.001	0.001
0.737	0.261	0.001	0.001
0.782	0.001	0.216	0.001
0.001	0.997	0.001	0.001
0.737	0.261	0.001	0.001
0.773	0.001	0.001	0.225
0.479	0.001	0.294	0.226
0.001	0.262	0.475	0.262
>CCTTGTTGATGT	3-CCTTGTTGATGT	9.250091	-13.296151	0	T:6.0(15.00%),B:1157.2(0.91%),P:1e-5,FDR:1	Tpos:53.9,Tstd:23.6,Bpos:51.6,Bstd:31.3,StrandBias:10.0,Multiplicity:1.33
0.001	0.756	0.001	0.242
0.001	0.997	0.001	0.001
0.242	0.001	0.001	0.756
0.001	0.001	0.001	0.997
0.001	0.242	0.756	0.001
0.001	0.242	0.001	0.756
0.242	0.001	0.001	0.756
0.001	0.001	0.997	0.001
0.497	0.243	0.018	0.243
0.272	0.242	0.001	0.485
0.001	0.242	0.756	0.001
0.242	0.001	0.001	0.756
>CACTMGCCATCT	4-CACTMGCCATCT	6.824733	-8.411130	0	T:8.0(20.00%),B:5334.8(4.20%),P:1e-3,FDR:1	Tpos:34.3,Tstd:20.9,Bpos:50.3,Bstd:31.4,StrandBias:-1.0,Multiplicity:1.12
0.001	0.605	0.197	0.197
0.605	0.001	0.098	0.296
0.296	0.506	0.099	0.099
0.198	0.198	0.099	0.505
0.402	0.296	0.105	0.198
0.099	0.099	0.604	0.198
0.198	0.604	0.099	0.099
0.098	0.900	0.001	0.001
0.896	0.001	0.098	0.005
0.001	0.197	0.104	0.698
0.006	0.697	0.099	0.198
0.005	0.005	0.001	0.989
>TGCTGGGCACTA	5-TGCTGGGCACTA	12.355432	-7.370357	0	T:1.0(2.50%),B:2.9(0.00%),P:1e-3,FDR:1	Tpos:17.0,Tstd:0.0,Bpos:44.4,Bstd:23.6,StrandBias:-10.0,Multiplicity:1.00
0.100	0.100	0.100	0.700
0.100	0.100	0.700	0.100
0.100	0.700	0.100	0.100
0.100	0.100	0.100	0.700
0.100	0.100	0.700	0.100
0.100	0.100	0.700	0.100
0.100	0.100	0.700	0.100
0.100	0.700	0.100	0.100
0.700	0.100	0.100	0.100
0.100	0.700	0.100	0.100
0.100	0.100	0.100	0.700
0.700	0.100	0.100	0.100
>CCTTTTGGCTCA	6-CCTTTTGGCTCA	12.355432	-7.370357	0	T:1.0(2.50%),B:2.6(0.00%),P:1e-3,FDR:1	Tpos:52.0,Tstd:0.0,Bpos:26.7,Bstd:13.8,StrandBias:-10.0,Multiplicity:1.00
0.100	0.700	0.100	0.100
0.100	0.700	0.100	0.100
0.100	0.100	0.100	0.700
0.100	0.100	0.100	0.700
0.100	0.100	0.100	0.700
0.100	0.100	0.100	0.700
0.100	0.100	0.700	0.100
0.100	0.100	0.700	0.100
0.100	0.700	0.100	0.100
0.100	0.100	0.100	0.700
0.100	0.700	0.100	0.100
0.700	0.100	0.100	0.100
>CTTGTTGGAGTG	7-CTTGTTGGAGTG	15.720385	-5.637932	0	T:2.0(5.00%),B:279.1(0.22%),P:1e-2,FDR:1	Tpos:44.0,Tstd:28.1,Bpos:49.9,Bstd:33.0,StrandBias:10.0,Multiplicity:1.50
0.001	0.997	0.001	0.001
0.001	0.001	0.001	0.997
0.001	0.001	0.001	0.997
0.001	0.001	0.997	0.001
0.001	0.001	0.001	0.997
0.001	0.001	0.001	0.997
0.001	0.001	0.997	0.001
0.220	0.001	0.778	0.001
0.997	0.001	0.001	0.001
0.250	0.001	0.748	0.001
0.001	0.001	0.001	0.997
0.291	0.001	0.707	0.001
>GCTGTTGTTGCT	8-GCTGTTGTTGCT	14.344477	-4.888825	0	T:1.0(2.50%),B:24.3(0.02%),P:1e-2,FDR:1	Tpos:39.0,Tstd:0.0,Bpos:48.3,Bstd:27.4,StrandBias:10.0,Multiplicity:1.00
0.001	0.147	0.851	0.001
0.001	0.758	0.001	0.240
0.001	0.001	0.001	0.997
0.197	0.001	0.801	0.001
0.001	0.077	0.001	0.921
0.001	0.171	0.147	0.681
0.001	0.171	0.681	0.147
0.001	0.188	0.001	0.810
0.001	0.001	0.001	0.997
0.188	0.140	0.671	0.001
0.001	0.851	0.001	0.147
0.001	0.001	0.001	0.997
>GGAATACA	1-GGAATACA	8.099628	-11.791385	0	T:8.0(20.00%),B:3300.0(2.60%),P:1e-5,FDR:1	Tpos:46.2,Tstd:26.5,Bpos:50.3,Bstd:33.6,StrandBias:-1.0,Multiplicity:1.00
0.001	0.001	0.997	0.001
0.001	0.001	0.997	0.001
0.580	0.001	0.418	0.001
0.997	0.001	0.001	0.001
0.001	0.001	0.335	0.663
0.857	0.001	0.141	0.001
0.001	0.997	0.001	0.001
0.938	0.060	0.001	0.001
>GGAAATKR	2-GGAAATKR	8.043581	-9.024706	0	T:8.0(20.00%),B:4876.6(3.84%),P:1e-3,FDR:1	Tpos:40.3,Tstd:20.2,Bpos:50.5,Bstd:35.3,StrandBias:-1.0,Multiplicity:1.12
0.001	0.001	0.997	0.001
0.001	0.001	0.997	0.001
0.997	0.001	0.001	0.001
0.997	0.001	0.001	0.001
0.764	0.001	0.001	0.234
0.001	0.001	0.001	0.997
0.001	0.001	0.544	0.454
0.454	0.001	0.544	0.001
>CCAAAARG	3-CCAAAARG	8.401821	-7.575638	0	T:5.0(12.50%),B:2110.5(1.66%),P:1e-3,FDR:1	Tpos:46.3,Tstd:23.4,Bpos:51.7,Bstd:33.8,StrandBias:-3.2,Multiplicity:2.00
0.073	0.911	0.001	0.015
0.155	0.843	0.001	0.001
0.517	0.327	0.155	0.001
0.963	0.001	0.035	0.001
0.610	0.388	0.001	0.001
0.997	0.001	0.001	0.001
0.542	0.001	0.456	0.001
0.150	0.001	0.848	0.001
>CATCTCTT	4-CATCTCTT	7.614510	-7.440251	0	T:7.0(17.50%),B:4678.0(3.68%),P:1e-3,FDR:1	Tpos:53.2,Tstd:26.1,Bpos:50.0,Bstd:33.6,StrandBias:-0.3,Multiplicity:1.57
0.001	0.800	0.198	0.001
0.997	0.001	0.001	0.001
0.001	0.177	0.001	0.821
0.001	0.825	0.001	0.173
0.001	0.184	0.001	0.814
0.001	0.914	0.084	0.001
0.001	0.158	0.001	0.840
0.001	0.001	0.001	0.997
>TGCTGTTG	5-TGCTGTTG	7.270747	-6.197634	0	T:8.0(20.00%),B:7481.6(5.89%),P:1e-2,FDR:1	Tpos:55.8,Tstd:27.2,Bpos:51.5,Bstd:31.9,StrandBias:0.9,Multiplicity:1.75
0.001	0.001	0.068	0.930
0.001	0.058	0.940	0.001
0.089	0.878	0.001	0.032
0.001	0.001	0.001	0.997
0.107	0.070	0.763	0.060
0.075	0.275	0.001	0.649
0.001	0.001	0.049	0.949
0.001	0.061	0.937	0.001
