>TGCGGATGGT	1-TGCGGATGGT	11.210250	-28.391893	0	T:8.0(4.82%),B:2.7(0.09%),P:1e-12,FDR:0.6	Tpos:36.4,Tstd:17.1,Bpos:68.6,Bstd:4.6,StrandBias:1.6,Multiplicity:1.00
0.001	0.001	0.001	0.997
0.357	0.001	0.641	0.001
0.001	0.839	0.159	0.001
0.159	0.001	0.839	0.001
0.001	0.001	0.997	0.001
0.997	0.001	0.001	0.001
0.001	0.001	0.159	0.839
0.001	0.001	0.997	0.001
0.001	0.001	0.997	0.001
0.001	0.001	0.001	0.997
>AGAGTTCAAA	2-AGAGTTCAAA	10.744458	-25.195473	0	T:8.0(4.82%),B:3.3(0.11%),P:1e-10,FDR:0.6	Tpos:46.9,Tstd:21.8,Bpos:69.2,Bstd:14.4,StrandBias:-2.8,Multiplicity:1.00
0.997	0.001	0.001	0.001
0.151	0.302	0.546	0.001
0.997	0.001	0.001	0.001
0.001	0.001	0.997	0.001
0.001	0.001	0.001	0.997
0.001	0.001	0.001	0.997
0.001	0.997	0.001	0.001
0.997	0.001	0.001	0.001
0.848	0.001	0.150	0.001
0.997	0.001	0.001	0.001
>TTCGGAAGAG	3-TTCGGAAGAG	12.190837	-21.286874	0	T:7.0(4.22%),B:3.6(0.12%),P:1e-9,FDR:0.6	Tpos:62.6,Tstd:18.8,Bpos:47.2,Bstd:14.5,StrandBias:2.6,Multiplicity:1.00
0.001	0.001	0.001	0.997
0.001	0.001	0.001	0.997
0.193	0.805	0.001	0.001
0.001	0.001	0.997	0.001
0.001	0.001	0.997	0.001
0.997	0.001	0.001	0.001
0.997	0.001	0.001	0.001
0.001	0.001	0.997	0.001
0.997	0.001	0.001	0.001
0.001	0.001	0.997	0.001
>TGTGAGCCMC	4-TGTGAGCCMC	10.719409	-21.272228	0	T:14.0(8.43%),B:27.2(0.92%),P:1e-9,FDR:0.6	Tpos:37.1,Tstd:19.0,Bpos:56.0,Bstd:24.2,StrandBias:0.8,Multiplicity:1.00
0.115	0.001	0.001	0.883
0.001	0.001	0.997	0.001
0.001	0.001	0.001	0.997
0.001	0.001	0.997	0.001
0.997	0.001	0.001	0.001
0.001	0.001	0.997	0.001
0.115	0.883	0.001	0.001
0.115	0.883	0.001	0.001
0.445	0.553	0.001	0.001
0.001	0.883	0.001	0.115
>TTGACACAGT	5-TTGACACAGT	7.996406	-18.607001	0	T:20.0(12.05%),B:74.6(2.51%),P:1e-8,FDR:0.6	Tpos:49.6,Tstd:24.9,Bpos:54.8,Bstd:29.6,StrandBias:0.0,Multiplicity:1.15
0.040	0.155	0.052	0.753
0.208	0.001	0.131	0.660
0.053	0.155	0.791	0.001
0.792	0.206	0.001	0.001
0.053	0.778	0.143	0.026
0.947	0.051	0.001	0.001
0.051	0.845	0.103	0.001
0.843	0.001	0.051	0.105
0.001	0.001	0.973	0.025
0.258	0.105	0.002	0.635
>GTTGTCCTGG	6-GTTGTCCTGG	10.358901	-17.142843	0	T:12.0(7.23%),B:26.2(0.88%),P:1e-7,FDR:0.6	Tpos:56.8,Tstd:26.8,Bpos:53.5,Bstd:29.4,StrandBias:1.3,Multiplicity:1.17
0.001	0.001	0.997	0.001
0.001	0.344	0.001	0.654
0.094	0.001	0.094	0.811
0.001	0.094	0.904	0.001
0.001	0.073	0.073	0.853
0.001	0.997	0.001	0.001
0.036	0.962	0.001	0.001
0.001	0.001	0.001	0.997
0.001	0.001	0.997	0.001
0.001	0.001	0.904	0.094
>TTTTTTTTTT	7-TTTTTTTTTT	6.404373	-2.401409	0	T:32.0(19.28%),B:451.7(15.22%),P:1e-1,FDR:1	Tpos:41.9,Tstd:20.8,Bpos:49.5,Bstd:28.3,StrandBias:-0.5,Multiplicity:1.32
0.100	0.100	0.100	0.700
0.100	0.100	0.100	0.700
0.100	0.100	0.100	0.700
0.100	0.100	0.100	0.700
0.100	0.100	0.100	0.700
0.100	0.100	0.100	0.700
0.100	0.100	0.100	0.700
0.100	0.100	0.100	0.700
0.100	0.100	0.100	0.700
0.100	0.100	0.100	0.700
>TCTCTCTCTC	8-TCTCTCTCTC	11.681183	-2.220899	0	T:2.0(1.20%),B:11.0(0.37%),P:1e0,FDR:1	Tpos:28.0,Tstd:7.7,Bpos:46.2,Bstd:20.2,StrandBias:3.2,Multiplicity:1.00
0.001	0.001	0.001	0.997
0.001	0.997	0.001	0.001
0.001	0.001	0.001	0.997
0.001	0.997	0.001	0.001
0.001	0.001	0.001	0.997
0.001	0.997	0.001	0.001
0.001	0.001	0.001	0.997
0.001	0.997	0.001	0.001
0.184	0.001	0.001	0.814
0.001	0.856	0.001	0.142
>RTTGAGRVCCAS	1-RTTGAGRVCCAS	7.435171	-35.214590	0	T:19.0(11.45%),B:25.4(0.86%),P:1e-15,FDR:0.2	Tpos:44.7,Tstd:26.9,Bpos:48.2,Bstd:24.9,StrandBias:1.5,Multiplicity:1.00
0.365	0.189	0.421	0.024
0.304	0.116	0.087	0.493
0.234	0.024	0.094	0.648
0.023	0.281	0.649	0.047
0.509	0.023	0.281	0.187
0.048	0.093	0.602	0.257
0.374	0.117	0.305	0.204
0.327	0.211	0.328	0.134
0.024	0.626	0.327	0.023
0.047	0.905	0.024	0.024
0.602	0.071	0.047	0.280
0.164	0.351	0.345	0.140
>ACTGCCAGGACA	2-ACTGCCAGGACA	8.376524	-31.713389	0	T:22.0(13.25%),B:45.1(1.52%),P:1e-13,FDR:0.2	Tpos:53.5,Tstd:27.8,Bpos:49.7,Bstd:24.3,StrandBias:-0.4,Multiplicity:1.05
0.575	0.122	0.060	0.243
0.001	0.750	0.127	0.122
0.138	0.060	0.001	0.801
0.001	0.182	0.629	0.188
0.001	0.817	0.122	0.060
0.119	0.879	0.001	0.001
0.939	0.001	0.001	0.059
0.060	0.001	0.819	0.120
0.122	0.060	0.698	0.120
0.740	0.122	0.078	0.060
0.301	0.515	0.060	0.124
0.860	0.002	0.060	0.078
>GTCACAGTACCC	3-GTCACAGTACCC	10.394106	-29.227686	0	T:9.0(5.42%),B:3.9(0.13%),P:1e-12,FDR:0.2	Tpos:58.3,Tstd:22.7,Bpos:33.4,Bstd:20.4,StrandBias:1.0,Multiplicity:1.00
0.110	0.001	0.888	0.001
0.001	0.001	0.001	0.997
0.110	0.888	0.001	0.001
0.777	0.221	0.001	0.001
0.001	0.555	0.222	0.222
0.888	0.110	0.001	0.001
0.110	0.001	0.888	0.001
0.001	0.111	0.111	0.777
0.888	0.110	0.001	0.001
0.221	0.777	0.001	0.001
0.001	0.997	0.001	0.001
0.110	0.888	0.001	0.001
>AGCAGCAGTGGT	4-AGCAGCAGTGGT	10.284378	-24.078292	0	T:7.0(4.22%),B:2.9(0.10%),P:1e-10,FDR:0.7	Tpos:74.6,Tstd:23.9,Bpos:41.7,Bstd:16.8,StrandBias:2.6,Multiplicity:1.00
0.997	0.001	0.001	0.001
0.219	0.001	0.779	0.001
0.001	0.815	0.183	0.001
0.997	0.001	0.001	0.001
0.001	0.001	0.997	0.001
0.001	0.997	0.001	0.001
0.997	0.001	0.001	0.001
0.001	0.001	0.997	0.001
0.001	0.001	0.001	0.997
0.001	0.219	0.779	0.001
0.036	0.036	0.927	0.001
0.036	0.001	0.219	0.744
>CTTTGACACAGT	5-CTTTGACACAGT	11.002956	-21.665904	0	T:10.0(6.02%),B:10.4(0.35%),P:1e-9,FDR:0.7	Tpos:43.2,Tstd:15.3,Bpos:52.7,Bstd:21.1,StrandBias:0.8,Multiplicity:1.10
0.001	0.719	0.001	0.279
0.088	0.088	0.001	0.823
0.001	0.001	0.001	0.997
0.001	0.001	0.087	0.911
0.001	0.001	0.997	0.001
0.997	0.001	0.001	0.001
0.176	0.471	0.176	0.176
0.997	0.001	0.001	0.001
0.088	0.823	0.088	0.001
0.911	0.001	0.087	0.001
0.001	0.088	0.735	0.176
0.088	0.088	0.176	0.648
>CTGGACCTTCGG	6-CTGGACCTTCGG	14.521373	-19.904040	0	T:6.0(3.61%),B:2.6(0.09%),P:1e-8,FDR:0.7	Tpos:68.0,Tstd:13.4,Bpos:61.6,Bstd:1.7,StrandBias:10.0,Multiplicity:1.00
0.001	0.997	0.001	0.001
0.001	0.190	0.001	0.808
0.001	0.001	0.997	0.001
0.001	0.190	0.808	0.001
0.997	0.001	0.001	0.001
0.001	0.997	0.001	0.001
0.001	0.997	0.001	0.001
0.001	0.001	0.001	0.997
0.001	0.001	0.001	0.997
0.001	0.808	0.001	0.190
0.001	0.001	0.997	0.001
0.001	0.001	0.997	0.001
>VCCTGGTTGCTG	7-VCCTGGTTGCTG	9.005148	-19.245843	0	T:17.0(10.24%),B:50.5(1.70%),P:1e-8,FDR:0.7	Tpos:51.0,Tstd:25.4,Bpos:56.3,Bstd:27.6,StrandBias:0.5,Multiplicity:1.12
0.303	0.272	0.273	0.152
0.001	0.439	0.273	0.287
0.014	0.546	0.166	0.274
0.287	0.001	0.136	0.576
0.001	0.001	0.997	0.001
0.150	0.001	0.848	0.001
0.001	0.410	0.001	0.588
0.163	0.001	0.001	0.835
0.273	0.137	0.453	0.137
0.001	0.997	0.001	0.001
0.272	0.001	0.001	0.726
0.273	0.164	0.562	0.001
>TCTCTCTCTCAC	8-TCTCTCTCTCAC	13.387538	-6.502596	0	T:2.0(1.20%),B:0.6(0.02%),P:1e-2,FDR:0.975	Tpos:28.3,Tstd:13.7,Bpos:34.0,Bstd:0.0,StrandBias:1.0,Multiplicity:1.00
0.129	0.001	0.001	0.869
0.001	0.997	0.001	0.001
0.001	0.001	0.001	0.997
0.001	0.997	0.001	0.001
0.001	0.001	0.001	0.997
0.001	0.997	0.001	0.001
0.371	0.001	0.001	0.627
0.001	0.997	0.001	0.001
0.391	0.001	0.001	0.607
0.001	0.627	0.001	0.371
0.543	0.001	0.371	0.085
0.001	0.869	0.129	0.001
>CKTATSTM	1-CKTATSTM	8.605906	-17.517394	0	T:6.0(3.61%),B:3.5(0.12%),P:1e-7,FDR:1	Tpos:61.0,Tstd:16.8,Bpos:27.4,Bstd:17.6,StrandBias:0.0,Multiplicity:1.00
0.001	0.788	0.210	0.001
0.001	0.001	0.500	0.498
0.001	0.001	0.001	0.997
0.997	0.001	0.001	0.001
0.001	0.001	0.001	0.997
0.001	0.561	0.437	0.001
0.001	0.210	0.001	0.788
0.515	0.483	0.001	0.001
>TCCBGGCA	2-TCCBGGCA	7.680221	-17.134519	0	T:19.0(11.45%),B:73.9(2.49%),P:1e-7,FDR:1	Tpos:50.2,Tstd:29.8,Bpos:53.4,Bstd:26.3,StrandBias:-0.2,Multiplicity:1.00
0.001	0.001	0.001	0.997
0.253	0.745	0.001	0.001
0.001	0.997	0.001	0.001
0.001	0.305	0.305	0.389
0.001	0.001	0.997	0.001
0.001	0.001	0.923	0.075
0.125	0.873	0.001	0.001
0.997	0.001	0.001	0.001
>TCCGCAAC	3-TCCGCAAC	6.360442	-15.488826	0	T:27.0(16.27%),B:156.5(5.27%),P:1e-6,FDR:1	Tpos:47.3,Tstd:25.7,Bpos:51.5,Bstd:28.9,StrandBias:-0.9,Multiplicity:1.37
0.001	0.248	0.001	0.750
0.001	0.754	0.001	0.244
0.074	0.924	0.001	0.001
0.219	0.001	0.745	0.035
0.036	0.962	0.001	0.001
0.915	0.001	0.001	0.083
0.997	0.001	0.001	0.001
0.001	0.997	0.001	0.001
>TGCCTATC	4-TGCCTATC	8.236954	-14.791377	0	T:4.0(2.41%),B:0.6(0.02%),P:1e-6,FDR:1	Tpos:74.0,Tstd:5.4,Bpos:85.0,Bstd:0.0,StrandBias:0.0,Multiplicity:1.00
0.100	0.100	0.100	0.700
0.100	0.100	0.700	0.100
0.100	0.700	0.100	0.100
0.100	0.700	0.100	0.100
0.100	0.100	0.100	0.700
0.700	0.100	0.100	0.100
0.100	0.100	0.100	0.700
0.100	0.700	0.100	0.100
>CTTGACRC	5-CTTGACRC	8.352860	-13.579040	0	T:10.0(6.02%),B:24.2(0.81%),P:1e-5,FDR:1	Tpos:35.5,Tstd:20.4,Bpos:41.4,Bstd:30.6,StrandBias:0.5,Multiplicity:1.20
0.001	0.633	0.001	0.365
0.001	0.282	0.001	0.716
0.001	0.001	0.001	0.997
0.317	0.018	0.664	0.001
0.997	0.001	0.001	0.001
0.001	0.997	0.001	0.001
0.456	0.001	0.542	0.001
0.001	0.997	0.001	0.001
>AGCAGTCG	6-AGCAGTCG	9.326353	-12.617856	0	T:6.0(3.61%),B:7.3(0.25%),P:1e-5,FDR:1	Tpos:84.3,Tstd:13.2,Bpos:47.9,Bstd:20.7,StrandBias:10.0,Multiplicity:1.00
0.997	0.001	0.001	0.001
0.001	0.001	0.997	0.001
0.001	0.997	0.001	0.001
0.823	0.001	0.001	0.175
0.001	0.001	0.997	0.001
0.001	0.001	0.001	0.997
0.001	0.997	0.001	0.001
0.001	0.001	0.997	0.001
>GTCTGAAA	7-GTCTGAAA	8.236954	-12.513916	0	T:5.0(3.01%),B:4.6(0.15%),P:1e-5,FDR:1	Tpos:43.6,Tstd:25.5,Bpos:48.2,Bstd:30.0,StrandBias:0.6,Multiplicity:1.00
0.100	0.100	0.700	0.100
0.100	0.100	0.100	0.700
0.100	0.700	0.100	0.100
0.100	0.100	0.100	0.700
0.100	0.100	0.700	0.100
0.700	0.100	0.100	0.100
0.700	0.100	0.100	0.100
0.700	0.100	0.100	0.100
>CCTTCGGA	8-CCTTCGGA	8.236954	-12.513916	0	T:5.0(3.01%),B:4.3(0.14%),P:1e-5,FDR:1	Tpos:68.6,Tstd:13.4,Bpos:45.2,Bstd:17.2,StrandBias:10.0,Multiplicity:1.00
0.100	0.700	0.100	0.100
0.100	0.700	0.100	0.100
0.100	0.100	0.100	0.700
0.100	0.100	0.100	0.700
0.100	0.700	0.100	0.100
0.100	0.100	0.700	0.100
0.100	0.100	0.700	0.100
0.700	0.100	0.100	0.100
