>TGCGGATGGT	1-TGCGGATGGT	11.210250	-28.391893	0	T:8.0(4.82%),B:2.7(0.09%),P:1e-12,FDR:0.6	Tpos:36.4,Tstd:17.1,Bpos:68.6,Bstd:4.6,StrandBias:1.6,Multiplicity:1.00
0.001	0.001	0.001	0.997
0.357	0.001	0.641	0.001
0.001	0.839	0.159	0.001
0.159	0.001	0.839	0.001
0.001	0.001	0.997	0.001
0.997	0.001	0.001	0.001
0.001	0.001	0.159	0.839
0.001	0.001	0.997	0.001
0.001	0.001	0.997	0.001
0.001	0.001	0.001	0.997
>AGAGTTCAAA	2-AGAGTTCAAA	10.744458	-25.195473	0	T:8.0(4.82%),B:3.3(0.11%),P:1e-10,FDR:0.6	Tpos:46.9,Tstd:21.8,Bpos:69.2,Bstd:14.4,StrandBias:-2.8,Multiplicity:1.00
0.997	0.001	0.001	0.001
0.151	0.302	0.546	0.001
0.997	0.001	0.001	0.001
0.001	0.001	0.997	0.001
0.001	0.001	0.001	0.997
0.001	0.001	0.001	0.997
0.001	0.997	0.001	0.001
0.997	0.001	0.001	0.001
0.848	0.001	0.150	0.001
0.997	0.001	0.001	0.001
>TTCGGAAGAG	3-TTCGGAAGAG	12.190837	-21.286874	0	T:7.0(4.22%),B:3.6(0.12%),P:1e-9,FDR:0.6	Tpos:62.6,Tstd:18.8,Bpos:47.2,Bstd:14.5,StrandBias:2.6,Multiplicity:1.00
0.001	0.001	0.001	0.997
0.001	0.001	0.001	0.997
0.193	0.805	0.001	0.001
0.001	0.001	0.997	0.001
0.001	0.001	0.997	0.001
0.997	0.001	0.001	0.001
0.997	0.001	0.001	0.001
0.001	0.001	0.997	0.001
0.997	0.001	0.001	0.001
0.001	0.001	0.997	0.001
>TGTGAGCCMC	4-TGTGAGCCMC	10.719409	-21.272228	0	T:14.0(8.43%),B:27.2(0.92%),P:1e-9,FDR:0.6	Tpos:37.1,Tstd:19.0,Bpos:56.0,Bstd:24.2,StrandBias:0.8,Multiplicity:1.00
0.115	0.001	0.001	0.883
0.001	0.001	0.997	0.001
0.001	0.001	0.001	0.997
0.001	0.001	0.997	0.001
0.997	0.001	0.001	0.001
0.001	0.001	0.997	0.001
0.115	0.883	0.001	0.001
0.115	0.883	0.001	0.001
0.445	0.553	0.001	0.001
0.001	0.883	0.001	0.115
>TTGACACAGT	5-TTGACACAGT	7.996406	-18.607001	0	T:20.0(12.05%),B:74.6(2.51%),P:1e-8,FDR:0.6	Tpos:49.6,Tstd:24.9,Bpos:54.8,Bstd:29.6,StrandBias:0.0,Multiplicity:1.15
0.040	0.155	0.052	0.753
0.208	0.001	0.131	0.660
0.053	0.155	0.791	0.001
0.792	0.206	0.001	0.001
0.053	0.778	0.143	0.026
0.947	0.051	0.001	0.001
0.051	0.845	0.103	0.001
0.843	0.001	0.051	0.105
0.001	0.001	0.973	0.025
0.258	0.105	0.002	0.635
>GTTGTCCTGG	6-GTTGTCCTGG	10.358901	-17.142843	0	T:12.0(7.23%),B:26.2(0.88%),P:1e-7,FDR:0.6	Tpos:56.8,Tstd:26.8,Bpos:53.5,Bstd:29.4,StrandBias:1.3,Multiplicity:1.17
0.001	0.001	0.997	0.001
0.001	0.344	0.001	0.654
0.094	0.001	0.094	0.811
0.001	0.094	0.904	0.001
0.001	0.073	0.073	0.853
0.001	0.997	0.001	0.001
0.036	0.962	0.001	0.001
0.001	0.001	0.001	0.997
0.001	0.001	0.997	0.001
0.001	0.001	0.904	0.094
>TTTTTTTTTT	7-TTTTTTTTTT	6.404373	-2.401409	0	T:32.0(19.28%),B:451.7(15.22%),P:1e-1,FDR:1	Tpos:41.9,Tstd:20.8,Bpos:49.5,Bstd:28.3,StrandBias:-0.5,Multiplicity:1.32
0.100	0.100	0.100	0.700
0.100	0.100	0.100	0.700
0.100	0.100	0.100	0.700
0.100	0.100	0.100	0.700
0.100	0.100	0.100	0.700
0.100	0.100	0.100	0.700
0.100	0.100	0.100	0.700
0.100	0.100	0.100	0.700
0.100	0.100	0.100	0.700
0.100	0.100	0.100	0.700
>TCTCTCTCTC	8-TCTCTCTCTC	11.681183	-2.220899	0	T:2.0(1.20%),B:11.0(0.37%),P:1e0,FDR:1	Tpos:28.0,Tstd:7.7,Bpos:46.2,Bstd:20.2,StrandBias:3.2,Multiplicity:1.00
0.001	0.001	0.001	0.997
0.001	0.997	0.001	0.001
0.001	0.001	0.001	0.997
0.001	0.997	0.001	0.001
0.001	0.001	0.001	0.997
0.001	0.997	0.001	0.001
0.001	0.001	0.001	0.997
0.001	0.997	0.001	0.001
0.184	0.001	0.001	0.814
0.001	0.856	0.001	0.142
