>CACATGTVCHAG	1-CACATGTVCHAG	10.176427	-20.699169	0	T:3.0(100.00%),B:1.0(0.10%),P:1e-8	Tpos:42.0,Tstd:18.4,Bpos:52.5,Bstd:3.5,StrandBias:-1.0,Multiplicity:1.00
0.001	0.997	0.001	0.001
0.997	0.001	0.001	0.001
0.001	0.684	0.001	0.314
0.684	0.001	0.314	0.001
0.001	0.001	0.368	0.630
0.001	0.314	0.684	0.001
0.001	0.001	0.314	0.684
0.315	0.315	0.369	0.001
0.314	0.684	0.001	0.001
0.369	0.315	0.001	0.315
0.684	0.001	0.001	0.314
0.001	0.001	0.997	0.001
>TBCCATGCCTCT	2-TBCCATGCCTCT	10.746895	-15.323891	0	T:3.0(100.00%),B:6.0(0.60%),P:1e-6	Tpos:39.7,Tstd:24.6,Bpos:42.3,Bstd:7.6,StrandBias:1.0,Multiplicity:1.00
0.001	0.001	0.001	0.997
0.001	0.315	0.315	0.369
0.001	0.997	0.001	0.001
0.314	0.684	0.001	0.001
0.630	0.315	0.001	0.054
0.001	0.001	0.001	0.997
0.001	0.314	0.684	0.001
0.001	0.684	0.001	0.314
0.053	0.945	0.001	0.001
0.001	0.053	0.001	0.945
0.001	0.684	0.001	0.314
0.001	0.314	0.001	0.684
>GCCCGTGAGGTT	3-GCCCGTGAGGTT	6.646842	-12.701506	0	T:2.0(66.67%),B:1.0(0.10%),P:1e-5	Tpos:40.7,Tstd:27.8,Bpos:26.0,Bstd:0.0,StrandBias:10.0,Multiplicity:1.50
0.001	0.001	0.874	0.124
0.001	0.852	0.146	0.001
0.146	0.852	0.001	0.001
0.001	0.997	0.001	0.001
0.001	0.001	0.852	0.146
0.001	0.001	0.001	0.997
0.001	0.001	0.997	0.001
0.997	0.001	0.001	0.001
0.001	0.001	0.997	0.001
0.001	0.124	0.874	0.001
0.001	0.001	0.001	0.997
0.001	0.001	0.021	0.977
>KAATKGGRASAW	4-KAATKGGRASAW	12.807792	-12.701506	0	T:2.0(66.67%),B:0.0(0.00%),P:1e-5	Tpos:24.0,Tstd:18.0,Bpos:0.0,Bstd:0.0,StrandBias:0.0,Multiplicity:1.00
0.079	0.001	0.460	0.460
0.997	0.001	0.001	0.001
0.997	0.001	0.001	0.001
0.001	0.001	0.001	0.997
0.079	0.001	0.460	0.460
0.001	0.001	0.997	0.001
0.001	0.078	0.920	0.001
0.539	0.001	0.459	0.001
0.997	0.001	0.001	0.001
0.001	0.539	0.459	0.001
0.997	0.001	0.001	0.001
0.460	0.001	0.079	0.460
>CASWSTGSAKAC	5-CASWSTGSAKAC	12.964104	-4.705524	0	T:1.0(33.33%),B:3.0(0.30%),P:1e-2	Tpos:58.0,Tstd:3.0,Bpos:43.3,Bstd:28.8,StrandBias:0.0,Multiplicity:2.00
0.001	0.997	0.001	0.001
0.997	0.001	0.001	0.001
0.001	0.459	0.539	0.001
0.459	0.001	0.001	0.539
0.001	0.539	0.459	0.001
0.001	0.001	0.001	0.997
0.001	0.078	0.920	0.001
0.001	0.539	0.459	0.001
0.997	0.001	0.001	0.001
0.001	0.079	0.460	0.460
0.997	0.001	0.001	0.001
0.001	0.997	0.001	0.001
