>ACTAGGGAGAGC	1-ACTAGGGAGAGC	10.627252	-19.708519	0	T:4.0(26.67%),B:2.0(0.12%),P:1e-8,FDR:1	Tpos:45.5,Tstd:28.9,Bpos:39.4,Bstd:11.2,StrandBias:1.6,Multiplicity:1.00
0.688	0.310	0.001	0.001
0.001	0.997	0.001	0.001
0.376	0.001	0.001	0.622
0.622	0.001	0.376	0.001
0.310	0.001	0.688	0.001
0.001	0.001	0.997	0.001
0.001	0.376	0.622	0.001
0.997	0.001	0.001	0.001
0.310	0.001	0.688	0.001
0.688	0.001	0.001	0.310
0.001	0.001	0.622	0.376
0.001	0.997	0.001	0.001
>MATGGYTYCCRC	2-MATGGYTYCCRC	13.283939	-10.195967	0	T:2.0(13.33%),B:0.3(0.02%),P:1e-4,FDR:1	Tpos:54.5,Tstd:26.5,Bpos:20.0,Bstd:0.0,StrandBias:0.0,Multiplicity:1.00
0.547	0.451	0.001	0.001
0.997	0.001	0.001	0.001
0.001	0.001	0.001	0.997
0.001	0.001	0.997	0.001
0.001	0.001	0.997	0.001
0.001	0.451	0.001	0.547
0.001	0.001	0.001	0.997
0.001	0.547	0.001	0.451
0.001	0.997	0.001	0.001
0.078	0.920	0.001	0.001
0.530	0.001	0.468	0.001
0.001	0.903	0.001	0.095
>SMMWMKKSAGAT	3-SMMWMKKSAGAT	10.700032	-10.195967	0	T:2.0(13.33%),B:1.4(0.08%),P:1e-4,FDR:1	Tpos:56.5,Tstd:7.5,Bpos:78.3,Bstd:11.0,StrandBias:0.0,Multiplicity:1.00
0.001	0.517	0.481	0.001
0.514	0.484	0.001	0.001
0.452	0.518	0.029	0.001
0.541	0.003	0.001	0.455
0.455	0.482	0.060	0.003
0.030	0.030	0.488	0.452
0.001	0.001	0.547	0.451
0.001	0.517	0.481	0.001
0.969	0.001	0.001	0.029
0.001	0.001	0.997	0.001
0.964	0.001	0.032	0.003
0.030	0.033	0.030	0.907
>TCTGGATCTGCA	4-TCTGGATCTGCA	10.568572	-10.195967	0	T:2.0(13.33%),B:0.3(0.02%),P:1e-4,FDR:1	Tpos:31.7,Tstd:12.1,Bpos:52.0,Bstd:0.0,StrandBias:1.0,Multiplicity:1.50
0.086	0.001	0.001	0.912
0.001	0.997	0.001	0.001
0.086	0.001	0.001	0.912
0.001	0.001	0.997	0.001
0.001	0.001	0.997	0.001
0.997	0.001	0.001	0.001
0.001	0.001	0.001	0.997
0.001	0.997	0.001	0.001
0.001	0.001	0.001	0.997
0.174	0.001	0.824	0.001
0.001	0.997	0.001	0.001
0.824	0.001	0.001	0.174
>GGGGGGGGGGGG	5-GGGGGGGGGGGG	15.694886	-4.718506	0	T:1.0(6.67%),B:0.0(0.00%),P:1e-2,FDR:1	Tpos:6.5,Tstd:0.5,Bpos:0.0,Bstd:0.0,StrandBias:10.0,Multiplicity:1.00
0.001	0.001	0.997	0.001
0.001	0.001	0.997	0.001
0.001	0.001	0.997	0.001
0.001	0.001	0.997	0.001
0.001	0.001	0.997	0.001
0.001	0.001	0.997	0.001
0.001	0.001	0.997	0.001
0.001	0.166	0.832	0.001
0.001	0.166	0.832	0.001
0.001	0.166	0.832	0.001
0.001	0.166	0.832	0.001
0.001	0.166	0.832	0.001
